1000
1501
1632
1006
31
764
283
1568
424
1043
591
158
277
1032
822
1042
937
214
1014
1610
1260
397
72
811
1595
535
1462
291
1629
1619
690
1354
1553
1167
579
836
339
502
1466
694
589
996
1156
1458
474
626
1096
1265
102
1027
688
747
897
1578
532
1542
1842
1765
433
633
904
1402
1625
1452
876
396
1924
766
962
1562
37
1906
190
868
1559
1239
1188
1515
134
179
344
1108
746
795
691
1801
893
738
1751
509
94
715
202
1609
1998
1676
158
1815
1880
1553
1057
1962
1278
1866
320
1528
382
1955
1318
742
195
798
1875
1726
1720
1390
1032
1951
823
178
1406
641
1456
733
726
180
933
1790
987
1684
322
961
867
1563
618
17
1781
1651
1404
904
1013
790
1269
868
1563
1780
766
1096
481
1392
582
1612
1675
952
1803
1554
112
1807
82
503
1063
280
630
225
125
257
1837
379
1890
746
1477
794
1444
1968
78
123
1860
891
1313
1116
180
1680
638
99
1281
1139
1396
159
110
478
1416
1785
1894
1670
1081
166
611
1424
1546
1964
684
128
814
398
1384
1097
1058
1078
370
198
116
1071
613
691
1410
1132
438
1881
1149
1607
673
1588
605
1434
1564
1059
189
1220
824
1884
1062
824
1317
281
1626
296
389
1155
1943
506
697
1289
1532
340
919
1213
1431
1001
45
1467
1580
1136
1935
519
1907
381
653
1394
72
174
1856
888
550
1780
579
1114
717
1068
542
995
1071
1049
989
249
715
1696
1743
1953
929
944
746
607
1781
1131
828
185
1950
246
1101
1431
1182
825
1264
186
555
19
296
950
1708
1389
695
1549
496
1161
1538
889
1927
503
1216
1605
68
995
1665
760
362
351
43
112
324
937
1280
1655
225
744
1676
1717
764
1672
1098
1121
41
592
917
1397
1756
236
1596
877
4
1276
831
27
724
920
1126
635
1969
254
593
1662
807
1306
1434
821
519
801
567
620
251
1433
475
0
1979
648
1548
1998
1671
424
1599
1626
1044
1908
1391
1897
916
34
1037
555
1518
1821
946
1960
1660
1389
1199
1190
1651
549
1365
1988
142
1978
497
759
371
731
1759
1582
1751
1520
735
1315
621
1507
501
1713
1721
1973
1978
301
3
767
1280
210
903
1591
435
845
1802
1787
779
930
583
189
878
88
70
970
1315
824
1390
296
1440
973
850
828
357
568
1783
1542
305
580
390
1610
98
352
1116
1083
731
702
206
1509
989
616
1066
1783
1592
58
585
1852
539
1407
561
565
535
747
1575
564
145
1090
770
1207
887
1140
250
591
1818
822
1358
1277
1033
1438
629
1384
526
699
1661
1549
2
1998
496
1267
1947
1081
996
377
1286
530
417
1167
752
739
429
846
222
290
355
517
28
648
371
1457
194
625
498
1096
19
1119
1346
466
1663
1402
637
1092
1865
312
747
554
2
1125
451
400
1700
1167
1773
1150
955
817
614
1630
1149
1002
1597
763
939
1433
1418
1384
159
56
1262
1497
469
1090
230
1074
1110
1665
537
1643
1424
1768
177
92
1713
1450
1974
155
882
726
198
623
1137
32
1489
1999
1798
380
1920
1309
999
1257
5
1432
455
88
478
354
1545
1128
1955
432
1122
896
639
951
1388
1624
1740
1433
887
1556
1831
59
27
205
226
1666
472
510
1832
1674
1470
936
187
1411
1545
194
281
776
1700
401
733
1261
462
448
722
116
1129
1388
995
1756
1727
1983
749
503
111
583
1366
759
1158
210
182
452
121
392
1395
1836
1310
20
1196
407
1787
1728
459
1110
566
349
893
312
27
1580
446
553
796
1948
749
359
531
192
1423
850
946
1004
1183
1295
780
668
67
1049
668
593
505
629
1443
1561
81
1376
143
890
292
1959
1287
1642
50
1762
339
302
1034
1950
1032
1501
162
471
898
609
1526
174
601
1881
461
1196
998
94
119
595
1791
656
546
829
1022
1867
860
1716
720
1980
1715
1373
457
858
1800
1778
1444
883
1282
1242
776
628
687
518
119
820
197
811
1792
381
999
1160
1652
1592
291
211
134
1509
1048
452
1899
1956
1605
1949
976
195
1788
1956
1371
1060
165
1951
1866
1033
1375
1531
136
623
785
1881
1022
1717
1183
518
1014
1895
1640
949
378
1099
924
1883
859
71
91
6
1646
1757
457
539
1248
1829
141
1211
747
1045
984
1137
736
495
579
794
1444
1623
34
1425
296
1408
1925
679
1360
1266
380
1580
1685
1897
730
1212
1541
173
131
1961
328
1242
159
1344
1150
1515
17
795
212
328
624
1907
1270
1833
1268
1919
638
1382
1165
429
1226
1389
1917
524
940
670
54
900
1275
1158
1470
1778
1318
359
1343
980
1481
1584
1627
253
920
766
1868
38
1480
895
1386
530
221
526
357
955
1566
432
66
1854
1813
1754
851
288
1586
349
207
1068
1247
223
1409
986
62
487
1899
1341
1519
181
75
297
94
1100
1222
1486
665
1244
433
742
1871
1360
319
871
979
817
277
134
736
661
1561
633
743
1112
1032
646
643
581
1366
1101
1566
1089
593
942
732
260
334
761
405
4
1125
561
1888
1808
345
1883
11
1767
975
681
168
578
1328
61
129
1892
553
588
1739
221
1376
1746
248
1237
689
1355
246
1435
1430
565
1910
842
1797
1936
7
1637
19
1358
1969
1807
790
1037
1677
1673
1129
942
1697
713
856
65
1882
1507
1819
1119
530
1911
576
1395
1585
