10000
18775
8992
14350
12489
10839
11931
134
11233
16606
12356
9416
11529
2016
18620
12932
7063
2272
87
2988
10457
15590
11693
2405
19542
3065
3373
8039
4531
15897
8721
1137
4146
6491
6381
17644
13397
8290
9665
18298
14432
19030
5358
14555
5245
16932
2725
16316
2616
16786
17755
12732
14795
4061
2265
10780
19732
1265
2575
13795
12097
548
1513
18859
18542
17839
19193
14988
678
12682
2452
17218
15717
6339
11961
14461
16990
15451
19115
19877
18520
925
19360
19752
14931
15900
9683
10722
14409
13512
8052
19848
7119
16588
15518
14481
13114
1671
11753
18945
2079
3813
19926
10258
11411
4697
14728
7554
7633
9785
9170
19956
10426
17366
16587
13155
10614
7895
14590
2442
7992
433
5630
617
2528
10341
1495
17269
18938
1782
2496
159
18788
2917
17868
19647
17453
18027
15071
6941
1465
10386
254
14171
1729
13776
19775
3042
5879
13377
2784
6216
2247
16512
1107
5723
4185
611
19383
13549
5842
17712
9730
14204
14426
9471
2810
10300
8409
5229
2787
14179
8635
3385
2098
8880
12499
960
16512
18105
6651
4496
18715
18576
14777
18826
342
16850
19709
19033
6849
3468
1063
13866
2163
7338
9413
18791
15299
14845
1722
8532
16759
3687
8538
11268
17427
13222
17906
8344
16851
9531
9221
16758
6932
18039
4241
8515
4140
13473
10001
15645
3930
9734
17499
2295
14136
13949
776
16337
8493
8022
8532
83
5823
8958
1275
9542
16069
18065
8932
9583
8603
19261
19546
10505
3151
47
13301
12478
5144
9405
8920
14881
4646
2159
7731
10155
7508
9258
1928
9041
5530
19707
5963
1310
6207
3068
14658
13938
19660
10726
11628
7254
17500
16307
5310
3835
17039
16046
11112
3215
1278
3738
5654
3963
4840
7132
339
4475
1771
10181
15176
2522
8463
15296
5282
6058
13724
6389
17394
18205
2411
10935
8654
16868
4730
19312
692
7873
985
10951
718
13354
7554
11659
7953
19133
518
1823
16703
12538
9058
18626
18669
6274
13392
11193
8575
7434
14297
6844
18767
540
17192
17050
13965
8074
3802
1641
9184
17135
15986
10030
16939
12100
6313
4133
875
18748
2402
4270
11740
1341
6555
3892
11610
6491
15136
19547
1413
8307
18426
9126
18143
11553
8485
13506
18831
1534
11263
6354
2888
2233
10811
663
12803
3537
12182
14876
2632
3276
8417
10076
652
16311
15452
11152
19316
8635
9188
15129
1336
6584
8452
18342
17315
7233
5255
12291
18295
3123
11213
16542
10797
4979
18299
12567
11066
3203
18989
3363
6893
11329
3079
15805
13268
8285
17417
7146
12895
7764
15904
17127
13148
7661
17049
10737
2689
10736
13393
15537
18025
19070
4616
15426
1557
4881
1269
7488
7796
16657
12466
6895
18653
8015
18583
3589
3449
8674
17604
3029
14302
6715
5496
9433
14613
18951
11231
6139
12061
11874
9833
12128
8905
10322
5109
16401
13572
11687
2860
12776
15637
8876
19370
18004
12797
12970
17398
16072
6077
5722
14259
8774
10485
5701
9040
8419
12615
2522
9466
18423
2298
15434
12721
17316
5659
9732
15959
13793
17693
264
2853
9826
11969
13898
15096
1605
6225
15173
1832
1627
70
3546
3898
8496
9257
12452
2987
12986
17014
9816
2412
410
10557
3550
5966
19058
2275
16582
11763
5316
18213
2346
3812
19234
19324
4479
2304
10327
3740
3926
16177
17200
6262
11189
4027
3689
9790
14733
17806
14800
15782
12599
14075
12184
41
5136
19716
9117
18757
19343
6699
13486
8191
17087
3340
18940
5290
3613
4391
4989
6434
13904
19349
17789
243
9183
16988
2786
247
6099
12829
1627
2428
10571
1163
5733
8483
4790
1686
2777
19269
19537
11173
13204
19440
12956
5090
13668
207
3515
17264
556
6536
17062
2935
7189
9375
9645
14848
2290
11800
4972
9948
15566
17530
8039
12734
5716
1166
4162
9961
6970
17831
16416
15012
170
10619
19382
12363
2766
12463
8202
6783
19128
6770
16173
5149
8076
8288
4819
1771
14219
3558
8715
2447
13309
15141
7007
19130
15609
2895
19274
33
7828
6479
18288
11757
12772
18917
13375
9512
19343
8751
10848
4632
981
4163
14138
17353
11607
11256
11043
10274
3362
11045
11972
17273
4956
19649
5928
17410
5514
10986
17472
18978
8539
1793
9238
7747
9269
11730
10380
15008
6042
15825
145
672
19126
3904
1279
6751
808
4941
10100
4008
5322
5592
10954
12447
2271
13170
5685
15258
12505
18146
12217
11984
13924
6593
15078
14058
9394
5573
10225
11478
7523
6970
8720
4666
976
4940
11249
4101
8085
7074
13399
16193
1657
4580
6450
7909
5371
7741
17595
15047
4538
8955
10217
12366
7073
10131
15762
14182
2190
17698
18114
10925
12286
2798
12465
4490
17174
13740
13028
11357
10160
14554
12610
1873
19456
7180
11025
2446
4258
15332
14989
8940
11491
954
14500
11234
12712
16027
561
19964
9086
4942
4370
15178
9439
14994
11784
10069
6590
8035
15180
8940
9839
6683
14888
11357
6262
15413
18585
5824
6218
19148
5055
5229
17734
15554
19966
19694
10860
5182
2516
5166
13334
6221
13815
6097
11162
13320
234
8381
15769
8726
7964
10102
11557
12264
15486
8296
5645
4354
16255
7933
8870
17210
16966
2062
2103
19097
6634
8950
13569
6302
11889
10947
19145
17666
15652
5477
11876
17590
2251
7721
9150
3528
5130
2207
7398
19141
16855
1654
13658
10488
13207
15850
8138
3568
12021
19572
11980
6432
7134
4704
11835
8832
12668
14236
13548
4113
13932
4716
18640
18174
3806
4090
8191
13374
7081
2410
2439
11253
5000
18796
1488
14490
10037
15211
1067
9108
2912
17634
17463
11005
1069
10382
7599
5257
16167
17343
16179
19711
18532
13352
3666
17958
15799
374
4913
1499
5484
14845
4890
17182
6916
14221
7908
16877
4973
10435
16251
10920
2172
19324
19788
1108
5386
13733
14032
19323
6761
3983
17202
12048
2113
11838
766
11888
17547
16704
6247
3396
7625
9370
15829
8099
10815
17533
3466
15252
9811
12792
13584
15730
14333
16359
16064
15336
18922
489
13489
9307
8467
7472
6812
19047
17717
3186
9448
13378
18541
4668
14550
12156
18418
69
12651
1672
1902
9888
2709
7124
19034
7436
8092
1076
19158
3878
5671
702
10242
4094
360
6126
5307
14407
12869
7625
341
19783
17412
190
3953
19886
18930
8456
2172
8964
8464
913
13637
8731
18970
3505
6776
2756
13909
8660
2107
4381
10965
13337
6820
16968
17800
8374
6293
7798
1059
19577
213
9090
1639
16234
14764
3835
6382
5804
11195
18521
1688
6146
16438
13713
7181
17134
735
2339
3278
8148
19520
1137
18013
5758
14949
14314
15717
8569
18643
12996
8584
13820
5449
7207
15171
16488
2450
11334
18336
4075
17667
11273
19703
11103
7287
4550
7489
14191
3813
8431
16636
9626
16570
4388
6100
12944
11801
15817
13588
5369
3884
4818
392
10453
5477
4026
6958
7838
18421
18355
10521
7498
8840
18104
9058
8492
7708
3711
16907
634
12700
9642
16785
11913
16285
3260
9966
10388
916
10697
15463
12540
9457
3014
18937
14697
2077
5439
16571
2095
14379
9831
11088
3500
9022
2826
16075
1453
18999
14687
10815
15664
17017
18521
3202
19396
12156
14237
12702
2029
12681
9837
18868
15652
15800
19747
18349
11835
12004
14297
14686
15870
936
11429
18391
13429
1369
13667
3208
10022
14911
17802
8848
10775
4464
544
5028
9457
6411
2505
2201
9088
8110
3035
1294
14583
6357
9997
6616
9328
1008
6669
16555
881
9983
3345
11490
18602
7276
19974
19308
14299
2501
7012
6995
14035
13685
259
12426
6515
4703
9062
2034
8913
7734
10613
9769
15640
13051
4936
19472
15212
12947
10495
1367
6379
15332
8752
7751
5519
5581
8664
7531
10864
4095
722
14204
7239
18684
6149
11912
12078
18091
5143
3870
10946
7316
2048
9785
9482
4574
17273
5927
12978
17603
6707
4468
6736
18860
740
14776
15463
16782
16829
7161
490
12833
15351
7774
13848
10137
10763
18418
5189
5219
14304
16337
2842
4222
10591
2706
435
13907
11331
10929
7206
17234
3821
6424
17508
9514
12979
13225
7863
17765
7608
14827
12619
3902
16439
7854
6953
9888
9689
14844
13214
10844
14534
6239
17339
12358
16920
13609
12534
19469
17931
2500
16493
13717
5808
11414
1930
4179
16161
15728
738
14372
11407
17875
19384
19370
9111
14368
4383
15172
19315
6587
18684
6313
6124
7035
10922
9665
6893
16529
6966
16448
19411
10450
9963
10656
18849
4098
11560
10458
18160
7615
4909
19072
10372
14439
4629
6810
11353
10343
16669
3323
9788
16258
9059
15583
12406
7226
5258
3235
9155
17437
16249
16353
12161
14991
14723
5255
548
5008
8161
13203
17158
12810
9883
19181
19036
16474
16935
705
3011
4024
264
4311
13241
18788
4439
12241
8009
16559
18527
1440
17918
3811
17090
3908
13880
3408
5017
15166
733
18997
1497
1075
4134
14247
7025
991
8346
6784
6704
19411
10425
8199
14563
4718
5326
7799
2780
16531
1864
8751
3182
14764
6402
6390
14453
411
10109
9321
15027
16857
17423
3971
19444
15085
19957
12264
4531
13642
13028
19149
1973
12197
17597
13031
18643
3186
2015
9390
11990
10810
13015
11086
11707
16219
10866
2123
6198
15388
11027
10830
8082
11787
13439
5392
15638
2582
86
4705
10500
8898
572
1365
9915
18187
18549
5037
4636
2712
11472
18270
1545
5818
6842
6751
17993
6945
1779
116
9865
10107
1982
9490
3869
13034
4657
1999
5923
513
4813
4999
17000
13371
12615
15981
11652
15383
17957
12396
7169
3604
8612
10361
13561
10789
18550
18776
10365
15858
10985
16199
13554
9387
15234
2762
7573
10793
16073
948
5983
482
9822
7470
6692
5704
6185
2184
2902
8896
271
1817
18374
4090
17312
17749
2570
7217
15182
17514
5498
11777
4120
14006
5429
1632
15428
6345
2561
7387
5867
531
4943
10382
18637
3338
444
4447
9094
13497
18611
18295
12537
5384
2864
7006
4488
16452
160
19154
10438
17036
10597
4196
1859
1975
12726
12687
9927
15397
17570
14677
17402
2304
12981
17816
8095
2062
2099
17234
4257
18518
9089
530
1222
15309
10851
3444
10880
14652
4672
16219
18018
7760
19041
3693
4528
509
13849
18731
175
6575
13919
10156
15451
19855
6678
8213
17591
17967
11533
9719
8287
11922
3650
8452
11802
12315
2050
16815
2764
12112
13996
18560
6823
5290
17939
3825
16481
12348
11042
13001
10496
9918
16282
4626
12242
15221
8374
10264
16762
9504
2032
10400
9828
12162
2108
6530
11418
9223
6098
14821
495
1684
8841
14646
14680
15504
95
19012
17499
15817
6965
4380
7231
14244
16183
19260
17731
11941
8793
16053
16939
16503
11485
610
5812
9560
19314
18655
12521
18980
15510
7368
5966
7549
19099
19120
18522
10420
16936
11067
12065
6678
14550
9688
6127
4150
2715
8958
1457
2931
7204
13921
11982
10054
1562
11345
6515
2730
2951
18672
3115
12615
5971
6862
1613
16477
11623
12547
4847
9258
5042
19144
3897
12057
5353
19730
9940
16071
13257
7788
7810
15123
2137
12367
17351
16737
5163
17953
7716
14570
13441
40
10948
3268
9292
12681
19152
9354
6511
6754
3933
12296
6210
18207
2949
2021
12947
6333
3603
5932
11430
16953
8280
8921
12477
2228
4090
2781
18323
3558
17068
18478
9923
19291
17689
18383
4518
7086
1754
14903
2104
15585
4327
7072
17596
19158
17546
11342
2230
13965
3119
10329
14102
4155
8887
7001
16277
707
18348
12558
12983
16564
16623
5769
18224
13214
12589
14459
3588
11665
6768
18264
12135
15029
2034
3750
17155
12064
876
17160
15415
17879
140
13890
9276
5349
3781
1704
3587
11921
12032
16071
5274
6078
10513
5328
3150
6052
5316
12541
16907
13447
16470
11649
11582
6865
11744
12016
10107
18225
17198
3303
14874
14127
18638
8410
19389
16010
356
15417
7020
12944
2779
1726
8193
9658
5141
11637
8288
1378
14499
7208
4414
16961
11248
14438
3747
17097
55
6992
5289
19932
11478
16608
10084
12328
16186
12630
1020
12223
12314
6720
8213
14487
17759
14436
10736
18842
5472
6798
1770
16811
8269
7249
15618
11382
7042
2652
3320
3442
731
5882
17809
6359
486
11909
14007
438
11923
137
829
10329
7880
465
3776
12599
13970
19024
19658
2548
12886
5645
11568
6931
11334
17132
13370
89
4399
18805
4323
3008
15598
2692
16310
8084
14627
3628
3576
6861
17374
744
7909
19914
11509
16448
8915
5830
2487
16244
7571
10010
4539
14728
19318
12687
530
15564
2955
18014
5436
12903
390
7270
13846
4607
5597
7624
14064
16712
15148
8899
4765
13511
16952
19143
4260
14593
4305
12600
1907
9509
16496
9825
14419
18034
12864
4530
17718
12966
12089
3992
7821
16517
13575
17112
598
4578
11977
487
19091
15245
4053
16905
16438
15129
11481
1540
15896
617
4157
6720
13865
4246
4100
12189
6721
16575
6386
6513
7509
8046
7
15613
19366
18947
904
5290
12947
17439
5855
14117
14798
14063
2649
10197
11756
19955
6957
8757
1206
11850
2141
18546
15037
3484
10805
18050
16330
12964
15600
1407
1523
12215
2873
11775
11530
14709
399
2609
19855
13995
16098
15478
15526
6147
15290
10426
18755
809
6648
5742
2370
19898
2131
5219
9459
10539
516
7940
9042
7955
15134
432
12885
5814
17332
4915
4478
3919
13087
16801
2224
16890
8951
18286
5375
13019
19102
3181
10464
5070
15612
16354
1216
17100
8581
6534
10032
15222
13175
13943
12413
226
1792
14009
2654
13247
11324
13774
5382
18598
11643
17133
13178
14431
7777
11713
2141
1869
16136
16929
17030
9783
12864
3271
8339
10644
14550
9904
2103
16210
14450
2415
19054
3523
12826
19822
3794
6149
5748
11234
11238
14573
15977
13481
13103
3375
4645
1443
17315
18380
4027
8426
9689
17464
8934
11984
14816
2502
5578
13651
18124
16115
6424
14304
7979
16108
2800
6497
9909
61
7041
4
6690
16599
10028
8298
3029
9789
3687
8551
15862
17228
18173
9117
9598
16324
8914
6256
19019
14999
4996
4934
3443
7180
10030
19741
7318
14992
870
12712
6796
6427
1542
5128
6237
16378
3624
6819
16399
639
14410
11555
15706
11937
14160
14349
8632
10384
19017
15100
1432
441
5898
8571
2225
16978
17399
14140
2388
18692
6656
151
1594
16210
2536
3521
13468
3658
8384
18280
9314
13446
7730
4649
1587
18623
1594
879
13163
6704
495
18377
106
5570
4543
10630
18281
8377
14328
6543
19848
14778
4771
1889
5699
4375
2730
12101
9955
19545
314
19022
10800
329
18308
6287
5796
13819
18430
8950
12507
10615
16135
265
10343
16293
13255
12923
8608
4916
12532
2187
600
17832
10641
6394
18796
7742
3057
5639
6710
4540
18457
13896
17087
13754
7844
5703
5171
4295
3744
19959
19405
19962
4117
6897
14193
1014
14630
9423
8184
15992
4720
17444
5254
8544
399
2487
8535
18298
5152
15098
12600
12424
12001
8619
499
8430
5493
8966
15906
3673
16547
9636
2596
7340
11742
17269
16077
6825
9824
6422
13143
9209
7823
14382
2935
12280
1249
18027
2282
11648
3676
17460
18031
18992
10614
5834
462
19512
187
19328
15445
2916
18573
9524
18596
6755
5574
11017
2558
7123
11801
10018
14944
2538
14326
16765
10766
18787
13068
3210
12617
9155
4200
13319
989
3816
10652
3193
16438
18829
11963
17097
434
11132
10273
7609
17329
2865
8752
11361
13898
5734
16309
4650
16696
7296
4456
261
16689
15957
1426
9481
2198
4281
4585
19624
15654
6852
8119
11373
2958
16353
2361
11925
8091
15797
3491
15367
19792
17354
2017
19376
14227
3288
17816
703
16833
14575
17546
9498
16610
1091
7385
3867
6039
6260
7331
15595
12560
3608
5739
6810
17530
12520
11128
152
950
7876
3831
6802
16868
10595
13660
10732
11614
5628
1286
15063
7649
5194
18720
5680
13126
17023
3171
17173
13136
15272
6361
9316
1181
18681
14076
8146
5119
6741
13885
16325
16773
17179
11457
239
9106
18672
13190
5639
4175
3526
17155
17094
12124
1350
2861
17530
19393
2239
6389
16650
18211
14826
1135
4679
4083
19737
17582
18219
1024
284
11499
2610
12780
16272
645
11985
18716
2053
6754
15735
5001
9034
6739
12958
2772
5302
15797
9966
8215
9494
244
16175
11062
15886
16138
18184
4564
8110
7525
11513
15745
15475
5831
8593
16945
9206
16007
9229
7944
11381
3445
15118
16914
10300
1658
9974
6223
8944
7357
5150
2763
14648
8642
1847
6828
8904
14862
5147
11140
18763
17958
18223
5543
9132
9076
19928
6166
1505
5579
5750
15065
12213
3362
6433
7788
15856
8284
11999
7920
4998
16105
17760
17794
17785
13541
16854
8457
299
15646
4820
15529
4292
19507
13665
17684
15163
19479
1145
17056
14981
19765
14977
14996
8760
18446
18533
1116
10075
6206
9455
4316
18028
9596
4390
6272
12653
5536
12705
15634
9804
14719
13158
9477
17357
12561
7940
8686
10454
8756
17993
12787
151
8905
7617
2940
1043
16828
6348
18085
19856
4418
250
725
9911
16315
19877
5545
8392
1974
19723
18474
17534
5556
19911
2141
4314
7332
6475
889
18959
14126
1372
531
17129
3051
12170
9941
4698
7249
459
16781
10723
2477
51
13025
7003
18665
18705
16097
1471
18445
7561
10517
17334
14625
15241
9141
12000
16145
17995
6487
987
9353
14438
16035
17777
17664
1905
16067
18785
6993
17237
17366
8744
5731
14286
4068
14348
4811
12382
10923
10725
7784
15790
11895
3624
17100
7842
9457
1937
5178
4311
10030
11501
7562
17531
4200
12674
8810
937
2667
14363
18943
14912
741
787
18217
17600
7584
13469
1572
10144
19244
9902
12330
9230
2741
13576
5174
14468
15764
12291
9508
3075
1889
16442
6837
16399
17606
19344
16046
7719
495
3901
17695
10207
15070
4376
13281
6108
1403
14499
6297
4683
18952
17902
3833
8638
19474
4553
16486
17316
18147
1833
3828
3172
12085
19830
14765
17302
9409
719
2096
15870
18806
7674
19254
17381
1189
6828
112
7926
6264
11889
5069
13906
17987
10169
18360
15313
1330
3231
9725
118
13826
8823
11052
18477
18733
17940
15766
5411
13117
4979
18453
14178
15585
13831
14376
424
5885
11970
7867
11907
13947
16220
13669
11371
19040
16707
747
18364
10714
10112
18338
6542
17685
4738
12146
1683
365
9801
13845
2796
18621
11856
5887
14888
7126
8152
14552
474
10411
18158
2180
16534
1129
16888
6628
10984
5892
17857
278
19410
10957
2878
6135
17440
2464
1020
13704
14600
3001
16520
10702
13347
11462
18555
17235
8451
5912
10176
17995
16401
8755
5636
8337
7972
14181
11832
18095
2143
3891
15621
8732
7367
1679
7854
10048
10271
14086
8923
18644
291
14742
7879
17508
10942
8348
10375
16982
10088
17835
13620
1092
4127
2905
16952
19524
5440
5235
11794
9034
4546
2193
19109
4259
6896
16964
12195
15618
8321
9612
6833
1944
2614
14982
10456
3932
1839
3203
19880
1226
5642
2324
11272
680
3833
576
4958
19043
17630
19320
6071
13528
870
19202
5652
10190
6112
8305
4178
7041
8569
15734
13524
16666
9493
5744
3023
2585
15723
7582
12786
16341
7485
17205
2415
10842
18483
11822
6571
3953
10099
8855
17406
5885
1695
11529
6854
19809
7020
5081
19631
768
4634
18824
3351
1500
14420
17749
17121
1536
10982
7155
5913
19769
14998
8373
13790
7007
13057
18917
15057
17265
14515
12180
9305
10494
19234
8043
3024
5120
15207
12384
16461
8131
13914
17541
16431
14948
3561
251
17602
19668
12276
1604
4561
19516
6984
11349
17673
15386
19575
1610
3494
5097
12656
6611
16956
18015
2496
9196
17124
16975
6853
2859
9921
7183
7083
8754
9134
7253
15557
18437
6598
13754
16937
597
12079
14016
2440
15899
17955
9712
1064
13760
14045
18844
9441
9177
7069
18787
8432
6032
15352
3794
11227
349
12319
19784
14498
6835
17545
4626
5182
18231
9216
2709
2713
19532
7782
16107
7593
11722
13473
2500
1322
8045
18410
2317
17047
6473
13870
13518
5445
4474
10751
12590
12508
10266
6170
6961
371
12748
15829
3809
14279
9494
2661
12874
11511
11339
13545
10079
479
7878
1911
1723
4432
17587
16801
11074
8200
12071
11460
4838
9235
2000
749
3045
3325
134
10855
9647
10322
12865
2149
13509
6421
5796
14376
18589
11097
12663
5102
7426
31
11667
13784
7416
14797
1879
2679
18590
13127
15063
16786
16940
18317
5940
13270
11196
4913
2950
19194
11205
10227
11093
10445
6178
1691
18952
14559
14609
12530
15156
6473
10263
12573
10294
19705
19232
12214
15292
11422
5573
14857
1438
10733
10822
5513
7818
15822
759
13581
9085
7398
14520
5738
1805
13281
16667
11533
15523
8507
18538
12981
3846
5580
6017
19307
13746
13134
11223
16640
1512
9356
17882
17249
8479
8201
184
3577
10264
329
9466
11907
10063
480
11691
11338
10541
8789
2166
8192
15387
12531
17677
6999
4273
3820
2630
2975
11404
15594
13792
701
5149
15764
291
7716
19294
4281
10213
10578
19008
18364
6697
15434
12641
3740
17475
1833
9977
9630
12534
7047
12275
11449
478
17613
11288
5054
9609
15501
6214
11842
3007
19202
18464
10666
11683
14565
15776
2258
2578
5640
3816
13882
17065
18547
13941
9709
6147
7962
5684
14159
16639
12599
3663
3298
10656
10601
15680
309
10414
8456
8134
18442
17081
11779
17845
19362
6910
9848
18984
14056
1411
15376
15442
19062
9756
3157
6769
7528
1296
16208
15140
12443
15317
2755
4403
9281
7671
19296
5165
6501
17048
17220
17711
405
7378
17140
6464
6256
3736
1426
7962
7918
1851
7164
7874
358
8423
2913
2457
4128
7149
7328
16651
7064
13980
18656
18884
14571
18921
16326
14146
4514
1517
17142
10822
15960
9421
9513
11972
1801
18325
10534
5978
1369
17822
18400
5662
478
12367
8461
7535
13387
127
15423
4238
5241
1976
3616
7749
7060
3831
10478
4197
7648
16784
16913
2734
1959
10191
6677
14151
11552
18393
5865
10605
13980
8721
5426
18408
8688
10838
9996
14169
13306
9225
5727
3248
13043
13229
11386
16795
3312
15079
19438
600
244
12581
3945
491
9173
10011
2094
7595
5513
14216
4910
7702
12845
5207
1125
18469
12465
10530
17203
13595
18596
14736
9301
8407
792
17407
14335
5960
19762
19005
9529
10432
10448
17328
3443
3681
14839
18838
19430
6932
15127
5286
15465
12761
8669
17813
3149
9465
19350
7125
14741
1559
12091
19576
16437
18949
5150
1426
2726
7666
2062
5852
11458
4129
13162
14773
3939
19061
8480
16323
18483
14504
12321
3063
6287
10747
17283
4399
1629
7176
7442
2741
11463
6643
15220
13284
17907
14303
2519
6890
7680
1724
10490
2857
4703
13054
1461
15800
12875
7210
11461
13447
14439
19625
12536
5856
16019
19647
11889
2312
3051
11125
11513
12836
6940
7058
13667
14297
13986
17800
15353
8812
9699
12171
5384
808
19778
5021
15749
8733
18658
8452
762
3461
8535
16668
5361
4131
3978
19817
4252
10469
17257
12197
12223
4552
15368
17496
315
1114
11320
8230
2487
17562
10882
13506
15949
17915
16449
15936
17614
1032
11929
13511
11763
10754
10167
11077
14561
5381
19335
19741
7576
1289
7788
11068
2968
15331
6912
13642
6097
16331
7560
1179
18853
2105
3634
13445
8956
8233
16174
19404
12228
1373
9542
15320
5507
14434
15932
9608
7451
9418
4734
7584
1016
19160
9128
12542
8761
1211
11703
1195
15288
1457
18437
14700
984
10925
8486
1304
19178
10900
14142
3268
8412
2177
3292
26
12959
8072
119
18633
15571
6743
12900
17397
14129
5112
18097
17999
10036
19987
6817
4447
18021
13520
7077
989
1890
12475
19347
14784
12299
16640
7301
15054
8872
758
9584
15633
7386
4984
9311
8427
6589
7470
17804
992
5654
16938
8507
19282
7679
7566
2259
15722
17932
16235
17626
13330
793
11557
6924
6976
498
13330
16567
1644
9054
2689
9141
3362
4809
1687
4903
3635
5485
18740
5867
10950
348
4724
1850
12332
11085
18386
865
11537
13504
2023
3833
11886
15056
3344
2405
13532
19700
16110
8680
17859
8049
11078
11424
10288
10560
19337
18787
1605
7095
1742
9140
14698
3927
3706
1250
16161
5554
4418
9918
15287
7254
4935
18294
11926
10491
8737
15539
16408
15717
18327
12235
16567
6229
10761
12740
8479
19442
9009
2374
5956
7120
4510
412
14320
15931
4288
4967
5909
19202
1890
4798
992
8610
6192
12997
7246
8462
3834
12969
9657
13944
10673
2422
14859
11295
16655
13525
13396
7541
14963
1606
17206
7883
5289
8277
15548
7995
13864
19644
18539
16497
16597
821
12753
4632
10758
15130
17914
9597
14272
9340
8962
17954
17505
12636
10948
7521
18778
2024
14321
10202
3380
17877
2141
4571
724
19670
18835
18284
4985
16759
5448
7540
7873
15224
12557
13483
5580
1481
5918
10524
7448
287
16055
6230
14187
11280
17127
13297
11439
4560
9596
856
11096
15081
254
18934
17313
2480
12440
11329
2613
15978
4880
2206
16553
987
16504
14927
1446
9734
7837
17344
16772
6438
15933
17674
14194
8967
19798
1857
17331
2082
11993
12353
5218
12564
5404
16976
9590
13626
5711
1199
6784
13610
14087
5571
657
1745
4790
14394
14873
8613
2716
8476
14634
4710
14359
11728
15483
14550
10037
14087
4840
13297
13354
2793
13559
16779
19005
6939
16021
37
4381
16554
8831
1612
13873
12663
11549
302
14700
7710
15368
8441
6015
8708
12237
18034
2761
6332
18505
10735
8650
7094
18388
5970
3157
1990
4186
8162
7491
8588
7172
12391
2404
10789
3126
13442
16657
17198
12273
4583
14653
17648
5432
17720
650
10860
13296
4959
3415
19555
19713
9351
8919
5795
5753
3863
4445
11594
4976
8333
9555
9944
16998
6227
3114
10421
14152
2369
8684
8828
12721
10959
6669
195
5933
5780
12224
8648
11097
4032
9318
14585
11430
6194
19265
19456
16541
18199
7334
11273
1212
8064
18609
9906
8158
10398
7859
17742
11801
15677
15750
2485
1569
13946
17185
748
8810
13090
12294
13516
17643
9129
7865
11922
6141
17412
5612
8419
4802
11107
19893
7609
6019
17454
18529
6574
7890
13851
8417
4291
14830
10377
14019
8942
16805
16925
12636
11103
9620
11414
5825
9965
3337
8495
2996
1409
12681
8176
4347
15774
19406
1841
16589
18220
5192
7565
3814
5920
5061
14207
8794
6025
4171
15771
18822
3002
9505
299
3394
12591
9294
9732
8434
5662
3353
16613
10204
3227
16847
17356
11476
11111
1956
6741
4114
9430
9328
10863
325
10748
15898
15613
19841
16468
19123
19398
436
1965
6073
15961
5175
10961
15740
11776
7968
14770
5470
6144
11764
14132
6611
7307
2361
19217
8935
194
17481
3757
7775
7594
6658
11767
12919
6633
15963
17912
1515
19709
8785
1723
3729
4730
17984
8345
68
6750
19373
8639
6364
16339
12128
19135
5400
18720
18479
11664
3293
16524
4437
8227
2456
1776
3521
8131
18751
1880
6539
1672
15446
9430
15937
4888
19182
1858
16992
5082
3591
11538
14846
16057
9366
14226
8132
13841
9986
19649
3130
14297
937
16648
11098
14284
16351
5015
1862
19158
19510
10973
5781
11672
4185
9411
3880
4792
10290
11046
10011
4169
4876
4336
7287
9234
16210
3218
12069
3037
16438
17824
5789
17726
12334
19177
19420
11230
14553
15473
18996
16323
8608
11244
8125
17086
11575
11161
1161
7056
12930
11929
19734
1913
17684
6124
5372
10047
3763
6246
7686
6424
7032
16210
2717
18069
8082
14531
11424
5963
7146
8179
4432
6558
8225
6010
296
15723
15317
13645
6441
12307
19906
12432
7027
15680
3302
6265
3825
11189
3933
1859
15531
9654
3467
8203
9982
8113
10392
7147
12553
19655
15733
497
8158
15835
15805
1051
11737
10006
15574
6865
2796
5653
18583
5534
17240
3376
15780
6892
3417
10407
13972
9308
16633
18858
17267
10655
16260
7781
6788
11508
7195
9095
19902
18111
15106
9326
920
3010
6996
13681
8159
666
11766
14602
10691
19960
5673
16381
16018
15066
11577
10345
13596
1190
10930
7786
13910
18306
755
6792
9722
10995
13338
19423
3691
19696
9247
8460
18102
8835
18365
14769
14931
7612
8843
2790
3564
2577
648
9628
533
4533
12853
18895
12505
8723
17692
13831
6837
10632
16430
19435
9341
4891
18443
1539
7389
5882
13050
9832
859
11602
18713
3850
2423
14602
6126
8509
8948
3773
7643
3361
19184
5394
18096
2445
4719
16346
19867
17624
1430
12805
14714
15075
19347
5633
18225
15494
12186
10416
7383
4661
8139
1028
9035
18575
17551
15994
11012
13636
544
14673
8998
11104
7464
1477
8912
6807
16962
18124
4882
2447
7229
12717
17275
6309
16127
16920
12881
317
2854
15621
14074
18473
17386
4013
791
693
11678
9919
8273
15469
6421
14368
3051
10252
7873
11970
6359
9282
12918
16064
14788
11681
18221
12115
3861
132
5445
12884
17165
763
6789
19247
15399
12824
8156
3520
18370
7536
18120
8812
57
10862
18261
3710
4272
634
9374
4413
18570
161
15183
18599
16632
17025
8555
2861
19916
6643
2409
1898
7915
502
18521
7360
1505
7508
19749
19249
14575
8851
5170
15031
5631
12314
15622
16416
920
9341
19587
10186
12493
6440
12273
4503
14735
2980
7387
19181
14851
3592
9935
2253
14
8576
5993
7693
13005
13874
4681
4884
2594
17971
13632
19730
13640
5
10538
250
6535
12715
15190
5821
8323
2955
12257
3331
3343
9278
19967
13160
14559
2103
14139
11537
5211
8653
407
7274
7983
13895
3596
5374
2751
13731
6101
3186
4920
14851
3495
10110
3426
8117
1272
13161
7121
11262
3329
14112
6587
15106
6110
13522
10116
13650
12690
11659
3029
19794
13383
14155
9451
19654
17779
8771
14923
18744
758
2027
659
5737
16224
7555
19980
17458
3503
12772
8283
533
10198
13153
5975
3045
12058
5888
13430
10927
12918
14735
10880
7171
14046
6948
6404
2115
13920
118
9257
13702
7974
14257
19228
10473
17624
14106
5513
4148
1951
17824
14917
7013
9988
3867
872
13979
12567
19844
10840
11840
1004
17328
2624
17139
18815
6825
2623
306
4856
8011
2685
6273
16714
5784
7417
12697
981
1817
701
19920
19595
19474
5299
4672
9488
17473
1777
8887
10042
6674
16495
2811
17272
8386
15514
11320
12079
13550
9888
10727
2432
2263
8204
6972
1989
12852
7756
12620
10778
19508
7309
16153
5208
1903
14120
3484
16508
12071
11190
17966
9159
256
3551
8851
6334
16345
5456
10435
19570
16679
5419
6230
2682
2477
9944
14092
5756
7865
5530
2646
17163
10717
924
3044
7145
19657
8874
9708
5166
6242
2811
11348
12449
14017
15276
19292
13091
874
8905
15403
19915
1863
13604
13364
8683
3137
1960
18436
15218
19227
1062
11563
10827
12875
19214
6117
18115
10069
14267
4868
2696
7365
901
7836
2060
12009
15738
11242
10185
3785
4006
9122
7006
17604
8430
17300
7480
13256
12797
16985
9164
9165
1686
13472
11072
15471
488
8816
3433
19047
18943
1209
15599
12709
18103
9019
11661
16043
13100
14098
2133
8233
9197
797
5137
6288
9262
19817
19267
19829
10141
6495
5229
5573
15340
8935
14285
8383
14253
1368
5664
18163
8476
17597
11784
19701
13430
16805
872
10589
6151
15430
19020
17086
17537
16623
13189
19328
19080
13929
2418
5853
18411
11434
2618
8181
9261
12758
8310
7567
18305
15857
9228
6060
17140
19334
9461
12617
8580
16333
16192
1841
14383
17116
10640
4988
13894
7469
17824
11049
10656
6152
14407
17555
331
2669
18327
8755
19485
15744
19935
1713
4168
16625
1392
8456
2060
7334
9212
11286
9959
16904
16346
14684
11304
7175
13734
13240
15041
17387
13958
2205
18842
824
14120
4428
11201
1564
15303
14673
16255
377
19212
3580
7431
13226
16752
11514
16392
13107
1856
16079
14562
5449
16697
7346
3061
14811
17907
3910
20
16540
14362
369
4441
3022
16279
2938
8082
1997
4110
12068
18489
10485
545
7681
11713
19664
7281
8405
12044
1344
19620
2217
12378
10854
1858
3943
17595
10092
985
5817
12486
5781
8193
19129
13250
12575
3738
13172
15457
1426
5457
10464
4141
11176
9666
1846
17530
1593
19511
15598
19547
5473
1230
8599
10769
6224
2776
17551
10046
12367
15774
15973
18712
7402
14174
15912
4793
11262
4596
6316
3922
4480
15540
17913
7744
8167
7379
19599
17623
727
11749
4090
12187
12715
18400
1357
19149
9310
2016
16574
5986
16022
17189
11263
13936
18606
6358
10388
18241
6527
8936
5078
12522
6410
6714
13987
17622
8452
13784
13695
6235
16286
319
18603
5262
2096
32
10176
11986
9922
3518
8808
17131
1335
17137
8282
9905
18326
19949
14320
16960
12022
4988
4134
7884
5541
10856
9617
5554
2005
3733
14138
16618
3652
14891
8086
14328
10086
8625
2851
19266
15505
3252
8929
2300
9957
7080
9642
12511
5814
6182
7407
2936
2903
9491
19729
3356
10053
9121
12089
12601
15757
2894
7349
3432
2875
4714
11471
12095
11072
1687
9099
9891
14655
11657
7324
6266
14548
2796
14916
16990
9057
1605
4583
910
7831
17361
3082
14815
17405
11689
2286
14671
19680
11271
3459
7962
4279
10178
3786
7941
5458
5365
4363
17112
2431
4255
5871
18313
7640
18723
5339
4147
4844
4783
234
12262
15848
14745
4710
7543
6338
9190
13571
7768
19490
18276
11928
6339
270
18103
11995
18928
11664
5777
6519
13253
12678
13114
588
19757
997
8144
11268
17793
17835
3751
11053
2243
12672
16913
4312
10602
8680
15993
15501
11224
16040
1738
10953
4231
18002
13292
7797
19649
2094
7150
19876
11887
10247
10143
7593
11049
9616
18358
6098
8621
14929
7122
12293
7915
6322
1980
17109
14972
2914
8969
13761
16146
6052
7387
15881
12779
1783
4646
17198
1823
1249
14960
10181
2937
8599
7570
15928
4195
13515
2651
12121
15641
18515
6068
12644
3072
16754
11614
18448
19311
3909
10679
18705
4427
12940
8764
5197
9105
3635
3881
14328
3661
4155
2107
19759
15239
12586
10262
16398
11229
9708
16290
14606
6891
11493
5360
18751
5639
16724
155
8509
12073
1573
746
17170
5799
15443
14769
1864
9023
14519
7991
3113
5326
15058
3859
11765
1214
12148
16176
4575
1532
18182
3919
7813
1222
4826
16235
13066
9347
7468
10583
7985
19469
14037
4484
7608
5450
15533
17759
8463
11609
5498
14327
12115
4999
13721
4892
19980
5217
13896
1347
19807
13443
14541
16390
7472
11247
14983
12776
12152
5178
12911
6454
19263
18976
18698
13353
9303
504
3886
3752
14293
15841
7790
2923
4523
1148
5764
4154
15142
17652
7258
9363
2050
2008
182
15339
11429
12777
3903
2956
7391
14382
8688
15964
15068
16677
8728
15262
13155
10836
15818
12242
10606
18429
15464
16983
17798
17168
14952
6417
13050
7483
8512
5382
10108
15485
13843
7330
17816
15416
19799
4954
2610
9380
16994
1037
1659
1216
7570
7750
10191
11331
6422
18239
19695
12625
19740
10624
18326
4937
12343
13413
6489
14843
19372
18269
8640
13527
18682
11023
5852
12480
11427
3543
4932
2592
3547
15021
5712
1589
12301
11846
12465
18601
7108
12853
6699
927
16861
5706
2096
12617
14694
3546
4474
16631
16179
14591
228
12233
10845
8502
14181
998
4951
8230
19851
3269
3887
3520
17776
5065
11580
3394
13563
11849
15946
13526
12438
16205
3936
15800
17800
5845
8778
244
9774
19635
13640
6125
11610
5465
3570
699
5480
17517
3334
13228
12217
5785
15568
1130
1166
17182
15988
17757
17859
777
18459
7272
9093
5630
8344
3022
12177
4113
17654
17943
3755
8275
15648
16526
3224
7625
9004
10370
4952
13049
1157
17292
16995
18622
10515
14960
13663
122
8361
17404
3963
11531
2219
19917
15020
6806
17818
16465
8737
8768
16510
7656
7748
10812
7695
17860
18320
5278
12159
5647
19690
16526
7367
14571
6749
8601
4205
5812
310
7617
2991
290
4088
14036
10959
9291
10525
1178
15034
14437
16011
6088
19638
5705
8078
16657
5672
883
9975
17660
9632
13030
6385
15633
17922
16268
7131
12973
12305
1691
6183
16470
19289
16403
3151
14664
16249
8068
3854
5037
7468
15597
1890
18443
9555
3679
12092
2967
17088
16960
2145
7783
2337
7179
1793
4261
7431
3188
1809
6752
5907
19785
2023
29
18908
14293
10130
3114
13983
19614
18003
5235
3395
17422
1148
19597
19143
1678
6083
1392
7723
13710
1442
15138
13144
6626
17903
9230
6925
39
10803
14260
5159
17251
9961
7322
10027
1161
18230
19104
16659
3484
18687
16016
1524
10987
12683
10804
14184
1019
6102
19650
6236
4194
13774
17235
16504
13455
1614
10801
18854
13448
5685
12398
11489
4939
226
15217
13212
18486
11886
556
16011
15809
3142
553
17714
13897
6308
17379
12425
1864
5129
12304
19624
9696
17241
7196
5813
11735
8307
13521
14567
6203
16171
14354
12821
15334
13349
2471
5504
9309
4336
7955
12250
19219
17373
4545
5074
6827
4667
11613
15870
11386
11249
6367
10275
14411
18007
2081
14659
11676
5329
3442
19971
4261
17352
3268
3608
4505
17127
18559
13262
13765
11215
2904
13653
16821
1527
5468
4104
15510
16580
6983
5019
14966
16897
19761
5632
2663
9723
3624
13782
14307
7484
10265
1775
14570
1026
17287
17981
13542
8955
9118
1336
18160
1886
4737
4654
3019
12649
8351
2567
9037
1875
5988
8084
14270
2638
10956
13236
11674
10523
9683
16643
3888
6217
17736
12863
19309
2123
11744
1367
16851
12917
17926
13011
8642
1395
10384
13338
12857
4870
4493
14340
1717
7644
8474
19581
6616
12011
10516
947
6981
14377
7175
9756
4232
8907
15205
16486
947
5720
147
15100
6274
18730
12669
626
3840
13792
17706
5550
15491
14146
9546
15411
2322
17747
2507
13771
16614
8204
5707
11728
590
12859
15720
18807
2893
919
4852
16761
16415
7262
1220
12320
7481
18957
16423
14378
12077
19739
1267
18525
780
5842
6170
7912
10407
4683
12220
3825
9102
3686
7031
16320
4473
18435
11002
17895
17509
1408
4535
6220
14805
13359
1238
14165
3130
2674
13862
19919
4046
4534
18734
15611
6362
19689
6178
10358
24
250
913
5027
1650
7884
2267
2230
12329
10998
15200
3488
9874
7418
11732
19666
18779
6752
2415
17136
1003
14702
10368
6837
11687
9478
18913
508
12304
8412
9957
19569
1450
4786
3822
7349
18360
6067
3388
4392
9411
392
8896
18806
9466
6202
15918
12385
5842
17253
13745
17222
10799
9396
7736
15119
9947
6495
18510
19892
14482
4670
12679
17039
6657
745
7095
4635
1347
12750
15581
8360
16010
15821
13692
12093
13887
15827
8393
4522
641
18737
9792
1546
4009
4601
82
3313
6510
10549
11482
9208
11076
19908
9549
6850
96
12145
5487
5993
7286
10641
2786
9770
17251
5849
9145
19786
16871
15898
426
19140
17930
2938
17474
7600
11519
12048
17171
9265
10757
2620
5352
19546
11306
18688
16890
9118
18635
2815
13563
2036
17879
4241
7919
17283
15602
5280
5690
1808
18612
6434
9908
11713
16689
4819
19705
6476
9812
9550
9822
1601
17988
17768
2686
4048
13641
10473
17938
4857
4103
18759
8319
7791
4553
9921
17032
839
2393
19797
15652
8931
3788
7935
14443
2357
19387
13807
8939
6386
15851
4358
2743
9333
12878
1868
18718
5389
2723
14992
569
5
15928
18365
12606
14925
16144
7830
9106
16106
4895
13966
252
18743
12722
422
11060
16117
11435
16612
6746
16407
19498
7372
5794
2083
4552
6270
6029
8325
6589
6955
19860
1014
7201
8629
17278
6308
11631
1219
15056
16127
19558
16990
14564
1792
16585
1770
9778
2069
16870
5892
14922
7117
8372
9333
18084
8541
13589
18288
11599
7789
8955
17998
18118
2178
17319
3683
11297
19752
16108
15836
4263
4571
4466
11704
17664
14578
343
19744
17321
13321
8560
9572
7361
9450
10253
692
19680
7319
19834
16920
2792
16503
5569
14188
18675
8155
2509
283
1644
12203
14250
4854
4089
16177
8904
8753
11670
8130
6079
3195
14685
11364
18412
13433
15201
1377
11449
2525
1563
6855
2010
8168
315
17464
9972
18201
15392
4725
10232
15600
6466
546
3501
1156
12204
15158
2124
5758
15016
8834
4068
14256
1331
3899
18462
7733
19919
12934
16476
6533
14007
14303
3674
8981
3629
12165
7094
3402
5103
15557
2411
14680
5449
4610
13945
18811
9188
11742
11937
9777
15451
18632
15180
6994
5806
3490
12779
9133
7119
8013
14521
11616
15226
16883
7325
12819
8866
19089
3564
12466
12006
7199
2411
5733
17891
15838
2226
14606
9475
317
2508
4895
4691
3687
8186
12469
17586
17804
16727
15701
965
19082
3574
9537
18311
14105
11208
14646
19198
17136
5723
11685
4169
5623
16508
1325
7061
15466
10524
2418
1647
6534
16560
4860
3604
18899
10290
19438
9124
11630
12453
13440
19188
13266
5110
19740
195
15267
14271
8498
7716
15670
19877
11576
14682
9920
4385
7522
8739
5658
17691
5882
19755
12494
11249
5307
16353
768
7160
19568
6150
4124
17146
5220
3458
5944
5373
18917
3632
11365
18405
827
10874
5848
18511
19519
13055
19567
6014
697
13201
4610
17203
16474
16699
19944
341
1170
2367
8931
14288
6415
11966
19593
9401
148
10193
16399
14512
19601
13780
8628
15070
5476
3618
3976
4958
13292
5020
15064
17560
12294
13282
5686
11048
17319
17828
6025
19101
3668
19026
8750
8798
13632
14576
2698
13767
19939
4037
7597
16081
7156
2387
228
3919
3619
10497
14396
9556
4757
691
10382
9074
12189
3995
5803
13950
1460
14697
2565
2800
15060
13118
11639
7046
10455
9438
10706
8935
2087
964
6118
6981
4033
4815
15849
17564
3435
14810
8039
18871
19022
1962
15142
9457
18130
6464
3380
13529
10325
8110
9807
623
3112
17606
11025
6444
12774
10734
6646
6686
1906
13904
9740
2352
3244
11854
13078
9160
10159
14675
14972
16265
11050
2020
1299
13209
12953
16117
5541
19037
19487
11448
4380
3201
13314
15280
14160
11188
13379
5411
3978
10959
18553
2606
2612
3606
12873
19891
12192
2615
16004
17134
18162
8368
6813
453
10506
7149
15045
15197
1234
6031
15429
19497
11008
136
17176
7710
15112
16674
9538
1154
15810
18623
1808
4258
8883
7899
11437
12227
1819
14670
7615
4592
13914
2894
14588
6706
9631
4338
9420
4126
7247
9617
3388
6759
2926
5608
28
5685
19949
5242
13398
9966
17521
12946
19179
2800
12156
13316
1708
7808
13402
12305
7986
2941
13545
6825
15386
17486
5062
3499
13793
4346
12848
9864
11479
16662
7803
15878
1251
17656
14868
11424
1619
3787
17452
2538
5534
13595
9763
3731
8089
1104
1138
9315
12274
7544
788
14180
5292
9693
3410
8349
17975
14614
4618
15096
11435
12952
15195
7557
8737
3309
13808
13112
4046
7613
6534
7470
9533
15849
7324
3981
6920
3991
14358
7273
7123
7143
17710
5090
9765
12707
1943
17835
3811
18901
2607
8166
17515
5779
16673
490
14698
10550
16308
19399
15386
4521
3284
16384
9756
11324
4603
5526
9518
11479
795
17542
7657
332
13675
14345
11609
12677
1643
9114
5593
18429
7637
17780
1899
10635
3970
3289
18418
15864
8502
8111
4044
5617
8554
1604
9519
10809
3412
6195
16254
2166
13237
13087
5031
15243
10111
2300
18077
12518
4704
7661
7502
11792
12623
3879
10144
354
3314
10645
3180
8087
19754
12725
13015
6364
13883
12544
12201
12291
10460
2054
1612
17111
12471
14039
6371
12746
15486
9727
4
3786
18187
8361
5044
17459
17745
15236
16765
11742
16964
1539
142
13654
9730
15197
14415
13227
19613
8981
15392
12416
5894
13493
8397
11550
6455
14003
1616
3916
14332
13142
9955
10742
2111
209
9056
7882
591
10285
17239
7010
19053
11110
843
7163
14771
15596
15945
13188
2945
14409
12710
13170
4901
7074
13044
10576
9286
16471
8161
19956
12014
11492
10637
2637
12881
19978
6405
11512
8382
17352
14593
15378
5921
3298
7606
7048
17394
7652
6520
15338
6718
18304
1744
18334
10543
6067
9014
3056
14651
10213
15116
1799
9766
13199
18678
14547
5621
5975
3257
13603
3152
14455
6191
18547
2643
4444
12580
7394
11442
14634
10193
4385
16230
349
12498
10567
6936
2282
3174
12226
9064
11012
3587
521
13722
90
435
9132
11838
4413
8687
12333
1979
6880
10518
9031
3928
17784
12906
16748
15911
9379
8295
846
11373
19941
16289
18259
14482
16461
12153
17355
1346
6134
2939
4605
5149
17097
6935
19645
10593
6688
4378
11835
17330
2309
17673
6965
9444
537
8986
4012
18885
16529
6222
13139
19529
5755
6223
1124
1810
1982
15202
4654
12028
3263
8488
19785
1027
15200
9783
6697
402
15747
14928
5008
6921
14668
7293
17054
11754
5668
11593
2148
19200
9754
12219
9079
1996
18020
5424
9343
14477
6051
19861
2095
15211
16772
4350
15855
13953
9315
18086
14388
15589
5130
14915
13362
18420
5656
10181
232
4095
11644
19499
17209
18348
2112
15137
10203
2955
5187
15770
3208
11062
17855
14951
12530
18595
12905
14897
532
4265
5654
10936
9251
7021
5210
232
14755
7176
16620
2645
12886
11574
9574
7572
2479
11870
7753
17973
12677
15609
733
1792
771
3457
7029
10955
5308
10551
10545
12309
16635
18801
4157
7266
13145
18110
2231
16308
15464
8791
18254
19266
6188
580
12934
12823
1449
1800
9463
3082
13048
3563
8949
9558
15187
9954
7211
11381
4304
12540
15489
10974
11850
9035
1212
18423
6266
8974
4548
5049
15557
12023
10625
2015
2063
11485
2783
1738
14285
5088
17680
2229
2200
10325
17904
15311
61
17933
6244
4218
1746
18694
1116
8799
6275
8685
2039
16364
13162
19374
3302
17740
11421
4763
2793
5793
3841
2261
12053
15552
18397
17657
631
200
15113
5930
10706
1793
13541
8535
10532
11662
15750
16968
6214
11854
12555
12459
659
8340
11566
14421
18656
15841
2422
14807
11817
5979
18025
19167
17901
5996
14398
8775
11471
15834
12592
3327
16638
17022
19471
18098
7118
5347
2705
6647
4741
2141
2982
5207
338
14244
15177
19989
4119
3147
3762
9119
5127
4161
5448
18224
13258
3460
8052
9439
17502
2268
16784
2951
13176
9947
7423
5364
1544
14447
15254
12007
7194
10594
3640
4934
14457
6927
6559
19011
9006
320
14550
2599
16742
19400
1540
17403
2801
1018
2882
12819
8135
4485
15150
16120
2597
4780
15064
720
18965
19270
2297
13963
13932
15087
4580
5261
4204
17065
5749
12083
874
5491
4645
5220
1322
19683
4224
1493
17990
14659
10797
16025
8590
8774
1868
11076
19337
14086
16831
4986
4697
19483
127
16248
16573
3545
17167
926
16560
9927
3565
4344
11630
759
4005
11368
5847
7847
3744
10386
13004
17491
13241
8388
8694
11381
2160
10687
1127
12443
16696
8358
4376
17026
3691
14978
16625
16660
7325
14511
13831
19516
16045
2215
10783
10178
12696
393
4529
5927
7304
5446
17992
958
362
13896
10245
19077
8638
5502
19939
3327
5351
6184
16246
11760
9121
13564
17741
13940
17842
15251
10646
9212
1817
18164
608
7398
18819
17466
4060
15864
1981
19300
18493
8408
13540
1913
14750
17963
11512
16565
2115
11976
8911
2197
3063
15448
8965
1147
724
4781
10225
4606
6146
9660
9651
1682
16566
9272
17098
18351
8444
269
7042
9249
5007
4597
9450
8395
13509
19610
9892
15480
17480
7945
5557
10336
18015
18479
16924
10835
15691
8275
2784
19333
9165
14095
18017
1942
11525
11820
4433
16380
1461
12506
2780
15856
16036
10377
5730
3634
8894
15559
18693
17882
17528
15414
13693
14972
1074
18568
10825
12407
13334
19930
2977
14010
3900
7402
4935
14899
12528
10391
1659
13334
19659
15764
4973
8806
16669
11432
4525
15907
10797
7269
5823
8624
951
5890
13579
9727
3956
9495
14032
1180
9816
3477
1273
19315
10580
5184
11463
12895
12187
7595
4973
3343
4738
15086
17755
3351
7009
3141
4946
14353
11446
6184
8631
9550
9864
5954
18595
14685
9161
13585
18870
17685
5237
5946
15755
8803
19191
8454
19271
587
3563
28
10731
9885
17406
7580
19401
14966
13425
13142
18804
13296
6333
18437
496
17095
15280
12939
10920
12200
3029
8809
6590
10808
3026
17819
19997
14142
14699
15631
1834
6094
4260
1824
8281
1203
3331
10995
13820
4728
16948
12717
7958
1204
11750
5071
9518
9776
15155
7279
8607
1109
17469
15988
7596
791
15603
12814
5329
14392
6131
8271
16884
218
361
19690
18746
6117
16918
4934
18487
6289
9900
18591
16029
9201
11957
5146
10997
92
5203
227
6252
2233
12995
9669
9028
14886
3675
12741
17324
8197
1746
15995
14378
14660
10399
13965
1844
4615
2713
10570
7262
12756
4253
5440
16045
18939
10382
10587
10122
7136
535
1883
8819
16871
3020
3696
8139
19098
1935
19285
15730
12730
11726
16902
13007
8191
5641
18335
19721
2478
5457
12050
9653
19894
2700
14213
8938
11655
19381
7686
13040
8208
993
9867
15415
14707
8764
4106
9380
8103
18258
18162
1318
16617
11401
15429
4935
13697
3115
16498
10462
13388
8706
16275
10369
19915
5212
224
1623
5767
3215
10349
843
319
1781
14919
10813
7537
11640
5767
12691
18561
19305
8304
13485
4904
15785
1099
10838
7643
9419
19388
16854
8727
14801
3680
19909
15238
18194
9893
3097
10257
6878
3527
2880
18691
18744
8771
8681
19573
1666
5401
3741
18715
18807
14371
3947
8938
7217
8364
16001
9604
6442
19215
6711
5794
18944
13613
18149
1212
15474
4426
7540
2808
7207
7557
11090
5261
8110
19890
8095
14515
12671
16598
13477
19626
19425
4287
10116
13827
5381
8285
11179
7854
7887
5952
6563
14529
19092
9775
1669
6785
255
3074
11660
208
4302
18109
6501
19732
15226
13386
8931
17440
2324
12146
8815
15393
13770
13751
15516
1639
15720
12113
1816
14894
4860
2531
15967
19144
9010
16729
2314
2376
5950
16993
4581
9870
2648
12579
13918
7658
16128
7837
13368
623
8259
19168
18047
5013
9815
8481
17302
17706
5760
3197
16621
1879
15093
18700
11663
11
14556
18240
11255
5830
14450
9978
11970
15364
10663
8297
7007
2148
4454
8993
739
9715
14450
1588
5498
15930
8171
8015
17048
14433
5360
2548
18957
19326
4895
9135
10454
15870
5720
15735
5232
6255
7871
18851
19880
14024
15360
10982
1582
4501
3757
9448
3080
10210
9891
19171
1027
3811
16587
1719
388
18207
18396
6378
1244
9431
14589
6560
16410
11830
17416
10482
1946
2422
13963
9774
14843
19500
13672
395
11983
9138
8955
5319
6731
19664
3196
6464
13246
10374
1722
939
18303
4759
14728
2708
18654
15605
13172
11826
5149
7686
11442
14950
15736
4592
12407
19760
1663
18150
2529
4366
2948
14895
13172
9714
1935
11151
13023
19263
4880
6484
10845
1600
780
6687
2776
10885
18392
5389
3752
11835
8676
6498
14488
7878
11598
7121
18313
8573
19351
3081
11025
8259
10003
4255
18171
8605
11194
9780
10770
15573
8187
11556
3512
6474
17520
4011
2384
2066
10157
14227
7132
12397
8242
18078
11904
7591
1248
11788
13893
5001
14888
9450
7674
11037
17215
16119
1141
13628
9262
9492
17335
16789
15237
9032
5998
19773
2096
8653
14516
13422
8545
11802
10900
10014
11405
13678
11981
10908
13875
3798
13807
8936
18518
9051
2594
11248
5228
10283
19653
11747
5552
15618
13908
3380
12018
7348
10179
1421
15726
6554
5960
6957
3929
9111
5717
18592
2519
998
9634
10297
18122
7554
16681
14990
7941
8049
17355
8656
14911
18030
11088
4550
19939
5970
17772
16197
18084
4286
573
942
5454
2759
18032
14756
12568
9982
3331
14952
6613
17691
18853
7443
11337
4166
1370
17583
17689
9537
827
19570
19387
13621
4826
13593
13805
14040
19426
17821
6529
9368
13245
18196
9238
15079
2992
8966
7778
3330
3809
8458
8459
14239
13593
6941
181
10611
3844
13791
4565
2750
17972
394
15332
15540
10662
6191
18000
12488
6492
12239
15020
9783
6409
9266
13672
3438
8236
18088
8699
16216
8020
16730
14076
9928
10145
10060
17553
15104
2475
369
7454
11708
12060
8651
8191
6750
120
5502
1585
7927
19869
6319
13386
3406
11941
10142
18505
7792
11720
11645
4584
13044
8383
18188
5678
7241
12547
8627
19937
12351
5844
5019
3192
14159
17942
12105
11119
10248
12917
13752
4788
6807
3977
562
13214
9938
6004
14602
12029
5377
14216
345
16684
1097
3239
17844
11747
1238
8514
13446
12009
15013
14210
9935
327
16300
17797
9945
17848
18086
18208
8818
5308
18142
3716
7179
19532
9015
16827
17068
18791
5589
15633
17201
15659
18572
9231
4646
17856
19940
15714
8378
8014
17765
122
18659
1775
14149
11727
3950
7518
2987
17470
6784
16270
5439
13746
6383
728
3856
6173
17078
3469
17025
4517
1561
9290
19761
2972
5589
18025
19813
16679
2594
7699
6613
672
13449
16307
10704
5143
12540
14246
8972
1907
8662
1167
2766
12726
17425
17031
2706
9855
8733
1777
1080
6089
2211
18539
6507
7889
5975
17761
14159
15125
10259
10780
9990
19831
19606
6104
14335
2081
5752
16083
15389
8098
13096
9376
14623
9750
18661
14524
5809
868
17045
11064
10542
18050
8805
9204
3983
6707
15486
4941
16341
9840
15680
4206
527
2564
2078
14082
5672
8016
15798
10345
5361
11696
7818
16104
5350
1269
16960
15707
15712
2641
17618
9830
9335
6802
18835
10281
19089
2885
11359
15889
8875
13628
18590
651
4002
4298
19957
5524
16542
7658
10440
1165
13309
15712
3440
15594
15992
215
18837
12200
9332
19370
8648
2334
17127
7678
7392
7789
19652
18380
3727
11313
18181
2653
6784
13466
13556
1358
9615
7604
4822
17650
16420
18945
7572
2391
15054
16873
5160
1024
10936
17512
11712
114
17067
3077
16978
3819
1536
8963
14365
11436
10752
9073
2487
3543
1594
8252
5688
11347
9376
15908
15810
10732
16638
10027
10348
3192
8055
11018
15721
7796
5886
3710
9530
3629
9839
11776
4205
5531
13928
7442
11631
10696
10535
5044
12693
1710
17889
3735
5027
3421
123
18985
15864
5628
8329
11087
1910
16136
6241
17297
1713
2008
1147
18286
2772
9664
12103
2800
3818
9940
15531
16923
8335
12868
11864
19999
9908
7430
13384
9133
73
530
5558
711
10794
2982
5817
19279
12969
17482
2366
833
4724
9710
19586
15741
18050
5583
6825
8764
10815
6648
286
9476
8465
9541
9031
10806
12423
8803
12483
9061
7709
11412
6627
2433
10990
7022
9795
3345
19543
9955
16388
16448
17796
13691
1159
7598
7129
1213
17639
9382
10111
5581
7092
11376
15177
6607
9960
9533
3010
9513
8487
3168
6804
18215
1016
3068
6839
11384
4826
17752
13141
5302
10757
11184
11510
10659
11039
8901
9101
2670
9559
14612
12030
10709
8353
67
16362
133
19470
10520
11065
13468
5735
16836
11522
4816
2343
8029
19930
14440
14195
17929
13590
14216
17046
4086
13119
15146
16829
17734
17778
16296
14763
232
14608
1494
12058
5826
14729
2955
8431
10762
9536
14497
5656
19444
11962
4402
18885
14213
17257
418
8513
14759
2576
10716
10443
11829
7730
12084
15061
3926
8955
9676
18008
3238
8874
5618
5010
7248
9369
5959
12637
12856
17771
14426
18157
11796
5329
9522
6598
7483
15801
8395
11672
6518
12532
14711
4760
7955
9027
19750
14076
5368
9373
11840
19826
4148
14462
1327
9725
11569
79
8314
3118
1254
6319
940
4219
4777
9019
15988
10718
19970
11871
10597
11373
10202
12601
19965
721
6194
13798
5026
4293
4336
14603
3368
1229
16404
9154
3760
18704
15977
15999
11339
11444
15544
14942
4764
11125
12694
7883
9243
18017
16093
9998
9525
18067
15704
15473
12945
13002
6455
11407
18093
19461
9667
15930
135
2557
2827
16041
761
15071
6461
19581
17787
10244
17169
3534
18252
2415
10431
12470
9995
3171
177
122
735
13758
6546
8465
2615
1366
3142
17202
15788
14351
17171
17918
1570
10998
2557
4615
18349
7069
17776
412
9361
12370
16694
7058
8033
11550
1768
6032
4201
14840
5729
8919
14439
5699
12655
7372
980
18795
5058
8036
13569
13431
15783
12267
8892
13323
10702
7600
19186
8926
1766
11665
9518
3378
43
16222
5408
13813
7862
620
6777
6675
17011
3193
1010
6294
7920
18199
9164
3707
14257
9016
13330
5170
13824
4244
16922
4466
6593
889
12459
8150
13156
3567
15449
1720
7988
3942
14315
5577
8652
191
9790
874
1449
8917
18818
1418
3323
16134
10722
16476
7157
9665
7105
10835
9252
6222
3168
10365
12860
17332
7836
19322
10989
19627
17236
14136
12724
8479
18952
7341
13615
93
6012
14895
10697
13533
9756
6963
12147
14284
3067
10848
14739
373
5812
15279
19894
18380
5073
1378
10529
1879
4361
670
12133
7993
18883
4294
15121
7771
19897
12245
5313
8025
8025
472
19828
2023
6021
10022
1692
9662
19770
18844
1359
16488
9165
3289
19546
9219
5361
14291
13876
13269
16118
13493
18544
4620
4651
10966
7981
10448
2596
14710
8776
17736
11734
631
7889
12454
19295
18294
8027
688
3811
10564
2508
812
4402
12262
19604
3239
14725
17733
5083
12482
9318
723
7539
8057
14543
6875
5517
7217
19755
11843
19079
9854
18970
15233
18339
3662
1072
8727
11698
182
18876
10988
17807
13750
13477
5161
7241
6667
4368
780
19448
12338
6975
13740
12177
2260
1588
7083
4372
13394
13396
12273
7459
10606
15558
18986
8269
9587
19962
11678
5544
7171
17126
6408
13628
5627
14348
3318
18428
14820
12248
1181
6768
17497
1348
14805
11950
208
10846
5208
1544
871
5410
10451
7518
12397
10241
15398
6452
2090
17443
16062
9118
17707
10440
7724
8247
10990
5450
14114
12914
12102
8350
16905
19751
12908
10458
2210
15343
19202
14800
12023
2219
3109
16824
4733
10782
10510
14476
8617
5692
9605
15053
10028
18618
7332
19876
3372
8644
14275
6018
5792
16621
13636
9896
13671
2113
6173
18595
7398
18231
7774
1423
18236
4514
9566
11932
11876
7879
19655
3086
263
4008
15098
158
17211
16255
8896
19678
9244
13222
10286
12314
11620
4371
4948
15706
19306
18306
258
19140
16693
19562
9815
14974
17756
14001
5864
3825
7067
4475
5002
8617
5907
11070
13500
19384
17567
4305
7443
8443
13519
19011
8611
6037
1315
8135
8807
12247
10566
6573
9294
15969
19460
1932
13026
5826
9737
668
16086
17626
5911
6496
12939
3713
14915
19680
4927
19809
11085
244
1395
7646
11323
5725
16503
534
1681
11022
11892
16964
14094
19047
17301
8926
15462
2274
10931
2078
4759
262
12700
15005
6411
7385
9151
859
6154
13587
14423
5116
6072
18445
8082
1804
8882
9720
18524
15555
6400
19626
7661
11652
8760
19764
14603
14239
15951
3663
16509
12086
9788
5236
12142
5565
3851
10058
18170
2011
7067
7514
7736
19373
4789
13087
2756
4233
6441
2106
12776
9663
7751
5634
11878
18396
4150
18775
6341
16296
13012
1015
2101
5136
9963
7370
1792
8574
3916
18200
12016
12772
3211
1755
2551
11319
17431
207
9374
15384
10804
11205
16590
15918
1111
16727
19765
7439
13021
6070
7605
16254
11688
2367
18223
17485
1880
6476
14375
6980
12226
13190
436
2938
207
8984
19398
864
15219
13663
4724
3005
6631
16606
14338
16980
7750
5934
17547
3970
1793
12403
18097
8227
8608
16745
414
18452
1942
3357
17269
17299
351
18488
11994
18754
7097
19158
15451
15147
15356
14965
19866
18653
6422
7433
18232
10645
12295
4748
10239
6840
18647
17235
10572
17852
13391
6812
11479
103
2555
17090
9504
11791
6489
7891
9464
3424
15774
2297
10441
17628
14406
9589
323
1436
8309
10442
11364
9525
7407
16437
14755
790
12369
18170
13402
19374
1962
18905
11629
6858
8793
17504
13403
3676
19780
13946
16064
18391
12626
7333
6660
10519
2470
4449
10884
10813
3480
15044
18203
7384
561
15019
18316
4127
14211
203
17871
16859
18180
3398
2262
19650
8453
7384
10394
1118
13875
16593
10599
9228
19080
15325
6368
4703
18479
6463
15505
1221
6003
11804
13680
1506
17090
17268
18542
984
19683
6475
6751
9352
7249
6917
12228
12818
13395
16241
13361
6009
7802
2908
11552
14178
726
5094
6930
19354
8309
14962
14525
215
4985
7862
1622
5367
7093
14707
17884
17957
18756
14238
4095
282
13926
13117
4907
18143
1559
5677
8437
17873
7022
16128
2912
11774
5199
11332
13484
12811
1997
18846
18877
1272
2656
15830
4483
8155
5086
7820
7179
14505
15066
17864
769
19859
17910
11663
608
10797
15813
15378
760
8106
2594
3072
19771
5699
17958
9723
7332
10198
4714
5704
10660
18219
18554
3264
16874
10130
18802
2148
16111
1384
15416
2477
8507
4313
17685
1185
10583
6079
14289
18817
7792
15560
10538
16256
2948
1430
17521
9135
2925
17023
16033
3091
2471
5269
14237
13719
6880
15776
18148
4701
18203
14599
10036
17328
16992
10126
4248
16918
4612
12538
15791
8769
240
19887
16731
3588
17041
3770
19650
8931
2331
14922
1061
17059
4986
441
14779
12160
10231
905
13321
11326
6628
8330
17728
1687
19460
6872
10579
4882
10202
17761
7507
16181
3244
14339
18217
14513
6547
9812
15471
3356
7362
7035
6219
15676
16945
16476
5513
14527
10373
2962
9300
5320
13341
12436
7185
15876
19452
10458
14648
9946
1710
3256
11568
6016
14360
7145
17350
11850
961
8199
11242
12926
11063
18231
6886
9795
17855
18786
1915
3544
573
18109
9626
3489
19163
14474
5083
10235
15258
11319
16286
17713
1075
12004
8380
15655
8969
8003
5064
3860
6989
15704
2184
17356
8620
10368
12522
13275
15929
10765
133
14222
4627
5167
5613
16844
18130
17103
12914
3010
10932
8565
4054
8411
10238
1449
4201
15662
15185
15734
9795
16465
16907
12811
13245
10092
2231
7131
16236
4232
9554
17220
4315
3591
1371
16204
14852
17101
19958
1896
19914
12379
14044
4471
15862
956
18947
7402
8332
409
14566
16455
9994
5703
7825
14723
14045
18016
14443
17292
