10000
17256
17780
13500
18469
10153
17776
10940
14172
19065
10112
14574
1811
8150
4117
16355
13159
2368
8543
8547
5819
17832
2984
8019
96
6160
12126
7904
12815
3780
616
15242
16467
10165
6105
13936
5797
5582
5474
52
9327
14965
10754
7562
5010
4160
13625
1410
15970
16944
16218
13520
4590
18063
8703
18676
2398
10338
8726
13003
11798
14923
5656
1170
1143
8189
794
1489
4485
18108
19357
1740
8131
5489
8001
4033
4345
18312
2422
15327
8024
14150
10706
8548
5204
13930
13791
19824
5872
4734
11212
4107
2584
698
5859
17040
8039
14453
9339
2325
11945
8393
7492
16824
11131
3522
8127
18727
18575
2115
2448
1772
11147
6133
9708
9011
13873
11660
8013
3898
18489
4857
16356
13332
2266
10021
17165
7705
6951
13105
11454
10318
5366
16551
11738
14892
8221
9148
17922
3824
2677
12037
1867
4702
2177
4242
13035
13619
647
1483
17676
2630
1532
1830
8291
7577
10975
4386
15546
19426
14843
1796
1961
9457
18032
427
4260
11389
1836
1522
15758
6383
18514
65
12619
16394
16028
12528
9298
1366
15197
6554
16610
10312
10303
153
7596
7343
7083
15012
2158
15358
12328
10786
12959
11569
2714
10697
17606
17853
13451
5208
19429
11225
968
14733
15923
8483
9154
420
14440
3664
11637
5164
6897
14516
10789
13671
4035
14474
1507
5023
13708
19425
5904
10112
9701
18499
697
6517
2499
3234
7648
7651
10445
8929
13979
10908
14728
15133
8854
16385
18766
1015
9779
759
13086
1759
3058
10756
9740
3357
12811
9542
1625
12415
18040
16081
4125
8538
8816
17187
19201
19295
8526
2054
9417
18461
304
13697
18702
17452
14043
15355
426
11197
5308
5229
15084
14395
617
3235
1452
19293
6950
6223
5497
1996
15716
16905
14797
11084
8356
9767
2114
6280
15577
6805
6270
18558
2923
5714
10761
16388
3511
16198
7391
5654
14612
19075
1825
11390
9200
760
6726
16670
10521
10988
19087
12124
17752
15645
15320
18251
13848
8245
5131
17010
19077
15845
6958
17275
12879
1153
604
15930
12109
18360
9522
11992
15838
14030
9151
18555
17866
18103
8510
18899
12167
5970
14145
6372
2361
14176
227
1067
11025
9472
18463
5007
9525
14633
9471
10406
16192
19587
7085
18433
14432
6786
11845
2772
10014
5120
12939
902
13179
6133
15321
10865
19509
16310
9489
10775
17129
10951
6385
2626
11026
3358
17156
12949
19439
8822
1876
19828
5187
6572
18526
4844
5494
10618
5214
6785
18393
8974
1033
18931
16647
17350
15322
14892
7751
8330
18020
3176
7469
1413
17542
8513
13760
9953
11900
14071
11766
16767
13298
728
5372
6672
1876
5169
1586
10035
3584
15793
10803
9676
413
1622
14290
9820
1413
17463
1919
11043
9822
7629
14665
1391
13446
17855
9278
15263
6124
8489
4302
9336
8700
8743
6734
8835
7922
15715
12728
18754
11504
2809
13871
7213
15882
8772
18528
14734
9407
3111
16452
788
5890
11642
5218
440
18326
9870
2897
298
17272
18015
4507
9782
9302
6933
8702
9593
7230
8343
9900
5626
7153
15725
12018
9959
342
4624
11381
461
1674
11760
2744
2035
9845
17537
18842
7220
5017
9155
221
16151
4228
13997
9249
8333
4228
10774
18703
6726
14842
13791
9138
944
3015
15424
19263
7725
11171
8141
1749
3887
12940
3237
6879
9555
6619
5847
16823
8472
211
15538
3077
5018
819
3655
484
7663
16715
11229
18854
7229
5707
13361
8782
1847
11158
10887
155
8978
7253
1745
9412
11080
18025
17947
2622
10152
11832
12689
19963
18135
3464
7374
5357
9127
11818
16738
457
19442
8846
19486
838
3860
15220
19263
8996
16899
13315
17013
1513
13228
19410
16815
19590
12394
12547
12006
14457
11429
13552
1058
19596
7493
3805
108
1658
3730
9613
14321
2706
17290
17329
15183
5268
5981
5083
5087
7960
841
19345
4032
15182
14733
19580
12124
18687
6924
10176
3129
10611
1056
1222
9758
5484
1687
15509
14751
19472
5295
7840
19687
4484
17162
14969
12642
1939
8174
16034
8580
15054
17564
4964
441
7821
14090
3544
1738
9652
10559
16483
9097
2352
3755
8736
19897
14081
11841
16885
16220
13106
9169
2982
18651
13219
17670
15880
16140
104
14777
2254
15491
586
14896
12448
5783
7243
3159
6858
5039
8647
5977
6513
13321
15158
16219
6431
13479
11789
8149
10111
5111
10469
11630
14821
7486
17907
4307
19236
4000
12214
563
9123
4782
13456
16922
19658
588
4971
13960
3382
11614
4861
14606
15436
15822
18854
10692
16426
7805
9526
6698
13145
17572
8748
14105
5663
1125
89
9956
18513
16307
15106
1808
8869
2202
900
6222
1093
9805
2386
11985
18912
17323
19866
10385
3866
7532
18694
10938
11332
5613
15935
881
12678
13206
13771
18949
2073
1669
13399
8366
14673
2393
17360
12548
1463
13340
17802
1758
1045
17869
18756
8070
16459
9834
19171
8214
14238
10135
5530
16881
5488
4685
16491
13856
1867
18242
6632
231
8214
16336
9874
11204
4042
6405
323
4067
9759
16103
16455
10465
4063
897
4612
7259
3932
1679
3322
7025
16573
17346
15845
12573
11347
10352
16544
2890
8298
5915
4804
17011
1564
4796
7663
16186
15519
14540
31
13089
3519
14319
7645
16104
6694
17949
18774
14468
17111
9134
13092
16600
5306
3490
76
6482
13777
7594
12257
17444
10249
10230
8646
8798
11181
12284
1840
13509
15189
18466
17257
11442
10395
19944
3953
201
10190
1045
1663
8084
12191
2268
8678
17116
9017
15530
17139
9572
2350
1455
18194
7265
5068
15175
2511
2554
12942
17508
11098
10392
18511
2298
19397
4426
6745
16390
8967
11064
10843
6140
10499
8609
17402
811
13922
7987
414
10383
9948
5830
19661
2452
790
6102
2197
13665
6662
18492
12739
15528
11314
8647
15313
5769
17654
17948
17147
6814
12356
2983
338
1094
5253
9565
19594
4849
10910
13072
15566
2981
9038
11406
18579
5835
1427
18262
17386
3705
1901
12567
13935
4477
13914
16711
7775
5410
3489
19774
15654
3522
10858
9197
12790
10825
3786
9117
8020
13089
8636
2344
7852
16096
9739
2542
4580
6666
7148
533
9774
3459
1480
19777
16440
16309
3960
7276
19581
4763
2121
2242
13854
5992
7838
15707
16523
10519
15029
18422
2267
17840
2178
19118
14940
13619
12183
1307
3364
8868
14501
8968
9222
14355
10204
12269
18144
2342
13966
7753
8752
6118
8818
11933
12551
9059
4165
18055
17814
3205
3115
19738
6437
16624
2162
16438
14947
17234
12983
13642
2743
9965
17506
4675
19220
4988
14445
14606
6220
11875
6370
16210
828
7767
7906
11619
9316
16071
7777
17189
314
12678
9679
10462
180
18742
12978
15381
4675
19507
14191
14381
10624
7097
8743
17048
11934
19410
1246
12090
12671
11136
17399
10267
14915
8195
14426
16456
7771
2344
16344
1800
91
783
3334
4086
3277
11991
17636
3455
12579
14824
4066
953
18212
11548
19032
18845
4232
7979
4563
14339
8671
6129
2160
6745
779
4830
14881
2464
4750
12507
2124
2596
5533
7348
7315
2613
11668
6214
11374
13030
11908
15814
7828
12162
8359
8075
15769
7750
14900
15417
4369
2878
5038
395
17491
14400
1751
14332
8857
3839
9889
17330
8291
16557
9093
16232
9019
7665
19597
7959
16499
14465
6827
11264
13738
6587
11021
6392
12558
16262
1096
18608
1948
1280
689
13024
739
4707
4907
12848
18790
17017
12282
13507
14623
3256
11190
9568
18401
1277
18875
13726
16791
3841
7773
9515
9288
4314
9273
10297
6555
6065
15975
5254
7927
2011
11692
646
4291
4662
4363
3343
16973
8162
10491
10209
18310
12921
19732
17168
8394
3500
483
8911
15037
12572
3422
8891
17
4626
5137
11521
7108
8955
5558
9677
15815
3012
6402
16144
15225
2350
10076
17357
6225
14701
2346
11296
15067
19267
12484
8587
11481
1588
2345
12511
1067
13509
10960
9827
74
19606
10551
10404
1294
6970
4887
16537
17199
8527
10393
11218
17992
3582
5985
2077
12279
8400
3497
660
13473
7722
6121
7782
18163
12327
10513
18592
15492
8913
4857
10520
118
5724
18160
8598
1563
13407
8016
9120
692
1167
12051
6624
340
4826
6623
9012
15235
14365
13052
19697
7870
12067
4487
1237
8060
3130
6399
14344
15020
16691
16636
15086
6970
9430
17247
6700
13936
4000
15524
5524
1593
12954
17845
11790
13217
10039
13753
11749
152
650
13513
18604
8117
1057
4354
1387
11959
994
3766
298
2535
11328
7613
10776
4121
5210
16650
10264
19249
5456
17624
19305
2595
291
10147
1041
17554
2024
9714
1669
17530
7433
17650
5463
16970
4280
13215
5405
15560
16433
4603
16314
18616
17547
1825
1355
11288
15066
7539
13584
9411
1316
207
13684
7093
6973
18368
6619
1389
15682
12689
14376
19278
15855
11580
19976
17024
18941
19041
18334
16053
9884
6514
15148
16197
4072
19211
18459
12250
331
351
13607
7784
11535
12013
1833
16116
9374
18065
13730
11157
4152
5015
7041
920
18320
1131
1330
3517
6820
19372
11588
5791
14966
3455
5428
177
1196
19807
11131
7012
5857
14289
12433
13509
14917
7446
11676
17987
472
5242
5081
7790
12254
10602
934
12123
6560
1699
2601
6692
19455
612
385
17868
16789
1765
5863
13824
7370
8193
18752
3193
14768
13807
4674
17247
1627
17807
9600
19719
8896
5791
14740
6172
13641
10925
11080
4284
12115
455
11873
10841
2436
14766
16425
4320
3596
9545
6968
8374
5143
9078
18365
13630
6411
1179
16910
8280
15717
1691
15850
2084
7627
16612
9607
12099
11725
8356
5022
15486
8220
11100
16495
15744
9927
13677
12337
5278
6159
15663
7802
17527
9766
6657
13768
11319
10408
1594
12010
3733
565
7582
13422
3708
3243
19980
7623
15303
9724
11604
3034
12646
465
17446
1093
11133
16411
9766
10541
7115
10513
2363
9155
18792
5259
11462
9811
3399
9306
6096
3784
12923
14338
11964
10399
16022
3893
2300
7110
7276
844
12128
18385
18199
16965
7657
17913
11668
9492
3451
3633
4234
3847
18321
18214
1611
2331
16522
1170
466
10036
16225
16510
11116
6461
9498
12274
10996
13212
2584
18266
5975
2161
8204
8246
12214
11083
2728
12798
19529
10983
7890
17552
8096
15622
12468
2392
13157
7273
17360
11866
3293
4108
6384
1951
13710
2364
6139
3930
6907
8502
17892
4150
14634
6750
7261
4510
4454
14489
10217
12424
18464
18919
7694
9919
12592
11840
15689
9099
1850
5546
19420
11007
10284
1876
6146
5023
12772
1938
18788
14444
14190
17558
11332
5454
14506
3175
2902
19037
14572
15457
6798
14603
17213
16105
16852
18321
10303
4426
5044
2101
13134
9041
274
19285
16802
13793
9467
1427
10225
13556
10583
4252
17553
14223
9723
9366
891
9697
1403
8678
6027
13048
540
5244
13444
19584
3206
5659
19569
12120
12217
16393
13797
3442
10199
8047
19012
2215
9119
16621
9755
19925
1914
16894
16298
9079
9230
18691
11330
1119
2768
12974
4360
5586
3894
141
18137
18400
19563
9905
18921
12702
1787
6139
5028
17506
238
18306
9461
59
14514
9603
19940
5034
18832
18661
8186
11552
3489
1287
16961
6838
5722
11625
135
4067
17218
4372
9409
5118
10404
9287
5035
8624
15487
5599
7533
10548
4987
19489
11770
16366
7447
1543
19762
3878
13534
4582
7879
1632
3223
7064
2525
10585
5627
18282
3531
7167
15842
9348
3134
6445
3350
2576
5212
3970
873
14057
6341
3741
5571
4481
18006
17911
17587
5711
15336
14909
5894
19604
16213
18537
5654
19880
3994
14076
1626
6822
5368
3066
4027
12753
11381
14913
3526
13985
6208
12935
15165
10093
497
13264
12873
4534
6926
19465
19530
11182
17130
9988
13422
13412
11335
15344
15520
653
381
11540
2232
6641
13555
9096
8689
14383
6570
10607
1847
18701
8538
5173
15135
4448
1363
14434
12721
340
15845
17400
13248
2552
3003
7054
7802
19498
5154
8681
6586
19835
1288
724
155
15966
1248
14684
2023
7698
9794
3947
9742
9257
9710
15359
4050
3988
5009
9573
16735
14862
672
1015
4216
7906
19969
176
3372
16921
3530
14504
424
6628
4993
4913
9222
11362
10562
3884
3779
10798
1343
15688
9678
777
16705
15032
10203
3327
2253
1456
11608
11385
4034
1788
3415
15486
9887
1501
6794
9158
4482
2465
9197
9341
17802
13181
3229
8081
15166
12138
19719
16760
17158
1754
13883
8000
12791
14197
15198
14964
11981
4948
15807
13320
752
9401
14177
16866
15641
585
9591
16453
16494
7304
4783
7067
9353
2607
18661
3774
11255
18988
14328
14339
188
694
9817
13891
11699
10602
6399
19655
17395
11527
9176
176
13166
5700
13498
13281
5971
4681
7288
16201
5779
720
13904
12497
1888
7769
3105
5886
12817
16772
8761
8035
6723
4079
19372
8134
17210
6892
10210
13549
12965
15645
1031
17989
159
15
11142
1295
9713
3696
5071
7783
9044
3791
19349
531
2773
8559
3765
516
4338
15399
18448
8524
18721
9657
2809
4636
11727
13805
13162
15544
19717
4905
14673
18618
1575
527
3080
3392
10583
12467
994
19891
13462
10807
10977
17205
14634
19877
10853
1318
19675
2985
17823
7858
7320
6377
14787
14202
17687
6529
3708
7774
281
15615
6745
15396
3499
5240
1093
17896
18665
8645
10165
13249
7549
15550
10106
3467
1445
19633
10134
9045
9203
798
8363
15977
11406
16882
12303
16340
6069
14398
60
3602
516
15924
14084
5751
4463
18046
12929
6524
9611
18714
15658
420
11948
1686
1794
13865
3177
7684
10347
72
16892
8666
11864
12934
3845
6345
16608
2589
3150
7511
16973
5096
12649
16091
11508
15591
15222
8053
18624
19502
7969
5159
13127
13712
19368
19124
11454
13604
11801
19444
19784
14865
18234
17265
1609
540
18179
6881
12442
9802
17189
14688
341
4372
3246
8105
6415
16327
12164
14000
17509
3732
9039
3648
9295
11931
5364
15564
9362
16046
3163
1364
6802
13413
17298
12886
11492
15262
13930
17486
6657
10479
5119
18476
9782
10762
790
1617
9720
17995
4287
15589
310
3105
10265
15703
5223
9815
8148
8466
4898
477
17490
1081
2316
19800
967
5311
10315
4066
14944
6853
18873
9407
19168
5137
18229
3742
4580
10983
1716
15017
8392
6247
1109
3625
1283
18818
15217
920
17486
17626
6929
15588
4834
19446
13402
6429
17726
8158
14051
10684
15656
6169
14919
4655
13483
18849
1270
15205
2174
4160
5222
17363
15974
5513
8998
1632
14321
2997
1331
10355
1795
18296
1220
19703
8207
13567
13472
14697
11867
18825
8688
3070
261
4799
17966
9331
17988
81
19836
17618
4615
11631
8242
14109
13850
11104
8527
475
4200
4611
12688
10140
16922
2080
17503
4971
15420
10793
16259
11663
14945
1714
213
9277
15229
8778
9619
8638
4944
13589
7245
12345
13859
8264
15676
7933
5547
8705
7250
12044
1386
8576
11341
6183
9588
2021
10054
3570
1199
19239
13670
4932
5364
16462
2359
14638
2131
2063
12344
10533
2739
7874
7691
7502
15158
13312
6889
5765
4538
19678
4789
5001
1948
11489
13773
2471
632
14653
7932
10722
1643
11022
10157
17308
3449
13234
18778
12900
43
12481
99
7900
2384
617
11931
8805
1764
3339
15163
2025
8366
15564
7098
8805
10563
2137
6228
18641
6568
11514
11302
4302
6388
11089
15548
8587
9108
7472
19458
7603
1096
436
19223
7030
5835
6529
6176
17938
11761
6939
9241
12606
11785
17791
13189
4308
5825
10268
13926
15705
19176
2354
8488
15722
19342
18885
19800
17252
13224
16189
16851
5647
19120
8669
17785
5992
12426
1981
1696
18634
4513
8743
5924
16024
15375
4171
10716
15690
7803
31
2216
17042
10589
2263
19110
4714
6173
6428
18916
123
6234
19372
9072
15692
7910
18415
15884
2821
1582
1233
14237
15679
7480
9792
10178
12619
9541
18724
11297
10843
2358
2485
6205
6481
170
15902
14180
10786
17797
10989
11973
13798
16653
4563
19167
4159
1646
1086
884
11715
15677
5808
16732
7047
8058
4380
8182
14442
8558
12061
7417
12028
14996
1971
17737
10825
12180
13083
2405
16006
7786
7945
125
6743
12326
14789
17793
19706
3052
16479
18069
7284
2683
3568
10881
16245
15787
2447
11396
13322
7183
1324
14472
11456
17851
1548
15440
5008
6303
14018
15215
13387
2128
16359
14962
9539
13512
6965
18333
8019
15588
15557
4468
588
716
1059
17551
12381
5935
4779
10065
14079
140
6211
5330
13498
13485
16757
19415
14263
17070
13223
8931
13892
15740
6488
14248
4829
8568
13657
19062
16957
14330
4229
19988
17568
7922
10847
18764
8564
17098
135
15839
18620
2280
17272
8282
10880
6416
10337
1569
821
4261
2270
11080
15524
1200
146
1601
8250
19705
13411
17743
19180
4402
9938
16057
7492
17908
19542
5786
18956
12064
4212
13845
6262
9864
9341
11973
14789
4038
2564
6259
18556
6922
2010
18433
14561
6129
7464
13571
3534
18640
9992
4237
17972
14576
7489
3591
6636
16852
3517
16926
5115
16214
2440
5748
15616
11567
7367
4663
15326
16341
9715
13743
13921
9982
4593
19185
6159
2787
12847
5105
4940
14080
11133
19988
19593
16536
7557
16579
11851
11574
8840
16027
8148
2830
12727
9442
2832
2369
11723
468
15869
3135
16385
19355
14839
10983
12245
14045
14400
19018
986
11599
15753
1934
1460
17416
19648
19311
17266
14992
11254
19295
9963
6199
2986
16077
8372
15266
15991
14596
14267
1696
5080
5482
8771
13722
4116
15753
7612
19817
2665
8715
17598
5698
12217
12638
2370
6188
10699
18551
19805
16018
6560
13874
12506
2228
14836
4408
15667
15192
11148
11705
15660
19230
11874
13817
16140
13297
2569
8647
11800
11769
16959
3624
10094
19725
1775
12275
2427
10213
9184
2613
9625
4622
1726
2804
13033
2007
8547
11633
15049
13961
15585
13831
11537
3347
8974
5680
13392
19106
3981
8230
17630
1200
18741
2790
17566
15572
8512
9873
7411
11639
14642
15501
5051
17959
1348
4201
10219
14884
16652
13021
9769
7767
5419
11471
9120
9059
8498
3794
6404
403
7058
8329
3298
979
1663
3466
9891
2107
7488
5661
6301
14630
8117
7427
3638
14529
19013
212
7478
10655
9380
9057
10951
1256
1245
120
1740
10130
9762
1861
18331
8424
17325
6421
8536
11686
4977
470
12368
3687
18978
3867
559
10614
2878
2236
3998
4352
8118
13945
3452
12907
17789
2335
11800
4768
12
1156
4745
12899
6416
10828
16938
14915
7921
15501
3892
15725
14495
3376
17722
12411
2555
814
16763
1546
5375
12442
8616
11305
875
13630
10195
5709
15373
12253
14671
4481
1292
3671
12842
6203
2162
14635
4772
2666
6675
1526
18858
19340
13054
7674
3636
15259
9183
1339
9591
2887
2862
16546
13127
9183
2488
18660
15693
8169
14535
16349
10945
14577
721
19862
2596
12862
18490
902
10237
4448
7495
692
17710
710
3936
5530
4946
4972
11393
17797
4629
15409
10430
5977
16592
6150
15280
3697
15839
707
1535
9445
13633
7828
3246
4996
1772
912
11006
1217
7050
13962
6272
4042
6900
7840
3675
14162
18665
12977
7830
6321
17066
7660
2946
14049
10934
4931
5415
4649
14397
2718
9962
5911
17508
15372
16248
16358
18292
1813
19665
831
10942
3306
13811
11100
2863
9822
6178
5576
12588
4302
5873
386
15499
3611
17232
11040
4077
5849
6611
15407
7003
11008
19962
6905
15484
6815
4354
4064
19825
4880
11111
8902
17454
1638
18676
3535
2325
8708
14345
4990
5104
12775
14984
16093
18090
11907
6428
3160
4138
9132
15750
8360
16685
6091
14117
10733
2528
6800
9537
19093
11095
5862
11413
12729
18861
2114
10838
18663
13016
10293
4772
3194
8584
5377
10829
14757
6556
296
11896
2927
6368
7488
16308
11063
13543
10083
10014
13721
12289
11779
16553
16713
3578
17147
9005
5116
18415
17312
9582
12167
5005
17270
1832
13951
14664
1471
2964
13567
5205
18830
26
9095
1156
12538
2739
19393
4061
14350
7705
17728
6550
8925
14605
6305
19406
14131
8037
12212
201
19302
6928
11603
18921
8587
8487
5456
7013
19429
9522
8142
19688
19321
18452
3270
17481
14909
10901
12394
931
13198
15626
4645
2928
9569
15170
18337
18471
4849
19215
5411
7246
4535
8015
2641
9246
15768
951
2259
19506
18008
13691
6807
683
18028
13404
10670
11076
11149
2158
10773
4396
5577
7749
19310
4581
13971
18876
19628
14328
10362
4705
15502
15123
5272
6880
11618
15457
3553
14667
12043
16356
14299
12739
285
3761
5420
15653
6757
6279
6063
4468
2630
5870
10113
15550
12094
18984
12504
302
14823
13303
10290
526
5337
12043
13003
10263
9900
2693
7497
8727
1116
12366
3730
1405
3237
10541
4829
5827
15182
4361
1734
5241
12834
6715
11674
7690
15449
5870
7090
18189
3317
11446
9917
171
15816
14443
10294
11271
18195
14048
17781
3375
7594
11364
11105
17022
16627
9557
19811
907
7949
1883
14934
12145
10444
12008
8698
17084
12707
3562
12839
1805
15355
12939
14335
6794
17567
10949
3676
133
19962
17797
5385
15943
8568
3003
10989
9945
14634
4059
3234
3855
9733
8243
19203
12978
12618
17705
10147
6632
2847
17041
1691
11777
10620
4456
9563
8385
3235
1712
15906
10341
14790
2472
3529
13524
5100
10438
6425
19235
10638
6580
4125
17957
2524
4325
2610
7118
6557
12786
7706
17058
8339
2646
2608
17086
5181
5570
18006
15970
12758
7997
19275
18234
8027
12540
664
11368
2953
3674
7945
15536
5860
7860
14361
17120
19829
18308
17606
3225
4171
14679
8675
2206
2466
10861
5676
8280
1057
7821
17236
6691
4669
8099
17339
12441
507
11799
12252
9785
12915
2026
18082
7444
8016
12527
7834
6292
17684
836
15491
8648
9496
1676
7618
1168
1744
14795
6258
10626
16589
4413
409
4503
18621
10675
16758
18646
14541
14667
567
5946
12526
16587
14407
18594
12629
16313
12035
6901
13341
13818
7565
3183
16935
7557
18714
19757
19585
11331
2247
7953
12389
1286
16361
210
11096
10883
11329
5156
10803
19789
11405
11359
7134
11119
7260
2830
18008
2854
19418
10647
17107
3865
5481
11842
11325
11446
6993
19495
4921
4330
15022
17241
12556
9628
9447
12777
13427
14758
12351
10968
8785
2353
11524
6140
16135
15661
6693
4686
2876
16490
16705
7374
19164
11253
15450
14676
9757
11762
1897
17972
9500
11443
17963
12269
1478
16242
10136
13614
10163
8273
5780
16517
16396
5195
12158
15302
9485
11126
13415
8756
19430
7480
1149
8591
2235
9059
2725
2906
14284
11631
11622
14823
142
12850
15970
12482
3192
9950
10624
10391
17850
3703
13956
13280
6760
12143
11393
7247
12916
3105
9765
10869
18233
4038
5682
1421
18420
8631
9804
12103
2861
17567
7214
10836
4948
14684
14423
8075
7142
7475
7683
4631
15246
3373
16692
3357
392
2033
18959
7117
18017
6655
12803
8964
19354
13126
9251
18203
11755
4291
1269
14385
11045
13272
14467
5520
13776
17892
911
1374
14867
19140
19588
16130
15697
2598
6247
3312
2000
12261
18124
4915
19254
294
14853
15766
17228
13614
1461
1936
8580
4510
11523
2249
983
1164
17482
13197
3495
3679
1805
2540
7427
10406
4744
19404
18121
8118
12354
17996
8069
1119
11774
18613
17624
9097
13328
351
11764
14544
1453
11133
1059
5817
17275
9542
6824
912
17447
19329
4669
736
15382
10636
13883
4974
12755
16009
7577
6674
17607
518
10827
6962
3815
8391
11243
11581
4359
15026
3989
16577
2028
18519
3789
15082
11168
18650
18107
19352
4702
4543
11382
7163
12364
18192
15103
5614
2473
653
8900
5421
1148
9361
2181
13460
10188
317
12563
6645
11246
9348
18068
7733
2617
11155
18148
3589
18262
4826
8757
19160
16978
8890
3319
3365
18549
8301
19314
14683
18029
17773
18992
18843
10692
4482
12152
15319
1553
15756
3477
16998
2122
393
5973
2304
18295
13315
11629
9468
17313
10393
2298
18916
105
7337
3682
17745
4853
9815
9593
10601
4549
4732
12287
13041
12164
5965
18215
4561
1114
13863
9747
18051
18782
11924
18523
1238
19529
16349
10316
13829
10437
5132
18893
13808
2053
5597
13020
5268
12142
16001
6615
16716
1843
10766
12055
16387
254
9766
9143
2804
1290
14401
2386
14240
18382
6170
19082
10411
4340
9524
8101
14164
15687
199
18738
5839
18635
5323
8074
4225
7142
15775
19697
9783
1436
13495
11227
5796
1176
6144
1515
14101
1062
13520
7543
15410
2655
19087
10919
9299
6587
19484
14589
9820
17066
926
1742
1975
3358
16936
5454
5869
5824
17575
11338
18944
5219
7659
943
1256
1878
7888
7208
5544
7570
5384
14148
15084
18227
11878
7222
12130
14916
12713
7030
11921
19347
15044
1797
3674
10820
9094
14126
11306
2465
11211
15463
17146
142
9534
17687
12195
5786
17449
17073
19361
5682
16763
13727
12451
18928
15060
16538
8619
4177
13776
4469
5352
16677
8846
2746
9646
13311
7579
18124
17743
11595
15072
16459
6712
14527
8037
18134
4938
15274
11296
13835
16436
4522
18430
16202
5418
13786
10541
3704
13412
2920
17507
7807
724
18692
4175
12594
4709
20
14458
6189
15501
2916
8601
18267
18992
6779
7986
12594
2001
5929
3177
1178
7668
6557
16678
6923
18197
13363
13668
17011
639
15242
9688
16662
10986
5012
1596
10352
16340
16870
2199
19062
5339
12751
2827
10619
10164
6662
16411
17102
13291
18492
8119
18401
2167
19056
3526
12388
16313
5441
462
14512
7185
11422
14370
10271
9085
761
17097
16536
4623
6939
15239
16266
8426
1169
16298
3566
185
12611
19123
14926
15628
4485
10879
11268
19760
17159
1650
9083
14377
5383
223
2098
6478
11015
15221
17887
8386
4248
1321
19952
19882
7989
4732
2444
5552
18349
19754
9976
18707
16088
18574
5910
5929
5738
2421
13832
210
9446
574
8178
11290
8554
746
17886
5578
11208
19877
2392
9547
4724
6929
19065
11833
19641
3468
11426
3712
2151
926
1854
16022
11143
7393
1578
11765
9615
8012
13873
14994
5936
2302
5231
7263
19308
11492
15671
12793
14822
14535
2480
12047
15826
14837
17786
13840
2251
10314
2414
19087
19395
16186
10980
4630
12789
5086
9838
17476
3414
14425
10946
10373
17642
12678
9397
8268
3795
8544
3874
10351
12741
12621
18857
4863
13813
19400
17717
18563
7183
7658
10390
9296
12934
5972
14189
11239
7878
12187
3686
16715
4485
14032
3583
16541
11384
7595
13991
3254
4739
4819
10722
3136
15048
2765
6441
9105
9601
8959
12110
1413
11496
2720
19581
152
8787
4350
17694
6685
11133
11211
15862
4189
11519
13540
14637
911
6974
19519
11979
14192
3806
3697
1276
6944
117
12602
8691
14265
12762
14382
17930
6476
507
3872
12775
1690
10830
14124
11322
17227
17343
8706
10210
6543
9545
5162
11056
175
7904
4408
7396
9839
426
18158
17171
1986
1710
6472
16042
11946
16740
5672
6220
16458
14636
6238
9367
586
15675
14324
7333
15527
18704
13172
18991
3380
3397
406
1931
5553
10753
1513
4406
12326
19946
13213
11724
16732
13912
8011
6612
10520
8740
3874
17753
5109
16959
6767
1011
1853
5919
14984
16453
9347
14676
3253
11487
16480
17721
8315
7331
3177
806
2758
3236
11113
11075
8307
5995
7936
12182
11223
18164
7128
4349
17392
15093
15551
3160
6822
8574
6790
19933
4444
13883
15477
10639
18969
17623
16456
8968
16206
14459
16842
13683
15012
10100
4237
14423
14083
3859
1956
16014
9153
15181
4381
6964
4549
16419
17437
4890
7895
9660
3993
18265
5574
13486
4079
1764
10517
8283
13952
13111
387
8248
16714
15884
2741
15753
12453
3980
19938
15208
1306
16770
14684
10725
18875
1003
7734
16583
15427
8362
2134
7313
5675
19288
984
10048
19078
280
1052
7120
11930
7113
4781
1981
1340
14996
18287
6279
4326
6981
6884
9231
19799
12535
4347
17983
14407
15336
13910
15462
133
4460
15863
7393
15152
509
3526
18901
14510
17007
19745
13528
2508
6114
11297
4239
5619
3409
1445
13458
19619
18471
16605
17580
13743
8145
8852
18495
16180
11438
12123
15300
4983
14084
18990
6448
19771
11020
15782
12690
5147
15341
19770
18872
13930
8966
12818
3986
5732
13445
1258
11822
19985
16149
16768
194
16438
13172
19322
3593
5943
2
2775
12644
18253
5013
5520
18946
3936
11370
7530
17242
257
8694
15611
12245
16679
1242
10518
15625
11780
11413
9013
7999
8898
18963
9826
3030
1312
5091
2146
1697
16355
14855
13086
19275
6427
7652
14415
539
18643
11865
13158
4722
17044
19437
3414
17457
19735
8481
17439
16792
6565
6852
4247
18761
2541
11397
16182
18443
19296
17699
9406
16939
11821
19105
11493
6780
7316
14997
19937
8927
1929
11007
1519
18462
2888
8471
11744
16050
15023
14079
11937
11524
10204
11512
15621
1104
11683
15280
19089
15462
10380
5528
10756
938
12072
4948
2816
12956
14510
14316
313
11570
15830
6944
14905
7905
18896
10072
6190
14234
4706
3896
15505
18864
14525
2579
7636
7512
16411
16215
14855
11082
5623
11750
6278
17796
16808
16517
16963
17134
7931
8333
16011
16536
1549
1758
11416
7935
19554
1011
18835
4910
5860
13617
451
12385
17884
4826
14775
6085
902
15774
4651
7804
7124
10321
794
9405
13090
8279
16513
4759
17617
4603
15404
13717
11138
11487
14431
4669
10160
238
17251
8211
3402
2829
203
14203
9644
17008
7041
188
1050
3850
17170
17471
9273
18780
17395
17623
7433
10126
8783
4538
11586
5339
6382
6605
4681
12614
11139
9279
9296
6603
16338
8876
2152
17393
2172
1665
4387
6107
17512
9439
17546
7581
11120
11608
5240
3532
12293
19607
9713
17070
416
16476
15299
19761
19015
12549
9399
8888
16280
16392
9204
1743
11572
12284
12689
3807
5003
10424
16468
15133
1152
4819
10987
16797
15736
19691
5702
12133
3621
3521
16367
18332
14569
7201
2504
19041
6858
4383
16960
12727
3057
8893
13905
19934
2398
18953
9049
6589
5675
2883
9842
5947
12123
19580
18800
7918
5727
4858
13623
1706
14117
11993
1751
219
16158
19820
2949
13518
4842
7968
15543
6953
8451
14337
2395
6875
17026
14165
12916
10350
177
327
1075
6457
17774
19679
8654
13426
10585
9452
2335
7073
18715
5955
19612
11919
12403
7297
17966
16157
18398
2860
10928
4881
5697
4248
16998
16268
3734
3366
16951
8407
8497
9479
4649
2139
7470
8382
984
17103
14681
5155
14962
8652
2490
16227
7442
5213
17787
5893
12919
6642
12919
15240
13280
17780
18336
14216
14918
851
18029
13503
10966
8922
2239
18152
8073
17220
14446
12030
9890
12936
916
16739
16324
3728
1494
8190
17165
13320
7019
6715
13875
6993
7178
6678
16602
19061
1556
1202
10351
6645
7387
12964
10883
286
7502
16397
16455
186
1698
10916
9505
8034
1374
19345
2537
17489
5027
12438
10594
5556
14294
10857
6552
12414
17900
6108
12946
4888
15921
18141
8980
7061
15380
4632
10549
19428
12274
2971
14039
15423
8062
18738
2248
3808
6122
2193
19444
15538
18901
1232
19333
6661
2321
6416
17720
4604
12047
8572
2941
18689
2986
7627
203
3993
3372
8481
9021
15857
7201
6357
13581
13655
5622
14222
9036
1030
11853
9478
13339
9017
13793
14448
11337
13568
10352
5334
18889
18416
10153
15291
12014
15861
595
9120
9158
4995
6200
19170
17073
18506
16269
5824
17149
12168
8255
16026
1376
12344
10299
7573
10384
1192
14585
16987
12866
4264
8454
3999
10557
7454
11949
510
11994
6839
10882
14433
15419
18392
12715
11295
12005
9234
1003
19615
17467
13812
555
7932
17176
9595
11207
15073
6697
2884
3859
14611
15076
4097
3368
5550
5225
2890
14927
5191
17460
4011
17129
14833
9724
10012
3833
12348
11531
17390
7150
16823
3386
4864
8848
7318
14793
18481
15910
8079
16056
16784
6498
3134
7204
400
3434
14888
14497
5815
2372
15612
3953
17942
2397
18325
2910
17714
15574
5213
14234
19137
15947
9228
18736
15440
1633
18510
3622
6273
18156
13730
6514
1426
19130
3326
14134
18328
4159
15504
5881
1995
18910
8800
804
19194
657
11249
5461
384
5014
18374
19075
12430
14102
4929
14351
13096
8466
7526
100
16972
8364
15583
171
9580
13647
9049
4333
14077
156
779
12869
8136
11891
17462
11361
414
11450
19112
6677
10120
19341
12827
540
13116
10242
16410
17005
10059
1111
16292
7542
2936
8667
10633
10775
4419
1782
12177
18525
2019
6773
5340
3641
15283
11222
16228
16893
11299
3532
9982
11634
15247
15247
5888
17433
8428
1028
17820
18940
16351
18405
7307
15984
5960
556
69
970
6459
10113
11564
3195
19215
797
9000
19529
9135
4091
205
13291
15599
1914
11577
5056
1112
14001
2649
4589
8100
9008
18443
15121
2758
17166
6014
11271
16576
12373
11798
4664
18392
16262
6092
14010
3844
14633
4402
12104
194
854
17556
2527
19236
13081
18330
14867
19817
1446
554
5420
7335
14041
7146
19328
19012
6824
6339
4142
932
17511
7393
5268
2333
8088
15415
9486
1958
237
6431
4492
7182
4987
10623
18542
2217
19005
19207
18879
6916
162
12695
9259
16442
10804
18558
4317
14399
2662
19325
15866
6009
5305
15529
2836
7791
16907
2896
9164
4506
4892
14259
16839
10296
14078
9425
17067
19903
12985
1156
14935
1518
8185
4100
11421
2463
1749
15626
6236
13561
12092
12240
222
19586
9917
11603
9770
13938
13715
19066
9191
1731
5803
11633
17775
6916
17716
15470
19883
780
7938
18708
12305
651
15423
12278
12406
4636
16143
1203
4049
279
1182
5375
5678
3140
840
9251
15308
15178
12004
16347
6196
11493
16398
3453
1910
661
15472
12409
1121
18995
15564
2748
10175
671
8520
15215
16427
14548
8215
11420
19568
9149
16096
4720
17567
8546
15181
14524
16940
11962
6547
2390
18438
8612
17112
12348
497
209
17190
10776
15426
8920
16202
2847
13750
12941
16937
12820
5295
2956
6785
10922
10732
19695
10327
12326
3972
9599
610
8194
15071
8680
14994
13870
785
15429
12222
16946
7316
13338
3498
15790
9793
19904
4977
3234
17450
10202
9365
4873
7991
11303
9536
13408
9019
3921
12117
7141
3634
2754
16440
3547
12730
9366
17207
14313
9674
17035
18580
4866
8659
8852
13904
11135
17394
3982
8629
5032
11247
19914
7712
531
14774
11529
14185
11331
13871
7238
17808
18001
1084
4428
19974
5000
7695
488
15765
12362
5541
13946
5805
19984
6530
13733
11596
16751
7786
18246
18633
14966
3033
13697
4126
11764
17793
19894
17807
86
11134
6355
12667
8974
9207
14019
10846
335
9683
740
6784
15029
10644
14166
6494
13474
7957
12752
3123
17058
13564
2060
16898
14800
11548
16578
19235
19985
10827
17203
616
18526
3098
15132
2922
13216
11862
18890
11701
10228
8057
10604
19212
19502
15310
17156
1659
3833
224
19672
14647
8732
13533
8933
4916
19001
17100
8691
1667
17679
2824
2915
1285
3967
4440
12932
11889
939
15693
3174
1342
2202
19191
10694
2670
5465
8740
17191
16055
11515
19382
9026
19566
17025
17728
9588
82
11509
11901
19350
12307
14032
12333
15914
7677
16348
588
19057
8933
16019
12945
11385
13262
12838
11648
7156
120
18682
17996
13220
10631
17004
2925
12306
9995
15285
3417
9693
2769
8713
6434
11952
11717
2874
3021
19852
15586
11353
19274
4133
13464
11996
2517
8553
8537
8987
3719
442
12608
5909
19097
8925
13918
6319
6679
16491
17602
11260
2141
11493
15973
5305
15441
6660
10543
9199
7388
15150
17353
11739
17222
18661
4608
7786
11085
5977
10450
17118
16898
2910
3545
8494
12512
12120
8785
10921
2217
6995
11272
14715
14079
17391
13953
4456
14396
17432
19300
17877
4271
12179
14854
9510
16500
16629
11184
9954
16238
3630
2542
4498
14531
18018
9527
5417
7124
6104
1652
11262
12952
3884
14927
6420
9812
10143
8858
16282
8441
10606
13976
8366
17242
16256
2348
2653
15880
7096
18428
9286
9547
3595
4737
3100
16415
2827
8814
16778
17770
9410
3547
272
12630
635
3949
4812
1167
16889
15395
15348
17210
6891
17375
9728
12335
17591
19248
6373
19157
11923
9496
283
14361
14612
18430
10624
18443
6685
115
2261
7477
7641
17273
1446
4408
10755
18228
3079
12292
7906
13617
15386
8468
10323
18030
10702
11140
9534
19909
7937
13073
9579
7352
7653
11
2381
7770
1665
15609
18748
13496
46
10697
9921
5347
3202
14898
18826
13690
14858
16168
15549
9624
3055
3995
7913
3095
11963
19565
568
11584
17781
7598
3201
11441
1257
7094
16251
13545
16003
15486
16971
659
6105
12059
12030
15116
7720
3384
15634
19634
17655
7566
13454
1676
9048
16163
3571
16112
15213
8445
18506
5749
18951
7713
284
3798
17929
12685
12608
3262
9611
9518
2415
6518
13946
6110
9684
17353
3485
18845
12320
9137
10291
5227
3098
17056
5400
11232
2707
15916
19975
6056
15606
13943
5368
14719
3902
10074
11882
17572
13027
4782
13852
317
5964
9207
5686
3527
14728
16494
15941
2967
15096
16905
8067
14130
6148
6921
148
17926
12878
5951
9804
18947
18595
4283
9391
13626
10029
15283
11857
848
613
17901
2812
14078
230
8554
7215
1961
7005
16238
7139
10009
605
13968
6537
504
11472
17434
3727
2728
9703
15677
8226
11841
17842
15189
16430
19271
43
10932
17920
5444
11372
7726
1516
7111
9409
4993
106
12408
12792
13150
8219
18198
8341
760
8426
12464
16866
2536
16238
19516
708
4955
16652
10455
15912
9785
16025
17434
8508
13234
10301
14677
14587
14118
14994
1130
7968
6833
13964
19273
4316
14674
9939
10692
17346
4215
2795
7982
7455
5703
19285
4149
19719
11595
2030
12568
8106
18458
117
13862
16966
3519
17994
17974
6326
8457
16466
10909
13640
4303
1047
8783
4077
7038
9548
17109
14441
4192
1934
17415
6922
16043
5030
14214
19317
7299
1196
3640
7771
18444
10341
1953
2987
10801
1165
315
13986
15530
9071
2450
18301
6542
9456
5567
4719
2037
17740
6526
1326
7559
17689
782
12583
679
6056
10212
13842
2166
1994
812
1728
12389
3598
94
17136
16411
6024
19097
17346
862
10382
19870
4099
18082
2236
17580
4647
11947
16279
8211
500
15265
1038
12311
10714
13359
8093
3651
13153
4888
4876
14151
3292
14999
13812
9552
2361
4432
9985
931
11738
17881
3154
8342
2877
159
5981
7434
4727
16022
15824
3944
9120
9760
19347
17847
17480
11929
10729
15640
8712
573
13974
12638
11762
2199
1018
12845
17770
5159
4570
15054
430
14862
17920
7500
2737
15033
7129
1134
4261
11464
6332
7953
11670
2714
5803
10465
116
17559
9105
6037
19593
11673
5004
1988
13033
2968
420
16423
1190
11633
16025
4909
10883
18194
18299
15381
1537
9732
12338
15915
16277
14229
7390
11266
570
12130
8409
13546
9123
1086
11001
5934
3529
14529
6290
10734
5026
19087
13239
2772
17747
1923
1793
16212
18460
6360
5320
12133
113
4693
16558
18198
7498
18771
7739
6383
13840
3404
4003
3813
8951
9217
14788
569
18699
8199
2028
974
16835
9456
19287
12358
11123
5298
4693
8728
14013
2006
8106
8591
807
8991
4239
4418
19528
2196
6487
8939
11515
7084
18988
12775
3350
17845
4663
10153
5269
6209
14206
91
16335
7726
13223
530
17066
8848
13915
9932
17035
9181
2758
9225
12869
18709
1883
19139
3763
7372
17973
1836
12769
16918
16855
9891
8259
17934
14037
17490
2953
9634
4876
4422
11627
17214
17132
5900
17694
595
1814
6981
10921
10692
10176
70
19537
5549
11029
6862
10223
19505
16569
14212
15556
11902
12554
6029
15715
14047
6083
4455
4812
3102
4378
14725
17177
8308
297
8392
16401
2222
16714
4214
11099
3197
7611
9017
8460
6683
16224
10423
8353
7189
5128
3017
14952
9433
2696
5946
12601
861
18916
11614
16130
17545
18156
16428
12031
3971
8131
5946
17097
18293
4218
9779
17029
8765
8347
14872
16381
10385
15202
12016
16204
11404
10661
18605
9555
11642
15317
2685
14057
12316
2525
12105
14927
6936
19398
9774
15424
15040
61
885
2152
14973
748
6033
15308
18904
13093
5109
6343
4676
382
815
19829
18988
16373
5509
3047
10133
885
12202
8087
1455
1969
3261
19446
13405
5805
6655
12705
7262
18332
17775
9394
6296
15843
10947
17459
18433
13277
16869
15501
16329
13656
3336
11998
18631
19036
14533
4521
3774
12044
16950
232
203
16101
8847
9980
4590
13123
19092
13125
1779
483
1754
14989
4412
17379
3166
18014
3852
6054
12188
884
5587
3187
270
8301
1361
15549
10145
11389
15017
958
629
14974
11716
13500
13617
17669
1246
14573
16160
19824
7345
13559
13772
4411
15612
7440
7253
7282
5071
4740
12814
4928
16662
2677
4309
4453
16255
7549
5421
7399
4682
3503
15674
13568
7949
16507
12024
9397
11553
9744
18231
17094
11404
4571
17367
9441
3851
10286
17053
15217
7164
8380
3727
6132
16774
16417
17138
14635
3333
11551
3229
5002
10678
8355
10841
19407
14523
2597
11127
19791
6635
4910
13998
13484
1145
16596
18576
5827
5600
19905
15721
2817
13608
1202
16371
7734
5431
15611
120
9154
5335
16200
3205
4715
14367
11166
4358
9009
15265
19263
9540
19193
2768
11884
9401
5829
5164
13702
17388
9796
3116
16141
17389
2726
486
3913
2350
15144
19549
6151
4283
9614
5864
5051
9432
13294
5339
19044
11638
3241
7701
16237
1394
10613
1157
9103
1226
15477
10649
11508
12445
11594
7172
5814
16446
14658
19467
2182
4947
9519
1517
2249
2928
3283
9933
6589
2156
13495
1117
12825
13149
15099
1865
11218
5397
6312
14397
3257
11672
3681
15635
14818
17176
13271
9149
19712
11279
8283
2571
12492
17592
15631
14042
5861
18123
9558
7225
18705
19251
10890
19865
1537
11438
1260
11825
16594
11744
533
6859
14800
9332
11755
431
4405
3760
7152
11625
10927
9972
13493
19481
12352
18255
2219
12536
8447
19006
11162
14242
15004
19970
15786
13444
9120
19133
3007
19714
19666
3177
9282
3653
9526
11284
7833
10592
16529
14875
16793
13886
12712
5186
12850
170
16933
18094
14761
16859
411
17503
10019
6329
11105
18318
13148
6160
18874
14334
1880
5168
214
10242
4369
7966
8625
15115
7439
6108
9593
3276
4021
19439
12141
44
4952
1010
14784
2375
18955
727
10045
6786
11637
10485
16293
17065
452
1171
979
16039
17275
1743
17921
6112
1671
6987
10084
12046
9711
2388
14481
4695
3882
16689
14371
4967
906
14437
2549
5647
12982
7776
6505
11738
12277
744
10699
13032
2470
18111
10576
14249
9837
626
17144
17495
9320
798
1522
2832
11103
19103
8511
11151
7546
3510
6222
16454
6316
5622
18759
17434
5069
17867
1475
7579
3686
8807
13240
19487
10469
14602
10675
11066
3025
12270
10718
6043
6327
7149
7905
18278
7426
9999
9284
3113
7722
8499
12115
1406
19907
18233
13114
2044
6998
16522
3919
6842
6156
4677
6032
3458
7399
4519
7393
7277
19659
6134
17336
2080
10201
3658
1492
11715
18909
13273
17703
16666
8253
10717
7700
14210
17778
1796
5651
14441
7507
5555
11634
16394
19148
3352
5910
36
6542
3787
1087
1815
3936
6591
12553
18010
9715
16843
5038
17851
5363
15632
8169
340
14457
3399
9366
13958
8765
13417
5046
15765
18121
7641
1422
19040
14697
10577
5134
5371
18046
7400
18735
7659
14642
10589
11606
12285
8294
15875
13461
7235
6120
15145
4177
16140
9536
5221
3198
12671
10024
10428
16806
10196
13212
1136
8776
7183
12039
14791
13789
12058
1629
10452
13174
16829
14919
10532
14914
9277
10809
18567
10636
10734
13856
12248
1216
17398
791
19179
2638
7168
15480
2675
14247
10650
15311
7213
9829
17291
11498
1644
2183
4980
17965
14849
57
9250
387
18919
10802
7949
10159
14921
8311
5041
3999
8721
6013
9062
19074
6317
1963
7486
6384
10303
10302
7706
16552
12514
14567
5481
13111
2005
16015
12382
17332
5445
17882
8813
3817
9147
11849
15619
4427
11838
7322
8319
3434
5639
19306
6704
8164
12480
3866
5292
11092
1335
13871
16298
3465
15077
7859
18620
14513
6197
474
8205
6804
10227
3999
3315
7356
19827
6700
6737
10194
4571
1048
2156
18564
14830
16843
10536
3746
854
10141
7902
14121
1773
3357
2108
8727
7656
18094
11833
2748
13601
11691
7891
9297
11551
6378
7943
9411
13508
3615
5004
19240
14867
19287
141
9842
3772
8517
7329
4065
17541
17434
17833
1842
12918
13933
9381
4629
2433
13498
7059
5213
4717
9958
4517
19409
8734
9601
7230
831
2562
11236
14153
14928
13850
10714
2741
12951
19523
6523
18289
10178
19264
10548
14176
2867
12166
9154
15609
7017
16771
4444
1662
18295
17772
12881
2039
12726
15458
14727
16907
12246
288
2178
4762
13871
9956
4005
9625
13751
18807
17203
11050
8844
14107
8110
3288
15888
8176
4545
460
13653
7651
11545
7151
5966
15091
4877
7101
12197
1121
17023
18690
7051
12019
8283
7988
14570
8773
3900
14764
15286
2542
14606
3298
10530
17098
18638
5764
5038
3177
15533
3346
16830
18099
14195
7001
8774
17526
4865
10539
2306
14286
6767
11448
12706
9551
2228
16139
18499
1586
7683
17090
9496
154
12210
1195
17095
13410
12471
10968
19056
7877
6411
2527
8392
1225
1392
13777
11972
16072
6639
5813
9489
6557
13177
4352
15936
1928
112
17458
3710
7709
3902
13936
8290
7535
7427
13210
1216
7349
7756
13257
3386
3511
14590
13799
1014
9207
13811
14410
9451
4126
11899
9710
1301
11138
18851
11822
1768
9681
6611
6943
5473
9052
18801
8266
17431
14659
484
15107
15345
15193
3251
4810
7025
18260
12235
14238
14478
5171
17343
185
6815
3404
10570
12812
18995
7345
6384
10455
12702
7998
13826
2181
9294
11298
3233
13154
11676
1416
17050
17498
12413
12993
8815
6640
11352
18095
19542
14711
3730
18256
2362
19473
5669
6853
15647
6689
19791
19806
17252
10575
17255
11589
15521
11575
18282
19075
7152
17358
1779
12306
19816
10227
17962
15521
835
3374
2899
11997
2690
12040
4647
12514
9031
4230
16224
15102
8863
15459
5389
9022
8419
13288
2277
8472
13171
5835
16665
12340
18243
6370
19106
4631
5586
5410
12122
2893
885
14456
678
9842
19795
17091
17937
6174
11049
1132
12884
11915
2766
2308
16400
2148
12016
9464
7358
6411
4701
14547
18462
7559
19198
13617
15757
4713
5918
2971
13970
3737
12008
7235
7574
1826
16942
6174
18035
19446
1798
10937
18149
9407
6319
2009
11262
5956
14641
9747
17462
6388
14082
612
8543
3889
14405
16207
9590
3164
5966
9297
15733
7930
10944
6594
8998
8800
5047
2955
16498
7040
8097
19774
16792
8623
17862
10422
14713
1906
14313
12716
5071
16005
1863
15987
12734
14023
9885
4465
12067
7110
15942
2042
12073
17634
10689
19050
10074
12385
4913
7327
17682
2990
15294
13265
18352
13647
7000
1743
19814
1506
5980
7863
12335
15474
9264
19058
5600
1916
17224
17898
855
7928
19019
4392
19216
15207
13583
6222
12919
1272
5824
3854
16087
13846
96
17029
11665
4594
16553
9912
14120
16616
19406
7529
6233
19760
1311
13334
7273
17892
12523
5774
15382
18665
15488
1841
7407
7644
9326
18179
14208
2970
10569
13516
8005
11340
11085
12847
5951
13197
9916
8837
15749
857
5475
8245
10354
6131
7323
11283
14428
16979
17579
5074
6213
14123
1482
17607
1322
469
10690
7100
13785
11611
6704
1389
2815
18946
18728
4738
2175
17395
12950
7593
11711
2311
415
13744
5789
10575
3942
8668
3838
7454
1482
10345
7367
9939
7596
3135
8389
2886
17807
9869
1670
4846
16952
16804
17770
19693
4021
6227
3540
281
3034
9850
8027
18408
11142
77
19710
4087
6468
13095
17364
13303
4462
13640
7872
2325
1259
9133
483
13188
9337
7339
8940
7752
17734
3911
3370
7042
16632
17525
5443
6163
1837
8395
3997
5487
3932
18880
6713
12544
17338
8583
10463
8916
2137
3650
15445
17732
12523
8165
3529
11777
11268
10761
7822
18525
13053
17417
19395
15123
8021
18364
4558
17461
18898
1999
8936
17968
7045
734
5010
5374
2764
3279
5798
392
10257
16684
10216
3317
14543
12123
4251
9043
8820
17595
2960
4833
18530
14269
10713
1110
8656
3581
7387
3186
13390
7387
16034
448
198
18682
16334
6052
1245
9685
12107
13542
2552
5081
5183
8955
9372
1379
11869
9901
5293
3542
1078
18311
664
12281
19151
5182
18317
5163
14285
19199
15876
18948
13133
11025
19873
19017
6224
11399
113
18955
19124
8517
16244
17469
7646
6539
19253
12464
4370
13187
14836
3949
741
14307
17060
15631
2442
13568
7792
17178
12009
7343
4473
5436
1454
1337
539
12222
6141
19994
18542
7590
6819
13942
10791
5517
10887
8121
14174
4600
4320
9609
2027
629
6048
9643
15786
20
9230
17294
17309
12447
3634
13527
8433
12664
4073
4170
9944
14829
17720
5747
14933
14682
19868
5806
10647
2524
3328
4857
13980
1229
17225
12659
4695
1569
2315
337
10029
1052
2911
6717
10008
5870
8748
12107
15182
12108
13281
8602
18428
6027
15333
18691
13484
6011
7269
7618
8423
19455
620
17630
6867
15813
14162
6198
3420
646
2859
8169
15537
9563
19776
18242
9446
14905
4667
5439
11959
17388
11227
6492
5964
16940
3496
3777
663
10589
10816
2725
19482
5513
4272
1181
15014
5330
6014
19717
17919
17527
8707
1673
16187
17477
14230
336
12009
15767
19811
2566
11022
15851
379
13669
5098
11010
10693
8639
2617
5812
6034
491
16822
13454
19567
14377
18490
11689
18323
11091
10114
13928
19415
675
3151
16014
14533
9979
3494
18649
18921
2133
3927
7903
12805
18823
12443
6243
5345
7602
1559
18708
15615
168
19262
14851
9197
15063
18994
5439
19507
2422
8683
8174
9516
17035
7728
13482
7505
12055
1537
437
5841
12543
1272
16027
93
14520
3364
12067
13727
14541
16725
14033
11659
15920
5334
14683
2414
13627
1875
11846
643
8897
2044
9884
8900
11511
4002
12844
15646
3640
191
18335
11101
16473
10546
12498
13030
6602
4391
17237
7204
8454
8085
12926
3129
15767
15073
4939
9078
14792
7169
17522
5095
2505
9178
9191
1413
19769
16234
5098
8495
17715
2370
841
16819
19799
13931
14905
5573
16787
1418
3181
13298
4238
18974
9361
15759
16402
17509
1190
11114
16499
4190
6713
18626
10656
15370
11618
12915
7109
1484
15126
1129
2586
19855
16138
2870
3116
4327
5893
10334
12710
11151
8512
10543
8892
17938
13500
815
979
7813
12768
9549
9456
2577
19886
5722
4124
5646
3841
4848
3280
16843
18086
15952
2627
11979
1459
1322
14029
17673
11528
11189
12919
6588
18849
7294
11970
14101
18389
7261
1712
4741
14030
7332
8499
17692
3749
15697
10832
14092
17817
2690
16942
3916
2604
7848
12833
17400
13402
15668
7438
17974
2135
18221
12155
9267
2404
7844
19701
13388
9774
17247
7452
17737
9219
18674
4623
10723
5585
18412
13551
10855
13085
2604
4691
5074
19229
10996
18344
15516
4755
8438
4834
2257
13638
7084
5092
6490
16414
9796
7016
10267
13852
8631
14187
17973
308
13915
3288
6795
15240
2606
623
10562
2850
14867
7154
2370
6509
19865
16972
11769
9553
4438
8895
3775
13001
15284
4968
9908
8258
1570
9456
13061
4627
10027
16882
9869
13844
2115
16228
7640
9532
11133
9764
18307
14715
9145
13984
10111
4080
4571
17506
16245
16424
600
4246
16899
11604
13706
9850
6372
7557
9154
9601
6414
1767
988
9635
1269
3479
9038
15749
13357
11746
571
1248
18924
476
12772
10641
8334
9050
13246
10076
9938
17452
16863
19070
5666
19066
11537
1774
19088
2010
1353
14062
12987
9964
6481
20
3025
9746
7329
19023
11439
13551
12333
9593
16547
7994
1944
8536
6162
2783
17702
5136
18646
18034
17327
16521
5087
15825
7247
11896
8443
7862
15098
3244
17712
17845
3917
791
14533
17272
447
18520
3809
917
13559
961
12043
11176
13079
4266
7952
8402
822
8145
14659
494
14316
17803
4095
2636
3910
268
17736
9516
6553
4495
11152
16632
4339
6594
2453
14782
4077
2290
3143
2601
7740
1902
8840
9211
12647
5850
3916
18697
14419
4499
6079
14099
9882
15193
19494
3294
6939
8798
9277
13776
5930
17898
1088
7400
6184
15465
7013
12407
5069
9585
18023
13567
16898
15571
7581
11334
1611
17117
7049
7318
4225
5834
12045
15189
7518
7527
18967
11580
13458
3555
11037
9719
8914
50
4835
17144
16016
18846
1626
18264
8677
18219
66
17194
8075
12804
7408
12605
9288
12743
14667
19695
14660
1034
2064
11945
19547
1993
13078
18715
11374
17422
11788
3060
13812
4123
11678
1693
19950
3702
18198
17747
16025
5233
3679
15264
444
16342
12292
13333
12768
7788
7063
10758
479
17672
13838
17378
17430
14866
7272
10445
6324
5747
8558
3452
16949
10616
628
17420
2056
8678
13054
19391
6347
10394
7519
372
14968
7067
16829
15042
3865
10719
1713
13200
12792
6390
714
5204
14097
14775
6641
11943
328
15046
15399
866
4727
1694
13706
17911
15200
19520
438
8845
11233
12984
12489
10585
4549
17865
4383
14678
16215
19861
19196
14562
17617
4778
6824
2996
3666
14092
16916
4221
5486
13883
2587
16666
9472
6209
899
4979
9947
14906
8259
13075
2686
7648
1310
4773
10501
7858
19150
647
10844
17921
4540
1070
3151
15127
6188
8214
11548
11908
5525
8227
11146
11270
781
5657
3699
1012
13348
6388
12125
2599
10727
10917
16838
8262
9093
12874
12221
9548
10574
14505
9070
10072
16759
4904
12277
7089
16921
8812
14516
14196
2522
461
6239
6300
8323
14578
5461
2956
8336
2510
5737
7643
6759
2902
2430
3421
12096
17789
14001
18218
4515
10831
2096
12686
13806
1862
5801
14221
3061
10380
14813
18384
3460
5582
499
5423
12673
15225
232
4477
11436
8757
2788
12779
13384
9210
8585
16442
10867
13970
10565
7073
13937
17229
2534
12918
16551
14203
19853
17309
15011
2314
4347
2283
12025
16636
11656
1781
13097
1315
6706
3514
6940
6940
5618
12777
3276
5126
15467
11441
17123
12221
13404
8035
3644
14392
1685
15429
17350
16731
14022
6998
3143
3353
17266
8378
13789
1449
2594
2177
8320
12676
13591
6072
7203
7001
19927
17227
825
6509
11529
2165
9588
4850
13947
7590
14536
16291
3200
8879
16686
4281
13784
14957
13669
4269
10983
16112
6067
5835
8007
7047
14730
3183
18553
12170
2981
12126
3831
3716
7729
1700
15525
3259
6281
7845
11174
10044
11097
8546
6283
17800
2532
15275
14470
17173
6721
13563
989
16834
17024
19188
7353
7132
14827
19672
3582
7270
12807
3425
2197
8520
16314
6270
10533
18742
2118
7178
16193
10299
13683
5162
12443
7075
8844
7619
4949
14850
5759
18550
14936
11204
13704
18777
14750
11378
7175
11892
3433
6141
9581
18804
663
13099
12374
559
17197
13051
15664
9301
6544
15926
10523
10735
16370
18964
296
19606
2025
12840
5667
275
6044
3850
1069
3727
5847
9663
1186
11542
3199
2086
6202
4236
10335
9985
3851
13708
15455
13758
12139
3065
12054
13346
1811
13731
4022
4497
1567
10585
902
6620
2994
2053
16718
18727
9974
9448
16363
17685
2465
16946
1666
17907
5843
10046
19473
8127
9980
6824
5505
18739
986
16780
15960
14129
7040
19708
16587
11180
3923
8382
1776
14096
10286
17248
19601
9840
8837
15417
6653
3978
19334
5053
280
7513
3835
15932
14099
17495
3564
759
17110
11245
17122
8448
12986
5400
4550
15726
3539
6841
5288
3802
12490
5018
12700
14457
5193
9016
13438
11637
17808
13553
14518
14346
15877
17516
1495
4795
7335
9631
6433
19502
9219
3200
134
2091
11743
13196
8778
12812
19700
8846
13155
13633
16506
2509
14112
8963
12443
12692
7590
16562
19465
6495
3414
8046
4683
6751
17098
5166
15794
1098
1662
3585
8747
2754
15531
15487
10445
17088
3374
19626
16913
7677
11912
5318
16802
7613
14558
9971
4010
14936
5569
995
12652
2246
13864
6204
2672
18503
19609
2443
12120
10988
17094
8163
5074
17221
19348
13873
13414
12360
19319
16061
14191
17658
9242
12031
3334
10558
9883
6811
8154
15703
5554
19803
11516
13308
9009
19976
19063
16055
1447
4261
15389
12281
16703
14760
14780
9470
13862
16949
4431
3448
8906
14264
4369
12987
5309
11039
7372
19620
19193
7154
3535
9927
2813
15152
351
13811
13270
7623
9828
11076
15769
9136
1316
6309
8524
5924
14669
13344
1252
19135
4524
10340
13769
19728
987
5490
886
3545
1142
12932
14397
7146
10510
13721
1320
7412
11127
4801
1529
19724
11516
11554
7378
7487
17619
2021
18673
18956
8682
640
6483
19491
15776
4481
19738
8856
8977
7571
4617
14179
18953
17072
3084
16951
16410
5892
14164
12189
5385
17913
18752
2732
2498
804
855
18631
940
16588
14770
15252
19574
3474
1911
6644
9457
12225
9375
15652
19224
17012
8409
15471
5385
6846
13480
16590
14487
1146
9575
10557
18649
4943
9965
17018
19002
14271
18668
12861
819
4333
13427
3311
18006
11977
19091
15272
5697
5786
12158
5833
10578
5062
11019
8466
3194
769
16278
17986
18602
16719
18693
1641
7178
14872
18918
6091
18569
3623
7444
4083
1582
7006
11864
10065
14637
16314
683
10290
1141
11039
19769
16410
13862
6400
7874
17377
4639
5165
6907
967
886
19897
17745
19477
13729
7718
13453
2066
7345
6064
10579
254
16671
3443
5349
9518
11391
13209
19428
18949
18960
13636
2550
6348
12501
17908
5571
16718
15230
12086
889
10066
8543
1642
1296
17493
17410
17615
6856
5955
7641
11757
14414
8018
19147
2206
10526
16060
13968
2201
2754
10647
6968
11037
7416
9042
6917
19191
13425
12494
17241
5840
7894
16086
3753
5591
18949
2813
9841
7302
13210
18803
16482
3762
6281
16899
6390
2804
5511
11436
1764
4656
9864
15578
1615
17439
8002
8576
15545
14749
19697
8565
3893
14288
7924
7656
10009
15987
15701
14656
6354
8191
11302
2101
2674
1493
11527
19589
4612
16234
12356
7348
13376
17903
7162
163
14682
18268
6970
12395
10549
5049
12294
12598
18709
6857
13497
3899
14130
6387
5060
19604
7016
4558
4562
3645
5803
7752
11468
19084
408
6803
1561
1703
15175
17548
12637
10374
15037
13930
7011
4102
15582
13984
3893
12615
12831
2863
1256
15203
376
3659
18389
11084
7416
17895
4001
19968
2676
13631
5854
8139
1048
15171
9898
12250
7230
15035
7509
15607
3771
7580
1313
9030
12822
3205
3554
11227
16565
15606
11332
19701
16464
7342
19724
7611
4550
798
1655
9618
17710
12528
18014
17592
38
18894
411
2112
3111
10544
16965
18442
6426
16870
5431
5342
4771
15677
1808
6949
19836
10418
1683
15140
11677
6065
11534
15126
12598
1960
10807
3013
15231
12141
4531
5925
7911
17960
4656
11757
1768
19390
7218
16019
11292
11356
10379
17090
5321
13404
7651
14971
14167
247
6392
2821
8771
12967
5822
19026
8268
2456
14823
12336
17482
15338
9470
1352
9918
6885
10894
4758
11269
11866
703
5414
4678
10354
19008
12807
1931
15190
2656
4047
7084
17082
3670
8683
13382
12774
7937
18529
7915
10562
2762
10564
10067
4669
10310
19859
1777
13562
10743
19854
12032
15768
7601
16982
16028
2813
19962
14977
18029
17758
19691
9334
5469
909
14995
14699
8171
4224
5851
1560
15992
11258
2660
8791
5823
1144
15724
19163
15970
6554
4624
16938
4639
3179
4683
2649
18113
13039
6685
706
19219
15017
18887
1220
13103
9926
10290
18360
18933
12265
17551
3851
17975
16276
14425
19164
10705
8431
11543
19700
7862
7257
5661
7453
16997
18184
10354
8513
730
12094
14125
7744
8769
18922
4440
1037
15270
8280
6135
5990
18280
13846
11202
15854
8396
8836
14861
12328
17037
2264
14793
14226
14256
16043
13187
18716
18102
3427
8906
6051
3115
13277
5774
11567
16092
3894
11364
14661
3078
599
11782
14282
3048
763
10583
1045
15930
14207
4068
16846
9847
8901
6854
18921
18934
12324
17540
17242
16439
175
5558
9396
8920
7744
5828
11714
8967
3777
492
3808
4850
11223
19139
5527
16570
8812
9779
3923
14534
3319
9634
13251
7860
5162
2003
9581
7114
14008
3526
7755
8747
65
3290
16742
9093
18811
7091
19885
2407
17759
17910
754
6287
1165
5970
14849
10081
18460
13145
3998
6228
5730
19243
13594
6503
11164
6003
2833
8657
9116
6923
9444
7894
4940
5179
3246
19893
12739
2111
11877
14910
10723
8038
15214
10401
11659
8598
1949
7234
9248
11693
19336
13576
4819
11203
17511
4756
975
11851
18923
10191
19490
11544
6008
6525
134
18397
18048
16237
19146
2892
10461
15954
13377
9375
2890
2700
16263
14997
11198
447
16524
17589
5287
3686
4094
2446
15551
1312
4087
3679
7630
15976
3968
6642
18491
3586
19360
1955
80
7345
6022
1950
4681
18982
13295
7558
9816
1427
19540
210
1785
3070
7315
16819
13709
16625
13848
18096
19957
14574
3175
7122
8461
10399
9993
8380
10018
13803
19665
3409
7058
2309
4362
185
7518
18335
191
12831
18254
476
13478
16626
13377
18914
16906
14571
10895
19822
7283
2158
4606
6434
11604
5833
12221
5689
6449
5433
609
10972
9611
10124
14201
8909
18474
10562
4432
11808
7525
9420
1342
2761
14961
17527
1963
176
644
16898
17890
14049
2277
7882
10381
15424
10866
4455
13203
7482
17772
8527
4842
3255
14819
9624
13435
14924
12954
3195
273
14317
19415
5684
17277
4383
4617
6438
2026
17451
3062
10619
13144
14702
1792
9385
14423
6349
13300
12464
8161
5606
1039
16928
8660
11490
16876
4376
5834
19303
1806
8137
13431
9898
10087
3449
3199
2081
17667
10563
4306
5303
2100
17627
6629
9944
12634
5519
12110
1996
19215
3402
11452
10145
17036
17938
10768
15712
11228
13905
7388
162
14235
8496
13878
11292
12298
6239
10488
13237
10610
18258
