1000
758
1586
236
942
817
170
1860
241
33
167
1888
1554
376
1256
1928
667
899
1465
744
393
1566
1001
1027
592
575
1833
1829
1612
1638
784
1891
258
1294
444
1265
836
416
1300
704
1124
1781
1720
513
160
1478
426
1163
1323
818
1174
837
701
443
1675
1872
1264
205
94
1556
363
1292
900
246
764
425
605
1955
1374
1008
704
1803
379
562
1809
1980
1434
410
1136
794
1689
1149
155
632
1254
1027
1331
1542
647
909
1276
984
1738
274
669
110
310
1018
1720
1509
1712
85
900
1929
426
1177
741
1173
1637
663
1485
665
40
1481
972
215
841
1002
803
682
1047
914
1111
1667
730
1564
1776
225
403
1925
945
1308
1309
1027
610
766
1637
1248
1320
1823
389
194
647
1132
1003
201
1630
884
1785
1204
1040
766
1302
320
1539
1849
450
1550
897
1330
1990
1919
652
460
1593
334
1327
95
1584
875
31
1487
1261
512
848
1256
728
1201
804
355
731
661
1246
200
1878
1563
1493
1312
1972
1339
404
1733
1813
779
510
1464
250
1994
142
1599
639
365
1341
1545
1410
1491
1197
207
1634
1574
818
1225
1074
49
449
1002
1613
760
880
1338
1188
937
652
766
771
1246
1994
1573
673
1771
565
193
582
1290
6
1472
39
1728
1650
1575
1740
619
1021
618
1123
1259
1132
1690
238
1627
1960
1275
7
939
1790
49
963
1290
84
1895
1108
1573
310
1147
1337
1030
142
1913
736
1675
946
1107
988
1733
328
1450
1794
1737
1236
1579
1708
1575
977
457
1968
388
686
1698
155
1382
1280
1617
1655
1851
134
1664
1292
279
1946
952
643
1256
211
1959
837
903
1335
876
849
1870
685
209
1101
144
1072
1286
1140
729
192
1414
1502
772
451
1384
845
1155
345
853
1395
862
1293
1664
65
1563
1815
775
747
1254
1006
5
1623
205
523
321
1716
1963
1912
166
967
1343
1528
848
0
536
1760
608
555
991
1187
268
1667
881
1819
870
481
1383
147
1047
290
788
1298
792
1814
1019
1873
1005
564
1227
1550
783
44
936
1833
276
69
1286
667
300
1428
436
663
1435
654
1459
1641
1390
1428
1570
107
1308
957
312
1286
554
995
1709
1620
1579
195
1172
292
610
1367
1225
360
1606
1633
931
1769
417
877
534
1050
1700
1305
1273
1961
811
1569
479
98
712
434
291
878
1311
1377
181
153
942
1604
1419
912
1206
877
1654
1129
1802
743
995
301
1667
761
74
1216
605
1560
1878
450
1042
1930
897
45
1697
1860
1563
1214
1451
1988
1832
289
1993
1595
548
54
317
642
1683
1760
1828
1053
968
1835
421
1533
930
1853
345
640
1278
1077
1671
131
157
368
138
1783
388
1115
113
465
410
51
1075
1820
897
1384
588
1097
132
640
1769
182
185
1639
908
765
194
1460
396
643
534
1208
1645
1041
1976
223
711
1343
1809
1512
1413
1548
1166
1425
701
267
248
1356
791
1111
908
750
1003
230
295
230
988
140
576
1243
827
327
1906
1149
169
1703
420
942
1628
272
198
1930
573
248
1658
385
1196
1020
1245
597
129
751
1905
878
784
482
920
1995
264
126
175
1348
584
1470
260
1883
1918
1162
1126
960
1166
702
1160
595
1883
1610
961
1733
1157
1986
419
263
1535
342
53
308
1403
716
1440
1195
1301
520
1235
484
1065
1549
35
563
1937
1150
1826
1834
511
1438
730
249
692
661
54
1313
1051
787
1422
727
1092
1167
1662
324
352
1897
65
792
598
910
623
1118
897
1705
32
667
1222
1206
828
1632
517
274
769
1695
171
734
863
587
225
1203
675
520
934
703
1966
1649
1540
1229
706
1368
1025
771
936
56
468
533
17
1782
209
294
103
582
1363
783
1999
1642
341
200
1518
437
589
244
885
1374
1078
313
202
1408
1385
1884
756
398
231
427
1331
1060
966
836
1849
56
949
1572
1497
96
1421
553
1115
1469
342
760
633
884
1587
379
265
1645
1339
1122
246
261
1141
746
1981
782
303
1291
274
1575
811
780
301
758
1783
465
965
881
1495
1892
598
1916
609
1090
978
972
1013
1788
210
1114
279
125
775
1412
922
588
1489
1629
1387
23
1434
1477
951
351
1584
1955
346
1203
1342
1246
149
1525
375
1179
539
617
638
1377
1832
11
1620
1592
1775
1167
46
1552
670
500
515
1582
1136
322
1487
1809
1551
707
503
435
131
1950
1722
491
1708
1566
1935
1631
168
1137
1217
1078
961
684
740
316
278
1932
1858
1918
580
55
1527
517
497
177
245
32
134
347
1797
1098
1734
1445
1963
1675
1215
788
1476
539
283
1855
223
1104
1811
259
1989
1960
1553
391
1302
226
1297
1594
1138
1079
1428
855
576
183
1232
1706
798
1165
599
957
38
52
545
812
1977
1875
201
1079
748
1747
1618
629
1851
514
244
1252
974
1536
1095
959
1463
231
1066
57
180
135
193
1286
999
223
153
1625
271
296
72
824
883
1419
678
1580
27
1795
1954
676
571
589
563
824
413
1644
1068
235
218
297
1018
346
213
1319
269
1602
1635
1556
1328
62
778
1516
167
749
21
1896
1541
962
1650
1124
135
213
1257
1294
385
1159
1753
233
242
579
1744
369
854
799
710
1754
1736
1618
647
1665
402
1327
379
820
867
1888
1940
1757
1291
398
996
1177
1574
1068
1272
839
594
148
948
1724
1167
1529
172
612
259
1692
1325
1315
1591
1594
