10000
12721
14571
5919
1191
11315
5972
11242
4218
5696
10569
4615
7536
4573
9591
14008
16959
11010
19590
4459
1437
6454
16523
15941
18947
8230
1785
18858
4045
3969
6647
11371
12317
11923
14061
972
2912
3260
9368
8721
18312
4460
8061
10437
14457
3710
7418
3814
16319
10894
7704
8016
13180
12536
3229
3812
96
8783
10398
12117
15505
15542
2609
12624
6378
11966
3648
165
14047
12957
18777
19158
15486
327
3267
10778
753
13772
16940
3727
16928
11406
18909
3354
1172
13309
10895
16476
18326
13168
16086
1235
406
19298
5211
3113
12584
4295
6344
2685
13992
11082
15101
109
1726
16900
7615
157
12765
17307
13616
9734
18501
13813
6074
15454
19624
6967
10244
4575
19594
6462
2407
11799
417
5209
11643
9804
10044
10433
9194
16490
8480
7351
8806
17450
1325
5720
18390
16832
10272
9503
15595
19809
16626
15543
18321
7919
8733
17819
13570
3779
13758
14573
3700
15798
3286
8079
16051
14540
5002
10849
3945
9565
2955
19831
11833
7905
11120
16726
13675
5848
16575
12940
12609
467
11818
10153
17416
14978
8470
17277
13003
13307
1751
8911
7938
2340
7480
6264
4167
10717
19670
11290
7177
10893
12236
8544
4857
12743
16041
5107
322
11064
14909
13909
14614
1776
18995
19070
6019
19755
8760
9105
4804
2075
13210
14587
10676
8276
5835
14631
13181
8499
3205
10048
14158
6828
19367
18564
12428
2703
7934
12834
12991
12469
5727
18352
12813
8173
19056
715
15300
13214
1382
7787
19857
13336
7209
9730
7342
14075
11924
17106
16791
8515
15961
17160
13789
15
5217
2009
4148
15981
5553
13879
17031
19779
1256
9231
4203
5020
3845
13411
10097
1262
19205
4799
11125
9636
1706
12122
16756
12301
14615
7915
17274
5855
6711
5477
2937
18185
9022
11281
11158
149
17832
12231
6077
13078
15389
12584
2964
4627
8630
6490
11405
17935
2553
6369
1782
1685
543
13175
15562
6877
4279
12552
15434
6205
8676
13676
7270
16431
12513
14849
17717
3483
8453
7365
9029
5153
14626
17837
9964
9765
6887
17893
3709
17687
14789
6181
4886
15773
7406
8395
5781
6720
1913
15547
11339
19568
3106
4784
1353
14773
18639
13469
15383
6579
19918
1445
11620
12889
4217
19507
12759
7590
10972
10903
19779
10104
12205
6046
7386
1458
19097
621
15160
10153
1664
17017
15520
11532
10615
2053
2661
2030
1035
16921
1342
17970
6213
10460
188
4689
905
3982
14520
10122
504
2789
2885
10087
12310
6114
14725
10503
7654
19726
14168
18286
1681
10614
18255
1317
15717
2240
6622
5807
11738
6857
8399
6378
17808
9789
9107
9790
6260
1458
6292
10661
5697
16354
17415
5047
9124
19267
16125
19729
14488
6052
13080
19169
2959
12134
9434
19120
754
15284
13688
5132
19775
10977
8302
11441
18770
1821
12173
19956
6623
13779
879
1228
3803
8674
17035
17437
4986
4246
16004
12418
4178
13955
17596
11734
18271
14813
16389
4703
18560
3158
12152
2040
7871
5077
17535
18490
16206
10831
17772
14822
2829
133
11821
9585
10632
986
13847
2669
4092
1199
16895
5391
15962
2589
17256
9698
9220
19055
5014
12712
16405
5241
5569
19336
1917
19256
9285
11673
18314
7080
11542
19753
13570
15132
12241
15530
14253
14941
1422
9530
5935
5826
19442
12877
14611
19657
3200
5241
9603
8847
18959
13694
14900
978
15927
19184
13022
4704
18693
11138
11913
5595
1039
16273
10691
15564
18785
17578
16334
2592
13557
17753
18839
9603
8480
6991
17376
14264
11561
3471
15136
2483
16598
5493
16416
9875
4255
4227
17862
6399
17923
12330
12238
8508
601
5137
15156
10472
17183
15397
4975
11926
5838
1853
13399
15078
3375
297
327
4384
19846
16791
10430
8333
18764
13057
6719
3507
5084
12246
15256
3691
2755
18275
15871
16800
14586
11038
17656
18022
2095
6159
15060
17076
16575
11996
4948
11711
10913
10639
6027
18965
16124
4518
16801
12915
3448
13206
7860
16611
11058
637
920
5974
7113
12227
16863
3706
19029
5356
9204
18520
343
18525
97
301
19723
13960
10641
19490
571
15221
5328
170
19437
12399
19214
8727
18429
16873
13346
10074
581
779
459
8821
56
1533
18706
13886
10734
8782
17995
14227
6521
16897
13467
6069
6231
11541
10035
11331
15040
19664
13210
14739
11263
11975
6761
8846
15454
19949
16463
11369
2778
9525
18517
7100
12597
19973
18556
6145
202
4697
8962
14251
379
16017
11972
1377
11846
15225
12989
5013
12310
5491
2253
1829
9014
17954
4981
6701
16960
11605
17214
10406
12788
15983
2649
6783
12260
17679
18241
1783
6572
5121
7965
19188
1855
9472
1633
17220
18876
17190
7540
15789
17471
19761
17581
17267
17876
18260
16310
15430
15143
18519
18771
11076
855
9068
7004
914
11241
15056
11173
12979
7352
9305
4894
19778
18825
6786
9303
7378
15357
5040
7676
3936
17024
1376
7550
17937
2943
18320
8721
6894
18166
11974
11602
7256
13383
18593
17889
13449
18663
11450
17804
16809
19218
9366
3180
11657
16287
11595
9352
6336
11694
14700
6615
6624
15613
13171
10372
18932
6842
1802
10602
4856
10611
3575
18046
7221
7913
13473
8332
9016
11843
10659
6170
109
11711
19500
10217
15197
8931
2991
1593
2753
242
2158
17292
13794
2554
10687
14851
1775
489
7352
6660
6874
9984
7612
15517
8048
5472
9698
10883
15954
18945
2942
19091
8212
12130
3182
10425
370
6234
12547
623
4906
8717
17770
16445
2938
794
7542
18687
9879
12049
12588
1828
11303
1250
11915
14610
16540
4144
10133
12103
6349
16997
12927
10107
11826
14143
18417
993
14939
9992
18970
16396
19790
9251
6835
10510
12476
5666
10318
17372
9663
16181
12475
2541
9362
16477
4406
5025
14733
10014
3153
18015
18267
12243
16858
18774
19546
12187
10152
8613
4974
15185
7623
8118
2306
6809
30
16068
2972
18774
17337
7006
17148
19865
1176
7908
18673
1556
2867
3566
6392
2029
3912
6764
9586
13966
12899
12936
6752
3225
18857
19720
7741
18008
14848
12879
16345
12178
11870
1955
11662
4378
19533
19465
6433
10146
2872
5420
14550
2637
12981
8189
4560
6945
3631
10357
6852
7131
19022
17653
6488
17821
19909
2542
16926
16162
8088
5853
7847
1747
1736
2414
1990
1042
16285
2433
18370
11282
6063
9386
13719
1386
16880
12370
10921
2783
10585
12668
16422
11070
16656
34
11191
587
13747
15485
3875
14547
4
11715
577
10910
10224
2858
4695
4705
11453
8139
7348
14768
3184
14722
17670
11856
921
16338
10808
10601
2748
16645
7244
9819
5564
19089
1937
5224
8581
5558
2113
8751
5558
68
3866
8729
3594
18298
19319
16204
9794
12489
11914
14973
10064
18999
13720
11586
1250
14975
3665
7365
1193
2261
1194
19445
8134
2311
17721
17175
4816
13023
9644
6522
5796
8710
1319
13639
13417
19107
7256
7511
6398
19136
19992
14142
5283
5261
6785
1606
14017
4478
19974
16311
13399
19055
596
3249
4898
10921
12003
12764
8392
9724
14520
12567
7424
10892
539
15693
11618
13096
18063
8645
7335
12181
14163
312
5724
13097
16021
13374
5129
3923
6478
2049
10008
18616
19645
5843
6628
2777
11300
5820
2176
16464
89
2283
7200
17465
170
19981
17192
12910
5297
8028
1552
15690
719
7151
7440
1423
424
17327
19374
2626
5146
12233
5953
7060
18427
4287
19680
14780
1039
3610
9932
17600
7971
7866
3063
3283
8905
12941
1840
18104
10320
7966
333
7268
4190
10501
2707
13986
237
11197
7076
15376
16672
7602
9765
4742
10017
1625
16843
19415
632
12026
9282
7504
15305
7816
2778
11997
1803
13361
10926
6187
8353
13584
6130
1960
5655
6848
15224
358
8954
747
4831
5215
6900
18593
9817
15027
13698
10180
12376
9836
4052
8320
15348
5058
13377
16248
8379
17819
6693
987
14293
19978
6008
18646
12723
8568
13803
4707
11380
12224
12321
287
13652
1268
17768
10329
12401
286
1396
13733
19034
9921
9622
10257
15287
10973
14974
10063
16
14864
6122
13361
5115
15002
13897
4947
18276
1722
3440
5362
7899
692
1336
3835
14837
11540
4851
10526
16864
1547
13737
13920
19976
12984
6259
9296
7966
419
3251
4977
15595
17922
3982
16598
19537
6846
14375
7661
666
6224
19450
12882
6496
3493
6833
10532
3384
10625
1158
13076
18811
9024
14870
10105
4659
18167
3390
5601
12766
11192
12853
7650
11586
10804
5798
9935
13422
2075
6120
6822
5704
13632
9947
13350
15736
2136
2785
6237
4400
15232
18487
895
1302
8862
11375
17940
14096
2656
4620
5192
1771
14497
10776
3974
3272
714
5445
16926
12580
7349
190
14083
1282
5708
1386
8914
18135
16
14589
12076
16241
1782
2330
13508
5061
6444
19112
6932
6451
11705
6960
6346
13657
15714
5841
14272
753
200
9312
12169
16583
18447
7519
5479
4412
2682
15544
10234
19056
6834
16183
18227
14895
17349
6081
6726
15739
13067
14165
11294
6577
2596
1918
15306
3803
1566
1554
6549
2513
7826
3242
5620
14061
16685
5181
408
10538
14861
4699
19971
2616
12897
15812
19255
14015
3635
4355
586
15724
10946
650
1430
17661
10055
5803
3949
8805
17145
10288
13001
17565
9132
2199
9729
13576
1460
15854
12024
8448
15400
7047
14672
16546
11746
3320
5500
19027
19555
5457
6674
5582
1714
4635
16127
2347
197
15530
14997
1805
7576
18142
8224
15976
12666
1084
4182
16812
13832
9700
9388
4755
3601
18414
10533
7971
10776
11494
14373
2433
11576
1345
5604
2867
4066
6683
15391
13135
385
9999
9192
13029
16831
178
12445
677
17376
13676
12502
12751
7308
15796
12792
15862
7723
18695
9319
15183
13704
13540
3000
7516
4440
2023
14692
5167
13140
18624
19384
6845
1281
4271
9
4801
12945
927
14694
7786
2115
7196
12614
5219
4005
6930
17183
5724
19961
1987
4504
1274
3990
16485
759
7960
12325
5654
14964
15800
10796
828
13423
1194
3976
9310
15741
8247
1331
14328
4637
15370
6629
12415
12104
12124
5430
12178
17959
16635
11073
14040
11231
11191
10789
15996
10599
17641
12293
7714
10138
15744
12239
9125
2856
13416
17434
6286
16423
5273
9896
16243
6118
730
18315
14665
15426
9136
19460
8136
8370
13095
15270
9882
12829
4987
8697
7263
13772
9027
18043
11264
1273
1755
16225
15053
6566
1133
6427
13749
16363
4955
18741
12738
10311
8012
4921
13231
8759
17745
9234
14407
10245
7762
5708
11452
16696
18265
1911
928
3337
16347
16074
3555
17046
10718
15269
1033
2255
1612
18958
9479
8685
8851
5181
10010
3266
13398
9491
16229
332
19539
7429
2341
14564
13201
247
16242
15667
11526
12867
5908
8387
12771
7576
19167
14291
15709
9439
9005
15877
13273
13241
15895
4657
3539
16997
9264
2269
18730
7486
93
1924
5803
17728
15188
754
3001
15915
6065
6162
12118
15552
10095
17982
6961
5416
7721
3222
19116
9204
18573
845
17352
16863
3929
13148
1967
6544
14038
8217
6494
6268
17389
13379
16973
1800
16106
7604
5981
10124
4940
17241
3325
18578
18757
13918
15384
4158
821
15618
1118
11048
9309
16106
3693
1860
15042
9458
2973
3907
13441
1533
3109
4882
14633
8045
13773
768
11225
13966
18833
12350
759
14541
526
7519
5418
1447
3180
5182
19925
4988
14408
9310
5521
3042
13053
1164
6981
4277
14191
1857
17829
3148
1811
8901
9380
17703
14558
18413
9622
12708
10089
18917
5127
18897
14622
15240
4082
17884
4321
2124
19807
9703
5086
4443
6941
15703
1643
11771
14167
11083
14905
14447
14037
9833
12093
14743
13682
9364
4341
8051
9302
14586
2393
14597
13455
3370
6048
5971
2993
6466
4908
15884
5767
15399
3443
13026
5396
8110
15019
11989
10059
13655
13232
1873
9415
3801
10357
19886
5864
6840
10022
15733
75
10771
13525
4610
3108
1306
9705
18308
10682
17149
2239
2786
15360
2112
8220
19608
11180
9483
9616
16478
7669
13917
3240
3562
15406
12992
6449
780
3257
791
12836
17943
17866
10708
13842
15328
15449
12935
3309
18302
12611
7249
17712
10418
15774
12567
8044
19360
12567
7345
12689
10651
18410
18018
5461
4830
12637
11042
14916
13015
19610
16118
19588
2910
3207
18753
4227
14307
16067
13812
10175
17030
7391
9026
12914
13920
14902
3311
3512
9855
17866
4102
831
19214
5565
15432
14634
2578
13802
2530
18498
945
8862
16888
3929
13710
341
13310
17884
19151
533
7206
12724
16224
897
7923
12249
12656
16987
11596
13876
8248
19674
15948
4207
7036
1507
9142
1788
8330
13447
613
10943
6048
19129
8738
2776
2282
2154
4751
625
9352
13059
18464
11360
11342
14430
7881
8761
5574
8450
1458
18836
12048
17881
7144
14774
17545
1295
13293
18015
2889
15561
17231
1103
4614
2112
16918
15477
3351
19481
6775
4310
10483
3266
486
14070
18935
16298
5416
9191
8710
4638
12838
15755
10826
1500
2973
7495
18041
10965
18291
1766
8468
8068
11108
14598
17001
18118
14522
1764
2904
16245
10203
4063
17842
19621
19420
7755
5085
3801
18068
11285
15028
1219
4363
1294
19627
14519
7121
1910
2673
6794
5259
13254
10542
13356
2919
14873
7980
11103
10001
11512
12113
19795
2911
19585
3274
8160
13223
5683
36
6751
7024
4121
10996
12038
15653
6448
14263
15166
1382
3991
18547
7362
13337
17778
13532
7477
11902
18171
14994
6624
10400
6118
10280
18952
8551
5774
14272
4232
19626
11265
17425
1520
12353
5957
6314
11610
17753
5190
15601
15556
13441
1054
15044
18479
9057
1695
11745
4435
6795
4384
16705
5213
18345
15201
16862
4550
15062
18268
3414
7889
11433
16202
3464
2848
18763
14287
18619
9491
19434
16516
13853
16639
5222
607
18025
1735
17736
19073
17666
14682
2003
8988
2012
15017
10162
12222
10778
15810
16561
6526
15633
4749
13928
18466
17900
11715
3026
8011
13225
16582
14460
1854
3744
14338
1880
2255
14532
1438
16817
172
9282
5054
13497
14499
6791
12696
4223
17
9598
5552
15836
10888
7574
12531
13388
5596
4929
973
2874
18027
1369
12359
4595
14119
8734
17344
5149
13537
635
11527
417
6835
38
14674
10755
10313
18277
5214
3122
18893
3310
15012
18459
1775
8423
5748
12984
19725
8716
2449
7558
17380
13487
13225
12756
18483
19770
14479
16375
4232
10576
6294
5818
7946
6193
19596
8563
15715
1756
18256
13265
11815
815
82
18449
13669
3786
9606
7216
6025
6033
13701
2587
19691
16528
7200
6370
1144
15801
6145
5675
17434
16360
9312
12930
7335
328
11646
3918
16675
2191
7298
7455
4979
1796
9038
19076
14080
13729
3133
10905
2883
19859
4347
16125
2675
2654
16896
16417
6152
702
14667
12669
13547
6888
15224
16637
2556
11311
477
10904
4063
18978
2471
19489
7236
15794
17099
5334
16338
1170
2315
6710
10096
10231
9352
17808
7248
3743
19903
15734
11192
5486
9537
9680
7405
2931
18802
1165
12478
5129
4414
13493
11050
8473
7155
5273
6800
12317
7071
620
9137
14303
1543
18283
13252
2272
12832
2743
17942
8213
8270
16644
4123
8812
7895
1929
213
4364
13347
184
13984
10170
4499
3496
11928
5048
13882
19597
17608
3432
1404
9546
2736
15982
578
14396
9906
9715
16919
8055
9977
3654
3
9615
14822
4669
15457
8429
10008
7833
10814
6081
11127
16199
16401
5622
5662
18979
12209
19553
13923
19287
16568
14131
6371
5121
2546
15310
8175
6547
10337
12724
4813
18132
11409
19483
2381
4580
13491
5277
13289
316
14808
1324
567
5076
16460
13091
13422
5694
19308
3479
16467
16111
1669
1548
2335
17758
13803
17284
14414
12261
146
6322
6951
18245
12397
13645
3011
12518
13537
7904
7068
17595
10148
11838
13235
2340
9239
14003
11934
19021
8062
12917
6668
6196
12088
19833
13142
9448
223
19330
6149
19820
8606
19285
12858
11259
17226
14984
2365
19750
9118
13816
1957
16857
17751
5978
19456
9723
40
969
13377
15796
12347
17502
17988
18601
7365
6910
10782
15299
5509
19053
10309
9933
4281
192
19257
7644
1724
15952
15983
1577
18848
4299
12152
5146
15268
4708
1234
14879
16338
15146
8522
10007
18872
4503
9933
19955
7744
2175
8106
7698
2126
8840
6853
15340
14486
120
5434
11339
12440
19146
19436
4818
985
6747
3754
3713
1279
6433
18940
16497
1352
826
3600
18298
10920
15074
6331
7861
381
16799
10542
10043
6160
17623
13911
7756
15627
14817
11249
1355
4017
9977
12137
838
13983
4876
8909
15508
16061
15731
15987
10424
9248
14429
16740
11234
7583
6917
8995
9812
11504
17539
6302
13441
8447
158
14800
11185
6762
8543
18224
15586
12156
15841
5433
3913
10372
4164
2071
6678
4145
6752
7083
18325
8940
13111
987
19697
14898
12707
1305
18355
17421
16559
13262
4008
18670
2818
6563
14240
2825
1269
13644
4179
7500
15494
13298
542
9213
14341
2075
18635
13456
5100
8119
13711
13058
14123
10410
7052
19892
3169
14225
8119
3111
12871
691
436
9393
13254
17542
10717
5658
15529
5018
14177
19702
18701
262
15050
5662
3348
3501
1303
5293
4377
2220
16039
17396
19326
18307
12663
5466
13218
7774
35
19796
18030
14943
18505
9405
8462
15658
939
5522
4989
10253
9266
2412
19609
13577
11536
4507
4821
13985
9630
8188
19341
9438
3940
7287
1268
14876
19543
19127
7210
13173
12828
8326
2506
16360
459
11589
10239
11142
10414
13253
8086
19961
17001
11973
16750
19921
17652
17992
18796
15275
15876
15314
4651
16128
11112
3647
7249
15080
16878
2688
10909
12202
3589
15891
13597
129
11198
15517
923
8204
18444
19239
10551
15602
11274
9043
3248
6447
19195
7865
11356
2944
16109
354
4824
4327
15799
3104
13881
7868
3041
13800
19040
17232
10083
557
14027
15646
19462
922
1129
12913
5798
17516
422
6924
7673
2858
10820
15322
169
4161
7626
19027
17885
16928
7894
9991
11190
16045
14351
19242
1717
12227
14838
13884
9434
19945
8442
15252
7591
17775
11274
10024
8706
5863
2757
19835
19482
318
11277
19076
4609
4694
1818
5079
7544
1
4875
4755
7624
18748
10648
11143
5804
3366
1667
15425
9485
2331
10572
8757
9925
18065
9700
19654
19204
12782
10489
3572
15761
10404
19120
11202
11176
16811
18736
11810
4226
9209
12923
19392
15602
16128
3896
17960
8908
10148
2987
12373
16544
7287
1959
18295
7076
6067
16474
17503
13679
9524
13222
2762
14530
4367
15279
4872
321
16083
5168
1832
13503
3099
13352
12546
11544
5868
722
480
951
14897
19795
17481
10264
1457
16749
17068
17896
1258
2832
7622
9416
3724
16623
19857
12625
308
17360
15945
12465
12803
5437
19931
16787
827
17016
4812
17181
5878
17484
13955
2451
16866
18302
4180
11385
11293
7234
6666
12725
1353
2538
2256
4051
8780
12473
18685
19714
12582
11030
12346
6043
15408
19548
5520
18466
18414
878
10803
12518
6768
17128
19141
17250
7019
5905
16744
2022
12558
13580
10980
4463
10948
18189
12593
19378
11302
1320
12962
14521
9370
18854
16782
11972
3468
12785
7196
19889
10567
17487
2090
11478
4015
18379
10842
4042
9310
15630
6618
5987
15034
3341
8686
9979
1104
12956
4700
652
5263
12832
19572
17786
16707
17570
12186
2576
4908
2368
12178
5538
16250
10109
11654
13009
679
1081
6039
2702
12050
13467
16829
22
13171
18954
5981
1915
5344
2683
6246
14947
16795
645
18568
7561
18101
1872
11442
11394
8324
19340
10566
6874
13340
13470
7451
5821
18733
5877
5742
17521
11160
1339
7143
8576
15471
3943
13283
5556
10376
4495
15011
19483
17694
7738
1712
18538
15077
7444
15242
16638
10344
12923
14476
18493
13504
9334
317
8443
4722
6277
14677
11737
14470
1203
16361
13160
14400
13576
15030
2442
4989
11035
16166
9017
9452
6181
9378
12642
3302
18864
12469
8233
18091
6319
10232
15600
11579
2151
735
3058
9453
18699
7391
2473
1424
2085
16314
16175
15035
18704
3305
15266
19
12163
12292
5889
15993
5640
16113
4723
11533
7594
10471
12967
17635
652
14494
14613
4224
16855
2902
19107
14705
1388
8544
17924
7592
2711
1100
4732
11541
8644
6448
17886
17437
18764
4049
18326
17881
1671
8209
17634
14253
16581
6102
3355
8483
13880
16147
18738
14019
18601
6709
17973
19506
9291
14220
16848
8261
9901
13556
19888
480
5480
12447
19204
8623
15768
19936
6812
9823
5608
6167
12403
7130
16838
8404
6377
7582
533
5770
4905
6489
7234
19601
14730
13315
3470
12823
8400
8440
10665
1445
5874
3857
6336
18122
10390
10941
17165
14822
5881
3169
17741
19285
15083
10761
1584
13014
10390
12201
13865
18166
12031
5269
8420
11070
6374
1594
9047
14294
3336
6679
16433
52
13796
18043
848
11333
13274
11612
1295
1207
1390
881
347
16097
460
13581
6823
4559
6630
3257
12214
15181
8761
3852
19381
5136
6318
7337
2283
4316
14748
1654
15560
17205
3562
19732
2011
6277
1138
15424
832
9382
12289
6565
10358
15853
8923
8475
13135
14420
14172
16448
17088
12515
2649
15473
7640
18170
1573
1350
8078
6972
15568
12423
1619
13627
5705
10479
6822
9917
11620
12315
3878
18312
2326
13263
8226
15983
12765
3142
19436
6489
12317
10323
17229
8586
5061
1337
2738
5648
1744
15779
11875
1324
12904
5249
8084
571
10468
18271
13813
12449
10130
16228
2564
15537
14480
15364
10083
6010
3060
7810
17827
14641
76
5798
607
4695
19392
8055
4358
3304
18003
10037
14960
19264
13608
10421
9745
3465
13280
17690
3212
7141
7266
16524
14527
2388
884
3928
14332
8387
13158
18468
13239
913
10254
8013
1723
1823
15949
5055
14488
2740
13873
14448
5783
19050
15860
5529
16046
11896
12897
5330
10350
6781
19446
16905
11897
9862
4389
12415
11410
5788
15445
4735
11469
19981
16166
3292
4005
10485
8274
5798
7756
15913
13166
11816
5629
5663
11984
14273
5485
4925
2154
11932
7104
11517
18132
3503
14104
7226
17512
18541
13513
7899
2151
11496
13639
696
249
9383
11969
877
19762
5439
2151
6778
5263
369
6790
17652
8096
8192
12212
8012
9760
7885
11174
9530
18495
209
17248
8582
11265
182
2084
15858
19294
6930
4715
17575
17066
7969
11314
13371
6320
9470
2508
17340
5784
16382
17653
8092
18760
1930
2598
8920
18342
5687
5156
18151
4091
7907
10931
17435
6770
16461
4201
9591
1024
17009
6557
13806
14558
10592
6077
18355
5682
568
9791
8163
1772
5477
2191
4875
7404
13299
13064
3478
576
11887
12638
19831
12747
12697
18967
14896
5826
4776
12378
11037
18992
986
3135
7040
4281
15894
18182
14666
859
11137
1380
5858
12272
19001
13656
3093
18224
18769
7196
16666
8180
17865
2199
9248
14805
14376
9295
2103
18835
4761
9500
15800
19409
13345
3127
3058
6238
14745
7697
15474
12143
6635
4320
1518
6247
6509
4436
4174
10200
8213
17512
18967
13443
16568
1140
15382
16220
11204
9664
9925
8041
9142
818
11517
15017
3096
12776
15736
945
12219
13729
16417
6897
16493
12406
18011
17654
11318
4711
14410
11657
9685
12047
16290
1748
17970
11705
14731
6724
13984
1580
12077
4489
15985
2018
11934
17563
19541
17079
18661
17719
1105
1436
13066
6951
12152
12586
15260
1376
18633
13620
19166
4229
2500
7478
11503
2152
8714
2570
10324
5681
1968
16377
16325
18519
15263
17998
15953
12491
780
12998
19406
4916
17679
2372
15105
15540
1762
6017
13702
19274
1336
8288
16605
16433
7639
8832
4945
16262
3187
13514
11046
14631
11593
16842
2750
214
13045
3131
13192
14012
5168
14779
1671
3691
9001
6494
4442
9276
4830
18558
17485
12375
19992
10895
14395
1233
15521
8433
17501
3280
18787
17375
2164
18602
16222
10020
18351
11755
4581
3181
9113
2516
12693
3865
10211
8993
6131
5613
6377
5891
8801
389
19364
14124
18877
773
9452
15914
12983
9677
12647
8746
9900
7883
10770
12222
4131
3818
9514
2297
10564
18696
18552
470
9296
7269
5527
17849
16161
1207
13763
2541
13022
7771
3712
8013
14331
2789
16196
9598
9387
15449
19298
7833
9731
17363
7828
18247
7501
3840
7300
16644
261
8175
439
5254
17588
6210
17430
13943
16518
7454
18811
15294
18282
6754
2036
9789
15494
18997
5143
5779
9236
5016
2563
10304
18012
5978
17838
1833
7887
6730
17776
6450
7134
12839
2955
2248
12149
7540
15926
15841
9848
11207
5188
5530
9016
13504
4726
12416
1009
5495
13530
12491
3907
11918
2717
16516
7628
6118
10644
744
10814
4685
16099
612
18498
2932
11625
5792
3240
9087
4488
1496
10346
14486
2228
13061
4860
217
7192
13595
4466
14576
19103
2091
4367
15871
9381
7785
644
18457
15323
11432
493
17420
7537
3745
8484
90
11363
11346
1313
2504
8771
7363
12431
19438
6719
1571
6763
13999
8718
7922
10395
14659
16892
11384
7721
2832
18255
13202
3259
1272
9046
11053
3665
18827
17517
8298
14362
10428
11599
9986
882
4370
18777
1891
9116
1237
12343
8889
3128
6888
3693
18088
13474
2806
11716
16756
8263
19076
8719
12708
19332
7782
7897
18875
15453
3918
17932
5702
8726
17344
12640
15988
19794
1281
19039
19167
12581
12493
1169
18761
5240
18695
12841
8705
17465
7851
10155
4261
4124
6272
16696
2018
6355
14985
3608
11862
8805
3162
15042
11159
7758
6792
2283
18508
8658
6841
1448
15993
4575
10203
15490
8408
8126
12880
17910
2946
19125
5991
965
11054
19485
1382
8255
17456
10139
2275
2375
12483
2302
6162
931
11105
17236
15929
13666
8238
15816
10751
11498
3573
12668
1507
4541
19210
703
7144
3527
7215
907
12526
11303
16370
14973
8508
17655
2643
7218
19801
11226
15972
17083
18267
1154
681
1917
8822
17146
9918
9639
10742
4470
13720
17969
19144
2390
12484
1357
5970
16977
14987
17805
7811
15043
11031
2801
8261
9781
15087
682
12015
8358
15358
10256
10039
11347
12914
14429
17285
5992
13473
7300
9314
15043
10469
16241
8559
705
8264
4575
11666
11623
16923
9360
17612
13263
2016
6444
10022
16077
14631
1849
14601
17501
4181
19314
14252
13676
3457
11176
12424
10687
12889
6290
2504
5891
17985
10226
13756
5522
9179
9478
19117
19198
8258
9320
13067
14110
6512
19522
10785
5811
2752
3473
2954
4245
494
6549
1277
13183
1498
466
15908
8947
16299
2534
16971
11595
17648
19143
7507
8765
12866
1176
12678
7370
15173
13288
12357
2948
17261
5704
15132
5306
1821
13511
12279
5569
1387
3660
12815
3040
16224
19534
16413
7864
16635
18419
2767
12366
8597
6691
5848
2007
287
12137
15841
11839
5863
18630
1981
4725
6554
6865
8955
1687
12515
14767
52
14165
9618
10955
17669
9700
16887
12850
2262
3650
19022
19181
7256
4961
17461
18812
3150
19571
10839
16492
4930
17232
9517
3989
19737
18374
3419
19442
7136
3645
5782
8861
9285
6661
12645
5670
2211
3295
15461
4720
2773
4454
3078
8521
11883
10712
723
3716
4314
7396
2415
18837
17326
5234
14586
10376
6363
12489
2036
6462
4049
19425
2008
9733
19566
17702
10121
12306
12077
15237
3019
18718
9436
10646
13032
8666
13739
11558
16147
18033
13888
6784
9193
15961
11016
11640
4147
14452
17128
2228
8872
3177
19761
10071
17456
14043
4306
1579
10147
3843
12071
19305
3311
13166
5936
1960
11801
10741
4572
17793
3323
16981
15012
18491
747
11307
2324
14167
19484
14318
11140
5594
11997
16488
9189
14354
8832
3122
4950
15943
19382
14027
11894
12512
14517
3445
10580
7503
17339
16877
18243
11098
18668
10661
19881
17927
11575
479
13079
1891
888
2088
4242
9999
12630
16206
6831
7207
12428
18048
446
2256
11109
18785
8317
19582
4544
11304
14862
735
17684
12503
6435
2952
14028
9909
4501
19897
19251
13130
3379
6511
2091
10743
15992
1991
6295
3760
1749
778
8569
13559
6382
2905
16214
8694
2113
6262
1813
8281
1856
2860
6246
19557
17408
2781
799
5433
18602
5382
9346
11424
8142
4176
9210
11407
16568
19830
2436
12737
4603
2510
17099
10637
9385
9526
10219
19648
741
12605
5111
9661
4143
14827
8631
8942
8542
16077
8457
18405
12685
1377
16263
15699
1260
17370
11433
19492
2359
11121
19169
4981
17507
1384
1829
4148
2132
15292
3370
7283
1069
2375
19755
2664
3583
15854
17001
1187
1794
6862
3084
684
14689
6558
19912
6713
14351
18305
1755
3978
16888
7882
146
4065
14195
18476
4012
3873
9971
11101
19350
5122
12445
10535
1877
19629
19668
17867
10434
2714
2127
8210
18671
19204
16492
2577
5576
16966
1245
19544
9461
12725
18657
6551
17371
665
1230
141
8675
19528
3562
335
11762
11905
8985
6994
14551
16386
12305
17397
8356
10311
16969
15373
15572
13632
976
7662
19626
4013
8122
851
13466
19288
1492
9195
12609
9775
16697
8352
8910
13757
12317
17509
10884
15332
198
14651
3000
13850
2491
12448
15381
253
16885
17781
17151
9139
15282
15850
4788
12866
16552
8552
238
233
7350
13178
11910
3609
4534
9881
12083
8308
7375
10899
2895
15936
16487
16535
17850
6440
10934
15072
15576
11184
2678
10108
11829
7858
17462
18391
11241
378
12205
5705
11639
1114
6219
3928
11567
19851
939
6411
18707
14401
1861
3661
19255
7369
3809
2650
1249
3042
19974
1481
18128
17045
11952
342
7898
4498
12703
1867
10925
3304
13740
7626
19094
7681
4695
19802
8000
9240
5467
1611
6773
3704
2435
17031
9504
9522
11318
5912
8210
18298
9934
16240
17987
8223
10215
4216
15505
17125
19570
19289
4036
19169
14665
8097
16882
12912
7197
18162
6365
11348
2315
1837
14138
5132
12589
4854
6094
9007
11948
14148
5393
5509
16884
8455
9652
1122
12384
9334
19518
16576
276
5205
16018
12696
3497
5504
10797
5628
11394
19094
14987
18612
2782
12036
969
9683
16551
8300
12517
10581
10439
5779
3361
19991
1178
14756
6759
8531
7070
9316
14278
7383
8134
12851
19451
5985
15119
3323
14987
4121
10602
17497
18380
15979
16024
1637
10371
13791
5620
5567
7240
12407
4297
1560
2503
260
15652
17914
5887
14757
3845
11285
1805
9214
13775
839
2787
1425
7743
3239
15121
9467
8761
12943
3525
3277
989
18339
19759
8837
3353
18114
3517
15785
15864
7176
16198
16160
19064
12253
17922
9933
10713
13374
10134
17001
12050
16358
7630
15643
18237
7192
16066
12918
15090
15084
11899
2255
4882
8244
14191
14714
6010
11881
12423
9664
4599
8375
5762
1983
2008
13890
1747
8830
9023
6515
18758
14411
2290
15203
11104
2676
19534
2882
6851
8510
14843
5060
6512
10117
8218
2122
3143
10352
12666
584
16235
18800
19530
6008
14401
9365
12554
3035
7382
10861
16826
15175
16896
11418
1972
12913
285
15343
1813
14680
4600
19751
12566
12460
14026
10305
14521
18841
11964
1148
15999
212
14091
8331
11926
10912
7652
3285
7056
7613
5103
19053
4143
8047
12521
2504
13724
7206
4553
17600
17526
16111
8580
18692
4168
6390
12555
8025
14035
4118
4050
12402
11915
18431
7180
14023
2718
9507
9074
14197
4462
9885
16706
9266
14912
9438
3268
3435
9389
17046
9064
6172
3030
16795
4043
8267
1492
14936
7385
4897
13837
13717
6764
14118
803
7903
1618
5144
4614
18421
4172
7847
18378
6958
14515
2161
8147
4137
19990
1493
14732
11123
4254
10326
18520
7439
7122
4302
5696
9541
5078
14572
9130
13610
2670
11948
203
7207
3553
7601
15443
9833
5241
14881
7206
1732
15366
7037
9291
15812
17602
9691
12958
7570
239
13635
10112
6464
17757
11618
2190
16017
11848
17614
8367
10248
861
3959
14630
9323
19261
3366
13352
7603
4315
7189
12999
9491
7743
4906
19149
9827
14925
18098
3460
15784
767
6710
13746
15617
17199
7100
18979
6833
12209
4508
10366
12260
2653
3549
2361
17727
7466
6508
19593
17769
8790
15800
14737
3984
2946
7085
14651
409
12762
18188
19397
4072
7603
1795
10419
17224
2733
9678
2915
3671
8119
7113
13501
369
1969
6416
11944
10040
7597
10102
6938
11709
14351
15646
10312
1037
10356
14778
27
9531
13678
7966
9540
16582
11629
2111
6886
11366
16026
9869
19345
19385
9469
10954
2287
3460
5502
5446
12151
16584
5672
9625
15552
5443
16905
13627
3759
10720
11319
10532
9809
8380
3661
6587
6244
8886
19922
12925
14863
9170
8698
15405
18738
12105
4934
19474
6041
17201
18503
16945
17066
2853
17888
999
14493
9713
18185
8963
3211
12444
4304
19871
16703
17713
11834
441
5002
5548
7783
18322
15827
606
8819
12770
1291
6045
2424
8437
18589
16236
10353
7494
6372
12290
2906
13239
12568
10905
1299
18730
5728
4149
3267
8319
11435
10926
19353
6155
4570
1756
8366
16177
533
287
10022
13887
19453
11624
17174
6632
11937
1640
2111
17689
11851
275
8056
12091
14802
2639
19818
1092
11090
7135
12820
17785
7320
14119
19055
5060
11511
5179
18348
462
5209
16712
12506
13306
18319
5119
7556
6846
10857
16409
13846
6366
4353
10316
2496
3815
2737
17257
595
14661
17061
17678
12840
18337
2347
6991
9696
3642
18023
16348
1190
3646
5987
14222
6641
12294
12164
340
5829
4908
19671
18101
19353
905
12522
3201
628
783
7640
2681
12817
960
19964
10647
5409
19210
9639
4506
12015
18143
4044
13042
8062
6549
2712
1925
4815
2614
11679
17948
18495
12645
4561
6798
4429
718
16588
13766
5177
14504
363
4467
19848
4907
18492
844
11204
15336
5296
1150
4673
19753
14667
16723
282
9925
8411
18977
3193
8032
1829
12332
19701
6205
9818
8345
5110
6817
10121
2512
2420
17766
4943
7820
13661
3800
15529
3651
918
13103
12042
17709
12953
13002
9000
12019
11036
8100
4368
8725
13458
5494
13914
5175
3307
13705
567
11145
7703
8214
7942
11186
11528
5148
6951
3032
8404
16092
5223
7855
19769
17044
249
12540
10172
18391
6086
19332
12266
8102
13563
7318
10015
525
19329
12945
4485
124
10250
3635
16084
16160
18215
13216
13368
9822
13015
19947
16688
9739
5113
6020
19763
8459
10050
6302
8077
15524
6058
9435
13671
5182
14433
12119
1636
14873
4832
6606
3495
5995
2009
18027
6194
9813
17168
17166
4362
608
6851
18552
13942
19257
19045
13398
10566
3207
18248
3752
9137
10469
19160
365
17686
3968
5573
941
16804
17550
18425
1474
17237
17929
16584
18500
9685
15271
18820
15984
17088
2615
12816
8596
14665
4250
7021
8025
10712
10492
13616
3726
7819
14446
10004
19949
17533
19649
7116
7436
13507
8128
9585
1186
275
234
1273
19187
19232
1323
14633
16570
18528
16247
1377
3571
2158
290
309
15714
4843
14463
509
9699
11872
10514
16994
10511
11230
15604
4120
7303
4487
5187
107
4640
8101
131
9202
12012
19351
14101
17345
2305
2477
5331
3994
1832
4745
11269
3491
8932
3045
451
9106
3132
7187
18759
17925
2983
7743
10253
975
2547
8817
8907
1997
5042
19055
10407
8694
802
9951
8570
3664
19672
3242
10783
9920
16680
7229
8567
19993
1523
7976
4028
12214
1037
2665
7712
12514
9545
7331
5761
5236
68
4359
19627
9625
8395
3893
13099
1066
14314
668
15020
1276
8658
16093
18927
12406
2630
10734
8171
9980
4611
7866
2815
17610
1737
5957
7920
7453
12842
3086
11364
11532
17485
13837
10681
11636
7743
3067
11298
10416
10936
1585
11711
103
4549
2761
2649
11296
12535
481
3671
15376
5512
6238
287
8980
9445
972
7980
7578
6556
16676
15976
9370
8707
8134
8007
11714
13218
9894
16705
5486
4191
4867
1577
4247
10789
50
11662
19618
10767
16409
11661
17241
662
13976
15985
5911
8789
7202
2025
16733
10677
18920
4356
14786
16730
10519
395
7207
8649
17784
12474
18919
10740
6293
2237
15469
4996
17020
15620
10337
10082
8219
5859
12987
4258
7179
296
17880
18284
810
19545
19337
16360
928
8073
9416
17125
19843
5687
18502
16806
9718
6404
18592
12011
8652
9263
17360
10647
19051
12814
10496
11843
15019
12683
11481
7262
16413
6712
12025
15391
13896
4785
18947
9129
17359
16397
18001
5113
12911
11136
19908
5807
15428
17648
19996
7383
8683
18162
11043
5555
11298
11585
8355
17095
3980
11898
15160
4832
10929
5014
11136
16993
19170
13189
2927
17900
2009
11044
607
18730
5822
18906
4805
2135
12583
15413
5279
15469
14935
1500
16969
19659
14567
976
4398
19233
4419
15076
5564
1403
14155
8150
18128
2408
89
17289
15057
17061
17410
10016
8697
171
3541
2073
1485
3186
15809
13188
5101
3424
7412
15551
6503
13139
15037
10575
614
3878
19123
3709
6696
15139
19695
170
7214
6277
4531
16945
3308
8841
13102
15191
8608
9585
12088
241
6911
12788
5943
371
12555
13414
13541
7632
3233
319
10056
10419
6478
1290
2049
6905
994
10860
5888
10568
16029
13999
14868
8208
13797
2379
3329
5469
12666
7984
18954
14838
3873
1522
5358
245
10972
2512
2286
3779
15834
10243
620
18192
1323
11392
5968
6027
10412
8811
19940
2372
15393
14328
19807
14524
7072
5790
703
11781
6634
14363
7087
13084
8757
12030
15400
3583
13668
7061
116
2636
13368
13043
5198
8504
4351
19581
14596
809
6347
16370
11422
17585
30
12757
761
18567
8001
11288
3884
14019
15732
8295
15212
4342
19071
7246
3435
6852
6631
2343
12283
16991
19549
17444
7664
7457
13872
5013
6563
5926
17507
15607
13714
10851
18681
186
12677
14535
17868
17069
8396
9004
7133
15911
9957
10682
17125
9012
15641
505
19626
6587
550
8688
5678
12297
8343
2111
13922
3452
11151
16341
15671
12013
18340
16943
7061
11418
12232
2830
7364
239
7940
7540
16295
12177
13373
16986
11562
5158
8600
5521
16592
9477
17177
2131
7951
8438
7271
6181
3063
9893
4940
15948
17645
840
6296
936
16566
4490
7653
7089
13678
4755
7894
13453
18969
12086
4152
15276
11409
8728
15690
14624
10686
8632
13465
16700
9091
9855
1636
2279
19637
10084
1983
14845
3207
5564
19698
14915
5824
17117
10497
13604
12942
11470
16487
2669
17972
18029
1403
16002
10815
18364
10389
10811
2390
14121
10090
12222
13295
10712
15314
634
9055
6543
10411
11805
12906
6653
12055
17491
9752
200
16352
2139
15016
10227
6523
616
11870
7144
5770
6129
15223
7335
2620
3253
9566
15659
12815
6063
1848
7221
6230
10577
377
11704
6229
5376
5497
6112
18985
3372
9697
13983
5605
19146
8095
15958
54
14128
2202
2012
6888
1485
18367
13582
8354
15107
5849
19475
8237
10689
7583
651
402
10273
4936
6259
8000
8282
2522
16920
269
12099
4735
1398
2324
16965
5785
17899
93
14524
18956
14045
762
4138
13401
9348
3213
8696
9356
15285
12199
6249
13675
2604
12875
14749
591
12054
17905
19647
17935
4472
11399
6955
13111
160
370
17184
7512
19846
14322
18813
8120
10334
8067
15804
16618
11964
7424
4360
6905
18340
2
15644
2079
13198
2630
4057
7090
4755
7212
16867
2173
342
6459
5625
5772
17714
16803
10927
6944
6363
3962
14665
13955
9427
18728
3575
18134
10317
13022
14920
15846
1462
12929
1900
13598
10564
10725
5962
14357
10014
948
12474
9512
742
16046
2912
17218
6687
14282
16005
919
10975
3002
10932
19696
13394
12012
5326
8673
9064
18765
4747
15991
9692
10217
15086
14093
9730
8781
13347
9181
15885
10638
7127
8787
826
34
14388
19517
12252
10763
9240
6495
8421
2324
4625
17444
19629
11956
14743
622
6658
9040
9733
6318
4685
19229
14486
4879
18108
10691
10744
237
5074
18813
3952
19427
17479
13628
2794
4450
18237
7371
6458
16638
14432
2574
18868
18369
3545
1956
9540
14371
5584
16971
14827
977
6299
3650
18424
13866
4135
12905
8286
12457
8865
9957
13463
10717
15106
19201
85
17876
19605
19790
3200
16725
16742
19210
10002
3053
19241
7391
6731
11618
16516
2338
1393
6403
11354
19068
3815
5472
11573
8773
10185
3382
10064
396
12674
13667
5438
16819
12234
11415
6521
18775
15807
8875
11851
10638
7550
12012
18226
10121
11902
2895
1876
10041
6730
6793
14880
13869
17145
11286
6972
9689
1580
17911
3824
1907
18307
14361
6703
5975
6844
816
9245
10667
1321
16963
3969
540
14284
12832
8008
7495
15538
16784
595
12564
11658
14341
6751
10236
15041
6672
18191
3947
859
1392
13048
9696
7023
19781
7625
18834
9055
19874
1908
6893
17907
12288
7837
3290
8081
3855
14143
10396
8891
19687
17813
11095
16486
7837
12
12203
5458
946
17026
4158
19402
9349
7194
567
6106
16169
7264
1030
5672
10097
14419
4418
18545
5351
8308
5195
4001
12572
16746
9453
3117
2714
15663
13350
16113
6965
12570
15710
225
799
18441
10613
19502
955
939
2620
18328
10698
1448
217
12170
16865
12302
6125
17943
5564
153
3538
16398
5163
3165
7582
2684
874
1811
15589
3391
16719
18942
5723
15491
16221
1881
15926
3355
12789
12735
18801
17405
11084
12342
13229
4282
19447
11960
2963
1912
19779
10048
5109
19246
18049
11470
17042
14620
15870
855
10392
805
14833
17132
9795
7178
1678
14852
18308
9412
10935
12265
7517
10333
8626
13660
13704
6923
2102
230
19799
4426
15103
11613
7799
13909
5985
10095
6478
2977
12953
19821
16739
14870
16606
23
2492
16107
3319
5760
14370
5085
19590
18750
13314
1131
6370
2672
5485
15121
17282
9356
17502
14431
15125
4388
16411
4182
15823
6548
8821
15615
1374
13003
8682
743
19099
2036
9770
8250
5083
8064
18678
3291
15429
9905
2052
19709
1630
13381
11071
12161
4384
16253
4140
6701
16777
16682
10599
6085
7760
14035
2828
17833
19858
18884
19025
2251
19082
4759
560
9931
8128
6520
1059
13585
18488
9047
6024
10373
17291
12719
5988
14318
13299
4494
15236
678
2367
3425
3230
6679
4006
8894
11830
18453
16473
14765
3356
16598
3057
17843
11155
14642
9160
5564
19725
18771
5027
4740
10033
18169
3820
19811
6175
3757
9055
6931
1258
17824
17786
9663
16548
17631
6839
17033
19768
2741
13654
14296
10032
12861
9267
765
13142
3042
15736
14368
3096
9878
18795
1164
18245
14731
10055
2835
14131
18833
6664
16447
4163
1549
7648
10807
3229
14290
14887
14698
17141
4958
11151
15419
1455
13140
7189
14312
15774
5265
11283
8633
9192
13901
17107
4802
1989
2096
1054
725
5382
18095
5299
8295
19411
19298
243
16765
5101
2083
5272
1875
4242
580
14246
4040
15774
7629
19962
3882
12142
2066
8159
17977
1024
3437
4255
7259
17527
10621
19318
7868
4507
5338
19843
12447
8797
12627
14968
1893
18776
6662
1168
6392
6194
18139
12480
18933
16353
1406
646
16149
19659
10040
3006
4790
5094
13673
8916
13450
2879
11076
7539
16476
10678
6470
19068
4698
15109
7668
8498
707
6113
2320
16146
18895
16090
8855
16481
19669
8829
9595
16829
9309
17048
11096
2037
17731
13053
3157
12533
516
10016
8154
16601
1961
1819
3784
8610
493
433
4408
16263
236
7950
500
5827
7562
8173
19532
5292
12124
9588
15319
7300
13175
13882
4231
6856
12916
2825
12742
1574
2109
12607
15570
7819
5847
17326
5811
14906
5867
2498
6485
3609
12723
11843
9287
16198
3709
8176
5134
2630
7967
3724
6854
7070
13655
2037
3319
19131
19069
8430
2896
12779
8809
14527
17858
4078
3578
1299
7163
14055
5450
16575
4254
10381
8619
19298
18396
4767
3485
10055
19089
16468
9008
3463
15677
17167
16145
1580
15453
13233
19283
12912
9189
5801
4859
8389
1053
15206
6343
2446
9493
7054
16763
2697
14726
8839
6282
3504
15271
2034
4094
6357
5160
7543
12709
17835
1135
19131
2488
19395
14349
2191
392
17140
5211
3299
8327
11316
13846
10359
13073
9091
10549
16305
1589
7495
2083
14986
18308
11953
13853
7555
3412
10270
8809
4726
4433
1050
3185
14279
10497
15071
10651
6201
8146
6300
14598
4093
9347
8849
2915
17477
108
4502
16237
10390
10922
15002
13287
540
10923
3209
10801
4567
15890
7783
10118
5779
5448
19418
10805
9558
14207
3044
6490
18099
15396
10509
10489
19995
6369
7039
4246
15155
19404
4491
15379
8224
8751
1129
1447
18303
14612
4924
14520
14609
17389
14228
5397
10388
18494
6029
4146
6285
13992
3893
19520
2208
6898
8523
4104
7458
9557
19971
19588
7942
5093
2758
19099
2420
9432
15350
18871
17240
500
2350
17861
18006
17113
13640
10216
14939
16391
10329
8442
11822
11181
19191
16736
15686
15504
7322
9800
4917
16789
12640
14306
4994
8715
16619
13976
148
15768
18757
12459
18250
670
2692
5516
10696
7657
9800
16660
8748
2808
11808
18145
8735
14181
4557
16013
15943
11187
17631
19244
10232
2195
13851
9410
7563
11859
5886
8894
19687
16099
18395
3255
15995
1542
15360
10498
17869
16626
87
13773
10029
12419
14120
5659
12291
7330
15324
4605
1512
10509
14364
4905
2064
13668
11896
13241
16196
12879
10371
15650
17166
14799
3483
19279
16013
12128
15367
3546
13001
10951
4666
11399
12608
17694
17780
1917
14623
4089
4999
19938
8044
948
2070
12530
8640
15739
10938
10971
6898
7509
13246
5015
1582
14
5098
3463
19653
8864
2622
15273
2750
6429
5652
1686
15914
18844
9639
10747
4405
19197
16339
7377
19513
19995
8946
10235
9516
8589
8421
11868
3225
14360
17620
14802
2028
13877
15980
16627
4295
19098
711
14754
10098
4424
19978
16686
11119
273
3783
6023
491
7043
5219
286
14673
18294
13138
12121
12025
1485
13310
16271
13693
14316
10727
4326
4939
5367
8388
10150
2327
2915
7943
10041
6856
17564
18463
11042
5267
4785
13655
17080
15653
15359
13468
4349
3193
8505
17627
2015
9769
6129
10633
13034
19842
18470
14044
4391
19792
2121
6551
19094
11768
15373
15171
3363
901
6124
9528
15112
15897
12528
1019
6079
19685
1477
3553
2306
13397
5368
13746
4577
1346
2539
6985
5727
3947
8184
13847
6506
7774
19359
17160
19605
16591
10862
6813
17172
16299
19756
5464
13299
11079
4867
16279
13522
16273
3912
4119
13889
7912
4327
5977
5588
10984
6607
4098
3908
3869
5464
3101
322
18777
4109
16347
6776
9504
9497
3131
18654
6400
19090
7940
7414
8991
18525
6447
4901
13804
18396
6433
18062
3639
13115
16342
5004
13181
19379
9722
8555
18492
8152
10960
12068
2181
11142
117
11252
6319
16707
287
13207
10759
2672
8768
1478
10085
6417
5414
75
763
9111
8036
4924
1383
1895
10059
2844
19143
16105
7506
15401
12876
13678
3734
4035
18918
6910
7610
12763
15487
1214
11663
12723
3141
955
15310
13431
7167
10645
8226
3672
9664
6251
18244
6273
18041
17311
17150
10680
16393
18917
561
5011
1424
11277
8049
14931
1665
8843
13357
6882
13814
4191
19661
12965
10653
19270
13045
2878
4271
3933
4006
16448
11105
13388
12612
3119
14004
7799
4370
3124
10184
11036
4952
16283
19821
6282
3463
5065
1849
8991
17651
19645
2742
14363
3359
7393
2195
18918
10871
205
8058
8635
3830
5912
8930
19280
7496
1052
1083
12803
4970
325
17958
3650
398
12246
5799
13015
8346
5912
6675
16686
7920
19039
10820
6853
9352
2908
18859
12527
16409
2680
4356
2564
16310
1428
14693
3113
3573
7834
13073
19607
15148
1535
3977
19051
11028
7256
1506
12457
13328
5461
19186
7310
9030
16126
5795
17041
16555
4745
13642
8468
1214
19221
10865
365
5418
5063
15952
556
7567
11678
2267
15016
8187
5909
14165
9834
16049
6612
1058
3925
9899
3475
17529
6545
956
17613
5721
3699
4334
8828
16883
7786
19626
3895
7717
12649
16023
17733
14790
12428
8473
7292
18589
13704
11898
6267
12876
12724
8583
9472
5098
1518
13745
11463
19023
18859
12660
15359
5096
3487
16340
8554
10890
19237
19426
7282
15139
11756
7071
12035
5580
10398
1048
13288
9274
5069
10799
2790
10964
7516
2650
9455
7839
11880
17829
6340
12597
13234
12402
1802
10837
11082
5793
103
6643
6840
18826
16441
16272
2314
18023
9556
2980
7189
143
1142
17400
394
765
18729
11984
3224
4687
15028
14757
14967
13034
17854
14161
16888
3451
15136
4355
19718
16600
16646
11571
11896
9733
5570
14256
14903
8339
15564
3764
14759
5955
4698
2969
5811
13960
17944
7941
16889
13194
7589
5472
13295
9254
15113
19398
18833
7027
1238
13336
12905
9439
4731
12109
11161
12888
11615
16358
10055
11975
7488
639
19686
7415
15560
19074
2749
17876
17160
16821
6646
6574
2836
10931
18789
9692
5115
5017
5203
10653
16289
13270
12774
16505
506
10981
430
6566
2341
6968
17935
12360
643
13546
4646
1904
11859
6966
7002
15716
16396
4134
12033
8159
8214
6724
4460
12783
6725
12844
11567
12925
723
15170
1617
8394
9880
4672
8748
1620
297
11144
19298
4952
13290
5784
5341
4049
18449
6331
18944
19006
13177
6363
10447
3074
3519
11509
4631
16389
7485
9669
1628
17208
1057
2912
5342
2486
6761
10209
12615
8326
2877
3515
7667
2172
3400
2893
8092
7199
9396
15283
12226
8837
16802
18297
13555
10523
13923
7115
19996
673
10582
2631
19244
16338
15871
4052
12001
17921
13343
17548
10002
7678
1942
13141
18200
13208
19346
5549
8314
1277
146
1923
4692
5693
8155
9699
8898
2381
18998
18345
9326
18535
15461
14007
10484
15438
11424
8513
6831
12079
4017
454
1410
14627
17639
8185
3173
4305
9595
16157
15049
17776
2109
1967
7658
16970
1465
11133
14160
4509
14028
12437
16962
15675
19421
7896
6312
11025
12378
15213
2235
12836
4016
11089
7339
12919
966
3980
5100
4873
13495
4864
3678
7612
8554
11707
19288
11312
6064
7371
13105
8014
153
7537
5194
7393
275
10894
18811
13758
3904
3034
11704
19492
13458
14867
19968
18238
1350
1714
18370
5030
9435
14682
11181
7876
1165
3274
12690
6995
13746
82
4056
17829
15856
15298
7836
6781
9050
19133
5474
16666
10789
9612
14908
14067
13419
18192
18422
18493
4859
14159
4732
4362
18426
15215
4841
10508
13434
4289
6221
3480
18965
14325
15577
2053
2695
16011
17738
11411
9158
4842
16080
6888
13343
5417
3194
13973
6573
3754
7553
7800
17432
2023
17421
15771
8840
15492
9991
18105
12837
10884
15932
16065
17197
10680
3754
5907
17904
818
2794
6951
14668
14680
7515
19245
3936
17523
8967
590
7055
9543
16532
17618
499
8285
13609
7835
1978
14332
12954
14351
12546
15927
2802
19251
18029
19424
5725
11986
10305
17145
10479
12925
18815
299
12244
9804
7645
1391
11701
9091
4866
6346
17316
17935
13502
17623
2788
16720
18788
2780
10327
5233
9220
8733
7654
4018
5609
2223
14951
19591
4844
12293
878
16217
12435
17159
12850
9386
16234
5857
794
8758
14108
9912
1156
19253
19630
6646
5362
16732
18360
294
754
3940
15873
17404
9897
5698
11798
8459
5307
6709
15974
3770
11769
8607
18045
849
10215
4362
15291
13549
329
13740
19409
659
7689
2853
11287
17345
16104
14885
8397
10304
8447
17483
13388
2518
4912
9416
455
17304
11502
9313
16963
18716
5029
15699
10321
15436
10472
8209
6596
16279
17974
7817
11572
18049
4775
2693
15117
1339
8888
462
3924
18573
12849
17002
13592
15344
10672
582
785
12664
14804
10607
10615
5614
1447
11641
19393
4732
3848
7779
3641
18562
12277
10546
17785
15205
6450
15577
12996
5575
17112
9530
12451
114
17341
2503
6394
11053
3931
257
871
16593
3072
3810
6998
11318
498
16182
2436
19238
18620
11139
9550
7059
16666
1065
6580
4676
8797
3076
4592
3306
17275
8111
5613
10673
7734
2211
5766
9971
16615
7454
17565
2726
16231
8670
11636
10486
13946
12108
18059
4109
10488
13781
983
17198
7385
3283
12763
17025
14877
10667
13061
8392
19061
2992
19015
3120
7921
11781
12497
8548
1639
6303
11976
11964
6045
10568
16933
210
755
4896
3468
19285
16
13694
1735
3958
11783
1429
11551
12448
19461
11442
10423
3941
474
257
5860
8403
3554
15406
8493
18245
9999
1801
10491
4534
19445
18756
13373
3536
8657
15574
7259
18754
16183
6562
2196
4305
11350
11569
7414
8869
17290
19739
11737
6980
415
16997
9721
15996
2876
10437
17039
5082
13523
673
18570
15928
5348
16373
175
14514
553
6739
19434
11033
9889
19012
6736
12961
8892
12557
17395
12117
7488
14765
19649
5706
5238
2498
16505
18929
5588
10252
5418
9798
8072
17033
1962
422
19485
18528
8433
19325
2157
5305
8016
15261
19108
105
19792
13355
8556
18347
5611
11763
19739
6954
14209
3707
18421
12603
5560
14517
6974
5223
17140
1519
15104
3175
9743
12804
12726
520
3829
11765
10835
2061
18398
5682
14802
10868
12457
5682
7163
6225
4945
675
270
17846
9422
7451
16783
4500
10923
18989
15598
10875
4768
11895
5457
16093
3020
4983
2945
8593
5360
17502
7566
4436
9994
8093
5792
10314
2349
4604
411
4513
15321
14954
17709
17302
4125
11950
15352
13745
1702
17691
17207
7084
17761
10051
5262
18193
12629
931
12146
6241
14582
14459
17266
11472
4936
4801
9793
10318
19537
12171
11201
5249
12824
19338
19694
5166
5120
18615
548
2646
3419
10949
8429
701
19981
19894
2059
19270
734
8138
16190
4921
8155
18450
19539
18247
15819
18722
7178
19813
1961
11460
14594
1875
17282
9354
12995
12033
8172
7643
10247
16295
16864
19279
9510
8274
5974
7286
476
16191
604
11186
1657
15744
17267
4805
16966
4507
12679
15044
4431
19602
9736
9899
6769
17309
16105
2571
10753
6355
2197
15422
3926
904
19529
6011
6836
2320
12209
18629
5398
6690
14627
10878
18967
3800
6706
792
10045
7218
16432
2156
16675
8250
5316
17764
6978
15138
17412
12018
10523
15113
7790
6340
14275
9789
19145
8335
8971
4859
1683
9320
16331
11666
8870
18194
13451
12517
9868
17681
6158
15438
15067
10013
5435
13312
10640
3794
10793
6854
17764
8836
17542
5415
11533
2448
5252
4362
13588
16686
8961
6390
10894
16451
11281
13490
3993
13810
16330
16076
3541
13458
9644
16533
8188
7899
6283
15273
6623
7738
5402
16556
19071
16005
13398
16016
5573
16584
652
17363
13566
11613
14600
2950
8183
10297
8987
11880
19057
17027
4712
80
7552
865
4139
938
7014
15851
15494
18712
9511
17184
1610
12634
7400
4151
15454
17065
8521
12398
13711
9213
15453
18174
4980
15086
12674
1136
7965
10359
15329
5672
15832
13942
13379
416
12383
16496
19085
8304
8225
1714
15098
16040
4363
17043
4596
14784
10611
8821
18799
18791
7233
17546
16898
1335
13243
6675
10114
8362
14859
5699
5693
18118
6799
578
1264
18867
10044
5005
8422
13166
15824
8731
3469
17174
1747
17787
14518
11011
16297
15897
18473
2198
3799
10815
8003
4427
10063
7416
141
1292
4057
6064
13242
2752
1280
5111
8061
19968
6199
4676
14980
17705
5606
12630
2421
12237
10613
886
16675
1220
17555
16824
365
7745
2851
7776
5267
17663
6180
8002
18678
13338
12156
1441
11691
18489
19808
2649
18172
9577
8642
18457
4027
2566
8696
11271
4228
3762
8101
14599
7182
17416
5958
16439
3885
9194
13403
19154
12039
7830
19183
15316
2576
5847
5446
13468
11461
2872
15395
6957
14274
16851
1395
10031
13056
11656
6809
13012
10159
9033
12375
4084
3467
8402
18262
15353
17790
15062
4434
4375
18098
3700
17572
14771
5873
10856
4141
12132
16635
16606
3452
1847
14787
738
3389
16620
3207
19347
5343
16862
17385
18934
18431
7360
9007
3974
4054
16835
4372
7176
12796
17780
14792
16957
10967
19970
1931
1745
14084
8349
2049
12049
4449
4282
9363
8762
13812
18643
802
13419
17980
10763
936
12220
19474
12655
12749
17608
2331
5368
12323
17158
10573
6126
12958
17078
2875
15046
15187
4566
6143
9643
5036
12724
11683
19387
15590
3006
524
15112
3527
4501
15844
18847
5343
19360
5123
709
17754
16509
10712
9789
14814
2642
11833
8391
9224
9026
7973
18787
15390
19035
14034
4530
15408
7595
17337
8925
15471
12979
15130
12367
362
11252
1004
8829
386
10726
14373
15622
11561
11912
1699
16342
16123
14129
6005
10532
11320
15845
19113
8731
1310
13027
17938
8118
9151
155
5397
18981
17028
19197
14768
300
16030
12045
6152
4618
1124
7314
19854
9847
4142
16877
2510
2662
1709
18055
7123
7946
837
13123
602
10709
12360
8499
1137
12763
14959
1191
10156
15702
17176
11072
12324
5571
5687
15906
2412
17289
2842
17448
5073
12314
11230
7857
205
5329
13191
14008
11465
6523
4288
15521
16877
8339
4399
15503
19749
5478
8116
12851
1585
117
9854
2687
7945
10552
14122
11033
9675
15871
13113
5195
3779
1524
14156
1047
2965
11996
19487
9927
3754
7773
10559
17186
12725
19738
15081
3035
7233
8505
6273
3684
1689
3845
8268
15584
8979
9135
19658
3381
9530
16367
15123
17472
19734
18121
19789
10755
5018
8843
14727
13465
13642
16179
5717
4107
17959
19725
6217
14331
19289
12185
19882
7549
7864
18475
14004
4965
12982
6636
17164
3771
18956
10718
7997
11915
12128
669
4148
11609
16656
1793
10452
17554
7934
12512
16087
350
14711
1936
12034
13586
6241
19914
9924
11874
12513
14762
16747
1971
8327
7251
2115
1421
10262
15760
395
8976
5044
4564
19765
19134
7082
16579
1882
5782
16856
5610
10584
4481
10937
15497
6218
17125
18638
16465
5826
15063
9801
8327
17221
3021
6936
16680
2947
15058
4492
2120
6385
11954
806
9555
4965
10517
3293
1748
1166
11977
3246
4691
11181
19863
64
19833
4019
17752
9266
4752
8793
6081
11364
17062
6134
15225
12735
12304
8801
15979
7426
6762
7427
7734
906
14044
2295
3746
10716
6873
6593
1486
2130
13921
13577
18661
3329
12166
1267
8142
4867
18540
6268
15074
10917
6666
946
3321
15055
1101
14864
3165
17291
5467
12981
2624
1876
18004
2528
2474
4604
1813
16906
1130
8762
5495
14240
19853
16495
7732
12092
12013
17907
1961
8159
16865
19713
11671
11341
114
3164
19844
13924
12237
18588
1663
8986
17140
16856
3616
19571
17360
1297
14957
1564
14497
2457
4153
11175
11893
895
9030
14499
17847
632
8492
14199
191
10892
17298
9819
18312
3866
1145
16338
10910
7752
18841
3208
15894
15627
6274
3781
18552
239
3204
17995
11447
9827
2922
5777
3713
2629
15105
12764
18641
12134
4983
6711
13474
18201
447
9103
4094
11293
3537
18222
2901
10340
11213
3858
5481
14111
14272
2536
10182
11273
1183
10218
15535
10989
19472
18291
9683
12436
8905
13211
1503
18383
560
16276
3501
11037
2337
1151
19386
3289
16590
3339
213
15460
1472
16971
11122
586
2492
15443
19647
1876
7489
12559
366
1641
12622
9760
10097
8193
4673
5876
14212
9064
4217
16576
17924
204
5821
4733
13022
19043
2773
2397
98
3611
7734
15176
15893
18399
188
11511
16070
2371
1103
14860
16440
18125
8648
1356
14654
18208
17069
15899
10566
9126
5528
17426
2572
1625
9878
5439
751
7086
19755
9689
15936
9886
19474
12509
470
114
7362
8138
12735
5547
2125
18199
5169
1868
5986
5612
12543
7012
13970
9859
11047
18076
18511
3452
4328
3737
3120
15319
12240
3470
10386
7954
16435
13409
761
17919
5465
12760
1588
13952
2350
13440
13630
1154
19869
6938
5952
13139
19862
194
18291
8322
16748
16702
19556
3666
12476
10943
14609
12122
6919
16791
432
5180
16864
18359
2478
3872
3457
19779
13428
620
14392
277
5958
7522
959
5099
14694
13142
10121
9966
4309
4138
16728
16000
19449
15752
12908
16033
9210
3708
470
10685
9383
1516
7786
17717
16438
13652
18899
19625
14056
7714
1632
831
11178
2699
18268
13971
12920
13064
2076
19644
12188
12369
3345
19190
3924
12180
18909
7152
14610
11921
3810
9396
12669
2581
1238
4943
11188
2001
5139
19293
4307
11127
5227
7634
14702
18929
13080
935
18746
2845
6993
10751
2411
4329
889
18516
19256
17383
16690
7139
7579
7181
16367
6353
596
6540
19815
11896
15117
5258
12964
9907
1336
18878
12507
4418
2357
12744
10807
4601
80
11146
5966
3627
19367
7591
3957
3247
11912
5015
18447
18348
953
8068
6304
6759
3282
1220
5089
11173
19492
6739
8844
6303
15773
7084
7926
19490
2851
9379
18812
10271
126
15235
10294
15126
16595
2943
3849
4473
426
7895
2745
3616
17041
553
10587
13193
15833
11345
5288
19274
16094
15263
17517
3253
17413
15892
3999
13446
9342
8696
2285
19308
5128
19194
6510
8050
5779
10949
2809
10984
12257
4636
13491
18003
5510
4114
9282
8749
11407
10408
18656
9466
9247
17028
1580
17449
7763
16522
3515
13988
3687
7002
10668
1556
9010
18501
4344
19443
1997
17229
3464
10991
14641
18841
705
2200
9469
4785
14170
8711
16407
4412
8782
14666
682
15220
10829
2608
12077
9219
7277
19790
17925
9436
18365
19915
5536
11160
4058
7918
16226
16523
6235
19650
1502
16738
12583
4964
5082
6044
11591
6249
2484
258
6549
142
1507
15684
8595
8445
12694
10418
7577
5944
13017
5683
1670
17958
15607
16966
17527
1719
15065
15347
3702
6774
6923
4812
18538
7082
320
6501
5132
13704
8108
589
4058
5977
13359
11272
7844
16292
14706
11
35
3864
11178
16116
13481
19575
3961
17923
19508
12994
9587
11672
4829
6813
11038
9386
14349
16255
9139
8257
1614
10713
7746
3282
16927
6784
5842
8597
15202
11545
14693
19587
4688
11936
16409
6801
3308
10036
5483
10436
18324
7394
11415
6032
19667
12685
7194
7153
180
14455
10072
1125
2321
8047
8858
1860
11402
12119
12079
6172
6514
1680
14483
12526
10978
15108
1325
13055
7889
16240
4562
13116
12955
3532
10503
7629
15805
13625
19523
17652
7875
1606
4019
4803
8473
8990
18263
3383
10654
5905
682
2260
4919
14749
8928
6142
17408
13465
9352
10098
16156
1087
11344
