1000
657
1746
183
596
1445
1088
1724
173
1689
1957
1316
1553
1059
969
515
454
224
570
114
1994
582
1416
583
1320
1208
156
339
899
133
1913
503
1327
1245
1051
1316
671
1265
75
366
1880
758
212
300
373
118
1984
846
708
1443
364
1723
269
1560
1035
839
1571
1006
1829
61
1939
136
1296
1374
1722
684
1431
1222
963
271
1478
1864
1085
1739
1912
1414
570
447
1000
1967
1780
339
1859
1076
107
1959
847
840
506
279
901
1620
1927
669
1657
1829
712
1891
1946
275
883
1667
373
1198
974
541
724
1223
342
164
644
1720
1211
21
1828
1777
1143
837
201
928
1679
1911
159
1020
626
310
569
1214
911
421
313
61
756
385
156
293
1601
1983
540
770
202
1063
793
1471
971
316
50
69
1846
615
1085
1634
1208
752
854
889
777
313
1860
1215
1938
374
1959
73
521
1868
1582
271
280
1157
1189
109
1884
1550
1675
790
1929
509
1521
21
1611
1410
511
34
551
1064
1537
782
176
648
1086
1819
1765
75
1561
1018
1159
874
416
1666
1385
1044
882
138
0
619
686
803
1290
667
646
1893
1099
1816
1362
1461
898
163
1233
303
1098
1912
91
1318
652
199
866
1989
1618
814
934
1841
902
1359
199
989
905
723
1685
953
128
1483
1332
1497
1209
1262
588
1549
987
1284
1548
1218
283
1613
494
1828
203
1439
1702
14
1533
523
1204
1664
1797
1531
1625
1259
1276
1466
597
1725
1313
111
479
868
58
1768
1503
240
1128
303
885
1897
1912
1835
1916
1897
1846
966
1865
1816
1212
1222
813
1155
1433
331
266
1192
812
1700
1843
897
1167
1470
315
1578
1185
330
1919
817
1468
25
1456
761
325
230
73
1578
545
81
1007
1144
1284
1252
1078
1918
1797
803
1200
712
430
213
480
1642
1520
1289
237
641
1171
1991
610
1011
1050
565
418
1349
1605
978
1017
233
1232
306
477
770
1625
535
995
310
255
440
206
1406
230
481
1427
1805
1846
1462
1736
363
723
149
891
925
184
1655
1086
626
1037
1427
1599
332
1879
672
438
1353
1470
340
616
1038
170
1597
1273
1359
1766
1291
1438
893
151
1257
1776
668
1174
710
669
528
425
916
168
436
1296
1165
913
1046
1530
1788
1535
386
1160
303
41
1258
281
1031
1012
1823
1397
1673
1814
622
1478
821
74
74
912
1008
541
1521
801
768
1893
1726
50
1363
177
299
1918
60
1610
1537
250
1452
1257
1822
546
153
307
1313
1461
45
463
692
678
1262
1769
902
1812
581
590
885
1427
717
1799
277
297
1035
1139
1327
613
564
1661
1017
1721
1551
413
1950
376
55
1002
1674
1354
381
557
819
701
553
945
1031
1142
1882
1126
79
421
1458
724
1309
454
247
573
983
836
1367
1212
1039
200
1275
1529
1406
751
422
638
1917
441
1771
1972
832
1838
1417
1894
575
1339
852
1991
1826
666
1520
1392
1017
1312
620
1745
1141
1615
505
441
903
1932
1990
1345
1170
267
394
114
495
982
1820
487
894
1437
450
1581
179
551
1413
1942
773
358
333
1309
862
857
1950
1173
319
250
1231
1034
1988
1352
370
1016
1247
464
725
810
532
884
389
363
512
925
57
1961
823
1885
1730
119
553
573
1709
273
1488
421
353
106
632
1370
1676
1666
1083
225
1205
1428
744
850
1197
987
1247
1896
920
1028
1660
1172
1489
1278
1822
945
255
1470
739
35
562
655
1522
713
889
247
1316
49
1732
1029
911
1626
1281
1463
1905
1685
374
1528
1638
1621
1545
789
1509
709
1183
624
349
1016
1663
158
1960
1244
179
876
121
456
170
895
647
1525
940
1384
1702
488
1100
6
654
573
1555
1077
698
607
1054
1716
1872
740
550
996
440
1126
1992
1965
426
1228
1649
1899
1448
1271
520
325
309
1672
520
462
194
1343
24
324
1091
814
1320
1110
1554
812
522
835
127
789
1291
685
1522
222
477
925
511
1655
98
1152
1141
1754
695
958
1571
559
1370
1323
743
1330
554
295
1669
1212
1194
512
1424
413
993
1095
1336
1836
881
1984
544
1173
609
834
1562
1089
362
1583
1410
372
42
990
1668
1583
1848
788
1274
1941
1558
1473
1334
1995
732
1974
1961
1417
454
1460
301
1741
44
223
1509
766
1882
994
1359
30
1115
140
835
1817
1223
873
475
730
1158
59
1215
1549
1344
1543
988
431
1026
140
608
1969
639
1357
1060
860
1697
960
262
1054
874
1055
1091
322
1036
1036
1037
1566
720
1426
1038
1670
1943
278
1578
558
507
1148
794
1724
1633
1558
442
1100
1470
1208
672
1005
1283
1478
1143
937
1142
1278
1096
177
942
674
740
1431
619
1054
721
1909
719
617
1246
1579
973
678
1748
1142
381
1801
1275
652
1800
359
1846
372
1174
806
780
737
690
1667
724
624
679
1475
1180
151
762
689
822
189
451
134
832
1865
457
727
158
1074
600
1688
1942
1637
34
1566
808
1445
1759
1811
1048
1725
2
978
1881
1681
1035
1714
328
1203
530
1967
338
705
1670
163
1555
779
66
1348
1084
1426
665
1848
912
1660
926
1251
955
1348
114
1921
1040
1919
1306
367
1533
1737
1340
1203
685
1646
1111
1132
1834
1396
1981
1875
1228
1285
1438
145
1283
1307
1521
1323
1021
1828
1553
1465
1508
821
786
404
1271
603
1934
1037
1187
1469
1057
1226
718
1612
1517
875
1809
124
107
1435
1727
1997
1487
690
517
1826
