10000
6391
16665
9866
13003
12418
16779
5720
9698
15511
18510
1729
2836
3470
1691
6631
18369
18283
897
16592
1888
11000
11089
14607
19203
14813
5045
3057
17817
13183
10817
2694
8972
2962
12545
10761
13963
4476
13394
13870
7555
4360
17774
8
7398
6020
6303
3860
2061
2039
19860
5957
4089
4226
7089
1324
13685
8978
11296
15300
16760
19359
3558
18488
19815
7141
19345
7826
2935
8764
1741
3328
8080
17878
10806
7237
14605
18004
5927
15385
543
10341
6129
12158
2418
15741
1479
15520
4519
15182
8022
7976
18208
7301
11474
17694
11098
6851
17324
4504
1396
16630
4768
16867
431
11124
13482
9900
9838
17844
5464
8172
16828
15240
1819
10126
9804
13435
16183
17918
8859
12707
19610
14960
5203
9443
17865
2154
14953
2464
12054
19407
10726
7646
12270
18985
5026
14710
47
9650
5644
5526
5430
1056
486
18773
18710
17322
4077
13809
18373
13531
13943
2727
14320
305
3477
18286
16111
13714
1208
17137
5299
9453
7696
15047
15068
10664
5647
3409
15976
9675
19819
19471
18949
5800
5859
16927
3911
2278
19417
18227
3604
12361
1182
17422
7773
13183
9515
2587
648
18985
8907
15337
3496
15556
12630
15495
5390
11539
13688
8472
7545
2795
12561
2163
19464
11099
19765
19195
17424
1077
10323
18741
1482
8701
18867
75
19332
15470
8601
8764
3095
17155
134
11517
5400
9065
17597
4720
19624
11582
2883
13728
11430
12037
8159
10838
17221
15114
5954
12699
7224
12908
1248
13675
12969
7884
14364
16210
1449
1777
19266
3686
15489
10901
14317
16160
39
879
14569
19256
1869
17629
5362
8092
1012
11182
1180
588
4574
19210
17292
12854
0
7199
5091
16297
17270
17033
11259
1112
5552
8604
298
18893
2314
209
6468
8199
7482
5771
8893
401
11618
5637
10891
3616
1894
12378
7178
1577
19255
10224
13881
16701
16590
641
3585
11491
12244
14344
18838
5680
6302
8645
16982
9029
8566
19437
4143
17636
17204
18449
7453
6160
1291
11432
5553
8193
13056
8188
8845
5025
7414
9326
17835
4678
8613
2279
18558
16460
2633
16829
4624
13262
630
12318
2602
6305
11336
795
19282
9006
1977
1300
15790
14473
7084
3676
15496
12850
19239
713
12106
14248
11773
7674
6824
5061
8841
2949
1308
250
14519
8348
11949
1991
17852
5531
17289
10807
3782
19313
18769
5974
2061
12809
15188
3472
6025
15188
19187
13704
17885
19732
4932
6225
14162
15943
13331
4941
11838
9134
16514
1887
10307
11641
11536
9039
9972
5362
9560
15194
15186
18818
6224
9618
14101
18724
8850
17625
4453
11076
1080
6742
8265
2514
9760
7410
6806
16873
17263
13074
17513
4951
17074
14641
18993
4297
18111
5912
5891
10325
18714
17949
7184
11971
9684
17590
2900
14712
18989
14552
16357
9824
19322
11728
7980
11575
18626
1821
10704
8181
18754
16425
17517
11124
9712
12546
7076
14943
17373
10137
16620
13976
16276
16309
18790
6982
6175
853
18030
15418
7464
3137
7725
4700
12989
19883
11532
5175
3661
9736
6403
6717
11599
14117
19279
4792
705
10215
10049
12687
5294
13379
8051
16625
6537
13399
278
10017
8406
17539
4264
5949
12744
11367
1697
18253
8773
8923
3564
3877
4901
18661
6450
8279
9721
8730
49
18328
8713
12340
8300
14765
14134
684
2973
18738
9790
10453
15878
19814
13757
8021
3876
14231
1488
3840
548
2533
16374
10802
3344
2550
11695
15849
11074
5142
10502
13117
2233
16968
12203
16349
12649
269
16185
15080
1453
19631
10070
4068
11672
5291
10105
18046
13033
16858
7269
12382
1180
14170
10644
5190
11100
16669
12239
392
9175
19246
2073
18209
13323
987
11404
4758
19708
14787
5179
585
14247
3262
1942
3128
6896
8067
12876
12146
11800
9210
2027
119
11211
17055
11363
11051
1941
6767
360
7670
6324
14867
2070
18235
3337
10342
1071
12691
15112
6532
960
8837
3503
2129
9089
1701
3156
13378
17179
9702
13527
2028
14789
18653
16694
19880
839
16532
9054
9888
1375
11623
19711
16121
16705
18686
16185
2908
16025
4840
11987
17154
15340
7760
9322
988
11132
18911
2438
509
15755
2094
4456
16708
17591
7749
15840
10345
900
8981
19772
9187
2487
19375
16570
180
16702
10751
18398
6131
14797
9480
17279
2035
17571
8317
3611
9492
3883
1945
12235
12550
6462
3580
18930
14230
5958
8131
719
567
7710
12323
2801
19726
9429
10977
4970
15449
2737
17681
3548
380
1455
13001
2512
9034
1129
16960
16966
14765
657
6985
10279
147
16538
1254
1174
10229
1174
16779
3333
7396
2329
9841
6563
1330
4124
9619
787
4507
16670
13032
6872
8558
1893
9469
2284
19419
13634
18990
11216
8315
8914
16097
10974
19159
3681
18848
19162
9110
10634
9937
16711
12998
11801
19987
15861
15078
14001
18839
10808
4717
17001
16249
981
6459
3825
5305
15413
3611
6322
14779
2972
10993
16883
15575
2387
5958
6617
3261
13985
13356
6470
3081
18616
3984
9762
13950
17900
10364
18679
19267
2719
6310
1878
16599
16375
10200
9367
882
4785
860
3005
6905
12974
17828
11992
6589
15755
19348
16132
12113
1423
15533
7663
13190
4990
12566
5560
13286
19339
4776
4659
1417
9578
6359
10793
14326
8450
6296
2268
16282
3361
13876
10344
14750
15498
11848
9284
10120
11082
12821
1000
4145
12681
12778
13129
12574
9403
5452
18432
16861
7286
7264
4680
10846
19294
7541
6662
1099
18363
18929
5827
19398
17260
7254
4085
14590
6261
17648
13404
9613
4308
18973
19912
14160
12594
16698
183
3108
8724
3815
5724
11385
14033
4918
10619
182
16702
12661
12945
10506
9573
19604
1009
3722
277
6389
18377
19723
1330
9489
6915
18718
17869
11425
2759
18115
9966
16687
1150
7435
2093
5465
14289
302
193
11422
12688
8101
9008
4073
9262
7718
12709
1432
6186
19290
63
16552
1864
2588
3589
2782
8670
17840
1880
17140
16171
6525
1601
16766
18177
8008
8810
16472
387
10863
5353
6158
5002
6943
18166
4295
16642
147
7997
4975
6001
18857
8591
16896
11575
13250
18451
9164
5680
6582
15066
842
5687
6002
10224
7738
17957
13904
12238
2966
12887
15920
18893
4280
2989
11864
9461
17858
15855
14565
8723
4814
16586
13581
16841
2066
17112
3539
15231
5903
7742
10406
1847
10647
11118
10999
1758
152
1005
4533
18975
17929
8623
17542
5489
4624
7038
516
17969
14350
11610
7921
16714
4296
3418
18393
8368
18611
9936
18371
1421
14298
8395
19667
18227
19439
11510
9215
12719
12460
12734
15724
18623
6405
16337
18052
12794
15756
5281
3190
9325
3647
4551
15563
11687
18162
2821
19712
13578
19925
2948
1893
4513
16067
17692
8272
1009
12998
19506
4383
7784
1865
14491
4585
6130
12860
14783
7487
17323
3742
857
16324
9327
17738
19931
18566
5324
10656
12590
18264
11801
16014
2454
7181
8480
13307
15764
6483
13238
15633
18022
14602
16780
6853
18153
12959
11902
8867
17535
9290
10632
1466
12779
10112
2297
2978
5848
12118
9215
14213
601
1523
8674
17
6796
6160
6861
11865
7384
7918
18374
4322
2806
18868
1727
14033
9868
4260
16357
15631
2771
15257
2070
8854
10458
15840
13008
698
8291
18543
16580
3639
13612
5734
10505
14962
19112
15905
8748
4623
17324
1655
5157
4143
14470
2930
8709
18564
4646
11723
3212
10483
17185
15073
10744
18275
3594
18134
9943
10952
13857
3014
17853
12743
13096
4037
6513
806
10544
6804
8674
3730
13875
3936
1335
10315
7354
13207
9923
3472
2686
5319
4375
931
15691
11317
3250
16280
2081
7063
19412
8383
9268
19567
4656
9996
16692
18628
15487
11007
6503
9118
11153
12629
16945
14974
5247
5994
4214
8280
8668
17961
310
4814
7338
2675
6199
7434
18728
3335
2209
567
6537
13811
4930
19677
3968
9464
17617
9975
3831
7507
12560
8563
8191
7149
5131
6309
866
15873
13278
9384
7220
18277
11698
4050
6760
19767
2887
2931
1567
2469
15598
19434
6971
8889
13517
14788
690
6175
9702
10066
18973
3221
14353
9349
2512
10862
5605
18665
5284
10114
14646
15643
1296
246
14296
10569
11383
14147
4545
5060
6842
11462
15373
19908
5614
2947
1659
6937
4872
3127
14037
5417
19701
14137
6029
10026
18086
19499
17442
17662
12233
14915
16354
7494
2931
8976
3241
16453
4185
8268
8712
9746
17053
2173
14113
15193
517
17255
14766
13199
3816
19058
16642
11407
7138
15155
2023
10294
16519
8825
19654
14615
2772
2455
5318
7548
769
16585
7595
15323
5170
15204
14528
7920
18893
19647
11759
1884
1094
19832
15084
14714
18837
17060
2354
12730
7369
3639
17253
6972
4375
11436
16311
1418
17418
7602
6054
9650
5118
18835
6530
17983
9160
97
3148
19347
5773
4831
826
707
18803
19434
18296
1295
3124
4771
19720
15164
9166
10489
8746
13776
8120
11607
822
8874
11664
13064
14278
10779
12303
10754
1905
19493
4445
7318
17810
2798
7809
13427
3335
417
10257
4561
1461
16961
744
15393
7529
3467
6069
686
410
13767
3664
14607
10154
18986
18599
4813
18282
13036
13783
13996
5277
3265
13750
18839
19701
11829
141
12812
14106
1417
1988
9057
18697
15653
14037
18546
19641
17881
8162
14057
56
4788
18914
17576
12660
704
11158
16085
6134
1176
6330
8451
8585
5510
4983
9273
16057
12445
16950
9697
12246
13488
13039
11663
6295
14222
13919
4651
16987
13115
9144
15518
8618
2988
9298
9461
2203
19742
2399
18005
4303
6579
3325
17499
7514
18602
900
1294
7842
826
11103
1380
18879
18635
17335
5934
17475
13712
3979
17248
3155
14053
2972
7425
16211
15682
9701
16171
2368
9849
3656
13248
16567
19474
7234
8457
2995
5727
7489
15852
9652
10238
8556
10314
1306
6284
18592
5873
11984
18048
16668
15333
1862
19467
8626
5862
1335
3242
19486
7486
7786
5573
7890
1865
8947
14888
15792
6657
13625
12571
8561
870
12723
19903
2978
15110
5291
6312
17582
14638
740
882
10582
3629
1528
11649
2686
6337
15034
3033
5825
11073
13659
12822
1860
6502
9512
12393
11240
17431
7984
12176
2713
11216
2050
3857
19587
8493
2709
19827
8293
8952
16386
11736
1470
10861
16332
2843
10723
711
11840
13314
14450
841
17111
8096
5377
7883
12312
9450
19632
12542
13402
14003
6493
10814
11208
12711
1110
11571
11101
9664
13864
8484
13230
4905
7286
16217
8967
15148
8518
3530
3917
17306
726
16170
4867
11991
12076
8874
7144
8542
7786
6539
6398
2649
14528
14948
16678
11765
19292
6124
10342
4997
2236
2692
16876
214
6852
3684
6092
4394
14795
15008
3749
9108
6256
11831
16258
16782
17162
10584
18845
18042
15709
6482
15902
13460
328
2134
8001
10256
1243
10379
11221
3765
12389
15342
3232
10325
5260
6339
6560
13832
15542
4348
6380
1540
8516
13253
7289
17339
14079
4330
17945
1329
17482
13478
6398
8633
4983
13481
4861
5067
12277
3748
12077
18403
11367
15668
7086
8953
13008
521
13158
19097
12555
658
18438
1375
19671
8007
17196
5297
10863
11987
6274
8696
6935
4892
11971
19387
10194
6896
17150
19226
15345
18701
16403
12101
7302
14380
18426
7383
9878
17003
13475
4754
5453
2327
3064
4600
18412
755
3358
13731
13533
13159
17562
8450
4359
15527
12145
19568
13789
9854
17384
2162
12496
10648
2154
109
16741
905
4552
1090
15489
13117
2522
12232
8865
1277
17028
15428
12871
15355
9652
16038
11054
11546
18407
15395
17054
5020
11339
10603
18491
16073
10815
1095
1048
11322
13783
12529
9993
12767
3580
6415
13526
3635
10832
10157
15659
12986
7407
3574
12780
18675
17617
17199
1798
4608
7884
3920
4705
18799
1878
16255
1553
15205
14119
8779
4492
5702
701
16739
10646
18915
16570
16401
2648
14368
12424
5142
11823
14081
9629
14338
16480
15088
3897
6416
5353
17838
17644
11164
18451
18772
8853
14146
8452
15620
4485
5909
12816
17841
12801
6712
14864
4231
10918
19516
1195
12889
14727
5911
4688
12997
14003
4253
10694
11846
11314
4030
8410
16790
19597
19388
6680
5822
5837
16934
7445
16571
4699
9046
969
1999
7943
1028
19578
13537
612
12005
7507
9009
19185
8004
9971
4573
6451
14938
14338
553
4445
18861
10591
5742
12306
17475
18164
2978
14209
3233
6443
18847
11214
13220
11450
15507
9330
16955
17625
14884
5049
16767
1461
19805
3817
13456
17693
10394
15970
14414
505
2220
7905
3473
17178
11145
14974
5285
15436
8499
11574
1573
10600
12099
5507
9106
13159
7762
134
401
7185
2340
13767
10463
8787
13457
5651
14705
18671
10385
1573
18380
15182
8548
63
16221
4368
15483
3799
11735
11171
16934
14607
18823
16946
667
15836
2165
8021
12832
6248
1113
4646
12661
6099
664
13908
15745
8628
11834
19088
9207
9726
8008
6981
12068
5822
19463
9668
19576
15904
1132
1853
8335
177
3419
13259
17019
9343
2720
17510
10896
12764
16457
17180
17803
11330
2302
2841
10080
16912
15678
10082
14014
7634
2423
2530
18049
10240
15362
2108
13397
8349
15000
11871
3553
9951
18453
3031
15447
12910
7048
9664
2359
17509
11252
16854
4027
12822
14982
18280
14530
13674
7922
10826
15964
1478
18381
3946
7151
13097
12449
1242
18980
15666
7697
18540
13105
16926
15113
5756
17028
15182
18592
13287
9032
200
17261
16345
10487
12660
8643
6500
8861
12455
14475
17708
6724
3324
8412
19136
3361
9726
11674
14083
12795
4226
3048
16488
10483
8145
14091
15868
9428
10052
11004
8989
13401
19592
17673
17129
10773
7553
8330
3729
13155
14122
1115
6860
17098
2874
7930
14184
19981
11010
8479
19067
9261
17971
11827
1335
667
12989
7470
17020
19741
12371
5905
18376
15900
17066
11357
4682
10280
10655
18254
16244
9033
5464
11607
19150
14051
18946
11739
4102
68
13178
18149
646
9262
13544
8613
3550
14972
11302
11976
18784
16754
2174
8818
6283
19333
8337
3867
17919
3012
6548
19427
19791
17986
1492
8083
7701
10913
15674
3154
3775
11165
6890
11776
14567
2386
3269
5843
16192
17450
16143
15659
15852
15303
12203
3476
17771
5897
5122
10936
7533
2205
4834
6590
5577
15139
5859
12003
16934
5050
18437
3347
8214
10954
5173
4420
7427
6989
14830
3472
3649
12219
18268
1357
15075
17360
16636
650
2506
19452
19520
10600
6808
14152
1359
594
5571
5408
18504
219
5893
10465
14630
6131
2064
16255
14175
12133
12318
2227
18663
14192
9798
7745
16050
19808
10539
610
4887
14408
8494
2290
11056
14975
7556
9495
10877
16436
11555
9676
19656
3375
14037
12458
10403
18373
18415
17426
8429
6711
9692
6841
1236
7784
14450
18416
9013
14265
1062
239
7551
5731
12379
13502
1973
1744
14069
1248
7346
8503
15372
2556
19302
1170
508
8169
10463
4093
8761
16213
1507
8366
7968
6386
2393
1963
7337
14014
9512
16524
19257
14445
11063
13422
6259
3605
13300
10577
13134
9462
15536
18767
4802
7332
6535
12794
7484
18226
19261
3120
16721
1725
4836
3293
18415
12626
18587
1422
1327
19165
1680
5261
3015
17743
4517
1566
4732
12650
14576
13845
9236
8973
4989
16785
4169
727
4367
569
4442
2393
18083
19090
10204
17021
9205
15642
717
13261
2876
10660
4937
8001
11216
6864
5973
16233
7884
16038
13977
10003
19886
3343
17707
153
6108
17105
5158
7562
6433
19589
9210
2803
12564
9174
8285
18410
16313
15319
19166
4631
10817
16897
1498
17856
9741
18441
19336
16079
8752
8507
19183
12193
1202
7413
17655
2734
3056
17665
15068
1585
15265
9744
8031
243
12340
1264
19224
16440
181
14538
18598
18405
17710
3002
16550
3691
19050
620
10914
10293
2357
431
3072
11499
6143
15129
6363
1697
10815
13719
816
19839
6228
6447
14319
3437
8551
308
18609
2042
14956
453
1896
7721
7143
6979
2834
7801
4524
18060
13767
15088
14591
14425
8306
8003
7641
9136
4413
1764
5260
16391
17540
14153
2206
19158
4524
11381
14417
215
16876
16389
12707
9117
14537
8953
18193
4174
6336
10364
1142
13279
8285
6418
15602
13034
7336
12510
10725
3534
15103
8429
1051
14052
7550
8866
6402
1433
5531
12447
8950
10317
14254
11309
5725
2822
16109
10344
9326
3217
9815
9737
1357
17367
1286
561
18257
8408
8839
111
11207
14183
14470
15823
9839
14690
14818
10144
13444
5004
927
7231
18458
18344
19547
2469
9631
16052
2520
5322
2851
19392
15608
1844
8404
3082
16679
7712
14370
4919
658
18251
2434
5007
13845
10174
9934
7446
626
8948
5769
14563
3262
19242
17409
9855
14581
4066
14765
13883
18830
10803
9717
5262
9577
12944
16752
12938
15844
18547
10376
1722
269
38
19355
2938
18418
110
5339
16083
14900
2773
13717
13873
12602
18386
8975
14979
18850
8983
3786
8175
10066
12055
7430
6031
9740
7730
3525
13452
16864
11230
4423
4629
16348
4756
16181
18044
3871
4436
14490
17037
12203
14677
15499
3404
19192
14061
6824
4330
16165
5050
13914
15140
17129
19851
16700
12152
14280
12813
14486
6148
10785
16790
11972
1565
19620
9032
6645
19593
18081
15682
10127
5753
10715
9321
880
11175
6876
2926
9168
12360
8802
14877
1730
18125
16215
8641
5657
16668
19646
15415
9799
11878
16713
10349
1985
10981
1160
19798
19870
15412
15356
15854
17918
7723
14121
13477
5671
11477
18985
2633
3243
7983
19070
10036
19910
13536
16031
10671
9155
752
18036
1090
957
19334
8413
2617
17859
13857
18220
3444
597
3539
19507
9707
17291
6741
120
6364
17109
13163
13925
9299
18397
7126
9307
10580
16521
11023
7591
3944
15644
5734
10509
4898
7356
15928
12577
2637
3534
422
9268
2036
12189
19992
10283
19277
6298
16109
4428
7171
2878
17565
10514
17278
5962
12654
11200
11729
15311
15056
4625
12352
16426
629
8397
19724
11335
17327
18584
4445
18118
16936
3845
3979
475
600
2280
15944
19631
17991
2473
10509
3716
17056
19509
15520
15030
8941
15150
8479
7741
4405
5506
8843
18831
7087
5081
3572
2051
1249
8872
1341
2735
14361
8930
5516
13074
17063
14510
4689
10798
2070
15636
17295
494
3110
17457
2444
11366
5575
3691
11153
18583
179
2270
7102
12721
8904
10516
7534
12147
3552
6451
9601
10606
8048
19184
11948
12263
3546
12449
16826
12732
12366
18704
861
19582
4068
4972
6581
6684
12047
17658
4284
7040
958
7496
10731
6323
724
1538
19213
12571
4002
4798
8734
165
11998
14641
11583
3326
15619
9796
18457
11739
516
17538
17547
8920
17933
168
5746
18493
18073
2623
10899
19549
1066
4646
7432
792
5064
4103
12229
18305
14329
14764
2247
16953
16985
7691
5752
11034
19734
13661
7521
7184
9227
9580
5228
16033
9463
14506
10068
9358
12057
2814
16619
9041
13931
5306
6088
1542
6648
16712
12940
12102
14202
10339
5775
303
15828
4801
11564
15135
9641
9454
13733
11679
2072
9172
916
2269
5813
3926
18160
5649
12485
6108
19160
14945
15189
841
607
4512
9526
9416
660
1169
5849
9669
3020
16905
1700
17528
13551
5042
13327
5563
5372
4428
12510
12189
15353
9807
3770
6032
8091
14091
4750
3804
17518
6000
16155
11894
9505
13802
4345
13067
10386
19011
12810
18455
16338
17548
6300
2867
4148
7991
10428
10442
2583
14012
8433
3468
17613
6779
4732
10683
12295
3201
16330
5123
15744
12995
18931
19463
16707
8839
2034
2390
1849
5635
10305
17661
6899
11549
11057
3702
624
7217
7587
16765
2955
7153
19590
10979
13061
17862
1133
7580
16490
11573
19276
8243
4643
541
5519
13950
2679
13725
12119
11052
126
16691
8658
1018
18692
574
9142
16837
1655
4677
2394
16249
8205
14224
400
15496
13076
5684
8867
10903
18871
4717
12809
4306
17930
5251
15749
9312
5843
10703
18396
2449
9877
10839
11985
14963
15610
3125
4031
8420
14812
2838
17971
1410
17584
606
4836
1471
14607
17704
336
10000
4130
15083
532
1604
11850
12953
1223
721
17962
10401
10164
10601
12081
4308
2770
1069
18856
9220
17249
7768
16532
10889
15331
7164
2536
7613
18581
3530
18666
9447
5129
11722
3296
12533
4097
11787
1015
18530
17002
10964
8048
4311
8947
13113
19687
16366
14280
9961
961
5617
1583
1412
17458
2849
8958
3018
2537
6579
8535
3119
5944
13076
11458
14219
12035
12461
18789
12621
3236
8578
2018
9295
16473
4981
12653
14372
8715
16584
9001
3278
252
15135
1726
18253
13100
9283
7576
19570
3943
2370
2431
19121
9614
15156
11567
3317
14785
14361
14612
45
5990
10334
11939
15620
1369
4799
11575
17038
11792
8422
13959
14399
11786
6257
385
2102
14323
11602
12613
3830
3798
13840
9440
1205
10656
5162
6020
16716
18157
16284
2944
13135
10929
3290
16993
13368
7941
15193
12645
14716
8907
10957
16535
735
7936
13325
10060
10051
8574
13747
1849
12507
18411
14527
10895
19037
15777
5883
4788
16182
15707
12441
3295
6616
14616
2617
8592
13103
879
6311
19306
14801
8016
7873
13646
13043
11795
5238
10164
14456
8351
12809
12648
3172
11353
1237
6463
17871
14342
107
5333
7670
5631
3062
4677
7083
14609
19872
11044
13996
5229
5229
1402
6033
2738
18245
10462
7231
7381
13679
2636
5337
13931
10681
13894
19735
19059
6516
3269
4462
17763
956
7482
14735
5229
14678
17893
428
13517
6322
14640
6996
14002
1935
2442
16352
10854
19998
14268
18598
4700
13630
5609
7339
16054
10054
3046
4982
15855
11714
11284
3135
14379
277
8950
7302
185
7133
819
15808
8419
851
19370
4779
13298
4785
18765
18979
17184
17039
3388
5870
3227
12454
10974
15217
275
7797
19198
12710
7393
7586
19904
11109
1267
792
17662
9118
6840
14798
14468
4329
12837
18729
18244
4469
12289
1848
19735
10685
4563
18941
13009
14009
12134
3979
5536
18480
7511
18218
19360
1642
9051
4535
15389
4100
15183
11721
15655
15037
13053
18031
19339
5229
7719
15765
180
18902
12724
2662
1597
1938
3668
8075
16081
3180
19890
3857
10529
11850
12597
15464
14402
17992
12754
3239
19361
19296
2322
2637
12483
12517
4764
16131
6205
17712
19455
13470
12620
15121
4925
16832
9650
6407
18231
11998
6639
11082
6001
19100
19320
9349
15522
18515
2806
16034
13211
11125
6397
3198
10737
9960
1031
11195
1961
3374
16237
12980
14175
15814
65
3435
6962
5738
1387
6110
18287
6809
1726
19545
5785
9711
17110
6085
5138
849
5841
12989
19049
8421
4583
9537
10752
1693
1191
16547
7768
884
8399
17343
19227
17937
11399
4392
17734
12841
7003
17694
5041
2241
11284
12731
13629
15440
11537
7308
2840
4451
2439
10845
17840
9115
9618
7469
10738
7505
18519
18913
12221
17241
19704
17396
2568
2948
19474
19148
5805
5343
18167
16104
16593
17721
15683
6901
17520
18274
3389
8704
2378
3919
7244
10726
6020
7835
1875
1735
9948
17863
18059
3096
12941
12097
12731
16280
17562
3234
7734
19642
3099
5393
1458
1282
17986
1926
7584
11659
6537
6409
2925
2308
4089
2329
4724
5147
18233
18120
15261
6737
17649
3235
18678
5902
3194
4880
8845
6477
18533
15408
7207
18392
16228
10756
7232
13198
13881
16012
14271
19233
537
13961
18901
15292
5404
2468
15635
929
17795
7304
3493
14353
3911
459
686
19781
16730
8394
10433
6521
5244
8818
15129
19976
13501
8666
19638
18835
7433
11405
5940
16186
7413
11207
490
10861
11173
19029
12124
18236
14007
13854
62
12011
12911
9984
13957
4417
12960
14675
6955
1408
5428
5931
14879
3087
505
6457
12999
13170
10856
18320
8243
8443
2418
19749
17439
2010
3785
4399
19909
16624
18696
12270
15612
16385
4384
13129
2993
8072
9600
13167
10144
3396
17185
7103
1071
15088
2315
2659
16391
19281
16775
3543
9840
7112
2467
5384
3944
14567
15131
7991
5312
2624
426
13020
14420
2777
13932
200
19780
14972
8495
1026
3827
3691
3894
5459
2427
19025
3337
5694
1195
16915
12093
4359
17855
2085
15227
5076
4410
3225
5520
7408
7619
2578
19953
11916
985
4694
17832
7681
6291
6114
16191
5745
1145
19096
72
747
633
4084
13766
5868
9543
1244
18172
9859
1044
14549
12112
2445
12105
18610
6204
13279
7232
6056
3217
16418
5855
12637
5768
19001
13843
18942
8518
9086
18149
496
18666
6826
16155
4734
2743
11315
77
913
13529
2159
866
4702
3478
8311
519
12761
1682
14856
6316
18183
8286
15843
5083
6865
1695
16243
4918
9492
19094
5102
5739
3477
16594
21
6390
10739
10958
9814
11220
13557
17319
8529
17567
9186
19615
18935
331
4815
8327
2925
1723
786
15373
1201
18913
2070
10881
9908
15377
15048
13605
15813
5280
17261
10897
12047
3358
3958
8065
14808
17965
13324
11804
17066
2269
13734
4640
11887
18246
17817
1839
6325
4865
11375
3504
14481
13283
14960
13188
17856
13719
19517
2598
4616
663
1180
14910
1916
2087
11437
11298
7999
4430
19514
16425
14240
11506
2829
7246
14212
6862
13852
1021
3874
8466
5664
12029
3911
4088
7652
17114
16890
2622
10136
1806
1945
3237
4868
10443
12418
17605
9050
5383
18958
9930
4516
15461
16919
336
17277
17052
4699
3702
7580
5926
9912
12962
3338
1607
10423
6129
11957
9144
8806
19161
11357
1935
3133
7645
17899
9165
11107
10732
10370
12707
1320
1622
19213
2690
722
12492
19736
12286
1014
12083
10939
1246
2556
16133
8177
7202
12806
3076
9479
7505
13801
13915
6543
16927
13113
532
19476
19063
6691
2479
2568
19243
15059
8101
19449
14229
2870
58
13571
9544
15546
11288
3423
8792
7314
622
4248
5155
11478
7397
3678
18522
3751
10394
7668
19792
3311
16636
19332
10910
11815
19140
16594
7217
1682
10380
10093
16625
17831
1934
11554
13934
19756
13978
13515
3337
16253
6451
15525
6844
14476
5062
16671
6439
4611
14280
9294
13272
19045
13036
11517
4534
2994
9629
13442
17994
3753
10174
17324
12043
7336
1020
19640
18469
15470
11020
16643
6597
642
10470
12506
17251
14765
17534
8941
9484
577
15835
3138
11850
4509
14549
19269
14963
14249
2448
11997
12651
17340
6512
7578
11543
10493
55
3307
7615
1862
10978
652
11871
8196
10941
9436
18346
11643
1086
5676
16700
16423
14693
17043
11162
9213
2701
5599
9320
2479
4207
11207
10055
1359
13300
2139
5448
17451
5365
14493
15506
9366
5009
15081
10476
2984
810
8654
17383
8891
10844
11425
16427
1590
3355
12647
16061
19303
17608
368
16298
1001
17647
8291
754
102
5217
18260
12755
3029
1961
2867
6417
16708
1132
13374
16127
4401
2338
13654
5421
11602
16620
13135
7439
16117
11313
18400
12549
4801
19897
9435
11916
15771
1220
11287
9312
4293
19016
4168
7500
16736
198
14992
976
3795
5672
9839
16526
10692
3385
18326
9937
3394
10753
7994
19834
14661
11387
1283
10952
11854
7316
2180
8675
712
19106
13157
14341
5328
12351
6011
16998
7216
2849
10522
2627
18662
12184
9537
10187
16004
14915
1395
1189
2193
11407
17766
14944
10605
6701
8340
11193
16177
2190
11919
8291
4788
5501
2002
9558
875
18010
19634
4342
14024
3727
13587
6303
5827
14032
5623
15882
13878
19220
7857
18207
16513
6922
632
7831
14479
19994
10679
1196
12592
8282
9281
8767
10885
6633
18241
6310
19066
10124
17936
9936
4781
15906
4864
14646
19501
11621
13269
3808
14269
3136
15604
8529
9368
17511
7763
19601
16239
1688
11759
917
18446
9325
8477
11404
1020
4346
13432
9832
15809
2281
15769
15527
17762
7727
14245
7262
1863
16106
14688
19233
8766
19962
7295
5681
13625
1530
13755
6914
14578
14746
7201
5032
18414
6009
6535
11198
6079
4580
7001
13202
12580
13829
6769
14576
19051
13930
14181
6698
8087
2228
4379
6113
285
5688
9175
5938
5799
4630
8148
19424
17243
14771
18065
3961
10742
3829
2723
10824
12818
250
17193
17975
10983
4566
12317
17823
8654
7271
2822
8270
1824
13974
19946
14131
10012
5549
2432
936
13192
15375
13507
19933
15823
19608
13763
8957
5545
6547
5398
16255
6200
2674
6412
14156
9550
6669
544
14247
15756
3514
5930
8510
2854
4901
5969
12876
12610
7724
5150
18760
6751
9018
8235
12493
18706
4990
4795
12007
19147
9703
4579
10423
18198
3614
9830
8739
13662
10432
15710
12765
4844
1366
6710
17454
10733
339
16149
9567
6641
11018
6804
17092
3503
10570
3249
11334
9447
759
1596
2379
16960
5157
4654
3107
15567
16947
12986
13586
16889
9122
4924
13781
16367
15793
10894
18611
9656
8727
2969
4737
2446
8604
2407
15922
4030
16979
14327
5017
8722
9368
15787
5405
4972
9314
6460
15224
17608
18117
7117
18219
868
17640
2396
5122
12732
8158
16085
16415
5677
2242
18465
15110
16188
2356
6492
18533
12079
9418
19139
19677
1816
19541
2124
1425
15314
15090
11248
10282
9380
5097
8067
9252
12003
1125
12933
13369
8021
2448
14480
16776
8783
1034
16977
9026
10399
5831
17684
17584
1926
19267
13593
19236
18621
9506
2979
10619
16792
11207
15918
7404
13960
15249
16576
16496
347
2893
3896
3086
13982
7388
14435
2529
7330
17571
1838
18120
17052
1481
1238
5834
711
18800
9339
1059
12004
18099
563
18128
12193
7128
2842
10707
5560
5585
7559
14883
846
5973
14523
628
16924
983
8114
14558
14634
2944
10267
12492
12535
10157
16740
6404
278
16391
3183
14126
15986
18139
10049
3042
11505
8822
953
11187
10871
19743
6302
11186
9474
12081
8304
18560
1810
10131
16225
7827
6027
4117
7741
2948
6227
18505
132
9715
16695
7356
472
7096
7562
8624
433
18759
973
11127
14126
15775
18441
18478
17159
11951
14297
16083
4478
8165
14565
3493
16947
9557
905
12183
18806
3202
6261
14992
10904
13356
12109
3906
19450
18902
1297
11076
10631
15314
2647
2831
830
8908
5459
7698
19303
10960
7096
6962
14470
12824
2521
10369
8301
6774
2409
8857
19948
17275
768
2069
17252
8738
510
9805
18650
17467
11082
6349
17223
9431
15188
6448
10251
3149
7033
2718
14849
15880
4388
16959
1102
5581
3889
5531
11187
12364
13037
5872
5378
10498
19961
4142
19118
16232
1358
6834
14427
13661
2778
12061
17300
11147
17864
18033
9563
11384
17470
13831
4155
14571
19808
15472
15321
18648
6321
5606
9385
18730
13434
13422
7581
300
13699
18957
120
8724
767
9604
17761
5133
1444
2377
8371
8960
19575
18019
2257
15358
4998
2434
663
5997
623
184
1355
2508
16383
7640
13875
8068
16980
5162
3488
1421
18947
1288
8199
12826
2326
6776
12272
15522
16621
8293
16200
6284
12709
5756
1265
13910
12950
11425
3866
19842
19127
16588
19273
15070
5276
2980
2356
12142
5791
5077
6351
88
10013
6257
16223
13100
16407
12385
11373
19758
16792
14854
1463
18049
1207
14128
11392
9426
5330
7801
17352
17214
858
159
19606
18785
3726
15101
3089
1372
13472
3494
12302
738
2324
15901
14820
3007
2758
3571
11227
13926
7306
2525
19747
7797
11695
13394
6401
10343
6141
1406
19300
19926
4190
5158
19030
5802
4057
7225
1102
17891
3737
494
1666
12639
8044
3616
10585
9672
18887
17603
10143
285
19367
18209
7793
8571
11410
534
6360
936
15804
14116
18323
19101
7558
10676
19053
12973
7648
4938
1550
12630
12271
2115
2382
3650
7114
10894
7587
12794
1598
15172
5531
18600
4242
12293
19301
2408
3909
19569
714
9035
1330
17759
17978
8711
11701
18589
18464
3134
14312
12133
11799
15304
679
16664
9814
10112
17298
3707
3174
11849
18096
10282
15541
14651
14895
5213
10627
18222
7786
5622
7706
8193
3588
4483
8378
2088
497
3478
10546
18000
11508
190
13355
19375
15555
3810
17854
1293
1543
6714
10854
137
15647
6538
10960
14794
18371
5596
5231
6531
4134
5497
14252
19681
5621
7492
10266
17012
2205
19858
19591
6391
19945
4937
8879
30
1544
148
11947
1724
14349
13473
999
16302
4464
16248
11793
1480
10066
3448
4236
19737
8894
3631
3108
3517
7114
3413
4285
16479
11197
12198
14884
9609
1034
2394
15399
14186
15739
17539
13152
13506
9097
7171
15916
2573
4551
5927
19514
9417
4287
12899
10463
9254
8404
4683
9415
138
19911
3276
6
10750
4565
2373
332
14840
6012
3237
5430
2821
8894
16162
18977
14739
2495
10067
15578
600
16713
1099
10481
15267
19279
13778
11148
4669
7150
8802
13720
1115
11567
1339
8282
6019
13800
12611
12515
14777
14211
18622
10530
2501
13399
12101
7827
14274
14578
5350
6645
4837
8472
8313
19482
19048
13253
6394
8727
562
9646
7047
18971
12389
13478
18071
11581
8964
15004
9397
17901
18911
5826
13912
3693
11933
5352
12353
7385
6244
13127
2161
14977
8103
7674
9156
6199
18957
16646
12301
4900
5370
19930
18670
5749
2908
9873
10037
6834
1428
15924
6638
5903
1983
18301
19305
4316
13248
6103
9897
17815
2668
6337
18566
16033
8338
2065
7968
11950
8837
6197
1120
14518
17895
4244
4908
4168
7540
9491
10407
16959
12871
3412
15203
13804
13165
2617
8228
7282
2788
14247
4306
4049
11376
12613
5818
17690
18362
13731
6018
4738
7301
19031
5095
16402
18703
18754
10037
18618
9984
12721
18018
2310
1202
13120
4423
104
15100
6970
12636
9205
5789
18971
13359
17612
1058
5910
17857
1073
16948
8562
7485
19992
5857
6671
19702
1276
18085
16679
17179
5519
12660
14127
17178
19052
295
6908
13614
8104
9217
227
15270
18919
16797
1977
2900
235
9750
12793
3983
19207
11954
708
2982
13266
12204
12706
6592
16631
797
16806
16789
265
1190
432
18722
11796
10620
1548
19213
16015
19952
1016
4214
19469
11418
11684
18646
18770
577
8561
15703
8291
11946
19227
15696
1462
1723
8499
7995
6825
12907
7909
9876
13550
4904
7545
9936
15172
7364
7029
11928
19073
19708
10239
13472
12715
1894
18719
5289
134
19031
6979
11471
5831
13647
9725
1423
12231
9666
16327
19801
13876
8931
16295
16750
9698
6414
13037
16791
4126
8018
17913
18561
3714
1914
25
4088
15300
2135
48
14847
2954
17516
10963
10058
6808
15989
3724
18520
5546
7764
12322
14352
13373
8377
11024
2134
16007
12878
9425
13034
2215
3005
3357
15742
2807
18462
4492
3986
2782
14944
2618
11374
18434
14131
388
7227
12250
10000
12078
8094
10882
1542
13062
18258
11080
7170
10499
5921
14243
7002
9384
18079
15107
9270
3013
10083
10243
7003
17628
1058
14171
6677
4705
15850
13202
609
8154
13880
1233
2580
16934
9654
9139
1228
9530
14389
14776
11185
1318
1250
6777
19878
6231
9032
10997
16114
14293
6595
1994
18982
396
5916
10048
13291
16777
14726
7039
9897
11610
11955
6241
5174
11512
15923
10177
13369
11744
11723
3027
17370
16604
7150
19341
12616
15393
8698
6371
17638
1746
1778
11121
6707
4033
13299
2161
1108
9109
6774
1516
5600
17640
13697
17357
1864
16551
3242
7921
13218
11709
4777
14715
18865
15657
6872
3972
16146
14923
13258
5967
17284
8862
14021
18298
18325
15263
5981
3633
4390
811
11822
5405
250
3111
9494
13466
18592
921
10190
12838
7002
13524
899
4565
10282
12273
660
13025
14424
8632
4970
13374
6434
19294
18671
3596
19137
5000
17196
1733
1267
4654
19556
14647
8011
8987
4614
524
11921
785
11795
100
16727
12617
13485
15780
19001
728
15159
15272
272
6637
15503
3252
499
14838
4068
1064
938
17091
2870
11249
15537
2370
2089
14492
934
11689
869
14950
15279
19155
9262
6192
9451
5793
6714
558
7443
17602
9140
12125
3788
8397
14285
4180
19884
1195
8601
12692
1094
7954
16141
17593
13300
17643
2963
14451
12224
7989
17991
10446
17327
2371
17042
10124
5450
3104
4448
12181
1226
5043
4800
19589
7872
15869
10999
13956
17631
15903
15074
19762
2599
6137
9670
6049
1678
8621
725
16221
15884
2690
18304
19110
10755
9541
12723
12286
7209
16073
10514
15934
15860
15279
10094
13987
7265
7521
1475
18342
17473
7704
17041
13577
11041
19133
9429
8044
4276
14476
12708
14560
2431
13493
16388
14099
9441
17149
15206
14250
19996
9505
9635
7949
4
16442
4754
5179
9283
444
3940
9438
5607
12536
6108
7226
10665
3874
14510
17087
6011
1485
563
18303
12749
11345
6630
2937
5083
7567
18398
5266
15159
15051
8809
165
8206
8952
2753
19090
12538
15218
557
16690
11236
10149
2007
4843
15699
6123
11941
18206
9141
10450
17879
2558
17193
7035
10364
2363
8679
3551
9552
4316
3117
8492
13782
524
15751
15789
13038
9483
14649
19816
18388
15621
17196
4641
5525
8383
13363
14620
19406
8813
11512
0
14018
19169
9192
7862
888
16671
2296
19473
14063
3307
12723
12295
703
19140
1089
17918
7662
6346
8885
18018
15627
154
6515
14546
12458
16346
5788
14938
6621
7664
19511
18523
5579
14829
18558
11495
2543
1095
13922
13001
19376
13252
5852
12833
15448
17138
10386
19949
9940
819
6146
11459
1863
10902
8237
14266
10283
5441
12803
1737
2725
650
8775
10087
13124
18277
1182
6130
9557
17751
4378
811
5478
522
10941
10174
15413
14169
7884
17311
6356
1195
18579
18896
1724
12316
8239
5055
5035
4311
4443
1676
572
16448
14202
7241
1889
7853
8445
15258
11647
14997
6482
9339
14373
7969
19178
15233
874
18463
1093
11896
387
14645
4893
5452
10782
16882
6603
15460
16319
15616
10681
3784
17972
8310
9349
12387
2358
8266
18415
17795
13983
8260
7104
18621
11682
17069
6807
17742
17867
19334
18960
3677
11828
12725
19187
3676
257
14522
1751
11308
6170
992
15601
15072
19362
18160
13501
5914
1976
3935
8647
3634
18377
13351
17815
2933
10864
16691
11031
10506
8748
7635
19586
19984
12636
4368
12298
9987
12217
10809
6662
6109
6992
14492
8534
7129
19963
1553
4469
1139
4155
14384
12538
13739
9779
14211
12203
10056
5796
182
17567
13785
10753
5962
18093
7926
6382
7241
18550
12934
5338
12147
13612
8282
1462
4311
3422
19030
1297
18590
17057
7888
1937
17026
13628
19313
18576
6524
720
4632
11633
12730
19778
4894
349
13966
391
15412
9759
13892
2315
7784
11160
10828
14653
3271
7039
4757
666
2044
1785
18267
3861
11958
13552
1175
5344
7272
19028
17653
1370
10026
6603
16099
15125
2525
1942
3557
2626
8140
15809
8965
17148
2926
2790
7879
17901
5319
6912
9339
15201
17006
11655
19852
16197
6730
5324
14869
14107
1141
16338
2579
4286
10755
327
14582
16716
14523
15198
9201
10996
11428
6507
13905
12029
14363
3162
17546
17681
18592
140
8556
10821
785
17263
2165
10886
13486
12824
4672
11521
2844
7968
10491
1198
6117
15768
18326
18522
7548
8362
7991
14544
11646
8942
6379
10308
15668
198
631
604
661
16471
19756
13435
9
7972
13529
8234
3080
2216
12058
2629
4512
9936
11150
8800
9813
14067
13287
19476
2083
4911
347
5610
2624
4385
10839
2915
3453
18015
1106
16321
2762
15638
1695
6934
17401
17980
2333
13991
4282
6065
6313
15964
1062
11959
19219
9831
2648
18539
1390
15566
12981
1599
15072
567
16940
2837
14745
12399
1689
442
4417
5974
14051
2396
17514
683
5509
17865
1093
8848
19018
13926
1296
4378
1969
12169
10925
631
14736
1428
12590
1883
13461
10671
4107
4425
9608
12224
14038
2299
1676
3273
9990
6383
2756
2398
18768
15982
14802
13921
53
18265
13466
19292
19668
7410
16518
5946
6111
18308
2819
9955
18219
4432
15592
9939
8801
17750
4758
13205
16977
8156
13691
4385
16263
15454
19441
17327
16117
626
10916
6134
10768
15382
8624
4838
13687
8217
7304
5406
4398
12610
18707
9579
16233
1889
3409
9726
10595
10961
124
4841
8303
6566
17674
2454
3557
16984
11758
4643
1886
5964
10046
12318
2875
18716
12271
4152
17119
10274
10044
9353
15774
9990
16486
10209
19373
9825
4149
13094
16760
9998
7357
10479
4338
4108
316
19068
2311
1266
10367
12815
8462
12048
3364
18059
3418
2941
17691
17991
19120
17570
17861
11055
7186
739
18270
13272
17242
4069
19544
16574
14178
16801
8252
5436
4768
675
14837
7686
6320
3199
9992
1286
329
9873
14171
9170
5969
2703
1911
19847
14764
11053
8360
18372
12624
14541
18593
18085
10356
10049
16988
11481
11015
15486
17759
6659
15484
9023
3387
18570
4035
18099
12589
12285
1939
15364
15015
2791
5700
11269
1641
8746
15673
19511
5993
6299
15546
10040
18290
10970
17983
18568
17128
333
4425
11705
1001
6072
11627
14131
13199
19739
15013
15010
3763
3591
17457
13149
19307
9918
11670
1395
12372
422
922
11987
12747
19978
7509
7416
6068
13550
12672
7695
15902
13708
14508
19463
6270
11312
13584
8916
2551
1196
4282
18528
9532
13273
806
17487
12908
7659
1420
6317
5180
11247
6292
6646
19538
2819
19268
9441
4173
2962
15738
5418
12066
7755
2422
11931
8386
19198
4943
9622
9527
7890
18341
10017
15405
5381
19478
4879
18445
10081
19946
1319
3044
13112
11913
4691
2275
9692
17005
14728
5376
3964
12146
5836
9177
13087
16489
14441
2489
18486
5292
18508
1650
17698
11660
15578
16746
322
14054
3824
19603
16086
1108
16246
274
12149
8255
4383
16866
16167
1970
1215
15825
16608
15530
18826
15751
2426
18954
19461
19142
9005
19436
13515
8205
19086
14929
16926
9559
15233
7832
1672
8961
6812
7885
17644
6985
16506
2393
5646
658
5529
2680
18204
14755
8497
18024
5944
12719
593
18845
2115
15407
17239
3345
12519
2476
2987
1113
19969
12697
9049
1363
4969
6748
9129
16955
12927
13037
669
4380
7348
3767
19014
12163
15922
7228
18979
13872
6153
6230
2296
18182
4855
8983
13831
6530
2675
6801
6925
5832
8183
17650
6747
7896
6087
6920
5007
16576
3906
15138
13423
10251
2596
12247
14882
5047
14581
4671
2507
18660
498
16799
10498
15240
8086
11842
18481
1952
15300
5667
15240
14721
11796
15176
15453
6445
10519
1192
1571
8800
8009
12588
11430
19722
1171
6675
17889
7127
16377
14928
16636
13418
19430
13934
8005
15752
4658
3540
17577
17905
13134
3364
9808
16073
18124
573
14322
6836
8685
5120
19738
1473
8872
655
12789
14173
13620
3409
1239
10056
2387
5395
9194
15141
10843
3465
16916
8330
18305
18353
12868
8376
8548
760
7672
13156
5012
15670
16271
19412
12061
11189
16230
19013
16244
12591
5393
137
17084
13141
11767
7694
3477
4844
2794
4889
8867
12913
4002
17010
13366
13982
19350
10777
12379
18276
1878
19926
958
7704
16199
18734
15578
11114
15132
1106
2687
3056
18797
14961
9951
5762
18295
10285
14101
1983
16752
4203
12562
2413
4901
19780
15621
15965
19474
5689
4518
18092
284
18307
8224
6661
18351
6408
15289
16229
1872
3946
543
1815
18174
5273
17424
12413
12521
13001
12934
816
4462
3550
14429
19198
6927
7875
2659
19891
6700
13274
2555
1619
3808
7918
12621
17763
10170
13317
12301
10599
4981
209
19207
14374
14615
16677
2276
17610
11203
4197
11932
1923
19131
11926
18808
17515
3413
12948
1698
5796
9016
15235
10156
670
11700
19261
3705
12404
2588
17449
19276
4118
18401
5229
6315
14786
10092
12602
2863
12203
5335
6150
2923
15004
2248
5655
4695
18454
1259
14875
16952
19412
10731
2485
18221
2256
4621
4754
10584
12350
3978
8313
14951
9142
18855
11072
2079
14319
7954
13435
5380
5351
19802
15504
10983
8287
13131
3878
5613
18979
16357
2972
4439
18311
19897
10262
7539
12365
12736
401
10015
12516
9719
8824
3125
6282
2010
4815
8343
2417
14428
15885
7032
4736
9088
18087
10757
5552
10264
14054
15791
17111
14935
14202
5397
8546
10229
713
11378
666
7135
32
1056
9577
7319
14602
17768
13751
8175
16734
7144
10829
18366
3314
9919
8506
1693
1550
2264
14611
8289
636
11632
885
6421
12091
9029
13479
3251
18450
8894
7963
14527
12865
2833
11059
15135
18163
12597
13024
14075
18097
10469
6245
16589
80
16524
19930
16837
2378
13299
1517
6812
9162
19365
19010
467
11681
15612
5819
12232
8053
106
3507
6067
18937
4389
8485
4067
6744
559
18186
5104
1451
15745
18942
11933
7786
17940
10244
9996
8959
10380
3520
18493
13398
8930
13282
4421
1553
19884
15491
17159
11831
11691
16007
9457
2572
3056
1827
9206
12316
19403
19704
15427
7121
14418
3581
11488
3525
18155
7739
7078
11729
12759
18705
7063
18147
6874
9304
3326
19182
203
6113
17988
4123
11764
3675
8012
11006
2214
13552
15276
11715
5405
8239
3144
10183
2603
14116
3085
5700
11076
7875
5542
2084
262
7076
8286
10390
6306
14249
2132
10653
13515
3803
7988
13030
2650
1489
6519
12690
17564
13842
4857
4242
6009
11122
13299
6481
12129
1817
17237
14539
9972
4097
18754
123
4334
1022
967
7857
1262
3864
13945
9123
6914
14451
14410
18810
8049
16688
5960
8174
6436
2828
5810
3148
16850
10630
12312
8179
6
3742
11118
1822
9647
14265
10924
9531
16548
3585
4421
10650
14610
18409
16162
4930
2307
623
15611
17821
11020
3226
10417
660
7380
9410
5131
15413
15932
9518
2955
3760
3696
19865
7051
17313
4808
11438
11642
13864
3835
12595
15053
19349
19425
11362
17924
14462
14146
3409
16442
19475
15425
17171
13800
6312
17375
3320
11063
945
5837
111
14399
18637
5745
13228
11137
17113
9972
4741
10046
1734
14023
12470
14930
17796
1071
3524
19089
669
5556
127
1980
8734
19937
256
6047
17072
10265
11314
19882
14533
18487
6189
106
14542
15167
15229
13827
1289
6759
6465
19533
6360
796
11887
15817
15341
11122
15318
11614
19617
15755
10619
2099
19876
8355
2469
2667
12270
19990
6356
16345
9108
783
13835
1726
15063
7245
2990
10502
19094
18004
7495
13051
12003
13422
5603
15204
11859
10908
13529
1375
5871
11421
15883
7222
8488
19641
12805
1184
4519
17866
2818
18807
18114
6312
13197
13425
10091
16432
14565
13053
12387
11152
15194
3388
14763
16977
12948
506
13051
5153
3540
16039
14987
157
19762
3959
9198
16152
4
2674
18175
18314
4800
16248
6356
11575
16632
6933
17103
14970
1765
16189
15828
8462
17855
14052
1332
17210
5896
1596
14055
19831
14248
18924
8345
2495
4723
1930
827
659
10503
11029
11002
3912
2098
8081
14669
3824
11280
15135
1479
10017
689
7320
13389
17316
6201
6215
7394
8603
12162
2464
13341
4560
15644
10657
6044
2359
19892
2371
4562
2495
3666
8380
17596
9978
12124
6805
241
11526
9912
18147
8247
15671
16367
5765
6226
12995
6861
14232
3160
14506
2213
1210
9504
4768
7314
4121
2137
17817
3160
3191
16727
5200
11528
11773
3304
6707
5826
19801
3460
8334
10677
4405
12739
1618
3202
12821
15112
4962
3839
4525
14907
6682
503
18205
13621
5565
17838
7210
13332
6777
8258
7833
16463
5049
6638
13291
14371
11527
15912
13968
15947
15899
6058
8713
17262
13029
3182
16574
15858
19379
2770
10457
15407
575
18843
10845
2879
18201
11349
4262
13809
2028
4024
5054
17052
2159
3591
19673
13169
2794
18
6798
16873
7619
17212
8947
12221
18020
1783
2164
2261
17835
19658
14095
10488
19182
13876
14575
15170
7304
1451
3554
16084
13797
7805
10617
6756
7750
8664
18909
6005
5585
6053
5704
14114
16632
11854
12423
3124
10020
8800
2186
19
19613
1452
5732
3417
14393
3176
14150
4834
13408
14067
7123
1632
18264
18357
3679
13291
14929
13956
10089
17909
16814
14499
19314
987
2862
14949
13752
11223
6743
16879
3508
17362
5567
7452
1356
15544
15062
3546
14006
15972
16243
12241
8395
10394
13465
6404
1315
17683
9413
19760
7410
12563
13527
6417
542
19574
795
4708
13180
16393
4083
19687
1511
15830
10946
17021
1404
17463
3608
654
7796
299
629
15274
8511
9094
8316
19278
16921
1090
12694
4959
18380
15700
13215
6516
19874
12474
17105
5040
19109
4464
17546
14828
5206
17505
14557
12851
166
16315
4627
8295
7155
9051
6779
19810
13282
1959
2933
19703
4054
2619
19735
3894
16171
7291
4474
13934
3250
1000
12676
14252
13001
4206
11314
15586
8021
1721
13090
14052
11199
6567
2171
13323
4104
7673
3193
13500
19658
14979
1817
291
13069
4707
61
5848
13475
11662
9820
9732
14497
4646
9
1021
18458
12296
18494
7533
4057
1857
17190
17489
6778
2209
7140
6685
10918
9831
14787
12381
2826
18780
11162
1366
2515
15036
6075
874
19560
10991
4249
13979
6147
5111
15828
9447
14445
2529
7107
4657
18933
2301
124
18144
781
8779
4290
5665
19042
8939
10092
18120
2006
14231
10926
19092
15899
10477
8423
1072
11533
16739
15014
17781
11149
6175
5433
429
16342
3007
17395
3186
8126
8466
2649
15829
3851
7882
16650
9275
6415
7113
41
4386
15809
2072
16296
449
13209
13911
339
4557
10696
814
4437
15736
15666
18146
6027
7539
13961
10276
13924
13172
13415
4131
6833
8211
19975
6817
5775
6863
14785
7043
10285
6862
7361
7970
15932
4993
4290
383
5523
12997
9452
15604
4892
4262
70
5317
7071
12862
2682
15093
5224
2236
3173
10900
13367
13855
19127
2582
18725
8929
8013
10495
6990
369
4392
795
8543
11576
4137
1674
18524
11965
1420
19160
9518
357
19134
7307
6088
13810
4381
16085
2005
13420
3595
15114
11488
17917
14957
18283
12512
16565
15078
14177
8861
19758
7211
9829
1763
15498
995
59
19586
4729
7645
1951
13215
9879
8654
6808
10555
2482
10661
19498
13854
8041
13645
4040
14144
16911
3967
10277
10804
13103
12192
10475
19953
2506
6238
741
13022
3324
8131
15095
3897
12508
4116
11597
9508
10850
9513
14993
7948
19651
8328
3318
11672
18871
12832
14930
11306
732
11487
424
5397
12627
2320
14627
14108
13064
18357
3199
10818
3664
12189
10528
19764
11947
16323
17286
3087
11560
5347
6969
12815
16008
11064
7358
4949
17498
3639
780
13940
17382
15618
15416
760
1509
1098
13100
14771
10925
18244
4534
10821
17387
12390
3292
13896
681
671
13934
18102
18415
10352
2068
11063
11429
18763
13254
17610
19319
17606
7067
16111
7665
10684
13112
16175
5994
16513
298
15497
2205
15807
18575
4954
145
18065
12623
2088
16603
18204
13448
7787
13178
5413
7014
6809
16224
11987
14066
4108
6224
14306
3297
7762
4354
19457
6766
5424
9156
13225
14594
19475
13051
8602
15246
16374
4327
19059
14907
14185
5220
11662
8313
14308
8748
6006
9332
6312
12154
12453
4613
18542
8810
3967
11077
5614
5085
14085
18140
15950
12024
5110
6327
14341
15755
18472
19799
12843
16975
5151
18662
15391
11529
11208
11461
6164
139
11253
13633
10009
858
16758
17892
15108
15466
15695
3336
16634
2309
11195
1222
7325
15018
16093
5133
4115
14802
14239
18222
18575
6319
5770
1587
12798
16461
19840
8464
6064
8314
17465
17202
16224
19458
14232
3987
1442
2610
3945
3728
15848
8862
1241
2130
9202
18143
3794
1128
9136
7508
242
10518
1076
5897
487
2343
5433
8661
11113
5885
7050
13821
7283
4937
9200
10614
5471
4118
12348
17352
18686
18944
18605
18829
11889
11362
7743
6905
7816
12589
3249
15412
3764
10164
5392
3779
6154
17924
6949
2724
19254
13969
15575
8824
5337
7116
7999
1787
12161
5425
5735
17774
4772
5788
16381
11190
249
3195
11418
13341
17203
11135
9801
19447
11962
492
3350
7615
13064
19536
18997
14527
14301
12656
15532
11503
16543
3806
17950
15284
9329
7239
18677
3626
15951
11177
19595
7004
4675
14721
3509
10064
7943
2594
7597
5856
9432
4546
1274
16419
8564
12174
2654
1258
2448
990
15580
9925
5623
10340
8260
16454
10915
8093
14876
1118
19825
12298
2220
18436
16229
1080
17638
10356
1529
10779
13905
8468
19875
13753
2449
6545
2530
12707
18900
7592
18596
799
1083
4512
17400
3904
6883
12789
19402
13271
1423
14480
8417
6179
15284
2257
4305
1283
0
12111
4509
18701
13768
86
2861
4407
10061
11567
2055
8018
8778
1981
4109
2006
7453
5507
51
5784
3311
2116
3356
17689
482
4322
8720
19288
14742
5192
3676
18344
14616
13347
5318
19996
13671
5643
2122
5918
17604
3647
13398
6239
4501
15566
9599
9384
3766
9042
16574
8367
12158
18871
11851
18374
1225
58
756
6542
5671
13740
10298
19177
17056
15222
10344
620
12322
18934
1520
7699
3273
7047
13284
750
11177
2015
2798
16473
19291
9969
15437
17802
6658
11347
2092
13219
15737
19131
1025
14120
18938
10306
415
10570
5773
138
13752
10626
17676
8412
10770
3225
15600
16650
14628
16324
1241
7283
14286
941
7838
11525
371
15884
3791
13372
404
14741
8004
14760
7913
4266
549
4877
3710
3985
148
17477
17353
6209
15674
10336
4388
1910
6605
6859
17963
6276
14107
3950
2771
17927
14901
19056
1252
14073
4731
1429
7349
4701
17696
1575
7235
9433
17114
14642
10829
192
10600
2537
4111
5613
12384
12615
12025
1676
12660
7408
1068
4466
2976
15478
9168
16717
8019
14103
2229
8501
17848
9987
12452
11042
7968
5979
10528
4760
8589
6581
2111
11677
4477
4988
11007
4235
6097
596
9447
9472
17337
3996
15931
17362
7007
6796
1179
17281
13708
10782
19993
16165
15290
4969
18581
14598
9816
1704
18902
18955
15251
6105
12583
3114
4135
17697
13644
12765
130
17324
8192
598
14673
14899
16749
12841
8746
12247
8422
10024
4788
9001
12132
13996
13879
716
1467
7438
19644
19282
10585
18102
19232
5026
18171
6091
15259
13307
8331
10889
7335
83
7513
18673
16303
17945
6197
3514
18677
15128
11719
19045
8864
15260
1035
19118
14977
13455
7820
11806
6080
13276
15900
574
14888
10165
10733
15302
16427
8496
13199
5779
18963
7884
3366
16310
2663
9809
7207
8681
14230
2838
13872
16030
1666
5820
13281
6448
5164
9207
10459
17850
825
14508
1363
13926
13598
16694
5522
4637
11757
17731
5036
18973
3483
19836
8732
18186
16173
19329
9368
10811
2239
11858
13654
11989
1680
17451
16475
9365
8589
18887
11227
326
2521
8965
15667
15730
19414
360
6270
1109
19251
248
11511
5229
11506
7974
18156
12110
2133
13004
13660
5107
17636
13747
1293
16111
7741
13262
9676
10433
9048
11620
2562
4901
2774
1835
4911
16262
19014
5264
13765
11250
14931
7347
13572
1639
19726
8270
109
6153
2547
5590
9926
5493
186
18267
15401
19759
14269
10698
4105
2488
13057
4433
7906
15196
10595
13634
539
10663
13312
3345
4763
14520
12800
4791
5125
1421
1089
6233
18962
2814
14012
11939
18090
3686
11093
8334
12222
9339
13124
15425
17317
16127
9819
11795
13488
2255
17236
17806
14764
248
19993
3887
16148
18378
4111
13642
13841
10693
17503
2315
1135
13840
13122
18391
2236
8328
13065
3185
10912
11605
16743
4824
6836
15673
4891
17070
15168
161
14045
5011
8693
15870
19332
7568
17668
5645
16114
19023
6393
4498
13373
12039
18167
13860
18523
10006
11953
4385
10249
5927
18435
16898
7896
6292
9963
8970
12629
18405
423
7736
1523
8757
9707
3387
5526
8501
13567
16357
1055
4490
16723
7576
11663
14994
17600
9246
4250
11940
3837
9077
810
17557
6842
9414
7085
7031
12093
14582
4092
7356
16342
1782
7752
19736
12481
18229
1315
10149
18200
14614
8296
12575
9682
7228
16201
303
8892
5793
17011
15718
15795
8070
5600
8191
15579
19045
10200
551
19454
19298
8325
7480
1700
9248
5458
17728
12908
16784
12702
7329
13253
13571
12099
7282
7563
10785
18398
8387
6337
4338
11931
1406
5031
9978
13246
18152
4408
18370
16527
8166
18467
2097
16259
11069
17860
7162
7364
4914
255
11342
5085
18320
11768
5426
9827
15463
15793
6123
6563
10833
16065
2486
12228
6577
717
2868
17561
9237
16774
19458
5254
4506
16000
13831
12715
3150
5642
17959
11122
4176
7502
10933
6769
8724
10950
4005
12157
15682
9625
12318
1387
6686
18161
6031
12900
14819
16698
7449
7844
3945
4730
12169
13135
19909
7879
8905
18193
16335
11721
17996
8080
15039
5582
9480
4849
8945
10019
3425
1955
11240
19990
4159
15915
5902
12997
12033
4685
16440
18882
4843
16917
14760
18886
2267
15263
3181
6670
10778
521
16582
17591
1453
19730
9187
6610
8779
10223
10732
5892
9225
3274
3643
3996
5041
7095
18276
13489
14290
7445
16021
9016
11984
7453
10712
12511
3740
16171
8405
15817
4062
16422
19796
14278
1070
14349
19969
12782
14339
16863
6376
12155
9219
775
11872
10944
19129
8163
7780
1577
18564
3823
17564
3152
15243
19827
13850
7129
7279
9318
11296
8459
5849
1053
6656
3276
9683
5907
18779
7095
6035
17399
8874
10332
4113
5869
1275
3925
2841
18146
1427
19809
13052
2320
5682
13791
8033
3529
14773
19560
3097
16099
5972
16264
1872
16513
17323
1467
4127
5882
12726
11489
12575
13065
11094
11741
8792
18448
3664
9648
4663
6665
7189
3372
10366
17130
9788
6712
17589
15636
1834
4928
5182
4185
14900
3061
18246
4807
4380
3080
8056
981
19991
5054
17003
14441
5775
4465
13372
10052
10692
12900
18870
6795
2797
64
12045
15379
9724
15951
1131
4743
11168
19348
11778
14425
4676
17413
12512
3299
12948
5767
2656
12824
15648
9541
732
205
13849
19852
7488
9917
13017
17477
283
8637
17247
10703
6351
4893
11703
13593
14855
5463
4857
3994
14600
1560
2280
9997
16736
15560
19034
876
16155
14488
599
11399
13077
6662
2522
2369
2730
8688
18164
8104
12936
13779
15888
8303
3174
9374
7570
19465
3246
5688
17337
1540
11573
3627
8099
15584
10732
2955
15056
4203
14063
19943
958
2074
10138
18955
11667
8166
18300
8783
14170
7872
12483
1280
12804
10514
471
329
17071
3764
6627
894
4421
5064
2765
5156
3899
3218
12871
18784
11706
3767
13598
10235
5147
114
4848
334
6474
14157
11867
15952
17325
13026
13456
7257
15838
8941
18630
5714
9684
17005
5386
11900
2304
8248
9844
14361
6739
12888
6422
12346
19837
6182
13453
19974
13200
18945
6234
17572
1923
15819
15786
10310
16786
3393
6609
16114
18915
9972
6358
9678
4164
5481
2568
18983
9327
745
9806
19773
15951
16869
8891
975
1373
12747
4096
11390
14723
9182
15260
17281
15393
13748
18255
14917
12206
19089
1132
8894
10646
17883
12748
12783
354
19579
1119
17554
4886
4975
15614
8036
13363
7438
9724
19280
2013
8729
571
3286
17174
15642
11770
12824
16521
14332
19020
65
15523
11111
4228
17874
2940
2166
10860
5099
15892
7607
19637
6418
5688
14430
5833
4803
14819
12902
12764
18132
3905
9670
15969
5667
13871
8907
8953
9438
16126
10135
11910
16175
14967
16438
3678
14626
14136
19961
12890
8821
17052
2482
13710
3259
6457
9642
6579
428
11171
5538
3424
6381
3758
8036
13752
2103
3953
15237
17020
18183
16037
14393
1793
15105
3084
1491
13308
673
10255
13528
16858
13888
18144
12031
1036
10816
16094
19431
2464
533
4343
5012
619
18671
7272
13384
9794
15880
4895
11962
5351
4326
5154
9686
2944
7245
10760
8337
12260
9860
15364
19175
15823
4771
15043
4050
1461
13814
9227
19817
16211
8784
10979
11955
18945
13168
19954
18278
11395
16584
16991
3009
6559
2928
7479
3554
10089
19846
12430
11012
14585
11423
5468
16761
2271
14959
12681
9568
6061
17649
515
7139
19026
3475
1163
15248
8198
2786
5073
19474
13441
16013
14836
16235
19015
1432
3563
18288
19902
3840
929
16481
8864
8421
13403
3364
16779
14393
17621
17085
10326
8644
5291
14507
4351
913
2964
2049
3263
14457
3528
8640
5982
18986
10914
10094
13187
403
256
14838
16004
7311
4487
10172
860
4171
2660
18330
6458
8118
8237
14203
9110
10660
11878
16915
4958
10847
9216
5306
2287
16362
17211
3620
13440
16307
2412
18462
16311
19509
19418
12774
11839
15687
13347
15335
8209
14981
8571
12624
367
13529
4436
11184
1072
5029
14969
10513
13429
16815
6612
8462
2266
7913
6992
16658
7240
8861
1208
2766
1000
7058
9406
15318
11506
18589
17592
6040
12483
8998
12069
18618
5645
17781
9710
15408
4072
8730
18791
4311
7846
14071
5140
14961
19525
13930
16073
8573
2653
19386
5065
9842
13945
14781
6448
12184
19426
10563
18252
4803
8823
4067
11750
11340
18745
12033
14367
16942
5475
4952
17685
4154
17239
15945
15237
472
16659
1568
4202
1659
1762
6336
15779
9663
6670
12523
6099
7489
18771
9551
15138
17627
16592
4528
4865
17594
6551
13134
5675
5022
8804
13651
4710
16430
4938
16027
12713
4246
3304
12512
12792
2174
762
16225
13130
18792
17452
6415
9996
12773
15209
3700
13246
19092
11250
6080
1083
18296
17067
273
2966
10101
6255
14622
17535
16743
4387
4320
14917
16159
14440
8606
10070
18043
1514
7251
13762
5601
15158
11422
6334
8728
2120
3078
9668
259
2658
1352
18007
442
14584
8255
6692
9638
16744
12334
19780
11033
18408
15436
4670
10056
7928
12877
19721
16967
7414
5865
9647
17439
5200
12908
237
4750
9235
9049
2712
6619
18242
4476
5817
15124
17123
6538
7161
10278
18740
11383
12344
1784
18075
16308
9078
10885
19579
16706
13204
14196
16225
12856
6069
15221
17406
684
15967
7195
18288
12066
17758
2640
16248
7311
15431
8697
2000
456
14521
19304
17814
11948
9119
4664
19649
18634
11666
19208
6517
6032
12988
2743
4529
15090
2712
18904
12357
19379
3605
5458
7488
6995
6393
7991
11144
12790
8482
12831
17315
12652
19112
6944
1682
14114
4702
17676
17598
10852
2903
5736
15370
17357
8389
2180
11016
3117
14268
7675
7880
9525
17590
17705
19370
770
399
5892
5460
1796
5553
408
10624
4938
18730
3491
4557
16652
11897
4394
19062
13077
18631
8758
6047
16299
16914
4463
7627
5371
1573
5619
14827
15782
8771
12530
19345
11906
13475
