1000
1887
1859
863
875
488
1468
1495
941
235
237
1365
1254
673
151
374
519
1395
1455
522
1028
396
462
656
1280
1482
1140
448
1159
1650
124
548
628
1869
843
1396
259
386
1554
1693
1265
721
1076
957
31
1066
1265
285
1926
920
336
43
212
1117
1355
387
964
170
788
1770
860
1467
6
711
544
734
1462
94
1188
1598
936
1274
478
192
1310
647
1850
873
1627
1497
679
10
694
268
366
969
1354
441
755
429
1434
337
68
421
818
441
31
246
8
227
1969
704
1314
309
296
1483
1521
1367
1673
787
1034
894
1742
301
1302
65
1447
421
1135
1236
1857
950
603
185
757
1477
421
335
1447
1242
1446
852
1070
283
611
767
1603
263
1024
435
915
204
1650
769
1711
1718
1794
669
1875
869
1086
234
51
1049
1753
1557
1856
285
1395
1275
650
1453
147
1352
1648
165
464
205
852
919
1375
973
986
489
967
1524
1870
553
208
1540
452
1309
602
1950
347
1211
1722
1882
1051
1810
479
1955
590
420
1811
225
1387
448
1725
1284
1037
96
387
1481
1490
364
1772
1981
575
600
1908
444
65
753
793
1684
1038
1135
306
1083
1082
1048
1583
1241
886
130
1563
1396
82
1186
878
1798
611
1829
255
1357
800
57
599
1103
326
1642
1952
1607
1420
1877
1117
64
225
1002
147
1533
976
1299
1125
1363
1718
1211
989
196
890
909
358
1257
1323
1866
551
1963
456
982
586
1086
1688
1680
1674
1514
1849
284
1898
1879
1126
127
1699
580
610
1590
118
660
1713
724
1119
262
486
518
1658
1952
695
164
847
247
173
1238
361
110
135
1696
581
1128
878
1948
662
1259
242
467
1797
1476
788
1655
117
1488
381
928
821
1406
555
1537
110
591
380
1638
1036
967
563
877
394
211
104
638
342
1750
1308
1799
1747
1154
298
233
237
880
184
409
264
1228
413
947
545
288
765
562
1974
538
1615
1317
225
397
1871
286
1007
1169
1728
1868
575
1896
1321
723
1991
559
256
709
208
60
1445
1167
1249
682
661
1634
1257
1583
367
781
1798
614
1026
1636
1442
1005
1957
1279
573
1645
545
1841
1078
1809
905
530
1795
1574
602
812
369
1374
861
1887
21
400
1449
1809
480
543
1637
629
1265
501
1659
1079
1028
1261
56
706
1720
314
1424
1534
1967
1223
831
41
1918
1739
1338
1809
1492
1736
612
731
1416
625
909
1811
1515
1942
1828
336
300
717
700
483
202
863
1437
1612
1604
28
754
1641
732
59
320
1852
827
322
1366
1896
46
1727
703
664
1821
1521
1428
1724
140
1574
719
193
139
1185
1371
107
1896
1943
887
1137
660
919
489
1222
499
20
63
1503
1293
0
224
454
802
982
1698
314
1770
84
756
1857
1305
739
331
1195
194
373
1867
948
355
42
1339
549
366
1807
827
583
855
1588
1953
38
1209
1895
862
1934
1812
1330
448
325
1969
1918
400
949
950
931
1884
804
1108
1981
111
1
1293
460
1324
1212
1716
1976
1082
1155
1165
623
505
1909
1171
845
1011
1189
1576
807
29
1869
1559
52
1628
988
1813
1848
1029
734
1958
302
1917
1062
236
1089
31
554
938
663
1676
171
343
1547
1820
272
1343
1781
402
782
579
600
1022
1350
751
1320
1933
1403
732
1622
107
1982
1068
426
1304
296
3
156
375
563
758
559
307
1301
299
1530
237
1147
1200
1283
1185
1630
1719
1210
183
1268
399
32
629
805
1102
1427
1489
936
138
1367
931
634
1079
1154
377
1227
1482
83
1717
901
1581
1392
1585
633
91
1068
1827
88
1243
257
683
1274
1705
719
809
223
1759
529
1707
256
1396
728
1876
129
1131
790
1961
1557
572
969
229
686
1887
1859
364
1568
676
1826
1628
368
1728
912
1871
94
402
297
1469
1772
1508
84
95
714
189
161
1278
1952
467
606
298
1559
1806
261
1750
852
663
1461
689
1234
1647
651
1312
1291
988
1388
1062
1170
14
1314
357
1872
1472
1730
670
1226
362
38
389
1643
1123
1131
1632
483
1988
329
1742
1260
424
1562
1652
1700
159
569
1282
1772
98
585
149
348
513
591
293
256
1335
317
1007
1604
239
779
1437
711
464
1604
352
1215
1012
1898
992
601
1718
567
1498
26
954
18
200
295
262
1962
479
574
1838
1554
1730
464
462
985
1411
1019
1408
1749
538
71
1597
219
1022
109
288
1901
1120
1151
1510
1008
679
1336
242
1017
1685
1473
1757
404
777
1469
1514
1729
78
834
1016
140
257
261
1280
1990
719
192
654
1349
589
1906
1709
1877
721
1987
139
1817
910
818
876
1282
1581
238
1482
715
1110
493
185
143
1166
1340
1849
999
219
1348
917
996
162
485
536
485
33
690
863
1206
57
1304
537
773
755
1884
1691
690
1700
1825
1521
1810
1659
162
543
16
871
1858
277
1169
1125
573
401
1314
1382
235
1630
1072
1600
1089
1130
1940
1083
739
1893
1081
1676
1258
261
139
1534
334
662
1838
1179
1568
527
1720
1579
631
1201
1724
900
1029
184
1428
1631
293
1236
1434
763
355
1441
1171
395
199
49
1641
1546
576
1804
1715
927
377
1998
1587
971
1595
1215
1019
127
879
944
1261
763
798
1744
830
1057
1959
1262
1111
488
1036
105
888
1261
233
1876
1928
883
1617
933
1725
1291
823
652
1284
1247
1143
737
990
1160
1599
790
1336
1695
157
555
181
1969
