10000
10200
4018
17264
17582
7337
13341
3194
2641
5956
5561
12895
3850
17787
2058
15585
1144
15414
8684
9898
17749
7752
3500
11389
12159
9805
18739
6430
4379
14402
7709
7483
16912
12161
13032
6582
2478
12536
7112
5104
10770
14309
439
17267
8929
16016
7690
5531
14705
2821
7902
6851
9255
8172
17425
7656
12571
14215
4078
11356
19769
17991
10240
9097
15456
13036
19911
2335
14605
17239
6537
7868
16530
1133
319
11127
10047
18538
12048
1449
2274
10591
2588
19385
5899
11
11918
5923
13512
12305
5844
13476
14832
6299
18763
9924
16667
4715
13236
18304
1326
13530
6691
5235
11285
16175
5718
17120
7816
4413
13346
11231
8048
9017
8936
3489
7107
9335
15975
13346
2186
6464
3756
10795
18916
13170
13572
14400
356
2740
8146
11340
7926
9364
12187
16199
14687
1856
2814
1250
673
4413
19970
9039
17853
4551
4200
11919
14067
2917
8288
17913
6181
17512
14871
13956
6043
13248
1101
498
12095
4283
13349
345
6696
11547
7189
8846
7348
5587
13693
5552
10702
414
10101
14159
8431
5179
16511
4919
10240
4713
15324
13757
17246
91
13563
1124
11702
17977
6635
6860
17744
9139
977
18712
15145
290
9717
8315
10360
12124
10551
575
1202
8115
14719
7473
15368
15948
17522
8972
18126
5655
6368
16096
18359
16560
7994
5471
15836
11376
19426
14020
2011
12464
19355
14784
8668
4220
12063
10338
11599
10608
846
10562
15249
17618
14884
5515
5038
6315
8996
10819
17888
1283
11120
19960
4725
10808
475
16968
6766
10811
2997
6797
14756
13095
10629
9539
11398
12382
5494
17016
16989
8930
11016
1967
5872
8013
15111
6608
16131
16718
12217
15983
11290
15265
17904
8408
13468
4105
15263
564
15091
3756
1642
1467
17679
13867
12950
13110
12458
6685
7423
7471
15846
15495
13832
17496
1811
1850
14669
11060
5197
4264
7701
17030
321
12644
1603
10068
80
14518
12012
3127
13933
4280
2915
8834
512
4561
3983
3949
18637
4043
12862
12381
7534
13714
10675
11601
14077
11723
506
16971
12590
462
8669
11737
16537
11810
6799
9824
14389
16596
4901
13124
1856
1748
19973
9366
1371
18732
18038
6939
12338
861
11991
3380
14906
9431
15691
13263
14322
10261
8914
4682
12556
659
2932
9375
10501
4174
9814
12464
17872
17334
14702
18256
1201
7474
851
2220
12836
13296
13582
15924
542
5319
6605
6474
4588
3787
16630
1286
19544
14252
1529
2371
1834
108
6782
8522
10186
16347
19485
19353
13187
17809
6412
15695
4611
13607
19347
15639
3136
19986
3547
9646
1877
19293
16197
4786
8521
9825
1208
15818
4944
10276
1138
1932
16043
19980
19999
4879
17579
16382
13191
77
9651
12984
16290
2164
9691
6311
5671
2058
15889
19685
19554
19515
13626
15378
15747
1665
6934
5614
3795
6158
15841
1649
19810
14360
15541
9063
12860
17921
7085
619
2682
2402
11749
15295
8116
18516
7261
9413
14932
19995
1180
17694
4454
17968
16977
12604
8555
425
14325
10981
8589
18311
11372
6055
12365
13531
6219
13522
5208
2005
7539
13783
2200
10027
9115
1947
9670
3075
6924
18583
13630
11581
8837
10928
18795
7712
16671
10894
10785
17152
8779
11707
16617
9768
14552
9081
14999
1257
9905
18816
19287
95
482
13204
1126
18652
4154
16799
16669
3252
5164
2448
456
12421
9521
1583
10069
13568
2536
7867
18344
4728
4285
1922
13003
2278
14119
19261
3587
6263
6058
12390
8286
18163
5821
2775
11624
3370
2759
5152
9628
17692
12771
8835
6744
613
16130
4496
8713
18596
7311
14392
5477
9927
17197
4785
12536
3605
10845
9957
8214
13495
11996
11095
16880
13156
14569
3731
18913
4487
17380
12177
5480
18447
11954
3238
9456
5395
7485
13670
19594
15648
825
5178
7452
16192
19489
4185
12787
16328
17535
11815
84
7359
12778
5991
2897
18118
1674
18686
10199
1033
18615
1414
355
5696
3615
5227
13013
7778
7047
8038
124
8743
18697
8115
497
1367
11419
12849
9184
12116
7120
12181
18177
12578
18680
811
16389
18863
16995
7211
8108
8098
11842
11636
12403
5892
8206
6279
14474
2437
12834
3555
12228
9741
5507
6904
18536
4769
15713
15114
12100
7501
12565
14020
19361
5332
10442
15094
16305
7921
7064
18189
2789
19976
2379
6478
15899
6223
9186
7182
17557
6323
4276
1009
6341
3080
7085
541
17988
7312
9269
2458
13314
3239
5810
16392
6359
3785
3044
8285
19032
8288
15118
8314
13797
6446
12981
16777
13632
8852
6560
18741
8248
2973
11199
10981
11843
14858
8201
3382
17738
10170
1789
9236
18014
3541
6762
19957
936
1717
6314
8499
17246
8786
19209
19108
7250
1897
18915
12280
5860
14184
11243
14894
1016
17208
5161
5458
1538
15527
13851
2071
8798
946
10172
8333
9820
2411
18497
19455
472
3309
7840
11308
16168
7577
19404
9280
2638
16779
17275
15119
12269
254
3976
18061
17561
14585
5620
10253
4327
5045
5128
16692
11971
5675
1589
10680
12289
11615
10748
2970
12459
10083
1642
8733
5529
3657
4955
7363
3966
7434
11968
4291
3071
5740
11419
13384
16158
13106
6694
9481
8149
17030
5843
2432
1567
19292
16110
4810
12496
15875
13247
1818
1444
14541
10092
6362
5301
12728
6907
16031
9734
4472
5653
3911
12284
1795
17734
4242
8013
5113
11457
3674
432
12814
1985
881
2516
7318
19626
10966
2989
7820
6413
10995
3080
7710
9834
16085
14432
11160
19728
7657
9001
10475
11136
11536
11114
12922
15248
14782
2568
2369
12235
19829
2333
18019
6517
19129
19079
16974
9165
4560
12988
13805
12843
9176
10492
682
8
4388
16991
701
8381
597
3597
9078
11332
17425
7020
4899
6811
1154
5108
13086
2215
9677
9535
1719
4180
18510
11420
15865
8506
10413
10786
6779
11548
3871
13281
3717
9067
12475
16725
10333
4551
15894
9108
19597
9765
3998
1126
9043
12779
2320
10613
5797
7384
14487
8730
10974
3522
9378
3766
5482
1591
17280
18914
4490
3941
7066
8862
13796
16469
13837
7270
11562
18993
3650
12963
1285
455
10700
14973
4349
6053
12414
15438
5288
4516
19846
9714
9710
5282
15402
9627
7828
9063
5053
16992
11213
2569
8734
19125
3513
14987
9070
8886
9112
14112
2636
350
1360
4685
2702
13844
17847
15373
14430
10660
9725
4878
15215
7756
9304
5304
16730
6701
10510
4238
1177
6401
2937
18893
13535
3084
18298
18705
3667
19082
14109
16311
4167
872
3492
12701
19609
1071
6482
13030
15461
13243
12663
5754
17925
3339
7187
4617
15366
1552
10217
6928
4456
13448
8769
4628
13617
260
16858
13388
10223
13413
7242
13851
16393
17638
7347
17690
6112
10931
18981
19893
17863
631
11786
5932
12892
4883
13489
6873
4834
18570
16698
2097
12540
9081
4987
17667
2728
2884
3597
9022
11862
1932
2550
7440
16484
604
15891
3752
8184
3331
6530
13085
17368
14236
2410
5351
9609
5320
14887
19307
2178
18686
11478
14485
13164
19672
16121
8862
8312
2351
18727
5548
1021
3105
1171
4313
7021
2478
13751
17099
5683
17091
734
7330
19020
15277
1355
3313
12831
16111
19081
11876
5881
18735
5039
17248
19049
5290
19631
7848
6677
17320
2236
6299
10264
17034
11254
1530
7320
13344
628
9479
8744
12311
4044
11658
12631
13167
17473
13421
7026
7819
14698
39
8957
2338
18075
14678
12105
10930
4915
4325
3443
6900
8257
6381
3993
12490
6899
16408
3674
16085
2940
12000
15976
4036
10977
16118
17132
13670
16193
8159
12759
19072
13727
12889
8897
15195
19309
17179
14816
19700
1302
8378
4357
12759
11528
1480
7606
16902
18653
2390
18180
5938
16997
8475
7402
19597
7473
1165
13505
8534
3294
5611
9409
19379
14779
19517
9144
15421
9145
12083
12800
6261
14991
15307
13153
15509
7783
9838
8483
7457
6697
12186
5421
3547
19457
17402
2847
9014
15375
7984
6472
15843
17420
3925
13605
327
14292
11672
13655
4654
14484
1314
928
17752
13072
7739
1657
16241
8113
1957
3475
15967
11114
933
15144
1332
14726
17122
4125
2723
16944
550
16791
80
19935
5345
2102
11456
5851
15469
7698
3376
9360
7597
16945
16609
16622
11310
5059
17872
14554
10639
18234
7684
15669
18269
19145
1473
18823
8535
6327
16953
8264
6737
9472
19266
18923
18675
4841
995
5703
4929
798
12424
14051
14806
13257
1940
765
14921
18609
7990
15063
14290
18573
15637
12318
4198
11331
7205
56
19357
1954
11835
16074
18581
7064
17213
10660
13328
2705
6674
8138
17272
19437
11417
1759
2274
19740
12790
3792
2672
15704
1511
3354
7857
9887
3509
13817
10211
17516
13029
12654
18649
6993
17166
10923
7831
9939
19205
16863
858
11554
16819
1657
2741
12980
10665
5658
4181
4829
9834
10684
4966
7532
17542
5433
19599
17797
9448
10713
13273
9334
8229
19899
9101
10649
5492
18335
15226
12453
14685
10478
17014
9201
1642
2183
10780
5574
19994
4327
10196
16704
19092
10964
14128
4097
10649
7334
8466
7794
7474
3603
2347
11415
12009
8341
13374
7021
10963
15225
4259
9762
16074
6311
15176
7025
3737
3529
12498
17753
18353
9435
9313
858
8537
16493
13521
9387
14434
11319
8925
9626
13592
1658
19550
9153
9236
17039
19953
5025
10094
9870
1238
7806
4592
1949
7348
4279
18918
4915
14075
8480
14802
2760
9537
14238
1308
13595
11310
16286
1414
6111
51
18930
2077
18307
6677
7849
1451
3293
13992
5674
11946
16306
1718
16653
6675
7172
5727
10806
14356
11961
2810
10542
19456
18980
15353
6592
14529
11474
9610
2797
11560
50
16794
5485
15653
13058
8117
3395
242
7059
13096
3131
6569
15800
6888
3362
4823
1904
10059
16098
8008
16750
13171
13689
2177
1569
4555
14741
2028
8613
8970
4366
18894
6533
12533
18592
18549
5066
4545
13379
14125
19141
11734
3945
13682
14517
19023
8211
18911
2646
15453
8528
1701
3942
11019
8403
12023
13397
12061
7824
19010
13577
10258
7636
8634
5066
3944
8254
12496
14736
4894
19741
10495
13480
5172
10055
7974
13917
17839
5970
16528
13673
18810
915
8207
3255
15942
15538
4583
563
2129
3462
19686
11217
11876
1938
17809
18135
14455
19835
19258
16936
16399
1029
14734
14158
3816
9161
874
6275
12269
5013
12014
1436
11108
864
6570
6227
14471
7528
4533
1871
7565
5962
7804
3154
2375
8701
17367
7583
14470
15340
18935
11430
89
3374
8028
6509
14356
14276
2595
15644
3949
16878
19805
6437
4672
3786
7770
13007
16947
17354
19716
13182
4627
849
14729
19072
10397
12233
10448
17494
11129
11940
16428
4925
6240
17422
13166
2936
18622
5099
11572
18652
9906
7442
16736
10871
17235
19749
10404
14238
1613
4364
6809
8466
3977
18605
17583
7950
19082
19243
12159
12944
9428
8888
3804
8449
18919
19511
2823
14595
1001
18707
15138
8726
6017
9365
12988
11175
1919
3014
8587
2965
5882
6210
17688
17505
8274
13109
3188
9041
3219
3509
5513
10913
6395
17083
1771
15528
9554
7871
1229
10626
8152
7471
4752
3935
4125
5195
2933
11751
13898
928
17172
8
6845
2112
4549
14878
11217
1850
3004
15485
16252
11868
754
14110
13106
15265
2334
6500
6886
3064
15490
10409
945
4403
8002
3658
15467
15528
13807
10892
8502
16328
1761
9098
10587
11289
11140
16412
17836
19091
11977
3205
168
883
16126
9785
13405
5215
5272
19177
8647
16151
427
19853
439
12212
2460
19693
4111
14048
8750
16939
1545
9297
4408
16560
16279
963
1112
12466
6214
1745
12993
10686
3356
5776
400
17000
15744
18984
1213
109
9624
15696
16716
16929
4333
17893
2530
1849
12108
18567
13205
18391
10022
8912
8573
17102
3670
5873
16007
1361
3170
19018
6984
5660
10395
19910
18605
16862
95
14321
2993
11362
6046
7895
18761
14073
10169
11035
6521
3269
9254
10832
969
18980
16912
13271
1522
14967
6172
17366
12115
8718
6790
13009
1472
10098
12650
17608
10329
18639
7038
16589
3737
19676
1756
15552
8709
6185
1694
7657
228
7523
5506
3153
1966
11974
5549
19645
5181
4032
18284
5767
3456
16126
19381
4955
6543
1173
7020
18348
18648
12495
5441
3473
6744
13841
14359
3007
11141
13605
12928
12355
13448
17320
579
8380
2376
8625
14304
4659
769
5021
19562
5145
18100
19220
18099
5019
16408
19577
11974
8740
15150
14323
13389
1583
3986
19027
19506
5192
13773
3521
6339
2334
2183
6759
1870
7654
6362
9498
844
10959
12706
8961
5627
2174
9777
9699
10596
16902
7711
12049
13499
18853
10174
17325
17572
16798
13707
6646
6098
11822
5313
2577
12234
13261
3783
9782
15783
15972
10282
6164
14135
18501
13733
1409
17475
5643
10012
12289
1036
2351
12361
4786
6576
7012
2797
8403
11467
16495
6504
15631
18682
4903
12036
13578
507
1733
13996
13926
16433
16456
12954
11442
19524
11368
9165
14672
17957
52
19193
1858
10190
490
19801
368
10088
17171
8735
16696
13734
12825
1580
3826
10767
12997
5979
10431
6425
11321
13432
1230
18833
19751
16655
19882
4279
172
6014
8100
13733
1613
10988
13720
15088
17996
8531
8958
13736
1255
696
14224
12698
12333
18652
9043
3572
701
1035
17316
1352
2398
1489
10784
9322
4821
7820
9487
18100
1734
1373
1903
17097
12938
19224
3289
8149
17608
19643
8561
18387
12052
4892
19631
9289
17569
26
5509
2862
18660
13365
685
8460
9318
19418
3025
481
19462
19287
19222
10431
5289
17293
9861
13394
12830
16354
16887
13985
10323
6902
19677
17358
19437
6350
6729
18649
11528
13868
10237
14049
3116
6080
7118
5257
12200
1111
16500
8825
13037
17778
465
8155
3273
2354
9211
10086
10303
10734
13928
5817
13216
8839
17941
15037
680
3091
1555
12204
19351
9397
879
784
14250
18222
6972
5571
17941
16557
11902
18742
16224
9282
13302
8334
17691
10544
13061
11273
9919
8192
7423
14015
1763
6578
3054
9827
17720
10863
11520
3687
161
15034
1870
7231
4178
5317
16457
10239
15844
12063
4931
5566
16754
6027
407
16731
7411
1420
7287
3166
14196
7004
12208
10616
4145
3548
18396
7268
1360
517
15907
4815
18171
8606
14767
307
19960
18695
18219
19007
18694
19633
4534
12179
150
16752
16714
8678
12932
4873
2660
13962
2736
6213
6095
7848
1117
12808
3282
12069
11366
411
4690
8550
16376
8613
9445
11824
3568
152
11413
14792
16817
6632
108
8409
15649
15062
16674
10324
16546
7051
11457
10193
19368
3712
18737
7091
4092
15322
8741
10186
1708
499
2336
16498
7884
2963
12453
4377
5101
15262
1915
16446
12056
9190
10297
7605
18056
1889
8115
2087
3617
19254
2945
12886
12369
13201
713
7389
545
7734
9448
9942
12791
10642
16418
15766
2540
7949
5155
7955
7429
12955
2161
7525
1072
498
6289
458
12893
2389
178
2628
8438
4207
16057
13853
797
7132
202
9803
3296
8257
4592
18606
4923
16828
11082
12661
11051
17398
2675
9345
9610
3892
171
15330
18572
17293
359
18845
12085
9782
6897
5839
13781
3545
1885
6379
17697
15012
12714
10367
5102
13950
561
3413
6188
17268
7214
6805
6430
3826
8168
3336
14450
1197
12670
7831
9857
15836
7023
4081
1988
19847
6630
14828
18800
15384
5121
3203
2928
14991
284
14430
13598
19761
7839
2640
8862
14400
3809
16537
19159
11653
6006
5643
9295
9290
2108
18985
8834
9732
14975
12619
18302
1550
6308
12447
15102
4049
8152
9034
160
18783
12661
1356
13317
10719
12429
4770
11045
4994
18742
2980
7917
16884
17587
5870
3798
11438
10363
2877
5219
4393
13385
7791
13463
18317
15999
5164
7504
1639
1271
18468
10788
13784
10791
14254
15350
6826
3504
6768
16021
15359
5347
19996
5778
11682
16049
2199
4571
5278
16334
7189
15449
15373
5345
5472
12546
14504
6539
1848
19452
16350
11889
17492
6607
16512
1351
14662
14086
1113
6267
11389
354
14522
2844
19012
16570
8115
7269
7048
6674
9886
10345
17270
13719
12278
4860
16739
7189
12517
6524
9285
15701
3578
10939
8638
15639
1465
17226
16730
648
1325
7523
12654
16191
3449
15411
19872
1305
19372
7874
16229
18479
18930
19617
3173
15794
13831
15438
13371
10851
9702
2375
6392
15184
16352
12617
7016
6830
10505
5379
9996
3536
8300
6460
358
2306
4126
3230
16564
1924
13104
9661
9075
8774
18206
14184
11876
15645
6756
17643
1420
2783
16720
5054
18806
17504
16915
18734
10803
16970
19282
7974
18146
9362
18105
7194
7338
5565
6446
18511
17891
9711
2115
15498
1237
18187
69
11188
7897
18508
1234
18374
3036
15358
8519
19863
13921
3258
9399
18175
8165
5533
11608
14535
2590
14692
9912
16528
12125
11269
365
15388
3283
1965
16233
3388
8336
7314
11308
15959
838
8660
13812
18164
2700
17269
18543
19237
9023
11633
817
9072
11330
9980
16289
7227
2022
6903
19405
7122
11524
7567
2334
10200
7879
16050
711
9448
520
1998
12631
1479
3345
4424
14190
11017
16194
14678
9195
4028
9042
15354
12324
18100
3437
3451
4591
10132
15164
19809
16157
16822
3299
18605
10535
11991
13699
17107
1216
11618
18816
4373
9578
8279
3037
18845
17572
4152
18690
8246
12833
16976
17408
14919
6100
16832
8907
9390
8423
2344
19238
11125
6539
11502
2301
19188
7210
16110
10219
1379
15352
12414
15100
8217
4232
2716
12269
14886
17371
1238
19088
18921
19827
10070
14507
19119
2501
744
11167
2089
909
7881
2695
7272
9660
18671
6711
8984
4268
19087
17251
9558
7124
527
19265
2095
12950
17448
935
4407
10646
7287
6190
17027
11878
13152
16793
19427
12700
7167
6606
15103
10373
365
6370
6509
13426
4588
19604
8237
19632
16
11823
12097
6167
13225
10003
5739
8408
6768
1550
10853
7545
686
3011
14584
4029
1956
16076
16217
1724
15770
11292
8422
16850
4392
11613
5753
18099
18490
7800
14918
18748
14275
4660
4535
11685
17730
12917
16098
16850
14953
8453
8419
15369
6896
3857
9979
17470
18197
17578
11429
6985
13517
5804
5137
18233
8140
13179
9247
98
5741
7112
1497
14002
10110
6068
2093
6562
18795
9420
12038
8712
8518
18226
3046
8392
13872
8476
17762
6571
3687
3829
14938
5320
11211
12834
19699
17182
16334
19104
19283
19524
11864
6504
5848
18487
12020
16020
9686
10899
14331
11067
14251
17149
8923
17048
833
12317
19971
6409
19839
9289
1102
2611
17516
2812
6409
11011
17569
8613
14307
4527
8650
764
4432
4187
1913
19439
19834
16344
5798
11003
13572
8455
1927
19126
3644
18331
16520
5417
12765
14748
5448
10043
10526
15335
11824
4073
12379
8786
2672
2417
1598
17774
7831
2222
4073
11814
11662
6014
18114
19812
10834
18750
8827
14611
4621
631
10269
12703
18448
3378
2098
13272
8879
7847
1708
9461
14585
7955
15188
11028
7186
5000
306
18752
14062
2782
2518
15884
9517
14983
5026
14172
16622
19232
11540
4708
12785
17284
13811
4743
8044
827
11349
13121
8681
4079
330
5952
11515
2591
9801
3661
18332
19692
2037
9481
5956
6448
2348
82
4552
5231
7756
1061
14988
4998
10978
4861
14310
2720
7729
9241
3217
11144
2939
13660
1098
4696
8238
3470
17771
10640
11342
7488
5602
11394
13243
16941
19981
9257
9311
4828
15028
15706
10230
15521
16418
467
1018
6307
674
17649
8170
17848
19794
12029
11095
16525
16614
16550
6603
12066
19388
6570
7254
17362
15800
6445
11862
15472
8860
18829
9986
13164
2597
13932
5491
11221
6148
11180
7536
6905
17335
17881
6644
10792
516
14751
18046
13399
14513
1789
469
5504
15779
16849
10166
8646
17842
5907
604
8534
18309
3486
14730
3049
9775
7976
7671
4390
4805
15795
4023
1668
1850
13724
1186
2509
11258
8337
996
1791
543
15552
17056
8620
4979
10282
7873
10913
13347
4886
15039
8387
9212
4962
18666
18549
613
7220
14167
14518
2841
19406
9700
13192
2591
4704
13257
14219
1032
3800
17116
1832
2468
8916
33
15882
4417
15032
14157
3398
2529
19867
3061
4187
7190
6076
18904
276
4765
1042
1733
12715
3157
9600
2890
14888
7066
16712
19611
15014
5699
9526
13915
15671
3444
18781
4842
6878
5504
16607
5772
4986
3166
14790
15377
11522
17735
16592
13446
12971
6506
903
13047
3303
4812
15598
18911
1416
3551
12599
9774
2466
13566
8721
6677
18703
5858
13951
817
300
10916
6180
3794
15136
6640
7834
14663
17788
17794
4867
1736
13950
11615
7638
6112
2128
7635
1083
19572
2733
10434
8722
13076
2820
9293
11532
19390
2581
2180
2749
19881
2968
5698
810
12212
5565
7049
9789
13995
7117
91
18743
10547
13424
13938
11205
3188
6216
10620
12811
19776
1691
4407
12348
5891
5166
5093
172
12873
2764
19916
349
12038
6534
5645
15765
17222
12052
12926
2993
8402
4794
14022
10227
12443
17445
6965
19286
15527
277
9470
17506
4085
19029
18
14075
15598
7909
8473
1428
18154
10553
6159
8577
5564
13690
12218
14282
9052
9706
13795
1051
1231
19333
17400
7768
9588
4483
509
16462
12781
1721
16971
19941
7560
18143
15238
15569
17577
17453
2686
4872
7863
6015
15554
4622
19520
13944
13787
12939
6505
13762
7437
19935
12693
11475
15717
19500
8241
10155
15230
12369
6586
13466
9815
247
13868
4543
1225
3395
10697
15530
71
4940
18530
2691
6775
13031
6372
16068
18951
8254
14850
3969
13069
2688
12282
712
4960
2194
16839
18307
18605
13122
9763
13499
16374
10524
6711
3318
14445
12501
2176
18753
19049
15877
8895
489
675
15666
6942
6594
6992
9703
13722
19787
1466
8227
17009
18729
18301
14126
2057
12943
11323
14311
7675
8447
93
7160
9466
363
11111
19563
3780
17620
1303
3254
11012
6708
14234
19665
13697
14038
12298
13960
14726
15651
12871
13612
6351
4152
1873
4356
13869
11090
4447
15618
7222
4044
1952
5968
7340
5247
18572
13288
6312
6120
14373
10243
2883
7016
6991
1353
9889
17285
5929
16519
10810
10701
17256
6079
19238
13146
3343
16857
13988
7345
14156
7832
19752
15941
16785
18567
15711
19609
9006
14449
14624
3362
1736
7760
2832
15498
3416
19102
9874
12529
5602
17223
13705
13038
624
17472
15051
18612
4299
18480
17093
19471
5366
12428
5125
4590
14087
11585
168
12730
17378
298
15520
5796
1939
17474
9185
16542
18568
4147
7976
11551
15657
8717
1128
5738
19061
13970
2195
1704
10842
19758
2594
12849
13072
15300
15361
6954
19955
6979
8282
2633
18044
3991
13340
18900
635
18684
16136
7559
10642
16462
17591
5972
6257
444
2987
9284
18825
9978
3377
10076
4207
16021
19184
571
19728
18594
8369
12287
19883
3536
7530
18824
80
5820
329
1076
851
6306
4121
8009
16812
15057
9780
818
11758
7576
13830
11169
2433
11900
11993
19250
15263
1355
18178
9680
6824
15755
12199
7312
11747
3020
7660
14203
3153
3100
7385
16202
623
10841
2601
9386
15944
11585
18450
14206
13716
2661
11468
10020
11602
17020
8991
8144
6205
4628
14093
17524
18734
2787
17625
193
16109
12091
12851
2407
4949
2556
2306
14744
12516
11332
9228
7851
27
129
5029
925
4824
12199
18193
7025
1710
18493
3544
3128
1534
12946
3205
16140
13588
16493
15706
19318
7552
10626
3860
16880
19823
11616
6647
18116
1445
3015
1558
12307
14361
8407
2433
3761
6670
17827
1003
6350
2186
16517
12310
18000
11765
2603
11101
6747
11823
12463
9214
8979
5069
6756
8067
15385
12786
13964
16428
6064
13447
3366
4890
6051
13751
1637
16762
7104
1129
4188
1580
11900
13818
6422
4399
17082
6422
15682
9163
18631
2707
11915
14458
5404
7274
11141
1267
19078
15667
227
12277
2
6397
7430
11021
11170
39
7824
10052
44
8285
16823
19880
16866
3058
16597
3029
6940
5174
4155
14496
19889
17588
10054
2368
15093
12075
12298
12089
18780
11175
12106
9894
7741
18971
12490
18531
17457
19421
8284
15348
12571
5279
15926
181
4066
3941
3333
13022
409
14600
17755
7987
14463
6534
579
15526
13506
15619
3990
19785
4863
2912
18117
9012
11204
3318
19190
3983
17591
4751
7949
10941
1391
2498
11071
1669
6240
17129
10092
10270
18164
8640
10277
4854
14677
12764
19944
11743
647
4902
10157
182
9874
6003
13464
2674
12029
17857
3887
11014
12374
1136
9030
12466
1550
6362
13430
7852
8225
7504
5452
9863
2739
5491
4253
14269
16406
19404
5879
7103
6056
9641
19891
19605
5594
18132
15303
6771
18379
9201
14744
6683
9522
18419
15276
521
9435
13788
29
9568
18120
18768
5482
1742
19129
13717
3112
2302
13287
8617
17429
3802
19753
5919
18189
7770
18362
9431
2133
11789
2226
17849
821
10307
10640
14254
3363
16950
18873
11483
11866
5043
11162
14011
16682
12040
16906
9272
19816
9451
971
11302
326
15684
18127
2748
6878
11480
18838
11024
3047
18452
1622
13005
3146
14962
6324
5811
10287
16779
12270
10700
14864
8025
2715
5863
10511
17608
810
10930
9475
11512
423
19992
11982
9393
17532
13237
6602
16228
2612
9586
289
10042
602
18466
9596
8764
12161
13976
13299
3293
8477
19266
7523
9448
1134
1798
11326
4353
10013
13783
2077
16795
18430
6900
18992
14166
2837
19485
18165
10610
14550
11507
16135
10516
12324
5739
4590
12468
155
10639
4084
6049
18410
12978
2232
17970
7991
9965
10364
7817
9638
6682
9880
8550
7157
7052
18033
5478
10974
3849
1284
18517
18464
358
14972
6583
7127
11069
15300
18607
7399
13069
887
5674
4696
15086
15154
10411
14523
48
4074
15796
18123
7759
6138
5517
4687
15509
18325
17204
9436
17708
5402
14146
10391
16670
2406
19094
9239
17803
19843
12480
12873
15974
413
10668
18125
2317
17077
10248
10846
6531
5807
2260
3183
14699
14694
2278
14481
17091
9248
11414
6129
18363
19804
4909
8254
1968
17671
3941
7464
8074
3053
7388
9732
19566
269
15579
12716
13696
1766
17757
15171
16185
14541
10623
10102
9569
5377
5827
414
15594
7765
7488
10531
12489
12012
4201
14202
10513
3204
504
16398
7245
8713
8887
16541
8281
15881
3883
12057
16734
4584
13630
13775
6888
15082
2759
11204
16518
14989
4792
17083
6334
11002
8868
13492
18666
5616
8683
18734
8947
18336
5827
18925
10248
13816
15300
13175
7131
15127
17649
3448
9112
14847
3422
13797
12547
15432
8450
477
12269
1264
12986
12044
6546
17681
1975
5641
12819
10027
12582
8447
14603
1089
1882
13705
2576
1312
8888
15671
6951
7449
4735
6957
1380
5743
4530
19626
6653
8332
9507
16678
13002
2414
18301
17908
1692
18367
12622
8903
16375
9538
17327
17329
10765
10441
6802
3942
10456
16516
16103
6560
5523
16211
7243
8508
11637
17981
6701
9153
4652
9849
13502
7809
10514
13289
7829
18135
5966
18215
18236
1200
7338
9848
12922
18151
13293
5757
11774
13033
16500
3880
14853
2391
1105
18123
2088
4361
13792
15596
18725
4687
12226
2260
11239
4211
15704
5383
7381
17274
17086
19471
5013
5226
10433
18481
18171
15526
19742
6817
14738
17844
17369
2032
12613
4031
7383
7907
9994
568
5112
8192
17707
3735
14164
3042
7475
2080
2033
17899
13586
4897
8670
16345
15213
6743
19216
6193
10885
17169
7958
3576
10690
6988
12314
9985
13435
16861
8119
15328
11333
45
9234
12509
8310
2558
14678
9092
11733
19244
16560
19962
4031
18447
11619
4362
19512
11421
13737
11453
18701
19660
17160
13831
18658
5909
6444
798
4861
6452
11334
16646
13901
10156
14817
18792
6200
15944
9116
1537
6016
15835
10825
246
7282
8969
14850
12902
3147
383
13699
9560
7174
3356
391
7090
14470
10483
3106
875
4669
18729
10488
18425
12951
19801
15065
4
4294
2583
5370
13052
19914
50
8369
13285
9053
16690
429
19376
13336
4288
7151
4710
10373
10725
2985
14461
3843
11211
12753
14957
18351
17376
5185
10236
5173
4184
19247
9493
6867
15730
18564
1304
17062
18803
3164
363
11092
14767
1849
6861
13461
19654
7523
6827
5918
6666
19808
8268
3019
7679
14572
5799
16553
11260
19829
6196
14685
4494
14262
1504
4564
12027
17070
8442
5481
643
9020
5322
684
13955
11034
4994
1909
14772
17010
14988
10757
7792
7457
9698
19732
9844
12839
14141
14045
6273
10856
6213
14978
13629
5379
3784
8221
18582
9228
19526
2789
1799
9095
14024
12857
17203
14147
3376
17804
5038
5585
14540
10445
11674
4416
4293
10897
783
4151
7828
15967
12724
974
7955
984
13066
1609
3985
1826
18089
17745
8767
10831
2721
9201
12360
5102
6114
16010
15678
13294
17879
19
2831
16459
11533
4401
19927
16854
9650
19375
9454
3845
8089
11162
290
18868
15769
11196
9919
1462
17589
12915
10123
5180
9527
7437
13454
15617
11797
16962
10703
3407
16277
4877
15802
15250
16429
2952
10876
12472
4355
2020
7761
5089
4243
1442
7445
13352
14831
10801
7255
7982
6368
804
15820
4863
11339
16687
8703
6883
12175
3870
14150
8132
8107
17170
8592
8855
5820
15577
15322
9257
19972
12137
11073
13351
13831
14808
16529
1706
14510
6555
14716
3901
13710
8505
10055
13452
8067
1804
6366
12651
11925
13459
10056
13824
3261
9334
15381
14542
577
1720
15283
14335
17691
17586
2720
3181
1112
10066
4826
7148
5244
17999
4018
7544
8482
9767
19680
13079
14081
2231
6575
10379
10635
13558
11161
15895
239
9518
10285
8842
1182
13112
19052
5964
10442
7188
16756
15524
17354
17698
4916
2564
19035
6592
19070
4243
16961
384
7482
6037
17739
16612
13079
2488
11700
3833
5308
6237
2277
2894
7613
8736
503
17007
15113
390
6359
9474
19168
8483
6115
15581
6050
17285
9072
12514
1795
12897
462
1273
15034
2264
9507
7432
5049
10245
19572
14449
12535
5702
6595
1224
10472
15332
12817
16495
14094
18880
4324
15089
11273
7964
13188
7863
18761
6884
5952
1578
15333
4183
13102
14950
2724
6998
11471
9398
9145
18471
14096
4338
76
19430
17773
15218
498
7529
15632
3950
13150
17039
14647
17492
16849
18180
9972
7076
15726
11443
3533
14891
19400
15881
13956
4282
10300
7009
4498
7043
11771
9106
9420
15376
768
15345
19655
11616
19584
14532
13175
2366
17311
3365
2771
6495
4030
1103
19733
17784
3154
11432
1533
12282
10193
19978
4757
13579
3654
4431
9487
8642
644
9241
1067
4543
7478
14684
2325
12932
9077
16457
7275
5364
3379
7383
8923
3623
116
12112
8235
16167
15612
17589
19507
4010
14339
12175
14692
6668
13061
3507
9932
424
8311
13553
15697
19155
5652
2042
18427
5589
11925
9323
9903
5092
17150
13370
19989
15839
12085
15548
18907
16549
16078
10992
274
19759
1986
15052
8982
16
4830
19650
15852
11560
19576
17422
9028
15487
3516
7455
1981
10820
8644
19903
17575
546
9542
1
13668
2044
5447
1862
10856
6565
15661
11724
4736
15102
13811
116
4559
9069
19125
14126
14450
1206
11819
11875
15493
9785
2291
11519
18303
199
12583
4953
249
4738
4141
3840
9324
6865
6893
13859
10231
2109
445
3261
18016
11595
12697
8796
16690
6101
4718
1869
7684
103
17333
37
18906
17811
2301
8206
8997
4882
19009
2188
17478
19576
3800
12267
305
12882
12
14407
4556
9023
7042
7224
1461
14216
12984
14200
12835
13181
1677
19505
11013
17742
5849
2696
18375
19747
19901
6944
8308
15000
13494
14701
1781
11352
19467
374
5654
9076
6438
12422
1354
15392
17984
2895
19621
8107
7092
16411
15559
8282
12053
17456
11769
16928
27
9023
17103
4443
18553
1450
7118
5357
14122
17936
7495
4885
5354
6358
8705
12298
16545
10323
16917
3541
18650
760
18611
8872
18770
16666
14562
2974
16619
1309
16132
2831
3840
5471
2807
15376
7059
17951
4664
18694
3938
16584
4963
1925
3641
5342
597
14153
5568
579
2194
17904
4853
9990
2979
3122
8309
8712
14935
9630
10419
4557
1002
10514
9323
8060
3715
1494
4656
11923
13430
17014
2625
16746
14795
1850
13627
19937
14198
9828
19144
16553
13285
5318
8309
10764
9496
15293
15329
3643
5482
3854
4497
3314
3663
8699
1760
14601
10774
15041
16916
13274
2573
4945
4780
11657
11107
1098
10549
3829
10376
5168
9948
1498
13649
7659
11005
13249
8504
11998
698
17317
8801
9121
8200
11458
7287
18366
4995
7611
2612
18181
16738
3688
3711
4940
6597
795
17552
16775
5067
14797
14543
9344
5376
15498
9979
19603
4755
3286
2182
10888
613
5850
14941
18413
1309
5167
4102
7599
19769
17158
7778
16342
19680
657
658
15323
19026
13490
17717
16294
14304
11582
9199
11176
15512
11372
5318
497
15865
5696
4966
6927
5349
14511
9668
1829
14036
11279
3584
17603
7589
8989
13251
16840
848
11786
6920
2064
14870
514
7511
12955
858
13018
16876
6461
4841
12310
5719
4059
2420
14164
15356
12360
13695
7512
4410
14716
4017
14357
5609
6862
332
19765
6588
12462
598
10373
3623
7874
2358
11936
10970
3898
5115
17367
8010
16370
4246
11161
13329
2308
13032
613
812
6791
19349
265
2562
13672
15896
9333
13093
13635
15504
15809
13521
15614
15448
17624
16017
15010
5365
17536
3457
12247
12840
9319
4750
16731
6755
4044
16665
5439
10776
2118
15930
958
11245
17941
16801
219
1420
5443
4184
9430
17111
13559
16357
12138
16025
11542
14060
5542
10103
2550
9232
11622
10661
14496
6042
18381
10868
321
10834
10401
9674
12717
4522
14276
18538
5681
6139
16138
16594
19636
18534
17980
9476
8937
13373
3815
6588
4339
15226
18849
7520
11381
17356
16602
16693
5269
19603
11227
13038
19596
2369
1887
1760
9102
14976
11466
11281
8624
13170
11881
12302
11962
15700
18024
14907
10187
15356
6890
7814
10179
18689
15624
18645
10418
4665
6505
13789
5018
9629
15610
7732
12259
2121
2027
9406
3099
1408
7558
18596
71
6605
2860
18212
15979
15044
13358
2433
12466
4902
11973
6810
14011
18083
10190
2809
9632
4250
18758
1442
19940
2332
1149
13131
12568
17231
6970
8234
18858
3502
2923
18761
10282
3854
6375
7319
2074
11419
4803
18617
8594
7457
5517
13918
16397
14694
10952
1520
17748
6676
17348
3013
16709
53
16409
9685
8000
2231
12160
15271
15053
15791
19246
10564
17997
13497
2510
6733
6619
17629
7802
11207
12383
8750
18070
15796
19311
173
9289
14398
14562
19274
11000
4461
4051
11178
16993
17144
12078
36
8273
16888
19098
8325
11202
1975
13539
12403
8501
14376
19586
6447
11816
9456
18252
13043
10452
2721
11572
16027
5637
18056
11294
14529
18999
13788
16385
8768
13641
791
2519
3834
11137
3618
9892
11381
15292
1864
15457
832
2608
172
14340
6707
7104
919
11534
11412
3066
10153
9840
2646
16721
18673
11611
5724
1331
17400
8803
15932
14982
5207
2862
19934
4195
4873
7295
4259
7087
10906
16986
19491
1330
4095
8595
17071
17078
3040
18712
9077
10430
1936
17367
12385
19968
14941
19053
17088
16609
8131
6829
3424
4875
6427
2121
4084
7789
12432
6367
17172
19407
4594
18755
2816
17073
9507
11205
6565
19807
13103
8351
11704
8019
9529
190
4896
13671
241
15946
1200
11349
8417
7379
12242
1709
7847
3450
13343
8018
1820
9273
11818
12433
10035
496
1373
12799
2557
5517
7386
7790
11081
4663
12772
18668
9226
13783
15575
7033
14928
17764
3601
19042
5016
5577
6676
10527
63
5301
9668
1733
15282
9247
15050
8392
2017
11572
2363
19025
12273
11391
1779
16888
17329
6355
14363
15071
13637
16216
11786
7722
19870
8176
12903
12350
6282
1828
12236
6037
11751
6192
9862
8283
11827
15879
3929
12777
12992
2404
15616
11324
16707
14607
1171
11760
6699
5417
7137
16414
15630
10004
316
12143
16447
14945
19861
19548
3580
14615
9564
4932
9892
11005
9129
17385
11462
1508
3865
16487
436
9300
1328
17458
8023
5873
6557
5867
4796
14698
12923
13694
4779
15871
17203
4027
18616
8268
16543
3279
8082
8278
4170
31
7385
912
51
1985
17422
10698
18160
9910
4482
1943
5038
6920
3504
10874
10327
14332
18886
10029
11885
9299
12606
15213
14194
8579
13324
9157
9866
7213
15344
10037
10264
14555
5547
17662
16101
7128
7182
1901
8864
16171
1165
7938
12607
15506
8339
8029
13923
8663
9071
12196
14202
14321
6701
6354
5821
218
2047
7551
6170
10408
8793
12936
3116
1867
11165
13115
5062
9474
17835
6658
16207
5370
4058
12713
7014
8643
15268
17421
19527
11633
8699
12259
3494
1900
9977
16675
14872
11540
12566
15759
13810
14998
3827
2627
1993
12643
15731
16923
3448
10803
11177
4507
11231
7989
5163
9311
14088
10705
19526
11904
8646
15773
12332
9696
2998
9240
7049
10418
2119
15750
11732
19049
14902
14409
19872
17243
12434
16696
9361
5809
15295
415
18443
6510
6998
3890
4326
12473
10185
14831
5247
1129
14595
5679
12840
8333
13486
12137
13856
8725
3631
3012
4957
8864
4268
310
357
291
15469
10205
18523
9106
11968
17049
17719
7182
12054
12229
12239
19083
13388
4272
10801
10589
132
5820
9811
6879
2993
6162
5345
5343
17618
10400
9397
4009
15637
15505
9701
2990
5341
17735
3990
10481
10910
3223
18159
15855
4357
13313
14792
16552
5589
5066
11137
878
16268
17560
7087
18313
17476
2249
10065
19972
18997
9296
11969
7160
9655
2030
1861
14098
17702
14249
9893
5924
4478
8267
15000
18341
7334
4218
215
1093
1865
3055
13395
7250
15295
3445
17858
18208
10442
0
8212
120
19836
968
6596
9472
10902
11424
5898
19299
11851
10839
301
8860
5956
1899
15157
8964
19228
6213
9183
4054
1547
14004
7882
14107
14049
6249
18991
9336
17160
16909
14829
464
1163
18651
12642
4982
12245
8445
6742
7955
14386
7878
14064
6000
18227
137
17132
16417
19181
7829
549
15310
8480
16174
5036
2495
13269
7976
1978
11556
2433
6498
8226
19902
6887
19709
5279
2158
2681
13432
2989
2263
2174
937
18132
3954
14351
7290
14335
12814
15516
3390
14635
11202
9324
7055
11259
12401
10849
19973
16776
15161
16602
15892
1781
19768
3794
13347
8800
14427
9797
8804
12597
2820
12403
4949
15613
12119
6205
1106
16243
9281
3597
8949
15671
13990
2802
15148
18172
1830
14696
3956
14012
12330
10518
19479
10027
15953
16369
160
1992
2322
11262
7991
19248
7405
11829
7613
8525
9042
15841
6693
14860
16493
9540
15565
10028
17613
12535
8728
14258
13392
2318
2250
5626
19341
15098
4959
14472
3261
11209
9128
4572
16486
8104
8483
13923
8198
392
6454
2602
8568
7742
13735
16302
8230
19844
10811
14543
16044
8926
14121
4515
15780
12727
13530
5638
5812
1738
13472
18287
6384
5436
13744
15678
6765
19718
29
13490
7491
15920
11475
5015
13245
9209
9644
8508
9761
2291
14098
2403
14166
12876
5554
16145
3703
19655
5081
12997
5779
18120
1294
2501
15678
13775
12747
9780
14040
8092
13306
16257
6424
2129
9704
16856
16565
18933
3304
17851
14768
12756
1991
10060
6785
10308
19111
12257
7292
2370
10554
5498
17568
14075
1021
5646
11580
5159
6478
11937
4510
3631
9132
3731
19513
3375
18858
306
14227
55
4751
1743
12521
9771
1805
7118
9215
3114
10843
17015
1735
7116
7761
8489
1836
11877
18912
1262
4637
17862
8652
6826
8465
195
11944
1101
16795
18926
15724
17032
6123
14114
2740
10140
5470
11228
6264
12782
1412
10916
13700
3382
10028
6026
2099
16407
3022
8362
4429
15209
18644
11474
15642
14418
10694
8219
18273
11219
15281
338
6370
4798
16403
10427
1901
6822
4261
17067
10909
6095
7461
18292
2132
12324
4191
13950
947
1927
3416
10672
8630
834
18711
4813
12939
19421
3505
9627
301
3657
8975
1184
14721
16249
11549
9061
17644
15792
2353
14108
10671
11925
13878
16478
6464
3
19477
10061
15334
7005
6175
9208
9361
17599
13113
12317
6419
18191
11365
8
11839
4562
8329
7994
3773
1435
11006
13829
16326
2047
4406
14163
2978
2500
19755
14183
9532
1976
19872
19131
3647
12349
9079
16936
18000
3906
18319
964
16327
19533
54
5286
11146
19700
3539
19909
15304
16043
19593
6046
9392
13815
17801
12405
9899
16449
9367
10162
7548
12550
7542
6764
11667
12556
9107
7780
16648
687
17931
14856
17690
12026
15546
16600
6180
16529
8225
7781
3992
4298
3283
15733
10876
13756
3580
17252
12350
4463
3791
5732
4180
10323
19786
5125
16404
15085
6824
19471
7693
1900
10083
7500
18177
14298
3747
10499
13023
8654
10728
12799
2721
14878
10416
6158
12799
689
15813
7813
10637
15986
4166
10113
5208
4289
2768
1800
19097
3012
17929
19150
19475
12123
1577
19987
4143
881
1862
170
5809
19054
18362
8341
16886
9737
12627
8652
13
5691
7671
17308
16943
1583
15729
10988
19228
6133
5468
15386
1875
10806
8267
11652
5966
5665
19539
12291
18584
11140
19670
13746
12652
2295
5645
17580
15307
14866
18513
16179
4825
4254
11462
2285
3317
12809
5380
19785
4211
14035
10403
5280
6424
1990
16002
12310
15250
14530
6164
4095
5649
17302
5128
19998
4837
3627
10196
5257
8373
442
5246
3528
10265
15518
18086
19581
16213
19524
18130
11357
14707
8063
4567
19004
18076
1720
898
2439
4978
19778
1921
10635
5037
6507
10832
10291
1072
11535
14243
5326
903
17511
8205
11791
7584
13918
4907
12846
995
17412
5328
12
5967
4380
19854
10099
19186
16656
13470
12988
10020
2564
8204
9835
2145
12904
1154
500
8641
7
12047
13473
5078
16636
10579
19339
16993
9668
4938
3045
18385
9294
18930
1017
13050
17391
8283
19082
18894
7859
2187
5464
6266
4110
11146
6210
9984
5520
12945
9318
8812
18710
8458
10212
13365
19549
18147
13569
6162
1778
11733
17575
14678
9477
17676
15625
19689
7996
1170
4835
19333
16644
9596
11840
1226
12642
15824
15254
8478
775
2449
18285
15365
14785
10570
14269
6232
9135
17683
7252
3013
14381
3714
1718
5635
12717
19313
14399
18480
16135
6887
10148
7402
17799
19206
920
7942
8196
10673
938
13904
12529
14712
15499
2911
18893
14145
4654
5268
14165
533
15657
4399
1945
18788
8599
15918
18923
2709
11231
18948
19443
12430
13904
19345
7648
16829
5443
2179
12762
2305
19106
16521
6899
17560
4711
19280
13691
14085
16797
19196
10611
2525
3811
836
8729
4751
527
3147
18946
3566
8367
1655
12550
7228
12010
3599
14068
15380
4709
10101
12742
9716
4930
1054
16240
16198
12547
11210
14002
7913
16300
13541
10413
12832
1703
19001
13490
19991
18016
19373
3286
14350
17776
1821
12482
12644
12280
16439
15814
4960
2659
8400
6765
17822
9902
4546
5324
12245
6660
3299
16565
19521
6881
9538
3176
6194
4216
3936
12072
9969
16560
712
11883
14313
4233
17228
15659
2777
10748
15902
5691
19221
4865
5736
5811
3220
4650
18825
14796
3642
19309
2957
14183
1474
4991
13991
19911
15175
9947
15373
10655
6703
9185
19920
8710
18197
12028
215
2759
3665
12892
19447
3029
7014
18402
18513
18684
10217
5882
3048
7763
19689
12674
9565
3245
17566
6729
14729
11470
5778
8275
3638
9723
5927
4057
7131
1098
2308
17165
3026
17049
11071
14395
5303
4474
7496
14283
671
748
6256
9154
4498
2725
18837
4200
9511
8203
7595
1573
8763
9026
14856
37
8974
11263
1708
699
4346
91
13066
10369
18192
12356
17624
1405
17553
9613
14287
10879
4166
2470
9503
9414
7708
9638
3507
4611
10143
4964
17788
1910
10642
4774
19932
6324
3976
464
6034
17482
19171
5662
18077
1915
19431
18157
5710
13989
13145
10323
13903
3554
8057
5007
4873
16427
889
14203
13879
17718
3129
13950
741
13984
19041
12798
7300
7237
13914
8754
7757
5036
13929
12950
7215
15520
10409
1591
15255
18137
14404
16847
5947
6234
16398
4523
10467
10675
16094
12455
9780
3846
6729
8411
8314
15590
16124
2862
10642
1596
2166
393
16369
3748
14145
1479
14356
13108
1323
2952
11845
15548
14405
18405
17703
15528
19319
12733
3263
19683
8573
15470
11423
14102
1251
10656
19439
590
3384
8955
13338
7420
18834
11480
17971
10709
19710
12693
12642
1338
2273
11746
13262
82
13265
4185
16712
12211
8329
2539
4402
16575
7981
17076
15531
10155
19514
18000
2777
15579
19433
1704
5073
17961
9056
8613
1477
5349
692
17765
17803
18198
6464
14346
10949
10239
1883
18992
6930
18076
7640
9879
5489
9996
17951
18974
15854
9320
5348
3921
5098
3505
6849
13657
14699
18504
2741
3858
4317
8151
14200
1018
8547
12173
1018
2340
8127
11943
16599
908
11929
10026
14168
4326
14479
1676
5642
7919
2586
9746
1427
14469
16408
1204
13814
4786
15643
477
357
9252
8366
3471
7646
792
4191
14179
5731
8692
14
11822
3066
17396
7088
2367
15325
1307
832
19012
5055
1260
8067
4557
19741
7057
9846
18344
6556
10040
9463
5515
7300
18430
13484
977
8472
9699
17459
9499
3217
4733
19879
9976
3863
17865
8012
4447
15611
10364
2008
13529
1396
6295
2334
6907
14228
857
9272
3121
14822
5230
1808
1303
17158
4390
5067
12001
11228
15840
15475
18714
11447
19429
5311
17705
2499
11985
641
13807
2758
19627
1932
16109
5436
6230
2111
15075
4973
13345
15283
2067
9928
4025
9373
1956
7199
2366
11776
2754
2046
10706
19570
14979
4040
8526
8553
7557
18449
9999
5698
15602
15378
14445
19982
18117
1612
10892
4250
8327
17404
4684
15129
2962
19479
6107
4656
3831
17218
19787
2813
2458
7633
10878
15045
10427
14842
13404
7065
11856
469
4999
12132
6605
8402
15878
17364
9286
17207
6622
7202
6475
18453
6495
13087
4562
3846
18202
17118
11283
7909
13232
9976
1036
1801
18982
8927
13381
8351
9685
5315
4494
9060
8158
17723
18180
18140
18874
8465
19730
5138
5647
13292
11156
16908
18462
2842
16727
7305
6265
10522
6909
826
19635
12772
1724
14619
3984
1206
102
18093
14587
9627
387
17201
6038
18554
14778
16066
10188
17017
4143
13232
9091
9835
14438
9653
14733
3837
14662
12949
2301
9113
19160
3287
7318
19253
15951
2746
11679
9595
17473
12726
11475
8854
10771
2129
19798
3894
18708
13178
15169
11712
15520
18181
14878
3893
5508
15875
14639
19772
12609
3070
15177
1999
17961
14862
13982
15455
9607
11451
14392
11429
12795
9967
7617
17030
19939
11607
4703
12642
8533
11190
637
15674
6600
13158
8453
8571
2803
2572
15786
15659
18957
6966
7009
16367
16755
2452
2639
19606
7817
16049
11005
838
7352
18380
12649
18337
17685
12311
13431
18835
5633
2539
8388
6331
9901
9158
155
17428
17046
3426
640
9599
3502
3283
585
12430
19035
18717
11789
17519
2041
2320
15252
17651
11674
5089
14159
14042
2382
10822
15905
9661
12510
2637
6682
11032
49
10137
3652
8786
5138
5467
5494
14058
2473
18953
8966
16384
2117
9213
27
3005
1211
15277
3393
16991
2568
4066
4662
9861
16114
14839
6689
10644
8429
5520
1410
228
10938
18100
4548
8842
18602
1673
15631
12002
10304
779
14235
4152
16340
13704
10175
12051
5075
16219
13798
1536
196
10467
5699
14486
15846
14431
3387
10635
11285
11752
1601
3699
2603
10219
13824
4815
4643
15137
19217
18746
5528
12685
19244
6795
19756
16178
17019
3783
18053
8015
16873
14471
19634
4471
5338
2050
2188
16081
5300
15863
13143
6889
10139
7993
2920
15089
14971
16886
3648
3639
7390
13254
7062
2084
1341
19405
17170
12687
9171
6253
14358
17724
13229
2411
2359
15764
19838
9531
16777
18657
6863
14603
2138
19622
1396
6090
4308
2650
12441
5587
6598
12127
7675
6106
11772
15427
2739
13553
2090
7890
10765
16183
10792
7574
311
6174
5975
17644
8853
8919
15618
9476
12977
18204
6976
1301
11503
6266
13621
9722
17311
12569
19736
14797
19948
15018
2576
8415
6385
13100
10327
7665
11979
18138
1888
6802
3754
1653
2933
7061
5729
19721
1849
2285
18300
7326
9677
16073
10001
606
9742
13798
1552
7646
7387
15893
180
7978
6868
19851
14011
13682
18142
11230
17394
8459
8131
17379
8010
6659
6550
16161
13927
5
12596
18865
10326
12645
2822
16053
16830
16360
17891
15026
16944
3923
11090
11051
12281
8527
1838
16635
7926
18262
19458
2991
17894
18749
979
15070
13595
5149
2365
17061
2314
19551
3605
19971
16291
2660
9486
10638
4474
12238
9880
6577
2339
17199
8770
16419
2301
6764
2816
9572
14853
19885
3976
4022
9451
5892
11926
9910
8065
1079
5039
1781
8336
2347
5954
5304
8453
431
5802
15560
3433
14147
10257
9559
10286
9924
19279
208
6021
8853
2160
13017
11756
7914
14355
13960
4388
7028
238
7423
18209
16804
4239
9861
7355
7678
13374
4579
4162
3900
926
1496
16622
8443
11922
3481
5652
19430
17788
2024
13620
8734
13056
17359
1007
3235
15112
14553
6135
13889
17441
9262
14206
19481
3234
2089
15280
555
8940
12216
13341
15005
10445
14992
13454
43
1279
17738
19833
19787
3981
18141
13136
14555
11030
8729
3891
2345
2474
1725
19974
2911
14001
12822
18525
11882
12011
7445
19251
15205
16850
428
13466
1575
19899
8260
3661
15461
11100
18654
8034
7909
2855
11044
5467
19200
18613
18027
8859
12307
7838
8360
1749
19299
13828
6508
12320
7562
9455
3325
7016
2498
8147
8626
1150
9773
9037
6570
7279
5183
15629
1066
5650
16008
3726
10322
3706
12834
416
4474
3659
10931
9351
19246
19050
2271
5436
15043
19277
12334
14641
19925
13426
19477
15186
2046
5676
3908
9831
981
6135
12
18806
4641
18669
17482
19141
5113
11313
10356
8669
17529
16680
3230
17098
18627
17639
13449
6335
18543
19656
2794
7062
1552
5750
2963
12757
19653
904
5856
8876
4089
7851
12287
2971
2040
7767
893
16593
7918
15427
4649
19151
6045
16757
6760
1002
4378
3890
17236
559
14341
16371
16561
5154
8452
11384
14190
13343
18299
1143
18196
8961
9225
2285
12847
7040
2626
6293
15509
6485
4421
17270
10967
3002
9433
9494
15108
15980
18441
7053
7988
3890
16216
3988
5112
17400
19203
15452
14812
116
754
667
3445
13257
14683
12258
16493
17865
17203
13962
17768
13718
14801
4972
18994
14465
5249
6511
12039
6164
5762
3068
2014
13163
7325
2446
83
4444
19042
7974
14063
12055
14721
17210
14039
3145
11137
13197
6862
2011
12768
9722
16584
5655
2824
17962
12396
8970
11370
9445
12836
4485
13018
10789
17988
12318
15943
4646
9461
10131
17941
8217
14461
15982
2745
10168
18669
15140
8816
6932
6151
8824
13820
2217
4873
14525
9117
6612
14298
8088
19176
10523
10896
515
15974
6218
13276
18894
15851
12414
16307
5313
16368
16858
8665
14364
15952
759
11948
14975
15165
19001
4234
6757
8156
12124
11936
18091
12227
14253
113
2127
14157
7893
13407
9076
13784
16464
17721
3745
16828
8092
1952
8009
6215
1549
7576
3685
9625
14333
424
12669
13882
4705
7245
16391
13811
3030
9217
3814
12112
12698
5476
12307
18351
8344
7556
14393
19237
635
14159
3770
3310
1795
11730
7151
1294
5014
7020
6701
8009
8141
8404
14755
12828
13135
3
11168
1430
11484
13280
3985
3158
5535
8839
12328
1954
4903
6901
11384
1473
1519
12882
9757
3286
12536
6939
11737
6649
4664
7306
18904
3667
3148
5413
11957
15063
5481
15200
7669
4952
9104
18640
5297
16938
19520
9038
13298
537
19942
6371
7893
8160
13263
18230
5486
14407
3134
13935
1800
19196
14616
13255
12650
652
15900
17231
11446
9566
5777
14681
10891
7853
3992
9446
18442
18144
11041
4941
11573
12264
6809
2853
13235
2037
17952
1839
18161
9397
12633
6755
1154
10826
4890
12630
6183
3175
3363
18565
13482
19815
7820
2880
16228
1226
1367
12086
7679
2956
13253
4536
19957
11652
16965
11821
16759
16918
16422
18962
12938
2325
6157
12267
8299
17433
13826
7627
10451
4312
2533
9180
5462
19205
3582
8715
10118
8354
16338
15699
14900
10594
3953
19748
10998
3328
5645
11184
10820
6166
15269
11442
2429
8763
5919
8859
16390
19451
6740
1242
19058
3988
13828
8135
9406
9739
7787
6925
3859
10313
7660
17138
3662
950
10345
7044
18108
14096
13973
17665
12959
7112
6208
2819
11118
4921
16018
14950
440
17382
18739
2103
1289
19694
15622
7835
14149
5807
11286
4218
5969
5236
16329
8550
8657
1756
9137
1068
16076
17833
16769
10389
5195
1473
5277
11033
3937
15269
1098
11041
8165
4364
12836
4183
9338
6363
11726
7948
6383
14051
19652
12166
13250
17655
12461
16580
5152
16424
12589
10416
4808
9503
14230
5120
6989
8182
13566
9608
11514
6419
4331
4287
12527
2786
2347
3212
6730
18286
9889
7374
10049
16316
569
17605
14860
17989
1597
544
7520
6829
832
17380
19893
10244
9175
13941
12745
8441
4968
10084
10525
2070
11834
17557
8061
8764
10220
7852
3645
5468
9729
8788
10111
14222
18329
12492
625
8466
1052
11406
13140
18529
18383
10652
11671
14286
6408
19241
10145
19679
6398
18338
13422
4482
3834
1015
5105
2670
9130
4042
4375
12023
19796
13939
908
2349
15240
19501
9655
11762
4750
9601
8096
8342
9502
14829
14771
19633
1294
7600
15740
7132
17734
10388
13265
14988
17679
19001
9711
9164
9450
10458
12637
7382
414
17054
6317
10221
12841
6142
4833
8090
1879
3790
18378
1538
3280
14633
8171
2464
12204
3517
4188
11620
2466
14800
5226
8327
6654
15918
7004
16106
13264
1616
19825
19274
19425
8875
13413
16546
9217
18258
16915
5822
12956
19272
13683
4087
6763
3238
16420
2479
422
12101
1925
11307
10775
14569
19550
7912
14282
4715
4540
8379
18272
11265
13017
6953
9827
11627
18073
14144
14228
14749
16272
18672
3488
10980
5794
17354
16721
18007
19619
8435
10273
16188
9084
6820
18729
11955
7535
322
8087
19651
4786
13301
14910
5183
9559
7143
4199
981
7724
5243
838
8979
17758
14791
2215
15318
8729
15023
4999
336
10090
12735
9407
16885
4069
13317
14491
99
15330
18025
16137
15435
17474
8362
653
16160
2224
87
18194
17051
4963
3814
12602
15048
18752
10388
16950
2801
11580
17050
6161
12101
4990
15272
9318
12197
12611
1185
13363
17579
16284
14034
12101
14295
2962
7600
3890
8247
14729
17517
8934
7922
3042
8407
18069
9809
6810
17165
15120
18730
432
447
4114
17835
11140
16449
4250
4608
15963
7339
18067
4225
10975
12080
10382
17530
867
1369
4977
12376
11332
16126
15305
7629
3979
10944
10523
16097
7536
14406
1785
17365
248
14257
6576
14580
7550
19326
1149
19449
3568
18808
5984
14583
7696
10488
4232
8649
17019
18394
5102
13143
4103
7549
9502
17601
1253
6966
10992
7243
13126
5553
13301
7782
14905
13254
18381
12886
11122
8244
13557
15749
8391
8797
14333
17923
12500
10749
8664
11928
15678
10151
19501
12232
5204
2910
8586
4322
1458
18318
12824
14565
7487
10533
1161
11344
14487
4881
19118
10884
16387
5750
8293
15287
6851
17740
8784
1432
12269
5203
18913
18906
10063
15892
369
15840
7793
6582
944
7747
12438
11738
2486
1539
19201
7955
4312
10983
9781
7749
8662
8690
18420
9529
7026
2245
14121
19418
827
19947
3841
5775
13703
19364
10867
4469
7775
18738
4513
13689
180
15130
19446
8015
7215
17431
14831
3889
4230
19265
4983
8663
13387
15764
2507
2224
4286
13761
18492
1371
4931
17934
8850
4516
3246
18474
365
18558
15675
12337
18375
16697
954
1816
5878
19873
6183
1142
7246
16179
17656
1904
4898
7676
2031
15071
15210
15855
9423
19327
3937
1187
17292
19895
5446
17095
14747
16544
11810
3107
5928
11155
18537
4940
6023
8404
14873
16771
1346
13685
2528
10604
19377
1960
11162
1670
2375
16549
3959
3595
5001
3796
2555
18853
17881
9240
16799
10795
753
473
12534
12407
10252
12459
1034
5926
15230
10400
8196
203
11683
18983
10954
12592
789
13951
2146
6794
279
18204
12629
9783
9134
15572
13455
3223
1392
1255
3651
17221
12308
15913
17867
1392
14505
16078
14541
3226
7459
11408
11386
4140
1712
16960
3856
10900
5800
5927
14591
17788
8451
11095
7400
9192
16164
3827
2464
1836
7955
13463
949
18695
11433
5733
10536
6624
16580
19150
9208
17916
19130
5306
3488
18681
683
17780
7254
4011
7919
6068
5268
13200
12302
1130
16851
13585
8430
8324
2739
1207
17095
2780
3928
13832
10035
10945
18159
13149
8385
14817
5102
8481
19304
10864
345
15208
16056
10007
15968
14857
15757
19004
7078
17626
5533
14633
15036
12934
8273
10844
8908
4942
3472
14795
178
7737
11926
3473
17988
5625
14947
313
18323
10620
19440
6438
7881
14731
6717
6397
6258
1091
8646
10288
5176
15373
19028
18952
15142
14876
17487
6510
15886
15139
10321
8758
18438
12336
3030
10440
14476
1801
5040
5356
8363
17282
10710
11570
7190
8696
1404
18203
12593
844
4318
7911
4015
15487
15959
19548
725
6119
2414
2255
18397
4331
2799
9299
6904
5793
4696
4763
14763
19201
13386
13581
1498
486
10559
17702
5954
19329
11355
19684
1183
15929
9530
4659
10638
19267
7497
15767
14701
8441
4721
595
18815
8826
10094
3028
10155
287
18847
14686
9828
13333
16278
18865
836
6076
18574
13238
5201
5147
15580
12204
2113
8637
2621
12105
1594
4556
3663
11343
6034
5704
14173
15950
15701
5412
16370
19855
2885
16190
7183
14084
15452
5465
14999
9162
17805
2969
16199
8408
14408
15066
3875
18407
12828
6925
15500
6269
4470
8879
3149
3447
15944
9096
7093
7219
677
285
13311
17559
2249
15411
3980
17122
7766
14625
3731
19821
12185
16272
17519
12830
9098
4146
12470
17865
7506
8732
9321
6786
15623
16641
16391
15651
10867
11628
8573
1142
17875
6873
10552
16481
11483
6673
8347
11916
6039
10113
3372
9007
9804
14902
232
11004
11260
8758
19287
9158
15912
19966
18650
2349
5233
10580
9377
13095
16823
18984
9561
17325
18882
13996
418
991
383
13613
19391
13141
17218
17292
10663
13411
7146
17534
15128
12263
6978
16092
6315
6131
11779
19048
7554
5873
18679
9181
2590
3320
18648
13265
9454
14858
18519
13866
15137
2151
11641
5625
15997
8114
13243
7544
6184
669
19031
13180
4675
6067
19455
503
14422
18818
3493
7821
14182
8772
16061
13744
19747
6600
11578
11322
13567
11682
4213
16774
11065
12555
14861
13420
12471
14518
936
8791
4690
18417
2135
5509
3755
7988
19383
15834
1500
8425
14196
12545
3625
8600
18984
14113
852
19245
19585
6807
18000
7304
9985
12918
1742
16833
4671
14616
13267
11734
4779
5599
18923
14643
12654
6252
18710
14685
17871
12827
5888
5339
18770
15033
14671
2977
4540
2307
6677
858
18641
17757
1957
16369
2142
908
8899
12572
2867
2161
1684
3686
2152
14434
13173
9144
10752
1542
10279
18755
363
1676
7719
13772
17541
19273
16732
660
4796
1164
14986
18339
3215
10720
2179
177
9457
14237
413
10545
1005
13739
18719
13530
2404
17557
13845
18162
15377
3686
5795
3385
5006
14146
6229
1328
15920
899
2421
2405
18892
13583
8182
1020
3101
15698
5645
10939
3422
1854
15392
16306
10673
7643
12118
4453
11202
15724
590
2839
13158
12224
9740
18773
7421
10833
15246
16956
8054
19453
12189
17224
19698
3135
3518
12538
7136
19530
9800
17508
12040
1153
1616
1908
14211
15989
15584
1244
359
1403
12806
19898
1441
9481
18152
3753
6267
686
1814
3010
11837
2539
16376
4784
16847
2578
12966
12079
4540
10201
12118
5728
1811
14139
12816
18988
19463
17099
1950
16338
14007
12438
7519
10735
10695
16340
570
1897
6157
11210
10160
1112
8040
1952
5674
2257
10569
1018
14706
14129
14902
19349
12477
7554
9604
10592
5605
13037
5922
19828
19093
5692
14709
11889
12638
16394
10237
13462
18407
4714
14070
16348
14465
19281
16090
17936
17240
6497
5540
8044
10757
1235
1328
5009
19456
17375
4606
8995
19891
9739
16662
3393
7114
14414
16869
11839
15239
0
4261
17186
5458
2016
18523
4087
2253
2177
19513
4592
1925
11474
1060
16508
1508
4457
19408
7010
9572
10059
18407
11642
2590
17210
12616
7272
5664
5179
5484
7030
17917
483
132
2764
14015
8446
6015
7279
12120
7900
17192
18003
16213
11993
13963
2270
19219
2119
14872
8027
15724
11481
6784
15736
12938
174
19932
9437
5948
3577
13134
14344
8422
10249
16287
4041
6642
11770
16455
17719
2085
15191
2283
18094
13517
11721
12320
13542
14774
10017
717
7409
19516
9022
12463
5968
282
11932
5079
50
14881
4345
13262
1995
15460
18597
14968
18701
17200
2725
10454
14501
17689
6372
14373
13332
1936
10327
14693
2600
19761
9931
13844
16887
12920
14542
1464
12152
10643
150
6683
8926
2035
12914
13456
13745
16028
10027
10933
2666
3068
10294
15601
8203
5304
569
2940
921
12322
2103
14654
14392
16391
18522
7631
7297
36
16380
3934
17378
2233
4786
6062
1266
16854
18518
17722
10127
17970
10063
8760
19126
12026
4063
15547
13951
17894
8201
275
17138
3751
6396
12752
1161
2621
7489
14852
836
6437
5725
3174
16771
15152
8195
3538
5284
19726
13689
6989
2809
14057
7845
16007
14949
5743
14581
10777
14899
583
3048
14894
17746
19172
16955
2782
10321
8887
16692
6518
5267
4958
17413
16435
8527
859
10077
6156
9864
19552
14385
14160
2307
14950
9890
15908
778
19805
939
3951
7292
8542
10058
5361
17486
9532
15656
7277
99
8153
2183
17544
13539
1780
1447
2026
10139
9599
12724
6721
5168
16111
4592
772
11681
974
5081
12277
2169
5770
9046
2464
17710
15760
18019
0
10713
6195
3382
2017
15858
12166
15438
4576
16423
17194
3544
16430
8664
10304
18397
8691
2227
3520
3467
13872
743
10882
829
19485
7111
7994
4298
10993
16477
6945
9864
9727
