1000
1262
1922
520
1854
1419
918
1307
495
178
1807
477
1581
991
1037
1050
1783
903
1495
1555
531
601
676
1704
1042
1728
135
1312
865
785
1656
708
44
792
380
1486
45
1705
630
1737
1714
1157
951
389
781
428
545
393
612
329
26
1317
1033
1454
908
1540
1284
844
1833
1082
1821
191
555
672
790
1877
1610
57
1268
313
1030
63
1150
336
228
863
893
1247
198
1678
100
247
1379
262
746
1247
838
98
418
636
1474
1090
1404
942
1826
1994
1348
1162
94
173
1527
704
1178
18
1110
856
1833
672
1332
1614
496
12
153
39
85
475
1225
303
1605
54
1807
673
356
106
1314
1138
656
1656
186
1354
575
1328
236
1760
166
116
1616
1873
475
76
1316
908
1922
1639
585
1965
148
1512
1435
836
1774
692
1807
1105
518
22
804
1743
120
1229
1900
378
14
708
1428
942
1358
11
1375
461
573
1511
353
1373
1713
1075
871
1868
1813
912
1428
464
213
1185
661
1231
345
204
1286
520
911
1757
1966
893
865
781
1253
30
69
1274
759
946
451
292
1136
1636
593
1732
998
440
74
376
614
1833
1086
751
1591
1920
1027
1230
1211
1603
1689
1516
1028
247
1803
1921
483
1779
736
325
1995
1940
625
1512
1637
1590
86
430
1468
86
154
580
568
1569
1245
340
1320
663
263
1168
1416
1666
1769
1151
1362
221
1168
577
1873
227
819
33
1713
1974
1676
1542
1267
1272
499
1157
860
1881
246
823
44
1693
1973
1427
1612
953
569
536
1088
314
85
1096
1821
611
1060
1444
84
721
1602
752
1292
732
1511
1971
1166
1436
910
1662
666
1765
1588
502
1959
369
315
1984
1191
761
1550
1656
1720
143
1535
1213
1543
1659
1900
460
1392
1728
1264
152
736
1227
1622
963
923
1207
745
588
745
1439
1206
1877
1292
641
1331
31
557
1339
1353
1540
1572
1590
1612
465
1557
219
1051
1566
71
1894
611
716
481
38
1790
1642
1182
125
553
499
415
826
1875
87
111
33
1825
836
1410
68
910
114
822
992
1120
1160
444
1927
1798
190
928
1349
365
1088
483
865
962
1547
442
786
17
1447
1551
1835
156
1745
1301
1781
1240
1812
1450
1975
1137
771
773
1684
1054
1590
238
1586
1327
239
1677
1794
1827
744
298
1777
1286
1818
1284
602
327
1724
1453
1109
7
1015
1874
1760
957
818
1897
1305
1031
638
1251
869
283
1712
1104
1680
1532
534
1938
1073
1096
1800
1034
713
78
1805
543
969
1917
1159
1613
413
1063
1100
1929
808
772
289
275
461
1187
1989
1012
359
1851
1800
839
1094
1872
166
436
55
1490
852
1239
814
1887
1286
208
1666
328
650
579
1190
1184
1557
1311
1200
1
183
972
999
1641
77
237
1454
562
740
437
199
832
581
1287
1990
211
657
885
1523
492
1642
266
795
1196
1547
1683
292
39
677
39
651
712
855
1880
124
1006
346
1890
1325
1300
1174
368
1319
1903
1877
718
546
1232
82
8
1869
889
524
1922
294
1484
909
497
1516
591
865
1958
590
172
998
1179
1327
405
767
1542
361
628
1460
330
1691
513
1258
1117
1841
429
1307
261
1519
490
657
1115
521
1373
612
1633
81
1980
1437
1807
1246
1890
1398
425
789
226
1329
749
1143
1368
1666
889
615
186
985
457
678
1261
1648
1230
733
1732
1181
1466
1590
1571
1748
1271
1271
547
653
1991
1357
1054
333
1079
385
1209
51
1021
1785
1858
1426
1536
1806
831
358
454
196
1669
869
984
1836
842
435
1762
370
98
1105
903
723
1414
1636
50
1408
676
1966
1575
1271
1055
43
1575
1732
902
1257
866
1716
1314
1204
1751
81
921
1822
423
1007
353
456
1224
1169
734
1648
581
1577
1755
1655
1251
1371
1191
29
1950
1148
1127
250
625
1932
698
1964
357
1869
1338
345
1249
415
605
1632
96
298
491
1616
720
791
1882
1428
1734
1628
966
1513
350
82
188
1918
304
675
101
1975
575
1797
1680
206
844
1982
1960
1318
231
1620
1941
1853
597
1378
1262
1102
1997
1400
620
144
652
1824
1577
1839
1176
424
1815
661
114
1457
638
4
852
1379
1469
1458
954
171
354
1794
510
402
292
715
11
1627
1037
471
1571
1272
1990
1434
1436
633
378
189
213
1443
1612
1414
678
1417
885
806
901
570
789
191
1429
294
1803
1423
73
366
112
557
935
295
1261
575
1687
1259
188
917
1498
1052
1212
342
120
1318
1263
422
1345
1968
1006
1120
565
94
1612
22
1616
614
759
434
525
988
731
535
1371
1037
1424
1449
1821
884
1348
1158
747
1725
804
1823
1013
564
1235
743
1480
345
189
1944
521
1650
1797
1564
799
764
427
78
1197
1376
473
877
1325
14
748
858
1960
985
912
1439
1217
463
1444
556
753
450
1469
671
781
904
1735
1983
565
1964
550
1782
886
990
1882
408
1054
862
320
404
1263
976
1189
1222
540
1276
1909
326
1681
470
706
1393
624
693
1585
1041
758
177
863
1916
1948
926
369
1382
744
1104
1720
1316
1860
138
1058
302
1222
1206
1613
1552
1343
1171
1111
1294
1760
22
242
833
1797
495
563
642
565
1834
1417
577
642
1645
874
1842
251
52
409
85
1842
1943
1060
817
1895
1253
970
1997
98
928
794
426
656
1204
1974
1616
949
1797
647
276
688
564
825
1379
1692
1645
1255
589
818
1921
594
1376
1916
1227
10
192
1893
