10000
17855
2997
2080
2149
19696
2102
12388
12246
742
1776
8610
12991
576
10917
18627
16231
5035
1931
7798
205
2744
17916
6421
16621
17368
714
6326
15259
17366
3152
1840
7980
1970
12675
10024
1813
6934
1575
17239
7435
14678
16158
12793
1897
12841
5147
1589
14223
10846
4693
5028
999
14877
15223
15040
12804
1852
212
12939
15683
13978
10424
9304
11795
3899
14649
2009
15505
16513
8812
12519
11660
4451
5300
18408
17768
10221
8694
8928
2590
8115
16424
16694
17824
15699
1671
5953
1913
4422
3272
16656
14643
7267
11174
12051
4051
8945
11034
585
4542
18950
6025
3846
671
7520
11159
2113
17793
19327
2841
14648
11478
16542
17064
16416
14362
4012
114
16460
19154
4363
11114
921
13294
14693
8383
12085
19534
10981
13514
14122
11040
9337
546
9386
13511
2242
9610
6104
16215
373
11401
6897
6781
5874
14106
14037
5468
7614
19578
18326
18130
4895
17950
9180
3513
17075
13671
5810
10729
12557
19470
11568
4026
15438
7962
614
13416
4476
8561
12450
5871
13857
1130
18815
17270
18819
18784
19434
17352
13019
1827
8273
9149
17589
10537
7787
19287
11907
12642
9534
4616
7773
7465
10577
16593
9849
6742
5230
6405
16963
15472
4563
557
14137
7328
11382
14756
14822
8897
3315
2434
15577
6803
2483
13558
12225
8046
12378
16461
807
11732
9773
12591
13416
1087
13791
10120
2765
15354
8631
1284
18825
4908
13983
1940
8047
8334
8459
16525
7726
11006
17091
15823
15690
2412
18543
2979
6743
3826
5055
9566
7540
15680
5716
17219
15714
19317
11342
7652
18816
4650
11987
1800
4197
2792
3353
12840
7832
3322
3952
916
9711
9021
17039
6451
15555
7539
1529
18087
10060
18423
7724
16879
3006
2987
11078
10342
16160
8078
2195
9064
10981
8969
3352
9269
968
12584
5654
14926
5353
18982
4699
16125
19934
1345
5642
8081
14584
6828
19301
3238
17684
3555
853
9987
9721
19289
17175
18845
12949
3726
14530
2553
9391
7100
3736
15599
9608
3569
3273
3722
596
17751
11007
12972
6990
15342
8298
12142
19933
4091
14632
11588
65
2745
143
9695
15161
12238
15387
18124
10677
17721
12399
10619
19923
5607
15145
1370
14809
1061
16039
11807
17006
16688
7504
3588
1236
4840
12481
4205
13957
16547
3028
4165
234
3038
2254
2790
8242
13486
6374
11448
5525
13236
10221
3313
14150
8366
1822
4186
17198
491
9092
9202
16522
6135
16930
7851
4707
1428
18755
9458
5830
13225
9023
1325
18752
14196
3046
5149
11960
18524
15852
13379
11529
10242
19217
575
5306
19413
11692
1267
14235
18116
659
13702
8734
17134
714
18308
9136
8661
19653
5475
14547
5009
11932
4512
13241
15329
6634
13000
9983
4445
8066
2739
451
4295
7087
12650
12100
6463
14533
9609
8469
3606
11433
18528
5149
6874
730
5683
4142
1007
1211
14913
16223
735
10079
4866
9001
3593
17903
7818
14938
7573
13114
14090
13690
15687
11386
15126
6648
19634
5887
9312
4975
11139
17498
2627
14874
18302
15016
15580
13649
14887
19929
1875
15488
343
5308
9559
546
10318
11241
18439
10655
13351
10090
15246
11423
19591
18983
11110
6602
7183
4044
17436
8861
14258
6745
52
11
12352
18311
227
16942
15264
242
4539
4680
5020
11495
3908
2363
19222
2859
2212
1504
7993
7845
5057
2856
8202
10025
13438
11533
10109
12770
4898
2900
4644
16956
13878
14210
7042
7499
5196
16184
7038
18491
15101
18220
8051
12405
13099
12453
6500
970
16197
10291
2509
17791
2633
1000
6836
11637
14147
17847
15519
18868
18356
19688
12767
17364
16366
13653
18249
8232
14683
8580
7526
9287
15998
14656
4416
14488
12529
6870
15837
8729
5517
10410
5544
11628
13320
3956
138
7071
6553
9019
19800
4663
19863
17707
10694
2840
13791
7670
185
17394
10004
19461
7386
12715
19777
12120
17447
7142
19386
16226
2595
17870
18113
4922
10606
3937
2340
13567
4815
1883
3779
8012
17869
733
5967
11796
5949
4250
19278
18010
3766
13918
19356
5551
5216
18651
1611
15112
11659
12498
18379
9404
14556
9434
18532
7063
2914
19568
12608
15038
10855
7324
17190
3008
5858
13563
17281
5748
2825
7790
15711
6933
7523
5567
15381
8215
1660
4619
13696
7396
11570
4560
10598
19384
3852
5332
13531
18485
13354
13199
6431
6628
12919
13463
14789
15561
4347
13446
3855
15681
269
19690
12181
10299
19110
18536
14820
15120
19888
16174
17699
5280
6686
19508
48
1674
853
14286
9417
16360
15816
13809
13287
8549
8193
8703
8709
18300
5979
19057
17502
15534
11821
8800
19572
13952
11105
10319
557
2702
16418
6233
856
2544
17203
13715
17902
12968
10077
19421
8499
19972
13281
19306
19707
1942
11851
18089
2665
4109
16455
656
16147
624
7533
11044
5089
18871
3896
5384
2228
17990
12885
13407
8484
12103
16567
14687
2658
9827
4519
2132
8220
18876
16472
19854
6879
3402
2617
13417
4854
14032
1539
10647
13360
18746
6994
11756
18752
16790
19089
17765
6270
3116
12750
11989
7179
8251
18508
10542
16145
7473
9175
296
8457
13382
2195
7698
12374
11350
11341
9426
9871
5721
11219
9242
14523
13921
12575
7978
596
14575
16462
5531
19245
11763
2608
15407
11856
5886
4600
19827
832
13189
19474
11821
17853
18229
2356
15560
4998
17133
8749
2745
18777
7900
2587
4782
18038
8504
6489
10546
7010
14616
10516
15807
13318
3023
7359
5920
7127
3845
8861
10690
4049
12532
7003
1719
2909
15068
1856
10854
7282
17027
10780
13266
8311
2541
17982
1733
17895
19955
15362
18841
7085
14787
1383
10852
19470
1652
8351
1437
1446
1445
17599
16751
12458
8401
14614
16281
10573
6384
12443
95
7582
14381
17695
6385
16366
4127
7393
12661
7504
10311
384
8019
17977
6309
3691
9982
19335
10199
17140
15866
12190
15728
772
11502
4365
18320
11784
18888
8176
5381
10152
71
12526
11838
17944
14153
7426
2856
15176
10449
8535
12199
2262
8916
4748
9299
2371
9025
8311
14956
17635
9290
10566
2747
5870
15636
19712
13638
2740
13047
13354
18256
1421
12050
16358
13579
397
15406
10742
3162
18327
4493
13854
9448
4585
2319
13927
15391
17365
15617
2816
14598
14799
18850
10271
19418
17794
6675
7654
2471
11326
12475
8352
7843
12652
18964
1450
17767
18626
7510
18478
11723
14481
9981
2635
5053
17275
7673
2385
6174
18915
14738
15176
6297
2685
1462
17872
480
1380
3297
1122
3621
18634
16520
8086
9779
12234
11170
13950
15366
10841
4371
18352
11469
17819
1014
16865
11034
3986
4262
12620
11396
19058
11849
10769
12762
17135
761
6811
5091
18968
10065
5210
16950
10077
16401
19887
17203
5066
18830
19782
11741
15416
11609
6237
14389
4825
11402
963
7540
7826
17897
1596
15812
13701
10040
16577
10268
11467
18592
11364
18518
17793
16983
10769
12014
9818
19371
18767
10681
1298
10990
13766
12992
11234
7870
2459
18455
4175
3087
8215
11006
4541
7255
1414
12980
15361
8309
4571
3155
6005
12607
592
10636
5252
17575
74
16800
15461
12874
18012
2200
12164
19509
7458
5889
923
1524
622
5095
14721
14680
4896
6157
14169
12067
15405
2279
18379
17491
12034
13908
4111
16521
19522
6011
1285
5430
13931
10144
18338
13921
15287
17091
7333
2391
9983
2550
4328
4463
16601
19033
16658
3289
13922
5300
16361
2850
534
16528
2085
11910
13084
10514
13023
19315
6687
18069
13096
11030
16375
12483
4054
11045
10439
2736
8409
8328
18527
16947
16620
15749
17377
17729
9031
10118
12544
7688
657
6952
5221
9189
15507
7747
7116
9410
9416
10609
11595
5679
6992
9885
11762
2044
516
17130
685
15185
16644
6173
18311
16971
13131
16935
6249
8723
16772
11923
5920
2651
9494
14377
2653
10264
12731
11708
9397
10295
590
19574
15849
1118
11747
3646
4864
18560
11504
18339
14672
7163
4105
19144
2907
6578
586
8204
726
16450
18541
1781
12965
3748
14267
3576
13986
1918
6143
3591
18461
17478
1334
1911
1501
4084
2595
3341
2405
12290
17855
15685
18513
4803
11885
3967
15103
18077
15052
1574
3147
9796
581
13950
787
11956
4260
8778
7033
4555
6820
9271
13063
14849
11939
9288
17516
1702
5941
14782
3141
2454
11476
6468
2583
2235
18804
9461
8120
1663
6293
7626
7629
11819
2194
16164
13166
17313
15798
7282
3078
15315
6318
9344
11351
18207
11769
14268
6298
12680
13756
13382
7492
2865
16851
5523
12868
19384
19170
5342
14536
19692
8841
1196
1503
4685
12758
11418
9498
9599
8852
8421
940
9738
12897
3606
1361
1457
12221
6760
10090
13805
11390
1015
10310
18598
12800
935
6844
13966
7386
19534
17461
12793
10413
9631
1318
16892
11189
1908
1435
3681
7522
4119
12816
1380
16448
365
19256
7214
8882
4064
2849
3435
15069
14183
13199
19178
5248
9556
19332
16816
4194
11353
13057
8825
8804
18136
12390
3821
6133
13158
3509
12283
18788
6651
8309
8245
560
16057
13362
2215
13084
1623
2114
9077
8350
14345
1731
4432
14838
3341
18271
6708
17180
9428
18961
3681
13426
8746
2914
10580
344
421
5228
5986
6207
13542
2944
2448
10581
17935
1474
11858
19007
11842
9874
11838
19077
16593
4102
12396
2854
11847
1426
10381
8333
3601
13930
14116
2619
16267
16222
4517
8516
13507
9860
2537
1750
6828
7572
12363
8819
6114
3020
2946
19232
12788
4372
18876
2581
627
16444
5427
2805
11893
8545
14894
8568
12646
1742
13239
18308
10541
10303
11924
19419
5526
10913
17988
12589
12161
5910
2457
2093
2342
6260
9324
6785
8482
19149
19745
12692
14659
11465
3640
17734
2573
3375
10477
6595
4070
6211
18029
80
15812
17225
2517
16769
14769
17320
7016
18856
5112
3913
3725
5481
1775
10462
16675
233
11904
16544
12642
8036
14198
11857
18448
6717
10944
321
14876
12048
7845
17739
1402
9316
10885
767
7164
892
1320
12539
10601
2572
6373
10930
18300
16649
529
10287
13724
4313
1346
17618
11027
8042
4830
17976
13550
6142
10373
6490
19152
7428
15064
9228
10771
34
15428
3142
7164
18158
7759
13311
12889
11324
9566
16212
3706
2738
832
18793
9898
13495
3131
6534
10824
11401
18001
3939
7654
18542
15086
19070
18493
16195
10513
1641
9387
19792
6261
13441
3947
2172
14586
11512
15
3933
1589
10036
2107
17831
17361
7249
3169
16742
18624
5825
9077
13415
1602
6100
2893
10544
5488
11059
8247
10608
6406
6213
4183
13649
14251
5173
5723
17194
8798
939
7964
7217
10174
3830
12979
18382
15766
8971
19638
6954
4772
2599
6830
7558
1925
3728
4150
14856
2398
15834
4850
15601
4745
9030
5450
1834
9434
13765
9281
7900
1773
3674
14294
7582
335
317
5238
16521
17797
1851
17884
7848
13660
9147
3335
16875
302
13692
16662
10427
10286
5498
4802
5224
15312
5071
16664
13181
15800
3158
16722
565
5725
1386
9840
13575
3418
15373
12792
16861
13201
14789
10600
16579
7228
12737
3668
2298
4754
4762
5600
13932
9425
19124
10299
2426
7694
3556
19798
3216
10647
5067
7456
8570
1345
18912
19679
18801
2355
843
15085
14702
3630
16590
5453
1919
7479
7102
17672
4439
14563
2287
2857
9439
2462
2767
1969
7626
11767
6536
16183
17063
8204
9097
5152
16751
5773
1822
2326
15806
464
955
9993
1375
4273
6872
6879
5472
1859
18518
17721
18661
10679
19648
1347
3864
6247
6797
18391
14398
10336
16897
19344
11588
4170
12947
12518
2776
822
11817
10762
19381
15491
14976
19135
11126
13836
2152
9811
11147
2225
15468
2393
18217
11873
11023
18405
732
18209
13106
15299
19352
11163
12306
6900
13197
9926
12398
17637
2777
10702
14214
1006
17175
13568
8191
5541
7701
2261
2179
10812
1315
13592
5477
8029
12423
14837
7426
19264
17838
9631
14243
743
8189
9278
1407
11735
2277
14964
13277
13427
4949
12715
19607
7798
4329
3005
19931
3597
3425
3134
491
11023
17580
5514
6596
17146
18307
14631
1211
2474
19570
4534
16867
17240
14193
14204
13132
19534
9521
8167
16037
17699
7409
19199
6818
15127
9072
6091
7225
15948
19869
7485
9830
7455
15531
6075
11470
3778
2016
19883
15616
18103
13133
12634
15383
3403
10999
14761
11901
12876
6195
5300
5706
4712
13073
7040
18122
4932
13135
19937
9148
10102
6415
16869
11638
7040
7747
7457
4166
19338
17220
8470
17491
11514
12257
11551
8131
11730
10645
1369
11478
3462
15473
10063
16463
856
14329
11137
12114
4050
5035
13425
8553
16319
13113
17707
18784
7143
7960
1518
13361
15398
4081
16058
7642
5351
13748
3224
3626
18594
19405
16992
9179
18191
1231
6763
17944
2629
14604
16375
16160
9460
6407
2256
35
18043
12384
15041
14953
11655
1838
14135
12626
10633
7244
17837
18008
10739
19754
6617
3952
17679
804
7347
6032
17019
7087
19261
3338
773
16207
13556
118
10014
3783
7538
11631
12670
11368
16604
9140
8021
4202
16847
6382
1993
17912
4994
6576
5873
5701
3000
12794
18317
16413
17860
3641
8319
11031
10585
4745
1162
1414
11950
13306
9989
9903
17738
7216
3100
13108
5361
3172
3492
8399
2795
13768
7193
11291
16141
6312
3702
6539
6567
7916
9039
11934
13673
5242
5070
1226
14354
3032
19017
6997
14039
847
7356
6819
10669
4523
1385
12042
9651
14335
9608
5761
3486
5349
15212
17303
3490
13571
1589
14176
9402
10857
6155
8489
6261
7927
2205
3757
10525
8604
17302
12128
1477
1497
6584
16648
590
12099
19512
3724
9110
71
7670
18981
8094
3401
18936
10193
15862
1605
1954
4166
17319
4854
14707
13539
12284
13652
18431
15202
9166
5720
197
10538
19467
15803
17100
14241
5346
3517
1471
14399
12654
6978
2562
16509
12637
3959
12143
13293
10907
9778
3826
6179
3552
2678
9053
784
13522
11413
15561
3503
18680
2321
3466
17944
16125
2907
2637
5491
4157
8893
2320
2919
12368
9043
1086
8176
4527
7987
16070
2670
7815
19757
7384
2074
9817
814
18523
15220
19980
7263
9613
4599
18416
16106
7192
78
5680
5916
10701
16864
11667
18118
14081
6151
16622
17470
7712
9119
9578
16066
17362
2297
11117
11068
1992
11279
17928
3681
16355
3282
19612
11028
1186
5471
13834
18824
12709
10448
4758
4162
7651
14094
2775
1404
5924
14980
2750
5286
15900
6576
19904
19496
15717
7154
5793
10786
9111
11079
15935
6772
999
17455
12856
14393
3129
10250
1593
15054
12707
14241
5349
1201
6464
17505
11838
12484
5646
4610
1778
7057
4005
11590
6181
9512
15764
3389
9015
13667
5049
15141
498
6314
13404
2319
19443
18514
5608
1916
6258
961
16616
5607
17199
14285
16475
2971
13595
7234
2739
10053
4352
6210
8527
741
12430
8326
15666
7230
4004
5347
11296
8717
9879
9608
15734
14934
18945
3812
16707
3289
15977
15780
18086
16484
10410
6874
517
17634
11171
14137
1927
6865
9787
4637
2063
11857
6223
14631
11029
2840
7002
19750
2947
16675
9760
11890
17001
6791
9142
18481
14877
15494
4369
11388
12338
18813
11241
4380
15668
1241
11210
10990
7230
2473
14424
12742
6712
687
16828
18223
8240
15281
7183
10384
11859
4556
5921
15755
18376
7272
1767
5535
9770
3014
15039
1901
19393
9237
3521
18487
3291
13188
9859
15332
16619
9107
6761
19873
8542
15202
1480
5441
14871
16875
6966
8549
15334
12459
9743
16983
16233
5147
3238
1136
13023
17981
14054
9594
16901
12594
1380
9167
17263
14248
5764
1120
7204
12849
12836
17906
5750
7214
3240
1026
17757
12458
18915
10153
8464
14660
10686
3995
1215
15109
3849
8074
10127
18351
12348
12615
13587
9782
18664
2568
8675
17640
18494
3589
10876
7815
11899
5341
15988
14328
624
789
14488
8852
17642
16480
14819
19356
3234
8987
18813
7881
11810
5807
18735
16257
14322
12665
15934
18886
3999
8486
5196
18440
6696
6840
11558
17403
6116
4422
15626
4739
16115
2463
5274
10507
8159
10990
8118
1430
4590
9178
14905
18061
6695
15653
4274
12950
14495
17172
892
11621
16319
13581
17724
5037
2612
3132
16440
783
2322
13361
3599
8595
19974
1955
14584
8437
2070
6424
4794
17110
4951
16092
11973
8243
10444
13614
3884
2035
3989
16027
8992
17625
9691
10658
12650
19865
9974
438
3396
8104
13210
7938
8116
12333
3996
18726
9638
17203
17508
11456
5925
6240
6769
7654
2998
14528
10595
5392
11314
15770
5065
9171
9150
2180
16711
12743
5992
11251
9092
18057
13343
17418
14350
10909
17967
8627
1386
8332
13944
17900
10428
6027
13579
9145
9295
8316
16032
8312
11905
7405
2839
1425
19150
17791
105
15435
1208
10401
17610
18172
5424
3194
18653
2073
14979
14566
9395
11083
228
440
19586
7299
2482
12445
16511
11108
12934
13761
3736
8638
14651
19051
11439
699
1146
17315
19894
6002
4096
3156
7300
6137
12527
15597
7570
3480
2990
5441
13909
10073
15773
9550
11032
14875
2010
6107
6773
3333
19945
5658
10767
8823
6980
17197
7407
2845
3454
17669
8442
2397
18549
12133
11083
3279
16724
4101
6450
7180
9090
2290
8968
6015
14571
2003
5678
601
5256
1991
3650
13153
2125
10730
8156
17416
7471
278
7211
2617
15473
7078
5351
4271
12778
1398
8307
12962
16148
16646
5169
11321
1395
12574
11489
5571
10111
13931
6040
4129
8944
4422
10521
10970
12134
950
7154
17074
3507
9100
17974
12053
14693
17741
4466
14318
9555
6061
18126
13908
6914
5845
4131
11395
15797
18567
19507
13512
15728
5497
12329
12982
13895
16253
6222
4439
18152
14401
18309
15900
5377
17234
4676
7893
3951
11387
14575
16188
14980
19884
3154
15083
18260
18966
4443
15502
9340
11026
11378
11155
10896
15137
6551
5790
10944
366
9334
3961
5830
4432
8264
329
19854
10828
9321
18235
13250
17655
16882
9565
11409
7896
11539
10666
220
12524
17679
3037
7485
7076
11251
3175
10196
10088
17108
19931
12495
11551
4260
4614
5460
13254
16241
6012
8559
1662
3770
8621
2195
14115
17679
16663
8687
16630
4452
17205
9454
18588
13649
6741
12746
13887
10185
40
271
11506
14933
18002
840
2450
3885
1025
11720
8296
6482
10138
5782
18796
14539
18158
17814
11811
16026
2220
6704
2184
121
3569
11136
4745
14807
1818
18041
7272
969
7066
17558
19522
13646
14790
11295
5421
3076
18926
16052
6650
13089
10919
13817
9689
1263
483
16766
6236
13798
15873
7338
6740
8807
17537
4516
13080
3251
11120
8573
16324
1158
1793
8605
9117
10420
6973
6568
10226
16062
15761
11629
18623
13520
17574
19627
14507
7130
2190
17408
10034
4521
13434
12176
7485
15137
12489
6318
108
14490
15514
5034
10133
13588
14338
11159
16998
1817
14137
13240
4935
15597
16335
10822
10331
18132
7484
7136
11781
15680
2325
7184
18440
11733
2427
4086
10342
16924
19917
16051
17482
1792
9501
13332
12321
14984
7008
5145
4706
12913
9695
9473
12655
3176
19275
19028
5395
17569
8430
1805
8075
15927
14876
12577
14690
2496
17351
12944
8821
13099
16498
11847
8245
11065
7421
11984
3178
16630
15008
11575
18132
16114
10547
377
7821
13856
16650
2763
139
15115
11518
1764
13601
19376
10437
4392
869
10556
4740
1426
2252
2722
18747
6334
14802
15385
18558
17104
18678
5968
15588
17828
17857
14063
5689
17171
1031
1196
19118
15870
14374
6086
12976
8411
14540
3489
15478
185
14133
14526
3348
11313
15505
13110
6956
11403
15012
16404
14724
12234
11687
18252
12754
10869
4013
8604
1684
9539
8960
5853
8573
11074
17449
9477
8394
9092
5902
10685
12658
9191
13909
16666
5083
9984
14439
9851
1994
13699
8368
9053
4722
4817
8163
1950
8654
350
15738
1132
10729
3677
7291
9833
7386
3979
6231
8414
17582
19253
10156
10137
4030
14535
5290
3972
3775
17299
17298
16067
567
8185
1113
5834
6957
16697
9197
3385
3226
18834
8687
17237
15708
18806
8734
1571
2314
13484
5652
13796
7425
13025
1802
2408
11772
3341
7991
6224
10082
14558
11157
15332
3354
11619
6852
15341
14329
8438
18984
17713
5948
2854
3470
13545
3121
7744
16876
4896
14191
16410
10246
2154
5351
5981
10540
14174
12754
4940
10689
16338
10729
6549
7702
12882
6996
6674
13525
9436
9850
14140
9594
2779
12311
10958
10395
1565
9484
12177
8649
723
16752
11241
1070
5893
5251
6331
1206
17552
1443
8057
5259
382
15640
2028
16888
13312
12619
4221
11151
2889
7508
11840
15174
15786
15919
8125
19739
15749
1008
3868
8985
1553
1230
17964
8915
4906
5915
16529
17837
6801
13940
2312
10170
17191
3859
3639
9119
9154
16450
1782
18774
12489
12778
2516
12143
7314
19913
5416
11826
9238
3106
11509
17856
18829
2926
3256
311
16107
5553
17777
18963
6934
2248
4236
19313
18595
10206
12747
9647
6060
18717
18130
4880
10513
15681
12110
5179
10856
11304
13155
19939
12066
5062
13392
9378
4859
13429
7425
15230
2461
17898
6833
4333
12402
483
314
10677
17348
10716
19931
19852
7924
64
676
10654
4947
5373
18369
17293
639
48
5697
18579
2589
8992
8546
10594
2192
327
5626
13005
18164
13450
4772
18400
6746
8617
7238
4233
2976
6930
19451
12506
7659
3664
10625
3078
4900
19041
9889
5833
3212
4678
19863
9957
19485
1267
6397
14214
3903
10694
10840
2759
6020
4180
7102
5102
8801
17343
3779
10610
12617
14500
18687
4733
5223
1072
2813
8972
7351
8691
15394
17043
13538
17261
15768
8541
14261
11876
5847
10898
15805
11256
11247
14641
33
9741
9620
1308
7035
19400
16230
12499
9780
8757
13179
19673
5883
2021
10604
13587
10978
9525
5209
8303
1334
7625
377
193
13401
3543
7331
6568
2397
14080
1938
19343
16670
8890
6296
5199
5853
18504
9922
6033
10805
7307
12996
5714
16540
657
7233
9088
2136
812
10264
1761
5563
1374
6286
1234
15612
1488
1589
15501
3795
15298
7510
10180
273
17948
4928
16009
14746
8387
14444
304
11936
9704
18476
4428
13245
16666
6800
18518
16972
19164
9653
1997
2693
6353
7691
8471
7763
2003
9665
2085
16404
10307
11695
17108
6317
3546
9279
5072
9286
16606
344
4147
5993
12273
14473
17963
15955
5539
3471
11546
6772
9832
12067
14135
1353
11141
2531
16305
10515
16259
15963
2132
4563
7397
1392
12356
17061
4150
4393
5510
7670
11292
16698
12831
12356
10826
13966
14195
19760
9137
17744
6511
8354
12181
16726
18691
12634
2686
11819
4935
17102
5637
16055
5438
14053
16111
16110
11640
3982
7766
8530
9585
19230
10786
9477
2135
18308
5942
2063
18633
779
19175
7976
17082
10540
3176
17250
1461
8556
12576
5142
1051
11001
6877
12266
5191
7645
14018
15324
3475
6365
13020
11790
4691
8368
10802
11470
13151
8287
10618
11136
14895
3926
13577
42
12383
7428
11522
10428
16497
10644
5968
5114
11377
5800
3215
14823
17812
15087
6340
7599
4762
13028
18988
8657
4306
12355
14482
14888
11644
15431
4123
1749
8426
3461
3995
5899
9024
4095
7818
18998
7771
17734
913
7176
16142
14767
7230
5250
16807
16080
14936
3163
19184
3736
2188
11824
2993
3592
1733
12008
5682
19154
8218
5795
7838
5548
16194
3807
18500
14641
9123
11910
16631
14709
10471
11063
9717
4642
2383
10991
709
6867
18370
2708
3641
17517
4062
5342
13651
13045
16048
11074
1220
3250
13246
7996
2192
7104
16193
12985
11885
19822
3184
18591
7946
2229
16983
2073
19563
757
1671
3906
11507
12397
8518
7885
4795
18775
5639
6351
19774
12734
14261
11178
17847
12732
6569
9622
8610
14901
7388
13582
8959
9866
1558
17173
14742
14810
5476
4131
6804
9211
1447
11887
16083
18577
7433
11675
9047
13961
12683
13431
11701
4661
17434
1587
8014
5668
12641
17988
14073
11901
9783
6482
15583
12280
8729
252
14368
7065
5586
9832
14163
15786
15894
1643
10986
15508
6158
17617
13588
6041
11662
14346
5180
9073
8195
12625
5358
18462
19208
7098
2138
7374
15735
14776
12785
8366
252
16488
17612
17350
10853
5917
1069
18260
1238
9
15613
808
3802
17156
10868
15866
16211
13244
11223
6179
16626
3834
7579
13310
4066
11373
11815
3420
13215
10613
3160
14974
4068
2445
159
3347
8290
15862
11525
4655
13324
10077
3310
4868
1263
15976
19547
12287
4416
6306
969
17345
14381
10976
10168
4504
13493
3343
3398
16218
1939
14524
12633
9310
7190
2976
16315
18583
16268
8582
12799
12045
476
16795
9955
14297
8051
16432
9006
10941
15639
9551
18200
3391
15447
10200
16457
16096
8515
6198
5497
17212
664
5667
5879
6272
11091
12788
357
4515
1735
2626
15937
2243
4170
9143
2206
19198
10922
10866
19248
7305
60
15094
10503
5871
8917
8469
9459
3818
8273
8404
12550
3607
14641
9948
17111
11673
19650
6557
15682
18157
3992
5534
8972
10757
4058
6373
1605
11332
8310
1951
16262
16533
13173
17805
8090
9256
1929
18316
9209
12009
4867
11423
3663
14334
16002
827
9116
6110
19558
19279
9684
4329
15906
4910
10087
5447
19983
4474
15386
2465
6717
10286
13716
7574
8388
19463
12213
5947
5561
2513
8128
14803
15293
5034
17338
15206
6191
1781
363
1057
9506
17054
18337
18026
6281
325
8051
14685
5646
8456
14211
17256
10050
12657
6461
2304
7438
17785
3932
5982
14537
1303
10124
8666
4866
11978
7530
18722
381
12254
3879
14679
11035
5278
139
18596
19665
10455
18967
16155
11835
8517
14723
11726
1865
18365
8485
17991
1591
16725
13299
2149
13531
11315
15008
16499
15032
18449
11938
18471
10287
6218
19861
14580
18965
5508
19640
6860
17311
6458
10292
15285
14137
3908
16317
19110
567
9061
4562
7487
17827
19761
19966
16259
2709
8921
15713
15795
19009
4852
1640
14535
8969
8684
16280
14603
9971
11619
11403
10389
13686
4352
6577
5951
4814
5145
6391
3045
207
3934
6341
13692
5014
800
5025
6252
794
1500
11762
18348
3585
520
13887
19033
4976
1305
14165
466
16155
7214
15303
17139
19674
7165
4368
9996
16316
18520
5204
12606
11541
17340
18500
1745
6931
5366
10624
18101
1967
10577
17303
17683
7934
576
9899
10766
5767
18628
879
2268
14863
2459
6738
4539
8624
13383
16117
6322
19912
1654
6520
4805
10573
146
7443
14548
9631
9415
5408
7601
19222
8268
3638
15324
10330
8528
15695
11772
3058
16963
9835
8412
12692
13918
46
5984
16251
9743
15845
16899
3254
14053
16102
5295
8988
4341
16533
16951
14014
1127
17731
14260
19925
7360
5360
16538
19195
2892
11697
407
5813
12263
15629
4648
14797
7465
12385
18327
8927
19404
4868
7892
3049
2491
13156
3695
15845
16761
9295
10576
4499
14922
16462
10611
16879
6594
2892
3171
8387
16712
5364
4434
13269
15911
19128
9106
8384
561
6094
12179
14880
18096
1045
16761
18439
1131
565
9017
19405
7153
4548
4465
19268
10213
10501
5249
4169
5926
1195
5002
470
6649
16124
1473
6421
8693
13392
14223
15151
11243
11641
15912
18371
3760
796
1638
19602
3081
1853
10658
5494
19698
17753
9199
12947
9675
3181
19667
3238
2399
8660
17250
3290
18610
12525
6873
17913
14566
16027
8307
6975
17418
5413
2475
11243
17952
11934
11407
2351
13865
15744
8542
8838
17232
10641
6846
4517
16847
5384
13276
11850
6946
12169
16737
1809
4710
1675
7053
9318
3309
2362
338
14196
994
15256
11792
14748
11539
15615
10760
1729
5376
1346
3296
928
8798
7057
11538
15902
4071
5307
337
19641
16386
8558
409
8800
4075
16314
18385
17758
7679
14003
9952
19026
9607
8277
1385
15226
14878
19106
3941
13358
4576
15399
10300
14505
4497
18845
16959
10241
16231
7883
13444
4792
13525
10632
17119
19723
11316
17822
9914
6408
7696
17514
529
5084
17773
4512
10700
6282
10517
4972
10074
10136
18911
10963
9990
15395
11900
14424
12441
17203
8353
12730
4204
8106
7980
5786
16359
15637
7094
4155
9595
16901
3764
11042
15705
4887
7401
7325
17421
1167
17675
18368
17050
12228
7536
11946
2035
3796
19637
8230
9748
7160
6314
3405
17755
10099
1470
3785
19301
1252
14467
1013
16265
9275
17054
12032
8171
17927
18669
10736
1951
8141
19125
14275
17947
8630
9127
12592
19543
2912
19022
12844
16707
1460
17879
8137
4613
9143
11933
17145
8557
9114
17329
12400
7959
11244
9667
167
17181
4944
16623
7005
16598
1449
10918
15672
2351
15793
15512
5641
8773
16905
7323
13870
12220
6027
3067
784
6238
13435
14942
1613
16723
13532
2866
9008
1242
11231
19222
1404
7522
18198
834
14792
17511
7974
1683
4356
15628
18651
5655
17209
9009
3637
10961
12911
11889
10240
13098
4232
5211
6850
3957
14665
17163
8750
18812
6937
19717
725
18764
19938
11789
2524
1722
2165
4965
14920
7472
9994
4164
3286
18040
12101
19695
18471
15748
6003
11511
12793
8664
15892
12784
4977
13141
19507
10057
9683
11074
2352
17196
2292
7449
7614
8595
8743
3595
19240
15461
13300
10897
17231
2892
4711
10704
9615
9620
1924
17064
8383
931
3640
12185
11863
19279
19498
8339
14508
8800
11377
17912
14711
4516
12319
4656
19508
15016
19611
3401
12965
14874
556
19209
3734
14328
17233
5202
13308
532
9326
11664
9175
15879
11169
12226
4279
12686
7347
7778
8026
12486
1962
8275
14995
5600
346
4070
5063
7680
13659
5257
592
8952
13462
14093
1828
6364
5338
7282
5840
7394
7979
3889
8894
9368
9114
16357
4470
3745
19151
12695
15009
18989
17987
3845
13448
15412
12202
239
7291
1743
14285
7165
8942
9332
11222
4048
7421
6860
9860
5956
1424
18610
19967
15390
1337
17290
12325
5240
19322
4763
8803
18758
2756
7531
7711
17956
6779
17973
13362
4158
11989
16745
5779
10683
10593
11489
19662
19303
10628
15228
18452
9404
12414
18169
3276
16556
7339
3569
3111
7982
11686
16688
4081
17282
3752
11026
548
9283
17710
855
12470
5928
17848
11170
1906
13718
9390
11860
14692
14854
989
12703
3918
13742
799
2474
4120
1327
5753
12352
11972
7771
3038
15317
5695
17249
10480
8855
17044
12150
6694
15148
19675
2785
16458
2126
5070
18978
12057
15008
19675
5088
3565
11371
5078
17679
184
13561
5798
187
18054
5165
3488
6899
16549
2237
16561
4404
11905
238
5140
18225
10440
17451
10531
17852
6028
15489
18026
3796
3719
18201
5592
19243
2200
19986
8207
1106
2667
3355
14042
16547
19223
15915
126
9355
2401
18429
12073
10354
13566
14507
6024
14696
18134
19077
4724
18734
7716
6702
11596
5598
218
9684
14302
10328
10145
12330
12894
14859
3518
17955
6329
3068
11440
5581
11204
10229
9045
4488
17101
11309
5004
12802
2483
1136
7190
944
1298
10603
8374
12043
6806
4982
4599
6116
17297
15710
557
17765
16583
5358
7091
12966
14022
17721
11220
10985
10836
13383
9285
10802
5728
18714
14319
13958
13466
15547
7626
19327
10463
16294
14949
19466
2093
19151
11203
9246
12021
11279
18815
1496
10830
6895
19600
7095
8357
5327
8551
11473
9970
5108
8789
10576
4071
17772
2762
2765
11010
13695
16792
2695
11105
14548
11798
2880
341
11068
4736
8917
4750
2559
18492
10807
8950
1378
1367
8555
6683
4242
17582
2394
8356
17936
361
1173
15972
3128
6593
7818
6892
8559
962
4955
15675
19848
16812
19521
17457
8980
3444
10845
7265
16836
2663
3702
12677
14908
7694
14196
17003
7573
2956
6488
18828
17615
18629
15478
9757
15410
18841
12688
1919
8351
12814
7888
8082
5816
4108
17921
10662
10696
6305
10731
3729
8560
19813
10697
4797
14511
151
3465
6425
15085
6886
1247
2351
11173
13453
6982
13398
16557
214
13044
2910
13027
17407
10937
14504
8437
7417
9236
1144
9197
4333
11250
547
14712
6969
11844
7970
10769
17432
17660
6153
1390
4448
2179
11857
5446
3621
15962
7217
11550
11675
16139
16908
5711
8760
10187
19779
12726
4504
7150
10891
8536
19546
14567
17241
47
3656
6907
15066
9781
7444
17665
3904
7532
1501
13112
17654
19399
5617
14660
17588
19865
14412
8135
7694
18840
9407
13752
5895
17581
9580
16547
12131
19035
9806
8541
14905
6634
5909
11586
18376
7247
4495
19820
18401
3450
11778
3346
1633
6907
15509
2747
15458
5905
15119
5565
14920
13457
16887
13655
5238
3951
1338
14663
3
1164
15915
6696
2023
13405
3813
3372
3055
15667
13132
19186
12240
8428
242
2532
18584
16982
13077
1776
17760
13883
9477
1921
13789
13357
4164
5049
6646
10256
8038
749
1488
6814
5527
9181
17861
12699
2748
7919
14036
8118
4369
2022
10353
9592
5490
8068
765
17164
6357
18041
19056
7083
16500
5671
13587
8610
3337
52
16330
5827
19027
9163
11214
18309
12021
11951
5945
11289
13564
18685
12570
11498
9505
12829
6025
12976
1253
6564
533
12593
9369
11850
15128
6036
11072
15171
15116
10276
6924
7164
790
9597
6277
2035
19873
6710
8296
18835
16038
13930
1068
11691
13543
12837
2560
14250
8859
9000
11536
13114
12579
2714
16614
9526
2331
5675
44
12296
10509
37
5136
8932
18943
3281
3041
10651
9516
5955
10134
14524
7152
2340
1422
9901
7005
346
2322
3426
5707
5110
4726
3000
5165
8249
19806
5617
5246
13283
1949
7564
5593
14682
4377
8736
16360
13460
10763
18293
3221
4546
16354
2207
18940
3865
15975
9879
16705
14013
19226
8376
5438
1868
3228
6611
16373
3108
15974
18768
19972
16242
3095
9378
11926
9016
14443
12293
3317
15322
4998
15446
19998
9414
16656
13199
4237
2877
10490
5501
10263
10946
12798
10016
14775
8926
8421
319
8416
18318
14147
17670
433
10570
8092
13821
1382
6450
2474
9222
3883
14486
11350
1874
14763
12739
18020
2848
8103
11045
17963
12051
11747
2014
1217
9615
1626
19041
15734
15280
14385
7243
11511
11623
18441
19391
5011
11410
10414
17084
10074
1911
8941
10494
4064
6589
5442
1901
2561
11271
9903
14789
8735
77
7656
17827
14151
14584
2315
3721
6802
314
15630
10255
15591
7656
4881
13830
14014
12502
15922
3466
2591
19981
11199
16483
40
18219
1606
3320
18413
6711
6344
17969
9594
7871
13548
9671
10420
7952
5231
5162
17150
13521
13465
2318
12120
8477
13836
5715
10625
11419
11734
4784
19933
7579
16709
7836
11985
2447
12826
14840
171
11844
10262
9052
13823
5468
17713
10589
4460
12522
16617
759
8382
15401
5975
10973
6220
632
18782
13786
10721
310
13053
3203
1176
1558
7556
19835
7808
9855
16803
12002
735
12835
5085
14459
14835
8218
3611
7897
8436
7770
15613
16485
4821
5173
10220
4654
2121
7279
651
17806
962
10651
3404
10517
1652
17201
1055
3221
14552
8942
10852
15561
5293
9448
16674
5442
5209
14571
7600
17615
1390
1429
11312
2024
18439
11307
2108
16695
5105
9142
4440
6308
135
6366
11175
6012
14901
8353
11066
1597
3294
7791
3171
13024
345
2373
15432
11140
13910
15333
13650
10323
10399
4750
5
14899
9049
7133
16266
3307
2122
17504
2280
17775
13108
2834
3378
9227
3199
7801
281
15784
3861
13624
16514
10366
10407
5392
1331
10582
16205
10650
8646
6233
4171
9754
800
2459
12783
2433
5467
8318
6390
801
12224
8037
4878
1037
19952
9334
18614
7725
14625
13674
6050
987
9894
5044
571
7453
13671
14635
10819
351
3856
7094
15126
17324
9669
7571
7724
5641
18035
3524
11611
5006
19842
279
7225
2178
8679
2129
10751
12850
1461
3382
14313
5133
10803
7575
12281
12159
3753
6776
6140
5672
756
6493
2852
16472
8217
6769
2293
14602
18710
1330
6523
442
19316
3036
19928
15684
13593
112
17724
17435
17082
15553
3405
7682
16397
7804
10374
7434
6876
10161
13659
17033
13717
9570
762
14451
18047
1030
13613
9016
16424
1243
13532
13210
857
16326
19184
18505
9419
19112
18418
508
8946
16255
7634
10990
16151
15253
19684
12339
9956
13641
19652
4150
11641
18553
9402
16144
19035
4553
17561
9543
11884
10290
15105
12225
10326
11178
15172
2371
320
18123
13382
6570
14499
12547
10941
8581
8887
664
216
1485
11174
7606
16668
12067
16578
16758
13097
12548
18738
17100
19868
16715
17607
10253
15054
739
8013
19067
3993
14247
13854
12047
1594
4665
144
10658
3410
13339
17615
11480
15526
13901
13477
9705
13383
14243
15765
5581
3244
11234
12743
3396
4315
11224
4925
15039
294
12661
1380
3918
17938
6377
11943
10215
11283
9275
11390
12112
9428
18116
9699
4873
3314
12070
11877
15001
18728
16972
8757
16435
15749
17791
14526
12452
89
12001
14514
11228
15727
2538
7903
13079
6484
14237
2464
11719
17558
14055
19504
11648
13223
12211
18489
12959
10049
9196
14602
3160
11683
17072
17160
8379
9722
4526
7195
11233
4475
15804
6473
17945
19596
9143
8096
7210
17378
13143
6093
13572
17733
14798
17450
18503
1584
3102
2963
7439
4277
12052
16281
11963
10877
9285
16752
13401
3949
12163
15427
3663
12004
1883
17575
13416
4673
271
17965
12794
3041
875
18353
1200
7942
17830
12464
15833
7475
17687
10614
1707
12083
8401
14037
13397
4186
1405
3026
3745
12868
5971
8601
9506
17049
7092
18192
8287
8978
12902
4201
859
19765
6253
4914
19073
6619
1283
2374
19977
5427
14068
11174
8873
18528
13656
11970
6747
5693
4525
2769
17831
16545
1233
7649
13997
4766
17145
16264
18193
6915
3505
6105
2787
19521
16561
17746
3657
2922
16503
1265
10444
16885
5799
13575
892
18526
2108
4901
3585
19691
7497
11891
8223
8394
5041
17696
2757
15477
13727
947
1330
17240
3011
5791
1508
5513
3498
13590
14622
8245
13049
18068
17973
16508
9253
9980
10776
11827
1041
8737
16922
1223
13669
6458
13598
17025
12840
17112
3933
6341
3162
9780
13526
7796
1809
10401
16147
7506
6222
13153
6611
16450
12986
4372
1562
2893
14402
14123
3345
9313
14828
19162
2267
1910
9141
19979
7350
16524
4937
12367
11850
1296
6462
19056
11825
4253
15758
4611
163
8192
14799
15449
13853
7188
14320
2580
14381
17547
6002
6582
5276
12462
10144
6004
6488
4891
7885
10378
6557
14638
12233
233
10720
14395
18111
5003
4760
15735
2350
9607
7529
4054
10626
160
18862
6862
9007
3160
9602
987
9961
7201
12875
7772
11170
6868
12228
8827
13793
18491
17574
3978
11227
13896
16210
6953
11761
13705
18429
17156
15878
19539
19705
13368
11035
19611
3163
2006
13865
9540
13358
4384
6587
14450
17268
14353
10373
7389
1076
17369
14180
33
18341
5478
15284
9266
15189
10910
14664
1709
5494
1161
11113
10090
9702
9771
7086
6062
217
10159
12437
15868
8421
16575
5243
13547
14602
6480
18462
9811
12156
13914
17388
7201
17326
4165
6119
11403
16157
11295
1720
18205
2806
15818
4108
17105
6949
13907
7439
1436
15899
3164
16900
8517
12315
2844
4127
11794
10145
2012
15327
891
3247
16546
1963
1983
118
15306
3560
1269
1373
7728
3668
15995
19249
6507
12322
3690
10185
8627
946
16715
5653
11619
17420
706
11683
19194
13337
2536
10797
4027
11103
8120
9090
16372
18999
13567
1711
17339
15276
15318
15210
18676
434
18635
6683
1808
2944
8443
19272
5232
6955
12125
4731
19975
16961
14392
14610
3805
10239
5396
17154
19120
6319
9870
5865
10516
514
5701
8207
699
4902
8913
14200
13808
4964
9075
13929
12509
2297
9191
4212
4077
8110
5111
13217
908
6230
7977
4731
2090
5411
665
5749
1758
7718
1153
5559
16871
10177
15444
6217
7086
11082
3658
18714
1799
10335
9045
12781
18391
4257
6227
14849
13391
10863
15452
14140
16694
2335
13179
18707
5
19130
1722
16249
13419
12213
13174
12865
17841
12776
1745
12369
13688
19373
13030
9989
13534
5591
7127
14493
17184
12589
6466
16837
6233
19297
12754
8255
19977
16625
6770
5486
18129
2905
7164
10721
18714
8274
1328
13851
16917
2379
7424
5115
541
5059
11912
10669
11705
14848
3099
10988
1309
18640
8856
17458
19312
2201
11899
3677
15881
15295
7824
5408
12114
13426
3523
5027
1711
16528
10643
3512
9656
1950
19909
18652
17441
7071
13492
14213
4858
5134
8261
1006
2195
5662
1657
19484
13464
18860
14652
18540
18234
3773
9851
18140
10381
7930
6066
6994
17486
2116
15075
8621
7357
3541
16323
646
10344
117
19246
3362
7848
10197
16507
10167
13316
8492
8266
8536
6931
19980
19097
16735
3488
11168
310
19766
18182
13732
6415
8355
16570
10049
6949
2285
8104
18052
9215
1391
3670
14137
8987
2872
3077
19401
5951
3131
6357
5261
12206
1178
19496
1806
6166
9387
2271
7547
2181
12228
15264
10118
5532
9000
10041
19612
11196
12046
383
5566
18397
6762
18447
12096
11166
6842
8149
17182
2262
9807
15019
11894
14185
13814
12921
15366
12246
11170
6875
10339
17517
16504
12480
2643
6366
16887
7630
10696
7980
8609
4867
17145
16129
4235
4599
7806
6075
14781
17149
3943
3364
9062
13832
17562
13855
3263
7786
18088
4286
7898
14616
10859
337
10855
11305
7902
17145
12834
5405
12953
19994
4605
3515
9895
16655
5670
3538
7494
16599
11316
13601
218
4077
10003
1106
4814
5525
6250
11104
11368
13682
15301
19834
19144
4213
9156
416
12477
18096
11103
19306
17828
969
3028
15880
7966
11786
12079
19492
16940
19029
18421
18948
15913
16724
9132
9451
19717
11150
5162
13151
4154
7254
10841
12581
5133
19198
2532
2344
8002
18825
6625
17305
5980
8861
19355
2609
2352
3543
17050
19377
15876
16025
14801
5546
19178
15198
12228
9497
19507
16463
1780
9546
8018
2414
11305
18781
12750
3438
11899
13670
11107
15334
1660
15662
19477
12827
645
12632
9330
1082
4860
6686
7139
7879
6047
1401
13999
11471
1168
6847
10125
8026
11868
8902
1763
1309
12489
16135
8576
16844
3932
11646
5010
1484
15461
17326
18564
1477
14536
1185
5944
5495
14536
2285
16733
4036
16401
3058
4717
2731
5602
1152
8550
7893
438
14902
5763
10920
7502
7845
5174
14969
3228
16115
7876
12798
654
16315
12125
6561
4533
18705
7638
19025
14962
10051
8517
5619
15068
16731
1976
7446
3088
18434
4211
18371
6933
12063
7716
11187
7018
3036
2660
19418
2607
12457
11757
2818
2637
6138
16498
11571
15075
17963
13888
2029
4046
13061
11823
17400
372
18392
11940
2867
15020
104
5063
2505
16622
18628
7067
9217
1811
4049
6687
4820
11368
2533
17601
986
7445
10415
7866
3197
4644
8308
16105
8943
944
1909
5328
19832
3980
3852
6949
7815
11020
19829
2870
16553
12724
8682
16381
8696
12764
422
3035
4203
16156
16651
15188
4843
9114
3070
6758
9349
19725
8144
18823
17531
5740
2648
15739
4982
12984
8892
6735
19734
7363
623
13973
16297
12988
19508
1500
5370
8569
13408
19306
10945
5311
15422
8313
19161
1744
3436
6956
9198
13041
19234
5037
13365
12311
16851
9220
9014
19214
19244
1077
7844
17382
18009
8311
11693
7002
15463
9357
8684
5502
14468
8771
6300
5828
16162
6790
16807
235
15515
12864
17085
869
13583
2126
5824
19588
19528
13728
3036
12064
1566
8429
11508
5095
8951
8657
11831
14305
8038
3748
13138
159
19700
17783
7263
3808
124
1677
2779
16672
16624
19508
16565
989
14970
8288
8513
6822
14589
14338
18733
9251
15225
1514
18347
7164
15788
19734
1773
15943
3254
1589
12143
880
5558
6044
3534
6567
17104
292
7255
17953
12080
1023
11962
9708
4007
19541
7420
12788
13556
17599
8716
16618
15871
10655
9325
12535
5118
13082
4274
14109
18074
18771
7017
19302
11436
8806
13070
8236
7105
9725
14656
15556
15613
3506
19248
17767
17724
15362
9845
9791
15603
12394
16125
18698
7252
10433
1822
10542
16272
16402
2443
12538
2263
9332
16706
7764
1660
10023
17666
4324
10324
12973
19705
7484
3004
17315
1595
8834
9146
1371
10384
14460
16124
7256
19076
3607
17405
15012
6978
11156
15558
14865
12826
6736
11153
1514
2655
7918
14344
2870
654
17059
19724
11689
8808
15869
17106
1030
4256
18769
10472
3348
1072
11455
13109
15004
18822
15173
14014
9501
12188
989
3748
17036
1189
13203
14667
16203
19811
19656
17078
17668
4758
18748
12750
8835
8303
11355
18657
6605
16002
13831
16231
14529
5882
13949
16640
12074
2758
8455
4282
11870
14353
16861
14862
12758
3184
1209
8201
16713
10068
12182
12873
4359
19231
5924
16573
16208
3443
5963
17551
18095
18950
7896
2750
16246
5042
18921
10531
10583
13033
8849
19253
7132
16389
13353
2664
6467
6077
16244
8944
12026
9140
812
7652
6035
7276
558
12478
18084
11672
3423
10015
9661
4942
5786
7598
19015
1691
13687
2753
12374
9873
1881
884
12202
14492
2516
5750
17064
15250
13336
15684
2192
8584
9567
15309
12538
15329
18543
17428
1746
1089
16365
14356
2701
13024
12895
7230
13319
18363
4539
13405
19451
7940
2929
19099
18430
19609
16497
16700
4152
12690
5691
12424
2592
11252
10434
5927
12307
867
12411
13828
2128
12276
968
8980
5779
4416
7419
16368
19084
15924
265
2301
4507
1861
1293
18765
1163
6018
9750
4415
2600
18370
19535
13601
19550
18235
12072
9941
6159
11252
1318
3762
2513
5299
11044
7201
6498
18576
11460
7336
2952
5867
17782
3268
17962
6553
5955
7599
10628
17753
13206
13217
5355
7396
7944
12978
4798
3843
12359
16285
19332
17339
13507
2369
7592
10211
2421
12449
2542
3126
6604
11275
16145
6948
9940
3478
2266
3203
5797
13988
9855
16610
18854
5959
9045
8158
8988
14400
4820
3822
499
17410
13574
3641
5095
10165
12459
15304
18639
17559
13708
10261
17447
8349
5529
7874
4505
11383
19073
16391
455
3985
8494
8131
7352
5909
11483
3411
8381
7854
5523
2561
4734
8296
3016
2324
5925
19091
13132
17093
12231
2694
18511
16210
8778
7009
16213
10699
10712
9546
147
4041
5759
11737
16262
7262
5922
11567
12081
14376
4703
3745
15441
17184
15037
17747
15518
7407
5266
8447
2080
6303
3791
884
8267
16239
1513
17787
9113
257
9829
16213
18307
16749
2495
10977
14300
14713
16566
10266
13097
11296
6167
3548
13184
2382
7877
8263
1437
11022
8354
19964
12571
858
3933
18660
11157
818
15000
14384
11929
10665
18708
17179
2117
15480
10587
10892
13314
277
9162
8472
7449
12415
6553
10308
2742
14032
9481
15496
18808
12469
19945
15470
6129
7834
196
6074
8225
158
11850
3748
17801
14342
13689
8160
12494
14862
6729
223
2349
11449
10289
6158
14773
13193
10809
11996
5605
15306
3069
14394
419
393
602
8283
5302
4995
16024
18170
3137
11672
1716
19802
15485
2430
3849
13000
4817
17681
1883
3165
18929
18056
4223
15297
12976
7459
6986
13769
11682
19808
3637
4929
19187
5869
19050
8132
7646
7640
9165
4072
7403
8515
5834
759
18281
15155
15543
8727
259
13095
485
5131
6177
3941
13321
16883
3582
9744
17025
3087
17986
2614
11301
993
11771
10374
908
3343
19485
18814
18616
14696
17587
227
7807
19134
18816
14538
9943
2801
9911
627
13980
17741
5907
213
12321
11146
8916
500
12114
7377
11511
11983
3009
6046
9552
15734
2549
13024
16550
6457
18155
1854
7980
5276
12456
13588
17304
5031
2684
18970
6241
17881
10644
11782
18554
18236
7581
2760
8485
17907
3120
13619
19894
8976
2942
4636
2437
10595
3225
14618
6031
4045
18428
6798
4330
6643
14424
18876
13763
2157
285
855
1942
3102
17985
346
2857
4190
4688
2771
7334
19858
1136
11418
15443
15037
9391
18911
10031
4400
11371
17826
17387
1822
17502
156
3970
6603
388
6683
6422
7202
2187
490
7049
8740
8598
2638
4150
9726
19246
11053
5226
17940
9445
17994
10465
16538
7496
15595
97
19778
0
10364
7277
1391
12677
14956
13351
11720
2912
10100
5030
4360
10523
13656
7919
2578
488
3366
4147
13249
3339
892
10629
7134
5604
6662
18678
17291
11421
1476
19919
15964
9228
6314
7850
8325
17125
1986
11982
15406
16832
4396
13989
16772
7394
3813
2715
1737
6251
12933
6773
13771
18683
4098
8364
3858
5889
11699
9925
2611
8610
11247
2254
17922
13986
8211
5494
15300
6835
14594
10122
10562
119
15078
15816
14073
16083
117
15105
5071
11314
10384
10768
2560
5586
16485
15442
10550
3376
18708
8961
16759
15243
7502
14993
5688
13591
761
8357
14192
3329
17584
175
8839
4570
14951
15363
18829
6274
16749
8118
16679
6450
7146
14808
7363
357
7400
8939
6829
15812
14765
11199
2875
10253
14854
16364
3875
11903
9248
7979
9644
13989
11088
14546
11873
18140
15763
4362
834
12259
19023
1614
4149
3934
4472
5761
5370
17575
686
18412
12732
10642
11492
884
10755
2298
4444
3028
13158
8397
4173
16988
12413
4497
12998
838
3733
13586
8845
19440
6653
11498
9056
13563
13341
11627
2621
10271
3335
6348
19581
10217
14757
18061
15194
9618
10898
17192
5266
12637
2053
5366
15844
2796
7015
1595
9207
7167
9798
6864
11289
18699
18914
3467
18213
14131
18020
10573
10910
13254
911
4136
12088
16501
5870
4874
6166
4750
3565
14506
5901
8473
676
9550
17224
18991
11854
4311
9573
10226
5912
14538
4636
11630
12596
17915
9920
3434
2253
5240
9630
14186
17493
19023
2307
19748
11963
1789
12474
14460
3160
1108
12114
447
16424
6376
7549
11097
17174
9143
15349
18995
10447
6483
15578
11372
6489
3405
18455
16691
8605
8095
16354
3006
18751
6037
225
14570
1326
11513
9130
816
12343
1179
16739
2496
948
6745
552
10845
13858
9264
19755
15669
8400
6655
5526
16667
8115
10804
18092
14946
10038
2230
5997
12056
19247
6383
19352
16124
18829
8531
11883
18718
9453
15729
9094
6610
17164
6421
4397
17521
7223
11191
16108
10476
3806
14564
309
19661
4647
4230
2692
15756
18558
18451
15268
7626
8522
8015
107
16590
19323
1439
1792
6330
2144
2380
5597
14889
13781
19855
11631
7943
19769
12767
15706
19116
13373
16692
6970
5303
5529
14231
13892
13220
8377
12168
11691
8361
7732
14667
13758
19219
15069
10608
6190
5175
3378
990
14638
11863
16466
10140
13683
15156
13644
508
4091
14091
10194
4036
19754
14829
16492
11257
14319
14334
15817
9226
1733
10698
2449
17846
12117
11391
4021
6652
12313
15243
6344
1309
9947
5939
15463
6224
8892
10476
9235
19074
1521
4186
1376
3239
15080
11651
16229
19361
7528
4559
17524
4364
19734
8319
18852
1060
1428
7814
15785
18676
2724
17992
10918
5532
12554
9070
18904
8958
2383
17763
19827
12933
9250
2319
1291
4786
2873
13229
17161
8548
1077
13482
10685
4963
15939
7709
3250
17962
14719
5693
16797
19695
8947
3428
8911
3951
5021
11102
17290
6171
17711
9293
18736
7321
10832
1533
13207
15609
5120
3455
5209
12757
5624
11460
744
12835
7216
1496
6879
9882
8346
15320
16563
18303
17707
19665
2760
5387
3450
10583
9888
11162
9409
13854
15342
12339
10177
6649
4777
12527
5378
5613
12860
2728
11511
4592
18426
18591
10528
17763
15791
17290
18889
2634
2321
5624
6320
6564
13941
6114
10692
7403
5950
10225
16360
4554
18065
4582
19095
8662
4612
3625
19970
6794
3796
10161
19605
9603
18710
10412
18967
12692
16965
19821
7760
14631
18522
6640
10693
19025
11994
1002
31
10161
18793
15473
17961
741
11644
10021
5368
18312
14476
14107
5541
2764
3655
13924
18806
9072
11008
926
7963
9982
9510
15638
18995
5668
1779
15961
2479
10828
6107
16662
5742
5338
18340
1041
12872
4226
8788
11718
12071
2532
6342
1976
17614
5349
15063
13910
19453
1035
16701
4712
18509
16436
15734
3836
6518
1204
4414
12583
6129
11785
2715
5050
13047
1212
5587
10243
4200
5847
17757
11485
11879
3581
2229
3605
19842
8395
13384
6937
10000
3401
1519
8511
3284
13388
13657
880
7294
4331
9825
8015
1456
8956
2015
11786
3997
18987
12826
11516
9165
15510
4443
14620
10878
17544
7965
18181
613
19760
19328
1251
12978
7453
9884
15831
6257
9688
11155
12679
13133
10558
1855
6213
16911
10361
7787
10330
10180
13242
18494
19791
7772
9877
1329
1304
12879
13624
6210
11230
2362
17545
10625
16711
11655
18748
12200
14947
5067
5134
10727
11638
13800
10912
7869
7837
19443
1811
12483
14655
4880
17853
7778
12178
7033
7046
16229
15526
4061
10914
5161
15122
10822
15882
14096
12633
15987
1689
8693
17784
17827
11808
4954
3919
16883
17766
6654
17130
16831
17184
19274
6699
12997
2857
9738
7190
15015
9950
18969
17145
18126
1624
19221
14069
2380
11303
7729
14029
8186
18792
11625
4074
7296
9507
15280
7112
4499
18979
11910
18657
16472
10866
12070
7860
423
18801
7355
7474
10442
5681
18674
7845
1765
2481
9002
13533
2448
13268
14088
16439
15136
9982
5927
1676
5828
8139
5133
19988
6762
5836
7865
18422
15009
9055
9785
12557
4826
10153
15031
11480
4008
10003
883
11038
15238
18111
4236
17627
12759
17029
19960
108
3817
10222
17268
15955
12147
2444
14613
18888
8445
19988
7644
11196
2527
7001
12231
11242
18594
14310
7269
17693
2402
7800
15266
3896
13269
9078
15072
10950
15077
9837
294
4511
1817
12588
7602
4371
9042
8153
13035
6326
1457
7023
12946
14120
19350
4981
8374
15488
16835
18843
16550
17812
4190
7635
3041
14279
19158
2602
873
12048
9373
17602
2710
12227
10036
13325
9095
1887
36
6952
14932
6227
17800
16338
12831
6509
18345
4807
12680
12513
4833
4349
2400
11666
7328
5210
15125
15200
1101
18992
14572
4142
12068
13943
1836
15054
14942
7877
1879
17132
17934
9100
12148
18548
15656
336
5575
10401
12668
5059
14659
7331
12320
16351
4246
1899
12299
800
930
16886
7134
9819
10059
2772
15901
2527
17868
12980
13019
3367
12068
15726
19636
6744
9262
2412
14995
5341
17871
17301
17940
16861
1897
10552
18148
1046
12620
4978
548
18296
13163
9213
9581
864
10668
13525
19053
3567
12249
8231
9359
14759
17140
16120
16473
6786
648
5935
6319
78
7098
12160
10805
14729
1950
19350
12721
15637
15238
7388
17455
3768
18005
14313
11774
17746
2322
17638
15895
13596
14744
4892
10206
19354
18858
3551
17986
1596
10852
4561
14462
15863
13645
8948
18402
18906
1128
5968
16235
11440
13993
9085
10734
12786
19396
16974
4277
1734
6018
12954
18752
14808
13165
5352
9645
14963
16395
16502
7698
19291
9319
13254
8102
2474
18058
19686
18687
18182
5897
1018
7383
11708
15064
10376
680
15643
14108
8736
5142
1071
2398
15718
12236
10520
28
5150
10366
14534
17817
2226
5037
6451
1141
12739
17162
15870
19319
13449
9778
4191
8486
11753
13399
16684
11831
11346
7583
11079
2817
8020
7909
8705
17292
4894
3998
15600
17960
882
7510
6344
826
10183
17369
8633
14033
7834
10509
1444
3223
8819
2972
795
11331
15119
5040
8916
9835
367
16407
7210
19254
17596
13638
1073
17584
10838
15482
14772
535
16632
13881
16044
11986
3593
7351
19550
14049
10657
10485
3730
8367
19701
8452
1292
8548
2018
14790
3913
19255
15026
11477
18136
2529
12558
3390
17874
6284
1217
3429
5079
17131
5220
4716
5223
6019
5387
15822
6297
1031
15915
2437
18940
11297
13094
15467
9767
844
18357
18110
8351
5663
8496
13821
13157
2116
9405
5679
15481
7814
7635
1507
687
5928
2570
7345
4524
9011
9442
16351
5117
18472
2956
960
2996
3731
5496
16152
13921
16384
18940
8858
7273
1128
17501
1234
37
18851
14557
18846
8761
7201
11138
12695
79
14708
13119
12302
3279
9093
13505
8977
7678
19335
728
5740
13361
16361
3968
14764
16620
16164
1931
12352
11547
15348
17484
18296
11563
12932
14115
13935
8294
3010
8672
19909
2890
18705
6710
14725
997
1854
8349
9254
10607
18986
8675
5036
6340
12837
13265
7854
13405
7100
17910
3410
1609
19849
3026
53
6285
9929
12097
8839
11413
19596
3714
12914
9013
6405
4642
6267
11713
4992
12266
3778
19302
563
13250
17828
2659
8461
5600
9728
19655
14092
17617
16630
4168
15979
9923
3754
5245
983
4397
2952
1465
16867
8795
11586
3813
11442
729
1077
19256
4177
1660
19146
7573
18279
18472
3608
8642
8228
18497
5318
9248
7223
9009
16238
3436
19356
4530
6973
6545
4658
12281
17559
4423
17483
3136
56
12908
6908
17167
3093
3613
17204
1702
4673
2514
15050
1288
19884
9171
5935
4199
8357
6395
4162
5577
1696
8839
4738
16404
19442
10363
17566
539
9561
10194
13320
14885
9913
2943
5897
4342
1889
7269
11118
3900
14092
7087
17919
11800
9220
18157
18992
16359
5056
5323
4177
11277
9358
4688
10848
9149
10060
9232
17471
17062
18224
18446
5855
9405
14280
8402
2555
6403
892
16291
3170
12788
879
13345
18892
18412
6692
8065
6061
8277
17692
17862
19112
18609
2590
5240
18331
11040
2352
8644
18936
6255
6914
80
275
5693
1898
15225
19383
3595
8617
17739
5556
16000
5389
2428
8019
17718
16880
485
2282
19236
15453
19550
17738
8713
8754
11861
9557
9138
8737
9259
10382
3624
10801
5099
13513
17209
7490
6952
11393
9281
18638
8178
10472
10645
17386
17076
953
3915
16684
15885
4617
12521
16262
11080
3548
13673
17488
15579
19668
3302
13124
10521
16517
2695
15779
13300
14243
9764
5781
18483
7453
5625
12558
11339
9763
4006
3083
6333
15234
10240
14972
18860
9264
19640
6556
3673
4034
19078
5851
17949
18652
16402
3389
13858
416
13790
12410
9598
2215
13011
12742
8717
19438
19495
2668
17578
5832
19592
4052
19114
9969
9928
7236
13526
17410
16228
12162
17891
704
8787
15575
1103
15471
9831
8398
121
12613
6083
15804
11229
3193
14394
4954
17292
15737
543
12206
5444
17147
13999
520
8209
10731
18263
3304
5343
14820
7810
1724
1115
6938
19011
19079
12453
531
9820
19518
13908
12662
8937
13100
17830
3227
19404
15381
1826
17154
3158
13271
15853
4064
2638
8428
8549
1492
10497
8300
16605
16248
3590
2864
7381
19283
10956
15825
13044
8427
15395
2191
16581
10552
19908
16877
15149
7603
14430
7258
8581
11757
19774
15307
6487
5724
19930
2627
16857
19888
2746
11252
4833
3556
99
191
6820
2128
7362
15416
18800
13500
9841
4581
17122
18574
6761
2661
16228
996
12132
621
12551
13885
12525
18413
15289
15250
2951
6674
12738
10467
6870
17765
257
8651
18414
2288
8414
16629
3959
4000
9068
16616
13817
16421
9917
3166
16138
8567
14337
8659
3057
15315
10973
16696
5302
6275
5924
8038
2248
15932
12213
13968
13866
19521
9840
8498
155
10532
12342
6662
1184
4589
13468
2997
11153
13971
17547
12618
7069
19175
15256
16930
6266
10160
10043
10624
17933
18512
5998
8221
16114
10918
4452
1884
11113
2317
13091
15644
9885
9730
15647
5510
14450
7843
629
11142
16170
2354
15105
12055
14772
2360
1308
13015
9715
5895
4917
9978
7942
9944
5354
10106
4729
16787
836
10699
17319
5517
19021
11757
5481
4108
12911
4859
6432
9734
10634
18336
17339
13319
1393
17929
8485
6704
161
13141
16943
11581
223
9097
19829
1983
18189
6849
13296
5640
18281
1409
13208
14630
9347
7753
10995
6054
17528
13703
3454
14010
7599
15494
6230
7413
11536
6948
4996
15634
5372
15521
10819
181
205
17459
5711
6345
12426
15863
5868
5097
7591
481
4240
17882
8375
19509
1390
15765
16239
1455
13888
10723
10425
18460
15376
19008
12945
19243
14307
11074
16288
12510
14530
9491
15858
4474
647
19130
17366
17118
11808
13209
10546
13393
6499
3343
2784
10164
13295
13500
15080
12598
1466
14149
16507
19590
8732
14798
9866
12195
6551
6660
9697
18512
7746
1309
17924
1347
272
19926
6020
4284
4834
19772
253
16083
2854
5447
4303
13546
13033
992
16824
258
13440
9348
18090
12265
13871
13248
16814
17680
11029
17628
1652
6139
12724
7700
10518
12626
16768
12225
1128
19829
9156
8439
2942
13324
3915
17479
17019
13243
14449
10053
9840
13077
9063
9188
7929
968
3005
14013
13296
6198
10959
4046
8461
7300
8431
13759
19803
8458
9835
10623
13975
15659
12794
14286
13959
13375
19400
2644
18389
8204
2939
14798
10215
6420
15618
10825
10429
775
17625
11814
16486
9144
10491
1534
10430
654
3653
16639
17768
15601
12355
277
3364
6788
2585
15012
7918
13074
3344
1904
12179
12224
5755
5664
8112
1474
12069
6295
5609
18762
3864
16770
4354
2428
11884
1680
7614
13053
7179
2715
11985
18313
2013
19493
10916
14179
15285
6653
15749
13799
17015
16769
4168
19964
1220
16094
1855
8677
7556
19858
16785
6582
16750
13651
12986
13636
19415
5480
7358
3829
15092
19253
10475
19767
7598
18228
5706
15212
5090
7390
10497
2467
9329
19914
17065
15906
3275
16556
1671
2687
7507
6751
18378
5902
18959
3933
832
16085
2766
938
9268
8347
790
17041
5256
16863
10313
7014
6987
5092
5363
7755
5431
12330
18483
6030
2793
13496
15875
8399
12222
7093
6
5856
1895
15959
12110
8677
5257
11826
8774
8282
2099
17362
11042
9300
14653
15812
7074
3552
19897
18574
12189
3527
11833
18111
14863
14163
19389
8161
11777
3275
11958
17963
6130
2970
12988
19379
18783
15950
11561
12481
16308
11101
10640
9982
17487
5057
11581
15467
5165
2436
16555
2766
2259
5847
60
10824
14235
17692
14328
14978
12121
9699
9381
17125
3369
18929
15870
10120
17208
7325
5108
19844
6923
7925
62
676
5231
829
19646
13304
13470
9975
15538
15529
5162
4958
148
8679
17610
11084
7054
5757
3103
8700
3549
18886
193
906
12321
14265
3019
7030
14174
15392
12991
11495
13906
12711
18519
2988
15219
2799
3177
2014
6884
6018
15542
18465
14868
2401
1392
13481
8884
7128
8038
11321
8659
11891
10989
13287
17112
107
5452
1116
8602
16729
9028
2935
