10000
1463
18991
7184
10195
2900
15063
17781
13839
8008
1812
9959
3074
13594
7341
4279
9801
196
5509
10662
12039
8431
6602
1962
2365
16907
19627
828
1554
1896
13287
5244
14098
19763
3584
7426
8531
16944
9807
17634
14802
15473
6993
19771
3036
656
16350
14300
5097
12367
17434
2451
15010
5129
4356
6100
16003
12308
3309
4738
4764
5110
12483
15485
5649
7713
13835
72
7202
15053
1164
16981
9156
2064
552
18864
9102
6332
8550
14885
11248
15189
2026
2254
4606
19149
14439
5853
14538
6047
619
803
10671
3428
17336
9371
18794
10645
914
13429
18435
3421
884
16834
18634
10170
9725
17913
19996
12945
1897
2821
17412
5867
8730
5803
1982
13551
8245
7483
18615
1277
11433
11986
14992
10308
1641
11753
8929
5953
5403
8735
1147
3574
6441
606
13926
9730
11285
8812
11977
14562
12234
14960
16423
10980
10285
3326
1574
11747
19794
13089
17196
19108
16331
1476
13250
7500
15291
10878
4602
1564
3145
5751
877
6730
2704
17371
12765
3677
2579
16730
857
4068
11918
15610
10367
1268
11528
11482
2331
18077
19108
7235
2158
14535
2774
1549
15530
1422
14099
15947
217
2551
17729
5620
6014
15854
17069
14671
2963
4222
1948
12122
12241
14380
6297
14263
18319
9264
8301
18868
8033
6032
11725
13077
641
17787
621
13152
13067
13791
16626
6757
18051
9768
1414
3464
7665
17462
7876
4301
1292
9369
16562
17054
8981
2924
2703
4539
2810
11595
2082
4895
7579
16210
2546
17803
1449
19507
8692
14514
2026
11827
9855
15585
19898
17571
7964
7304
6763
15702
4536
11976
15565
8515
10459
7835
4968
3097
6483
4283
11174
10361
19306
12240
718
277
9335
14874
13675
4996
7024
9527
11819
5406
16445
2897
2755
10842
1223
3079
19280
14306
6351
2007
13496
15439
9179
4677
3439
743
5771
4298
6421
12015
6410
3739
11037
9007
15136
13685
13961
19585
3812
1506
10737
7444
19887
19787
7650
995
10187
15162
10563
11758
11147
18539
5586
4978
13652
12239
8909
4778
19769
5404
13133
18017
14980
10836
11565
2802
4944
6031
13288
3070
9940
8616
5056
10281
314
6242
19803
17746
8877
149
15080
6093
6385
3449
3968
18975
7052
12621
12679
2965
15778
16837
1937
7458
17214
13774
3169
18995
19404
3774
3213
6096
6309
11837
6397
3537
6433
17770
12883
16218
13648
12492
3396
341
17252
7414
11620
14027
3590
7477
2912
10078
5961
10393
7109
7942
7836
19006
3806
5286
56
2230
3514
12074
4153
15540
12684
13376
10826
9751
9996
10639
7065
14482
18203
19224
8170
4788
7428
16616
8519
17977
17341
11896
14868
12140
1005
9249
5376
11735
10439
2655
4312
18409
16597
13761
14646
738
9936
17833
17719
17438
5131
7142
1099
16060
15824
2988
17637
12489
5378
3821
3729
10254
545
16310
15621
6227
5260
14440
1808
12974
13697
10770
1168
2412
8704
17128
13248
17979
2254
5314
5070
19089
14165
13970
17706
11805
11240
5187
17434
3752
7843
13163
8074
583
18449
3918
6049
9088
4232
4559
15055
13751
17904
10162
7459
16244
14241
10835
9689
3986
9929
16445
8176
9350
13484
14440
5210
7754
17766
5714
14220
4005
12748
10745
19765
13209
2801
14642
13484
4809
9796
4425
8226
6405
12087
14197
1206
5780
14202
10295
7
5244
15750
16399
17604
1168
8181
10011
13823
10807
4718
18861
8193
3381
11424
15816
13495
10744
11108
12215
3017
8993
12036
7562
6059
7501
826
1454
4685
7584
12305
39
9613
17901
15784
14220
13229
8899
9749
6240
12382
6199
9734
5544
3323
11466
18466
16334
19507
6264
16430
11857
1854
15676
4812
327
18224
19843
9726
3184
15404
14156
8744
7032
14896
14744
14708
3432
3406
3603
16046
1417
18810
15679
18255
11511
18175
1274
6744
19198
8461
6092
12756
5812
16173
16399
17344
16115
7125
16922
7207
15088
1398
15916
15429
3229
4786
13906
14669
2487
4044
3989
11590
14445
10040
1987
15792
18894
10193
15576
10884
16877
12713
14408
13882
17620
18555
428
4324
10530
18780
17287
6200
16739
8080
16212
19659
4490
13689
1934
12472
5549
11723
8731
1183
1053
123
17686
9099
14561
15157
11512
3084
14126
2444
12066
7747
14117
6156
18089
10972
17577
14699
10654
4053
17083
14814
4825
14685
18740
8969
7649
6520
5822
16846
17147
7391
16303
19559
7469
12964
8163
12686
2030
17523
14870
3737
11820
9812
15355
5795
10777
11340
1403
6821
978
11523
2317
4932
17197
13441
6958
15076
17663
4786
12862
3547
3944
8649
14615
4832
9532
5920
12522
7041
15726
6973
18104
564
2362
2832
13193
8037
13008
6968
14477
9807
5048
16198
6061
16294
14054
1722
2349
10608
19036
905
9728
16788
2326
12160
10664
1738
8406
6018
2760
3026
4332
18957
14088
7777
15938
17435
389
18998
10338
16901
4018
19915
4388
16897
16495
19879
6743
5484
4228
5520
7243
12930
4122
10942
1177
5546
8630
11626
3344
6479
10483
17189
10493
2345
7675
18949
4886
15451
8481
12090
18499
18997
12158
2303
3497
19801
14855
812
2836
12186
13735
5865
4929
12097
10174
18140
8837
8810
14198
611
10046
15051
5757
11422
14004
15252
9220
19811
14346
4977
10771
4789
1799
4493
2598
13966
5180
16369
3720
19993
19474
714
11563
2333
18673
5193
18946
3636
1775
6819
7611
15354
12275
4185
14267
16320
229
14322
8983
16415
7668
5508
8429
4394
5699
9265
11806
16861
19377
12174
17480
5586
9539
10879
2915
4434
19248
17758
12152
13640
1738
3995
4889
8977
5188
19389
13089
6128
14276
10727
19113
12670
13382
17494
68
702
10410
9158
6712
15727
27
17523
698
6874
6525
6909
6244
4011
18130
7365
19189
19229
10505
12085
16581
8142
6660
9340
3395
5202
11813
2135
17358
707
6644
16427
19852
11189
18543
6734
3434
17160
11791
12517
17969
8791
16819
4168
7585
749
16555
4898
4685
9207
9474
18517
9138
8500
13033
5114
16501
17002
17532
7750
18233
9682
10484
15144
11769
2291
18504
14670
19656
9612
15744
1320
13314
16235
19736
9860
3951
11483
18126
504
15700
11610
4136
2303
14645
13064
17445
13882
5771
8251
9310
4728
9694
12944
15160
12400
3391
15900
5449
16107
15333
11936
13988
2623
1058
17179
7683
10613
15968
14329
3024
15788
8510
2409
18800
8631
19777
11661
12588
1729
13753
13738
6365
497
4433
15391
980
11432
6610
4659
19876
17991
3413
10151
5933
16494
17315
11914
4997
6751
651
9323
5764
545
9630
12041
5388
11137
1099
5191
14163
12690
8818
10875
1359
917
9511
1093
15453
10324
5286
7069
3790
17736
12525
6405
9039
9434
4602
8382
14227
6150
7745
4694
16447
1276
3722
11710
9650
3680
10534
16378
1582
2450
2444
18546
14599
16104
6836
966
4967
7767
9742
13150
7068
2864
8864
12510
16639
12038
6235
3641
11906
1262
16345
16125
12725
17888
19253
10348
6036
18042
14470
5323
13841
15556
6937
9363
10425
16814
1163
17188
8102
15221
64
4505
8001
3972
738
17431
1969
2167
17498
480
8229
5595
15076
8004
4441
17586
1170
9463
4584
12883
17632
2493
18991
17165
13807
7969
13818
12011
9888
16741
10509
6227
5294
4948
16625
681
7976
8531
4825
8017
12010
1110
17999
13362
2424
11184
14400
7893
3095
17826
929
19565
11399
15572
2557
12080
16224
13697
14716
2403
18471
1676
1681
10357
7790
16337
4928
17250
19398
15831
11722
5751
19457
6945
17238
18709
12648
10147
862
19566
19222
7570
18323
1133
1487
2804
11182
9138
6593
9271
1621
15291
14005
8510
16806
18782
9010
3349
19970
370
11375
2725
13145
6222
9330
18979
7534
5289
1705
4803
1702
15937
13988
19307
18323
6135
18317
322
759
5591
11046
10215
15608
6197
15358
2461
9567
12723
11279
5092
16460
4607
3767
3363
3353
8825
9808
8033
11465
11762
7822
7092
16653
8496
501
14064
19827
1263
15669
3137
1676
15202
15395
18548
4568
12758
8757
15535
6513
9047
4633
8481
19664
18379
5874
6484
11999
4573
19825
12767
17532
5877
8556
5048
5671
674
4029
17895
3017
13305
14042
1877
19361
19735
11532
8003
19628
19042
12654
4727
15887
3086
15172
13874
356
3004
14357
509
10879
19005
10855
14849
1692
7188
14262
5205
19975
5273
12368
16946
16360
11673
8528
11555
8297
4283
15413
17176
965
17534
17086
8666
8974
6974
2020
13401
219
14037
12116
3200
7085
18782
14599
11082
7452
9300
7104
18926
7458
19033
4098
1558
6628
16724
15979
12302
3225
14225
9137
7031
14872
16140
15960
13563
10498
3304
8621
1563
7401
6618
13601
5284
3996
7299
389
15264
18928
17914
12959
8840
8876
39
5479
823
15633
15820
17632
18490
164
1311
7190
17156
18330
15570
10320
13822
1535
10675
754
9339
9826
10414
275
6058
3264
13041
5781
18885
19756
17576
16838
17318
1112
11303
14290
7928
10787
7078
4547
16299
12735
2438
14198
2722
13053
8082
2523
7495
7704
11841
2537
8927
11354
17623
18843
15543
7343
10603
5931
16157
12260
17892
16874
9772
411
10844
1497
10687
17103
12614
5927
9542
11134
18380
4967
15734
5303
8497
1516
13691
1889
10102
13732
3625
9350
11512
9519
15920
15707
3510
14395
13294
13293
10192
8990
8926
1737
15243
10670
10830
2887
5009
9312
3118
14516
19797
6971
14148
15035
13748
2680
11997
19408
19255
3161
13886
16985
13429
8131
15032
7161
14293
825
14810
15865
14610
11894
11201
5269
11447
17127
17674
3233
10441
16226
3783
15094
16836
10535
816
19997
12925
9586
337
13111
12583
8954
19458
19527
4946
10953
13652
17468
1773
18328
17734
3806
12076
8423
1495
10100
16645
17526
10550
4624
14228
770
7606
15768
6846
8767
13949
1874
466
12207
252
1067
1899
2076
12152
15492
1171
13272
19399
3321
16546
13134
12022
19503
5092
6948
775
9530
19096
944
8312
5320
12084
3668
2974
19341
18502
16119
18225
7372
19702
14338
2368
4991
1031
2227
2950
836
4604
19841
3476
10564
18263
16621
1454
19136
8700
15618
15826
2618
10677
3241
2194
6045
12847
7371
9347
9514
6753
5763
12942
7713
6028
15583
12132
1256
10174
659
19726
14363
1233
10970
418
1456
48
7083
12625
11941
13882
5844
1822
3817
14975
4661
10217
1988
1511
19323
6153
10755
2290
10999
13529
9412
9498
2555
4777
4538
3060
9840
4725
9821
7862
4023
3474
15378
5778
2778
9957
12499
17633
17550
8814
1434
10619
7080
481
1327
13730
14521
11893
14411
4670
11015
2805
1705
2435
12873
18677
18504
18511
1918
13598
10975
18159
3243
15594
4926
7201
12015
4076
16924
16276
2853
17382
19715
19340
1782
5054
12372
3330
8120
15274
12887
19016
7974
13832
17028
2954
19325
12522
13735
208
3089
14191
13492
9120
12426
8877
14503
17440
12766
17290
17622
57
4204
11050
11637
5623
13234
8163
6406
13997
5324
5612
18171
3541
1034
4276
15433
19733
12108
6415
12683
10045
413
17834
16976
13293
19433
6912
19714
2708
2011
16901
5588
1779
7320
5023
7911
6495
4338
1461
14553
16806
19690
18912
19370
8073
15461
18718
2060
14567
15945
13957
14567
13338
15477
10260
167
9786
3547
4517
9379
4736
9210
1951
2090
10502
3164
18984
9515
5737
19432
17112
2113
8144
15877
6857
4601
16103
1389
11658
17602
6180
14345
18258
7312
12074
4975
6097
6413
1036
212
1442
19165
8841
15727
19709
7084
10101
19180
8106
12790
7161
19722
2544
562
19025
2706
14187
18236
10419
13076
9275
11006
15471
4959
13529
10362
10034
10013
17445
17590
17285
15785
13466
4197
10002
14862
6403
13358
2886
16061
14344
19835
19730
12810
14912
8097
4780
12420
2634
9798
11570
8751
2839
12340
12014
5984
6942
4536
13365
5044
4147
11127
8842
17901
17330
1519
6208
5130
10517
15525
3612
6338
10661
10640
3512
5597
18862
11232
6148
19311
19595
12684
8840
7314
864
15192
9156
13407
13382
7231
13720
8232
160
12771
18623
3157
14957
7886
886
18617
14807
6627
18427
5936
14472
11334
5585
16696
9660
18725
8863
10216
7953
11010
18648
9265
12922
8414
15093
18480
15860
3843
14270
9677
15952
10574
15305
2164
17039
7415
8953
9869
876
13246
10695
18362
6834
18772
7838
8557
19502
195
7456
19523
2400
8987
10054
7200
4907
13626
3365
10632
7884
13591
3692
10135
6183
19212
8522
159
9436
9021
17356
19868
14361
19977
13508
8213
9929
8524
965
4657
138
18830
9323
14418
6908
4652
12152
4179
7830
10305
17432
13306
5266
15216
3974
6650
8008
10929
13735
16745
11641
6550
1940
11480
1730
8760
16374
7444
6640
4611
13994
17207
19602
19738
3012
8300
13290
8137
10447
19902
8894
15813
9394
14299
7051
19778
655
10570
4537
465
10213
4838
12777
8691
13397
19990
5802
16767
353
19883
16652
16300
2832
5461
2444
10492
10415
2530
13613
18757
17841
17332
10696
5596
1719
14430
14938
12384
8779
10587
13628
9441
6662
10635
4944
2411
14130
2282
5719
7251
9257
13103
14527
16636
17884
19006
11482
8390
12240
10
17354
1109
3650
11851
19992
15609
17707
1783
14659
8447
1279
13696
3478
10003
14576
3595
5042
18992
4079
1224
8331
6246
11186
5011
11727
6279
5265
9893
5632
1550
10219
19799
11459
108
4517
15317
10001
19632
11442
11451
1259
7795
2127
5647
6378
4413
9349
5690
10420
8055
10289
1412
2155
10350
12224
10379
18719
2592
3444
6112
15748
18599
6116
3678
8798
16799
2559
775
3225
12214
4465
8957
15381
6959
9214
250
17502
16594
9931
16077
11929
14196
10844
14578
8283
478
11672
9388
7380
3228
4424
6593
5576
5029
4767
5394
14110
15810
7028
9494
498
6621
18410
19314
18053
392
3760
2775
9844
15974
708
9624
6342
18074
13491
1894
19262
8458
12956
7177
9841
11311
10354
8509
5201
13436
4864
11976
16456
19113
3334
16756
17857
16667
18018
12461
127
6897
16874
18424
19857
16941
2998
14509
4413
3646
17691
2291
13177
422
17841
11511
8570
524
9142
16105
9731
5953
17419
435
17407
11303
5596
3510
15049
15170
6461
8802
17384
19711
7920
16914
7353
3292
12292
18146
10884
9843
7703
19439
6513
7750
12795
10761
17491
16392
3735
3575
19522
1510
1028
15591
18439
4017
9240
16080
6448
9256
1856
6662
11363
18150
9221
11065
9615
19237
19697
1355
3902
13934
10987
268
9511
7391
5823
4468
1505
10167
15001
10428
3761
17057
17519
6937
420
6458
12542
7958
10904
6624
9869
18892
19380
19130
7982
9729
4505
10814
19139
11675
848
19203
5757
8511
13154
18916
991
15979
17990
16204
9089
12780
9237
11844
15344
8508
18650
5751
9171
2363
5766
15135
15625
18697
13920
10382
3726
15678
9529
3034
7805
14118
5468
12677
1134
4253
13092
3656
5184
8738
361
7356
11218
17947
8946
133
18892
1317
11886
2716
15195
6069
5246
663
17113
16
5802
3543
10122
8644
8020
3661
14242
6465
12233
3401
6469
13080
3315
2337
19847
18990
5483
12091
178
4028
13996
8856
3525
13383
8675
10172
6969
9399
17667
3550
5311
9014
2134
7048
12325
13446
13165
15563
17816
11999
17528
12515
16900
15845
19601
322
12246
3202
3026
18684
5730
13861
5223
9103
320
4214
13086
11948
4433
4788
15995
13574
160
11886
18984
790
1540
442
15498
15689
15810
437
4430
9543
8079
11672
16354
7712
4435
10963
10561
1140
3080
6536
1062
10815
17474
10407
11522
2784
3529
5986
9128
12453
7969
6476
1541
5045
15915
14707
15533
13433
3780
15350
8784
9416
12555
6852
7692
8813
3488
19764
6940
12183
12008
14235
17710
349
18573
15821
18803
5292
3074
18643
15535
3918
12772
10341
6288
9401
9596
19428
7035
15761
8962
4374
15329
10298
3547
6303
9201
1055
13219
9977
15080
1624
7653
5808
18243
6652
12134
4509
19925
13091
9826
16956
4948
11445
9135
8844
8781
17845
8126
18850
9208
2532
2336
12266
550
8499
388
18076
18550
6921
7038
1591
3016
12748
12324
8252
8745
12208
10706
7530
18381
13017
8941
15345
16986
5327
1604
14293
9920
8189
10099
8257
11271
12230
226
389
14626
10533
15818
5838
9471
17086
9591
7489
3424
11239
15304
4116
17731
16237
19475
16040
18269
7972
16262
11590
11366
2798
14793
19701
16878
6023
2591
10678
15022
16139
15372
3516
13752
7813
8720
7243
10000
12117
12368
15916
6004
4956
13686
10442
15415
17127
8911
2732
5803
15190
8722
10543
7868
19400
17281
5343
15098
16645
2727
18867
17071
13735
10242
9538
9807
2950
11290
5669
12332
9823
3375
11115
1033
18016
6737
11763
10855
1714
13384
15209
15419
8803
212
17408
14240
6096
16143
12648
4265
13164
16655
7660
15
5711
16296
14604
8488
15037
14477
4210
19641
5777
1847
12338
4834
6662
16574
163
16119
8387
10052
15700
2576
1473
11921
9837
14678
13978
5433
7363
16157
4591
13850
2423
12337
917
898
4812
13993
14782
13261
18436
8153
6784
17835
18326
9251
2148
6144
14797
15629
7853
1957
12832
8462
13954
8141
14057
19073
15674
1506
869
9180
3619
18701
8935
2651
8111
52
4281
149
11324
1149
18832
13488
15614
5905
19210
16561
19051
10812
13895
8043
8675
10577
1505
11385
18202
17483
1706
1895
8804
10541
6177
17481
5340
2955
19248
10095
19984
17154
580
4689
5260
13570
11882
15780
16001
2060
2947
9327
3314
7126
6340
11447
6011
14219
16588
6421
12191
1327
17986
9130
5324
2912
3147
2281
237
15449
18981
1650
10924
5680
13027
17151
16994
479
19878
9175
3484
1824
7412
11233
16651
13425
19255
17426
11337
3286
13077
8103
15427
18622
14055
5678
8327
16094
10968
5087
1643
5402
12476
12904
12599
19650
106
741
4945
15161
10456
13775
16515
10736
19729
2731
683
16817
16118
12099
10911
17752
18062
1362
12538
1563
10859
7289
14728
4427
795
17455
7594
8403
18439
17621
6918
4508
9740
7942
11790
12243
17427
15470
4235
19778
1263
13202
15558
4571
14515
4269
12530
1364
1997
11867
6746
3979
18019
18349
7299
4715
17544
189
7965
6087
19803
6172
3979
4707
17757
6439
4204
18258
5933
19160
9094
9305
14433
9689
11119
16467
1731
5939
2775
9134
18118
1092
8565
16946
13347
10575
14220
1378
16308
4366
4249
15675
7725
12770
15772
6425
14738
7851
13345
473
14424
19059
4394
8985
11420
18628
10682
14396
11738
14426
16193
2377
2924
9715
7231
2515
927
3907
7287
7444
2515
5444
14610
9554
3439
18859
9196
11459
13758
12182
3423
17453
9898
4129
6666
11782
12115
4024
18301
1850
14604
8838
2276
17035
10355
16683
11821
18451
15371
15597
2104
5093
12120
8390
18747
13905
14262
14363
11311
11654
4629
4268
17370
15057
3733
11431
2841
10980
315
5911
13098
4434
5421
9786
724
17783
3376
19441
18739
4597
8283
13392
4100
16633
17431
2101
15465
4539
9205
11445
1209
16388
14572
11346
16007
17002
2542
18377
14158
13271
5383
17159
18166
18376
9425
15356
7205
19889
10070
17000
19845
3902
8067
2193
7597
18548
2020
15927
1807
14613
17922
12607
12222
7906
791
12619
1594
17084
6922
15594
11322
9347
9579
2316
9108
1823
2860
11246
235
2397
9977
8756
2358
12369
16662
2228
7881
2458
19380
18063
10307
17667
11024
219
11699
517
4072
9947
16775
6090
14267
13168
11698
16908
6268
2088
4441
5212
4625
11637
187
14463
12238
16153
5883
7315
8554
9757
907
2799
4443
17921
15095
15240
83
9582
11115
2223
16054
17831
11425
376
13142
2077
5995
6710
1901
5281
4825
16994
10966
14357
9544
5723
12905
18204
9191
13607
10353
18352
12359
7639
12364
12274
7071
1704
9950
19771
10105
7526
11154
7217
6781
8651
9006
19958
16151
13605
16306
4603
8615
10326
13645
8401
19878
8053
4188
2688
14256
2802
13728
6352
19762
16342
12059
4293
1584
6376
1703
11656
3539
9004
14066
14015
14766
13255
5145
17471
8012
5342
12032
3576
12600
5115
19404
10479
9001
5009
13821
16617
14631
15671
10540
19490
4062
9424
8764
2846
9630
9196
18720
12759
4396
12775
2729
5205
18122
7759
362
16283
2621
19875
18474
9086
16352
3734
10885
19313
8613
16179
7168
12379
963
10331
3207
14154
15905
10665
3237
18337
12509
17335
7038
12941
18745
16378
1452
13173
16802
1895
14581
7664
15007
18681
17765
11376
4595
2091
10989
18844
2126
5695
3096
2203
12726
17537
15526
1356
6093
17894
14439
13267
18240
17134
18965
17870
1932
10536
9518
13061
18701
2677
4045
800
4164
10340
10852
11570
228
14365
1144
1203
5561
2009
19897
13836
18037
10510
5885
5803
8856
5897
17112
16631
6844
3444
16249
7773
17819
6999
16292
6696
12989
12026
2535
19152
3489
4713
18172
297
8327
11344
4890
9404
6040
7237
13208
5362
10515
166
19168
14861
117
1655
13771
5873
19140
18766
12990
14111
1112
13898
8161
7523
11559
2365
12184
6403
5931
1034
16736
11000
10674
10537
5511
8857
3361
10472
3848
6770
19750
12172
17410
4372
10585
15477
6869
8902
10893
18847
14456
17753
9913
8004
16569
15897
2014
19647
13010
16799
405
4716
4644
18947
3959
16236
10611
9551
9031
7140
6846
6063
575
13060
12793
3428
2774
17029
9289
13656
15883
8204
17403
6956
8657
16523
6945
782
3351
4359
3946
6150
1299
18196
11069
13166
19594
9596
1810
13410
15806
2206
6733
18477
6901
16275
3032
12483
12034
10924
9339
5165
16082
18328
13595
15103
12213
15522
8716
18982
9670
12662
15284
1565
5465
2116
10014
3134
5185
12317
312
17845
8219
8603
3081
18480
15290
11869
1810
275
15023
17327
14080
10025
15349
12296
5771
1749
13079
12621
18927
17381
18207
2803
18020
17384
7835
8929
17788
3798
4077
3860
1368
4366
18192
11261
551
285
7555
7077
13372
5050
5971
1040
5515
8367
14825
19231
14113
721
17036
13616
1533
16112
18229
7072
15566
9962
17230
6704
14122
9946
9285
12389
17320
1615
3539
10025
16346
17495
6755
1360
14987
3770
5793
5749
401
11490
13601
17058
7727
17080
14601
2286
7594
3914
2492
5505
8710
16648
5252
17235
14428
5263
15483
2899
16698
17117
9526
19108
19607
5858
10447
5153
3569
87
749
11200
17509
19689
16498
5109
17706
174
17281
18861
14667
3608
12138
14075
4831
2791
2803
720
14759
4376
14436
707
19331
3451
9935
10832
785
1507
987
3900
17347
5719
12204
15543
4860
14789
18192
6778
15207
3670
13288
592
7219
7741
9681
7441
16591
12936
9550
9194
16830
5945
3092
6840
11031
16783
3761
10514
13084
413
250
4039
3573
2460
12272
733
16297
18428
19726
14872
24
3573
18994
8411
18007
19069
3685
3497
14056
10066
201
8548
15062
6038
2398
19735
17930
9691
465
2799
7405
9812
19649
4259
8571
4907
14223
1077
9792
15857
12321
19569
17970
3216
18899
13810
19530
6620
5052
9636
11840
11720
18200
5412
9090
660
15959
6819
13232
12964
19233
11145
12183
18956
12804
14135
11945
9224
3228
14981
13206
16424
4637
19210
12393
5289
14048
857
1984
17406
7816
8
13065
8749
13520
11917
7222
3158
12243
17121
10781
6030
2071
10406
4847
18186
14326
16261
17715
2615
12939
16175
13790
8774
726
13702
18960
18148
17195
6676
10350
3848
16029
7193
4952
19078
13411
6146
13735
19968
8389
1876
3749
3644
8197
3497
4520
8273
12204
1169
556
7899
18640
857
16780
10702
8863
7913
18237
12807
5482
13415
13384
15901
11505
2970
18401
15031
775
10473
12520
6519
8514
8865
10268
2292
7809
341
12823
10789
890
16704
16138
1625
19871
10662
15029
1156
1068
19576
2467
19604
12560
15031
2688
3362
18710
10000
4600
7555
16431
12869
12686
7006
16317
1228
4053
824
18910
19024
12143
19691
11507
11925
15743
19989
17868
2490
7853
10541
14323
4471
14741
6512
3761
8262
18284
15705
8512
4350
6705
12944
3599
15161
12396
1625
14891
2584
1158
2701
10800
1917
6596
2982
2892
15605
14049
7219
2476
6873
18086
3979
2598
7881
9545
11711
5186
313
16960
8456
10021
5288
19232
14816
8987
2507
6422
1324
13664
1225
9825
18007
19692
4959
7754
9242
6105
14532
4834
1078
15634
13190
3766
10180
10457
4275
2033
10372
12181
15188
14287
6963
12343
12276
13593
4824
7847
17918
8417
8124
2416
9796
3772
14233
18276
9212
14007
587
2349
2885
18903
4356
7986
10727
11793
17852
3010
14200
13410
10437
11871
7675
9549
18716
16074
11108
4047
9563
7528
16246
13120
6604
16078
14861
16809
10488
4718
18263
1852
6846
1789
18716
884
17119
13952
5631
17034
14069
10131
5629
13969
8004
17653
10579
11631
6601
5652
1724
14264
18095
5936
12279
15176
10144
6735
14663
765
7768
11004
10612
1775
2646
3069
7726
19181
2252
18032
1010
16117
15605
10688
10886
11280
15238
15978
7710
13096
16093
614
6113
13478
10134
4725
15589
7884
14557
13574
15958
4876
8189
1668
1558
18883
55
2656
1567
1974
4462
19574
5636
3143
16799
11038
18837
9012
719
19698
7425
16300
12572
13143
19766
18671
1205
13866
12196
7617
6598
9096
799
3882
19211
4570
7363
5293
15205
15963
17906
15555
18923
19719
7673
3603
6744
1633
17137
10641
546
15457
18273
400
3531
11673
15808
17285
4944
18243
280
58
5279
16105
12390
9355
8709
19344
18910
11744
14117
6401
2316
14119
15269
10453
533
13870
12067
733
8092
10266
18116
17644
12480
11207
3469
5505
18210
6781
12235
17268
18117
19275
5228
15420
14542
9858
17872
17915
3051
7569
1434
679
11920
2840
9345
3958
2940
11723
14564
5285
14458
11973
9242
10981
2500
4774
3814
9955
5921
11211
18441
3122
7951
8745
11218
2614
13852
6917
10224
784
11694
1523
19433
17697
13571
5097
6659
18653
7474
8670
5247
1614
7920
5349
8773
5090
16207
19232
10939
19666
11489
7331
5711
2831
15738
18727
9204
875
4531
16295
11305
5505
7627
7322
11700
8963
11080
15693
11822
16478
8731
2492
15128
19628
14914
4141
11500
10390
3399
9418
18254
19075
1413
14905
7841
4257
12106
185
2998
2895
10552
14139
13535
18116
18086
2875
6145
8960
14276
12825
6056
11342
14556
11576
18772
5074
1363
11891
12785
13396
13646
2583
13829
8073
11122
321
3043
4411
2147
13300
16636
14421
15854
17495
9973
14988
12355
6921
11859
11757
2522
12386
10675
10687
18647
7591
18102
725
12999
16233
3610
403
3690
11355
5476
4953
1675
9806
1848
12369
12650
12395
13323
6705
2810
18861
7728
5742
16166
11128
15183
19197
2767
13722
13108
4583
17
17244
19235
1960
14596
6532
16041
2564
17949
9547
3373
2663
10964
10422
12102
14519
19105
14643
3590
16153
15104
4050
17556
1180
4723
9597
6104
17221
18535
18678
19023
2392
14510
7915
5662
3169
17483
16536
3234
16540
11277
16282
18278
16935
3122
13483
8271
12769
1101
8831
8273
16511
17923
15162
14053
18763
1582
16652
9266
14713
4260
202
17799
744
11538
16841
4587
3953
7874
10361
15403
13840
3069
13789
8210
15020
16073
18467
8536
3076
13714
6020
8945
23
15399
14969
4742
5552
8860
12855
10721
19533
15981
17066
12353
6250
11938
4170
7854
4271
3341
13499
998
307
912
18919
11542
10763
14460
8400
10916
14227
3893
8501
3977
18423
17937
7363
13404
7998
12479
15669
18473
17076
18436
3561
7713
16819
18208
16864
4011
19501
15631
8914
11288
4185
10060
6572
14101
18519
2608
16679
6233
14369
17176
9702
15709
7473
6917
10028
14059
6505
5916
16567
16879
2371
17453
12477
14891
8661
6001
12833
14279
800
16237
9234
4741
12694
8788
14145
13619
6117
2856
18077
921
6724
16705
16044
5138
13113
18342
5064
4727
14821
19927
15507
9431
9293
10638
18713
13507
3654
9754
10497
14117
7963
13707
10255
7377
17054
9708
14233
5364
17609
1225
7524
4105
11279
16338
7034
3114
17509
14680
3722
8196
2566
5365
9149
17155
18727
14280
12400
7820
16984
13213
13043
18570
14996
4523
5948
14815
18725
5079
6473
19708
4118
5623
17680
18989
13911
18640
19077
10827
8583
10368
5320
14325
6113
3736
7239
16345
12901
19393
18071
10699
5153
12224
11
2520
11836
19508
6799
15829
5984
12539
12228
11824
4481
7860
4279
16616
17710
8864
9408
4217
11219
5378
12148
303
4488
7205
19240
6492
16090
445
7107
4644
3316
9829
18974
13653
11370
9192
1274
10165
13601
10363
10302
8723
10334
3623
4716
10432
5514
13796
12799
246
12894
12449
14916
16086
7281
2817
5457
4720
10427
9439
5286
10619
2981
7154
11839
5860
16
17419
13459
707
10846
11387
11724
12074
6529
8946
9955
13207
10046
2018
11095
9000
16380
17922
12426
4142
18383
15086
18296
3258
12668
10124
789
19475
8233
6601
4898
10762
11715
1218
5580
19909
16362
13631
19329
9304
3165
3833
2383
1938
669
1853
6459
11282
1473
7048
5307
11674
13622
2002
19089
4220
7952
4711
5540
5778
4882
9072
18908
16970
16438
2545
346
5021
5017
13227
9938
18593
17542
1313
3334
10644
5053
13304
14752
153
17440
12088
13163
18911
1530
16687
19503
2972
8045
725
13479
5978
17334
12554
1152
14760
2910
763
2769
13137
16096
12291
3218
7689
15026
3758
10202
11139
16626
14169
13433
17151
15310
2997
9422
10817
8816
16939
11238
17854
10340
15897
1106
2640
12968
4730
13891
19304
19631
9828
14501
1378
4401
1803
16789
13780
5235
8291
10528
3457
13166
130
18778
5162
14655
17252
8536
12164
5450
5960
5834
10245
10284
1304
15896
14775
3164
16966
6552
6735
11868
16209
9418
5015
7298
1191
18832
967
797
13925
7437
16147
15783
9849
17624
14078
6438
17800
14781
18732
5278
8140
13584
18421
18327
2549
5231
14357
17510
3249
15252
1344
7770
1382
12659
851
12773
2107
7062
2309
2374
17783
2035
1629
911
13217
19238
10397
6840
15558
14096
924
831
3449
10796
7026
12057
6485
5898
8812
12634
2270
4298
8447
15165
12486
10102
1113
3440
17963
1436
6771
18944
9533
10951
5058
19868
6366
7257
12461
17960
9090
5767
16345
6369
4053
17105
10464
1927
4220
14108
15233
17996
15411
16782
144
12760
4726
17510
12750
18039
3067
6997
5331
3423
11133
11517
2856
13313
4435
8100
13137
17739
16127
6324
18311
2424
18595
4659
17316
4981
12237
14202
11512
18065
4211
16213
10392
15808
6521
18358
5334
14156
12112
15862
14699
1785
16664
16808
1905
13266
13798
12155
19086
405
4161
18573
9674
4920
11526
2887
3137
19351
6284
11641
4468
508
14690
19122
10266
8873
3700
4987
8020
17636
12908
10161
5599
13855
1141
94
13954
14500
7450
18739
10182
602
3693
14852
18245
8502
8228
6080
6300
3104
9726
4555
2330
8193
6564
11418
16187
5638
11850
8426
2414
18740
8532
6013
6897
9384
14805
18194
14334
6313
19987
13824
17407
877
16903
14350
9982
16324
9760
11026
17495
1285
11015
10533
4206
7892
2013
12064
9149
17836
416
13301
13542
12974
16364
11275
1607
1318
4639
18839
13995
13687
1973
7892
9949
10019
12754
12896
11191
11224
2462
8402
3224
13530
11978
8443
6612
10217
12177
504
19750
9327
6841
17905
11329
16104
3833
9617
9540
3406
8532
3299
14091
15040
8484
8325
15234
4879
2802
15980
19445
6181
18946
9620
12130
2578
5227
15233
17808
15316
1315
2359
4217
4706
9754
10162
4643
7477
10109
12963
76
17716
7739
16648
2947
9498
1636
15687
1012
8326
19917
14950
14331
10623
12303
14858
602
14434
18736
1675
12965
13450
10457
4272
9755
17658
8422
1452
2319
7401
17213
4020
7940
13771
918
2363
6519
4408
19993
9005
1302
5404
3108
3044
16911
1563
3339
1834
3235
8350
7770
10252
15257
4029
18839
3383
3726
10187
6786
18227
17578
12025
19902
10584
13679
1256
5641
8208
13931
6831
7367
5771
620
1028
8925
10809
7251
14091
4665
6696
9729
13049
19407
15514
10478
13187
19295
15137
15800
15240
16594
6074
3064
2263
19426
15588
1617
10687
16089
7387
12866
6225
15794
16598
16667
12115
8956
1369
8908
13188
16189
5783
4760
1960
17107
8583
16776
11567
18742
6530
18397
2918
6745
4151
16573
13881
5135
683
751
355
18890
3696
3681
4756
6142
19873
10470
19613
10244
19671
2174
13947
4507
14795
9005
7262
16105
14953
11437
14421
18016
11341
1983
13720
923
13948
11997
1490
9127
12738
12171
18537
16351
995
14316
2442
8303
12960
5809
16726
58
14281
876
8515
13815
1657
3011
2128
7926
12786
18303
5450
2337
5398
14084
19028
12381
3967
8123
9366
10512
5884
10379
6564
13116
11272
2983
8041
17129
19752
7041
18801
13442
15041
10523
19696
725
13140
15870
18130
3006
17207
8612
19296
3837
12882
16783
4971
17827
3186
893
1465
10956
813
7475
7977
19270
7027
3414
6660
8081
14765
11608
4002
1598
12212
11887
6678
11417
15185
7682
10840
4195
10637
4221
621
12824
19956
18885
3540
17648
15850
17157
12847
19713
12458
12997
2188
18881
8599
5308
4048
1321
10881
6492
19295
19413
7959
14988
4714
10120
5091
4116
597
268
8166
12497
12643
10295
4848
11976
7073
17001
14236
951
16781
13714
7750
9479
17057
5680
4874
9918
191
18102
5402
17457
13562
6505
7548
11222
7870
17092
10238
6519
19582
3003
1687
1827
13208
16348
6203
15742
15399
5937
12730
8569
293
5250
2453
9052
13147
9720
7166
19072
3366
18556
11628
5881
12391
5534
6424
6960
7496
19698
7735
6831
17830
4276
15411
14070
319
18220
7880
8939
17434
16877
10713
3437
8365
15671
13612
7529
17838
11292
9193
4869
9850
704
14154
7578
5404
17817
16991
448
1051
7702
5057
10881
15426
13084
11088
1423
12493
1260
16620
16913
16109
8288
13228
5208
16440
2068
18495
12369
11120
9217
12925
1747
2190
4516
6056
17175
19019
3358
13156
11368
13003
5172
5393
4592
19174
5271
2849
16562
5748
15998
16026
3030
4245
14767
16681
11358
4282
4572
10785
18936
17587
7466
4175
1100
7734
10029
18971
16501
12584
16432
14589
17228
9740
8369
1145
1280
10853
15080
14329
8962
12842
13703
6246
3805
5637
7101
3395
2179
9223
12053
3270
11586
17420
18044
3251
12053
4774
4032
11286
19351
10761
7347
17789
13234
13842
2255
3088
1045
7253
1171
18254
9093
17249
3308
19973
17130
19666
5903
12014
16394
15091
15714
2498
14931
12622
1946
6973
11826
10834
15391
18414
257
4928
14348
4983
8284
5074
4627
4968
18420
4487
5406
5586
2429
7503
9647
2250
15970
5712
16168
2173
4761
17011
6631
18858
9808
10478
19337
18593
11430
16687
6256
4822
6935
19777
12639
18209
15151
9790
7106
5525
16704
1394
18794
11611
2159
6407
4022
12138
18792
274
8109
11493
12402
16474
2824
8626
4956
384
12269
18258
3799
13455
4597
16258
13086
14466
2479
12845
16911
11660
18334
16908
14205
7208
221
2523
11839
18717
19587
2648
64
12013
18914
1307
2777
1211
11337
15213
2460
6135
16617
10310
3463
1800
1684
4679
18520
14356
3713
9168
256
1743
18508
17792
13520
1021
5979
18951
4848
6406
17308
11721
4655
309
9962
9297
17812
10060
17966
5903
13491
9704
2913
18416
3259
14189
5487
17016
2348
17326
12888
12415
6821
13403
1649
9253
10012
13767
8423
14579
2855
13332
5923
9584
6071
1054
17545
12636
3045
13441
2939
7788
4165
3303
6394
4963
2582
19250
13612
298
3483
12546
12217
14508
7876
5764
14607
17104
17797
5496
12742
9811
14856
8445
14110
6209
15775
10299
17284
16272
17
11532
13300
13786
2518
7399
4184
3573
3614
19211
18382
12368
5163
17349
3015
4300
16895
11998
172
7924
463
12613
11899
16891
5911
7444
7728
18929
19976
17024
18527
17121
3676
17250
1245
554
15722
9726
8862
17752
853
365
4280
18142
14079
6699
5575
1235
11035
5214
15146
742
2943
6625
10635
9246
8472
7437
13724
3667
14808
13891
3133
11651
10538
18680
17402
146
17478
3069
12944
9025
5920
11082
4848
393
12443
11559
7036
17652
14139
9175
6991
12281
9880
8385
7642
402
16110
7484
18184
19035
19921
9558
3554
8426
6590
11713
13583
19909
109
18522
15027
5796
9315
11096
15449
1732
1284
17166
17579
18981
12165
2973
3678
10561
14206
1145
1259
7114
16062
16597
14807
14174
12218
10189
17876
9449
7582
4977
4256
19768
13316
4809
4267
14389
4737
19274
1975
8292
14652
1139
7320
14329
10267
19716
5754
16787
19638
6268
9826
9369
9708
16684
14701
7568
7060
7806
11444
5654
8236
16732
15601
14110
2093
12126
15579
14344
4832
7124
10829
15420
19657
2315
18822
10499
9602
2688
9737
15458
13251
6943
11908
14612
8348
13078
4717
4067
10693
1467
11945
2947
18445
13110
15046
7403
13198
14892
13992
17905
14082
1738
7553
13440
14831
16842
3961
14649
125
15525
2894
1827
11977
19957
17396
15184
18546
17990
9117
19374
18128
9080
16340
15110
10148
11155
8516
9012
11595
15240
9845
932
2316
1760
374
11653
10417
8516
14518
9293
9714
936
172
6761
17420
10068
13207
6335
4657
19920
8704
6370
18713
10027
7740
81
3895
19432
12621
3500
16390
14598
17607
10708
6050
4555
10640
11583
9011
19084
19009
12436
9155
4123
14409
15305
17297
14190
10673
1110
2814
4104
10586
12437
3525
11238
482
6617
13384
10856
3622
2024
6885
18713
129
19767
16103
15581
13587
16576
17177
12919
15005
6402
9813
12180
17736
758
6139
11831
3877
393
15613
11618
8239
4154
2199
7741
4205
11634
4284
12967
10515
12731
11499
14422
1928
12959
2112
19788
16803
3358
2823
5176
13230
4491
6348
19942
5325
17988
19790
7236
2520
17932
3794
16818
15715
19334
1715
13958
12479
752
1846
8665
17593
19674
16124
5265
15200
13249
15889
6155
14692
13709
1794
6212
6202
2691
15628
15461
17756
17672
1998
12233
15597
13235
4032
12493
15802
6444
12605
2035
12316
12103
9276
18034
12890
7896
2525
13437
2156
18994
19102
1550
13210
672
17389
3951
15810
12862
824
19237
7353
12469
17504
13498
9609
3217
5612
18885
4216
15009
19130
2008
3657
1579
5712
3334
17052
13385
11569
7887
2800
18052
13451
3145
19657
16779
5581
11693
172
19216
4277
10235
17736
6015
2631
17002
15951
17948
4026
2192
13153
18808
4045
5354
16073
527
14967
11434
9025
19330
284
5914
11729
11628
2331
18385
13813
451
16804
17521
10236
16140
16615
7673
3820
13851
4264
18638
19875
6086
750
13281
10873
17349
10042
13885
15457
11113
8469
14000
10286
18870
1859
17396
18611
16702
2291
5272
7650
18875
16024
8079
7413
16744
10866
4885
8555
7036
5381
17434
18763
6309
12780
3180
16996
12029
12262
1221
6165
5068
9902
10542
4136
11577
1224
7918
12153
78
11511
11156
19092
16487
15852
5021
12988
2614
11065
2594
16456
18775
740
18593
1961
8299
13623
18790
4774
435
7348
12309
1256
9291
4869
9207
13522
19136
881
6303
13287
9136
6187
8184
19887
16156
2533
12173
1941
6188
7746
14388
16712
895
15592
8312
3457
3501
11476
19009
6372
7228
15464
19170
11839
14715
8607
12319
19343
14623
2434
14809
15490
5143
13939
7256
17528
9614
7558
13491
5026
17980
495
11487
4845
1577
16310
16530
5432
16256
16967
3795
1344
7755
7910
3744
6397
8497
18848
12250
933
9352
18237
3601
6894
7865
2418
12296
14801
9775
8627
14437
810
9947
3877
14295
1116
1992
5809
16868
18033
4694
13492
9038
10143
2709
9587
2498
3686
9343
8492
1341
7958
7794
16872
11546
14254
2600
1293
9372
7167
3125
19888
14261
15823
2077
16775
14193
441
6896
11005
9090
17457
3907
4542
1800
16101
9164
17874
1661
8320
15354
17895
17434
14504
3566
742
7754
14119
2298
19432
16137
19526
9524
4098
19832
1973
8630
13211
12928
4328
6966
5886
7935
252
4285
8906
1236
12567
903
10951
8804
16396
5942
1556
19815
6334
12818
15612
4722
13020
2913
10055
2465
9867
3839
19724
4833
16673
16666
2115
5079
13389
14957
12024
19761
3093
4823
2045
8935
279
19575
19831
588
9233
12487
14552
4535
1275
4914
8493
16009
5938
8434
1901
6010
14192
3114
13490
10629
12919
6109
17636
3532
3885
19146
9424
18377
7968
1605
19928
8723
18954
17042
11589
10377
4304
19552
7703
11902
1029
6848
1245
5505
14604
9153
9311
17063
90
1226
2328
1560
12090
5747
7458
13427
2826
16000
17386
8702
1890
11386
5282
17646
14645
4908
7253
17551
18064
11191
6261
7824
6911
17811
10768
13807
5839
15010
10209
220
8878
10706
6435
7309
15758
3472
17184
1950
3593
18371
16648
11362
12959
8332
9117
9930
3066
632
18187
3857
15026
13215
2741
19202
7021
988
13834
16326
17150
13129
1111
10766
974
19351
4310
3353
2104
1511
14500
3778
1870
13736
12496
11594
6362
12333
1966
10493
19647
11786
2540
15235
6845
555
9628
17766
179
12817
5808
379
478
11370
16388
7855
9728
6828
9845
7663
14044
5901
5744
16948
3038
18082
9957
18025
16728
1427
281
3194
10950
16887
187
12443
6835
2481
8110
17842
18452
9606
2373
4706
371
4185
15502
661
2246
6885
16805
11717
10077
17431
6857
12615
15291
7014
11979
18580
15004
8368
2658
8501
11061
8018
9628
17963
5304
11011
207
17273
1046
16877
5838
19982
1375
15434
5431
14834
6790
16855
1833
18701
16032
9399
15794
2415
19755
2503
391
17215
746
19673
2989
10627
13806
11791
10547
19144
465
7190
9763
10255
14076
17981
16334
13524
18921
7152
1892
15708
3522
1813
12965
16155
15880
5090
6609
7008
784
13337
14427
14941
8936
2338
9789
4886
13719
4931
17509
5733
6370
19742
12237
10760
5226
7303
5833
5800
2931
7041
345
2630
11008
11572
5725
8388
1562
300
5000
16814
16912
9201
14062
18979
2199
9375
11639
14532
2706
19010
1077
16343
14670
17807
658
5976
15364
15329
6115
14909
17762
2031
4025
10981
1347
8679
15670
14268
16473
16393
3644
1229
1165
1410
13345
9029
8510
14916
17727
16992
4517
19806
11016
2962
18937
1597
14838
7636
15854
2079
12256
14632
5817
19503
1641
1675
5774
16418
5811
3031
5258
13005
6417
13554
14605
18913
5978
18838
9695
4484
17336
12158
3283
14061
15968
18985
14440
1724
6877
17006
11884
11444
69
4093
11004
11061
9517
110
10663
16058
14136
9928
9969
3980
17675
6287
5714
12833
4540
7595
2718
12949
12680
18322
6080
10851
12515
14353
2495
16320
11690
2236
18915
4724
13653
1807
7760
9365
19625
17312
2097
13282
3178
11780
5232
2138
16909
4026
15714
14519
13707
19448
8128
6826
10545
13936
15919
12115
1652
19614
6497
6012
15587
4081
12181
18836
5013
6067
857
3875
17601
18519
6384
8335
2508
18718
10734
3498
18460
10246
7839
7413
4427
14608
7624
19670
18232
17708
7942
1457
18168
9923
14419
19398
19050
17377
2279
1831
12967
8637
10650
15187
6648
10438
2791
6164
9634
7596
19053
3986
124
15335
11727
5394
2081
1288
1627
13582
3841
59
19560
16690
18514
19733
12984
7312
15684
13856
29
18497
12241
7616
16536
11801
19539
8641
13980
17701
5584
13471
9873
13956
16945
7698
8117
17503
15600
13812
10301
17575
11663
16688
281
4297
17798
19176
2773
18416
14548
4227
14715
9751
14551
6321
310
3721
278
18109
5010
13847
14427
11822
12383
19541
3902
4217
6773
15506
16925
7911
241
6515
18280
7839
8189
17515
19864
10319
5133
9112
14879
10652
19845
12924
18107
2148
4089
2135
11845
8620
5581
8702
4646
11531
17563
16410
7304
9202
2962
13375
12362
11254
5435
15047
11182
17916
2327
16459
2029
1471
8133
18429
17034
11329
19456
19493
67
16172
2724
15926
8323
15876
18961
6444
10933
7787
18664
15877
6964
3760
19858
5945
9693
18453
19296
12215
9734
4571
3757
19165
18184
17708
13376
15347
18519
17221
5710
17349
8210
12606
3484
6972
14870
12055
8738
13815
19597
16577
1707
12491
1667
12583
16792
10324
8121
6839
4740
16471
3251
6128
6978
3606
7629
265
9155
18382
9898
892
5972
8753
11916
2638
16581
11323
6528
18459
17668
18131
8848
9090
11335
11136
14492
13867
16136
6597
16675
18353
13322
4090
2491
14960
5434
4393
11328
5931
946
14914
17545
2906
8599
3643
8854
5423
257
15656
9605
2179
4347
18067
14724
9602
19392
6680
12225
15952
16038
19391
6398
16918
8087
10678
8000
9197
18329
459
1062
8006
6224
67
4502
10451
5369
19578
19
8054
9431
6775
10827
3908
4811
7275
813
11381
18044
17606
12056
6026
16374
18742
12750
13691
2638
18910
2951
8509
6115
8239
12482
4429
15809
9797
9142
11644
19936
672
7655
6198
17129
16380
7284
18832
888
10896
4557
14318
17372
4896
483
16366
5020
1823
13687
2260
18388
10181
6484
17395
9053
15017
120
7605
16010
11771
1805
12871
14798
3169
3415
16548
6651
4427
11462
17853
6310
5589
7370
13281
231
3129
1254
15599
11932
17614
8766
9141
44
15201
11402
16067
10793
19534
19949
12210
7983
1403
1119
15594
6057
3665
1285
2644
14770
15864
6115
9053
3225
7182
3208
17252
7102
11300
2951
10081
18138
10678
14054
5041
18203
15908
6159
11682
14220
9105
19300
8343
17075
15543
1135
5240
11155
4773
2519
17914
14834
6903
16111
1382
7285
14544
5417
6473
19976
15991
13576
13944
16058
459
8883
11421
1124
7971
15653
17154
14890
13191
5281
9145
3162
7813
19778
12261
8178
10865
16145
329
12542
2780
6352
1291
15967
4591
8403
18629
5287
17764
462
11144
13920
3457
14761
11468
4556
7442
2673
13849
1447
4291
7848
16331
8009
8887
10940
10694
11784
3015
15253
9686
3515
8826
13128
18880
19929
10941
16745
203
5055
17216
18813
13349
11504
16333
4365
20
5334
17989
4630
18329
13511
2585
6782
3842
3748
994
5185
18061
2331
3901
1577
14740
14604
9255
1564
5114
3144
4528
3599
12400
12501
6143
18393
6308
1742
5539
2690
10598
1959
14992
19866
12984
6543
15198
9670
19538
12974
12090
17621
12784
6350
16615
9360
10136
6742
1141
5552
4075
16880
8796
3850
18600
8556
1877
9797
15575
14590
6933
16396
3289
6371
15623
18431
7881
17953
11909
2980
19471
15244
13171
15451
12801
19268
17080
12239
3318
18012
16121
2824
16297
13398
2260
12893
838
2857
3222
17798
9908
14052
8281
13552
13247
15405
13214
13386
19329
1826
19139
12253
11020
7201
19041
5272
8182
1251
11076
16585
290
17443
19048
19815
4295
9980
4844
18412
17951
1168
11318
16288
366
2885
14563
6161
1933
16969
11945
95
14130
1367
3083
9843
14270
16274
4920
12880
2242
13518
14176
6914
17583
7950
19892
4498
2009
12423
9689
12251
14503
8100
17513
6519
7897
16803
6982
15667
7222
17916
13243
16162
7026
6306
18417
1100
1176
17058
15435
935
13817
489
10751
3294
18737
18242
8018
17933
6451
12764
4142
18927
13137
16265
19938
11535
6762
15555
17494
1370
1519
4618
9802
16534
10995
9801
4394
16076
12975
17750
6064
10080
18992
12407
19542
10817
18750
18466
14294
15676
7721
11741
16352
715
19602
3557
19671
12139
14547
14314
6216
8171
14412
5366
5640
3840
9803
15822
2730
19670
19159
81
13177
12512
19513
10142
11000
19184
18312
1171
2740
13443
6768
1040
9154
4659
2141
377
3834
11632
10730
2874
3407
9929
12256
1829
4042
1188
5421
7799
4771
12973
19972
5656
188
5227
14186
8705
11193
5294
15332
472
11903
4261
570
2967
4968
18988
19784
19595
2881
9506
7361
1528
8800
17560
4192
13146
17765
198
11085
18694
9643
16440
10601
15919
12299
19493
15190
13764
3022
4192
18949
13014
4013
10951
16829
2616
19879
11449
19717
16447
3870
5669
6414
12041
15630
11933
19680
18266
14411
18665
19360
449
4246
728
17946
3801
7355
15410
14673
18763
6570
6537
18816
7953
18321
6445
10796
15701
12370
18814
3432
18456
3334
9980
12900
5295
17422
15963
15988
14568
4081
9939
14072
4042
12471
6675
845
19130
13536
5397
14383
15034
4194
909
13481
6028
8574
9307
9595
6996
3006
192
12902
7067
10733
13260
5592
18512
6642
9750
11791
9193
7595
18278
13483
15271
866
12812
8404
18423
4910
6419
14756
629
15561
9808
10259
13195
19273
7220
4222
9976
5118
14209
12819
16587
18791
1722
16220
3854
18129
10322
16261
13952
18061
11334
2860
15611
15276
4967
14500
2900
185
15728
10565
14976
1076
19670
7859
3219
6055
4733
7273
16932
19270
5415
18275
10381
6184
2055
11685
943
4252
5364
6028
7538
1002
5913
14638
13385
1224
9513
8496
13716
6613
9808
15204
3071
789
6340
8733
5768
11210
15322
1873
5022
2251
5493
11337
14245
8996
8058
4872
885
12969
15199
1142
8610
13368
19906
14344
14615
15274
12469
5901
828
14390
17782
4247
3734
14275
18205
15940
19949
16039
14063
12809
5353
18080
18288
11994
14325
15342
5205
17400
5158
19628
14167
14583
12405
19337
10340
8683
16872
12839
495
11471
15
5264
12616
11281
5513
19759
2086
7037
5927
8338
18272
19685
17192
7194
10459
18122
8708
10652
4061
3817
8581
12472
257
4293
14703
15827
17476
10220
6336
14259
7612
4137
10705
18934
18536
4774
14077
3279
15841
5180
12921
15903
19696
3225
3329
15756
15130
16172
19764
17056
17046
2319
11861
8129
11424
15089
15667
5736
13253
6112
19874
18272
18398
8976
18440
6366
19898
8170
8884
14263
7380
84
10824
18690
2788
8185
1495
3274
19281
11701
2057
6960
14980
12190
10812
13756
8408
14066
7397
893
6733
3418
13844
8229
571
3576
10837
17242
2628
6546
13235
9498
7683
7834
9015
14286
16416
6585
11534
2921
15077
3448
14664
8958
19691
14251
669
2684
18701
15866
1354
10983
4702
2125
10617
16627
4983
11572
10911
12575
6280
5424
10078
12460
6576
674
17035
16633
17064
3085
9450
2045
345
9962
7157
2527
3694
3561
8028
13077
12420
14142
1254
2040
18461
15568
2773
16992
13108
17881
5640
7809
13964
5338
1881
10210
7937
6591
5159
17109
5471
4330
15439
9976
8529
5183
15539
14120
9586
14059
14108
3740
3104
1138
8668
10117
5774
7732
4204
19488
6552
14619
15668
15540
305
10435
18281
14703
9529
2406
15888
13464
16651
12195
8801
15088
498
1162
13607
14731
10971
6407
7651
228
2181
7913
15856
15458
2517
5262
7810
2917
2150
3309
7432
4268
2686
12703
18608
3431
14972
14890
17225
11924
3214
11948
16836
3609
16639
1505
1556
15228
5932
4240
7124
1762
16471
19992
14951
11714
15029
9875
4699
19654
9219
6020
6407
5821
10518
17538
14900
2847
6703
2689
3223
15391
12205
9721
5084
4166
7292
18421
13662
5041
1099
9851
9043
3849
8539
11891
10725
1211
7700
7349
17403
18708
3218
18195
1974
699
3196
14112
2615
1803
117
15325
10782
3051
17003
10430
16269
10443
1581
7677
3211
17661
13658
1114
9252
1710
18196
15181
15117
3488
14772
11530
10694
10789
1559
3120
9625
15610
7989
3310
8062
11549
7890
9362
9249
12301
8142
14064
8571
13085
3767
8907
8252
1268
11262
11363
1131
4004
19687
3675
16420
6116
12793
3013
13024
17037
19478
4429
17619
9869
6597
1535
16366
13867
10891
16245
17220
19513
8376
6881
6378
4431
573
4084
16504
9001
11771
6984
19596
3711
12598
6608
11853
17981
8361
11898
6381
8798
2643
16734
7336
14122
12464
14662
12489
10345
13730
16346
12012
6627
12078
5703
3070
1429
8867
13803
11072
19762
11700
4319
9195
8372
12231
11777
333
12125
4614
19006
6641
3791
17939
1464
7133
8611
5945
9753
11861
19786
10685
15637
4573
17534
16179
18741
7099
10564
5261
13605
13435
417
18159
7803
10828
2070
4509
3842
13224
14585
17493
1027
19888
4241
11929
13519
7190
12142
229
7852
4052
14882
1664
10329
19898
14880
845
8703
12933
14608
15936
10134
5483
427
18670
3889
10675
4889
11293
14471
1504
15621
19930
5087
12623
16826
14794
2327
16918
5053
10520
1713
9708
16198
5709
14139
11816
8412
14398
14329
11649
15851
13919
2481
16116
18821
10709
12563
15044
6002
11178
18595
15644
6933
12153
18180
7120
12830
6409
9123
14306
15589
13974
14749
1472
14473
15626
17294
5162
11045
11755
19479
2737
6700
14831
9035
17723
10753
18314
3702
3779
17877
17864
15083
5406
3037
16278
4136
17976
10095
8026
11336
16061
13114
195
12069
3571
15648
954
6151
3268
19185
7928
4430
5434
14852
12658
1272
35
13716
15696
7375
16884
18581
8731
946
16010
8625
9716
8286
4620
18724
8673
17785
4971
8240
16130
3676
15403
12446
8418
11034
956
6290
19497
6480
15169
5033
6830
4811
8337
17106
17802
16273
12412
2502
5320
15373
11525
15621
13816
16827
19726
6926
930
43
16434
7099
17880
7061
13771
11383
12613
11034
12019
16925
12225
10067
13864
2478
3910
14841
9993
5774
1661
13040
17565
15644
7793
6352
5555
13389
17670
14833
643
3203
2242
18258
16659
10767
2313
9254
1015
928
2279
12445
5744
14182
16517
13482
18068
14856
3167
438
3566
19774
12781
11488
14716
4620
17661
5359
17271
10524
9857
854
2384
13271
16548
6786
9109
5183
7480
4483
6258
2252
460
6036
19797
16641
18201
12265
10250
5002
5947
19733
5189
9973
5981
6357
15229
8458
12589
6397
14741
9800
7247
16380
17143
18845
5101
6990
14490
10689
16491
6014
16194
10320
18488
7030
9446
19522
2561
15685
18604
2089
19872
9387
15889
15142
11282
7908
8069
16937
13255
398
12786
16451
15250
8377
15390
16457
15711
7147
4390
2183
13700
11725
2634
6623
12912
2965
18568
3741
2753
5296
1920
16440
4946
10444
6038
13287
6929
14111
5398
2557
12974
1272
8946
17858
14319
12096
19015
1904
8608
9516
19422
1479
9896
11010
3246
2253
18007
15206
19678
7142
19708
10240
4840
7115
18131
12011
6297
14314
3003
7676
1206
13498
14086
13
13976
16570
8841
1541
10520
14725
9651
13574
13701
16755
12635
2035
6354
10863
19474
19292
17645
7408
10071
13671
1706
16919
14441
5917
17438
10596
8407
14318
19495
14933
18068
17762
9641
12829
14854
11037
1555
10076
11101
13709
12896
8800
8961
13715
7034
888
1956
684
18777
12561
86
6875
19976
14767
8247
6485
6664
18058
3144
4105
8334
5794
16730
8682
8200
5984
13928
6330
1150
3338
16225
372
4147
15043
7997
3574
18218
16029
17617
9354
5349
8539
2109
1807
4936
9000
18402
1289
4700
9614
6545
13921
16176
16596
2815
5434
17434
5399
3988
6802
14235
4003
11331
17456
12257
9678
19572
16817
13094
401
10429
8009
2805
7204
6255
18488
2093
2645
876
3370
7485
4549
9047
7595
10383
6367
8836
1894
16418
117
14542
6264
16080
18649
8935
15957
9518
12405
7178
6550
17106
11816
5164
926
6990
7646
12657
18248
17338
6922
17915
5263
2288
17667
7198
9977
5329
16984
5327
1857
4133
3696
13306
3103
2688
12258
12946
3735
15456
13262
9667
13467
13010
7159
8451
3709
9460
12638
6279
18996
5621
2108
115
7434
18425
11547
11273
9505
9049
19442
5571
8768
9767
3067
11835
3486
9678
16850
7687
2505
15736
4300
13762
15858
938
19537
3589
953
13770
7320
8693
1745
19265
7582
1494
4624
16987
10339
7070
3766
4874
17409
18788
12375
10314
13513
790
12134
16192
1980
14346
17407
7356
10883
716
15313
11646
1867
15671
15655
7957
11264
3231
4818
6561
15589
5610
1333
3290
15022
8415
17196
810
6362
2518
10873
4469
10512
4079
16172
15641
16340
447
2735
4624
2662
7301
14635
9234
2488
12219
17595
17176
1962
9928
12715
2715
1476
19122
17900
7515
1839
9393
9207
15644
4592
19806
6331
6506
7554
8170
18309
15005
5679
5803
18475
15319
13227
10257
6037
10698
7085
5079
12392
14296
9674
2901
12784
18482
3056
11123
16554
641
11388
19991
16075
5507
18040
8415
1136
5645
1780
10283
12260
15440
12768
12305
8551
10230
19428
6708
18721
14955
1693
18767
7779
3352
5716
19274
10197
13738
3739
16143
7234
2353
8167
6871
5149
9061
9573
16606
16782
1635
187
18101
12924
1557
2748
6678
697
19216
13030
8977
11333
17751
14844
7237
2432
10141
9275
19723
12495
17799
15740
4812
13385
13295
14309
15795
19167
18533
14924
14461
2727
4048
6345
8365
6916
8370
10518
10716
13427
9834
4741
4557
11091
16179
15263
6303
10130
3786
4021
5979
3377
16685
17860
14542
19283
4702
17546
15536
3847
9383
12127
6498
2191
2391
5811
6039
1613
5962
19042
4361
12073
3303
566
4940
1441
8003
6937
3520
8238
1796
2420
2656
15118
3360
6185
5975
4628
5219
7818
8850
1928
15822
12213
8880
6140
8989
19469
4247
14444
10881
19573
5440
6384
14924
10539
19602
14498
2476
1502
14668
17991
13390
19726
14268
15772
324
8415
10541
11615
6721
825
3165
15894
8608
5151
492
4319
18085
11786
10192
13526
795
15618
16838
6236
19005
18968
6147
2954
560
4355
15816
5458
13613
8501
19284
18510
8957
153
18099
1032
9340
13995
1044
19045
5984
19764
15225
8015
12307
7008
8199
12989
17628
10590
10205
13505
3901
8691
5602
11374
12053
18203
9271
1475
8421
11870
13835
2233
2031
15787
6765
19077
19962
7380
10364
9706
12306
9957
13403
8094
7245
11330
6976
3319
13960
13788
6283
4754
11312
14255
17524
5056
3869
3867
14301
11438
6905
17309
3527
17839
13918
10378
1888
2248
8028
9799
17913
12023
762
14664
19830
15585
1364
995
5759
5559
9795
11824
17172
8324
13115
12768
5661
5590
5358
18518
11615
16774
15437
18214
4778
14950
3022
10729
11663
9318
2249
19098
11759
18146
1884
9776
17583
12268
13359
5561
1032
9457
19762
5679
16154
3051
3394
5305
14368
11267
19242
11169
16255
17216
4358
10605
14265
14288
19203
17468
8382
18674
4482
9279
14338
13214
16284
6482
11817
16370
15648
8022
8606
2905
16215
15084
9475
5978
5992
8944
19235
9595
2295
8431
8035
15567
16584
8550
11672
14979
10721
1720
9842
16385
19118
9996
18901
9023
3998
14177
18504
9224
2475
14575
15206
19780
4535
8412
1074
19942
1169
19223
8456
210
823
15636
15663
17865
8886
14596
12170
2098
8876
16433
2861
5991
3279
13043
205
15225
10758
17202
1424
2561
16181
15832
10948
10021
16214
14482
1164
13666
2114
19587
9236
700
3056
805
293
14271
2132
1757
17748
81
8521
16889
8725
18071
1577
7433
5038
9889
7352
12504
13958
15698
7937
10373
508
9871
8600
3650
18579
7268
19743
6792
5067
10125
11876
16117
1963
8072
9864
1444
12858
15445
6266
17639
16142
12486
19937
5122
9692
425
18488
4647
5613
8079
3956
14346
5873
3544
7970
14209
6157
2973
17355
17754
5328
986
19865
18329
16132
12566
13939
15532
4320
10768
18212
2252
8954
14984
2074
9906
8090
11175
8523
16468
521
16172
9810
9755
9800
3155
17366
19138
15294
13956
4395
14253
9161
8758
15634
17636
6069
1598
2043
10858
1898
11768
2668
15038
8543
6352
12345
13325
3341
19470
11155
6002
4447
7484
3870
5964
5317
12789
11417
18170
7176
3915
7490
7189
152
15413
10578
202
16161
17171
8868
16082
3131
14560
15092
18160
12864
18771
6786
1031
19001
12946
19637
17302
3634
15411
10620
17
2284
5552
5104
13724
16849
15591
18709
9638
9634
10507
13407
13472
8236
19626
13490
11673
9785
604
4385
10839
6530
15653
3096
13332
2818
4391
8245
10355
19462
16615
8625
13821
1889
13561
14781
3228
12060
13675
19207
4052
12682
18956
4956
10681
17178
9495
2311
7921
8550
11968
1400
3014
11176
11257
8000
3624
13835
6081
19672
19229
16831
18282
129
10022
11719
3877
582
11535
14125
2189
9277
12722
22
6380
17261
12746
16719
10158
15498
8783
8774
19552
12443
12850
14038
19332
14493
18166
12922
1652
12864
4041
2818
11569
9903
10270
1603
12775
13773
17961
9929
19774
10139
9686
13448
7488
86
14758
11824
7586
733
12678
8095
13521
15952
7886
7888
1658
7283
1043
305
6389
16658
202
13650
9519
3839
15834
16377
4083
19960
7068
403
2293
13891
3186
11877
2971
6299
2561
19360
1831
8708
4780
9683
17637
2265
11790
3643
9006
16360
4116
16405
1655
13043
12309
15603
3865
15031
10606
237
4093
1833
10430
18383
1444
3452
3227
15249
19440
17535
8528
15492
13715
19588
15188
12807
7570
7516
18407
12441
9429
2397
14859
4394
13966
13509
1789
8682
8067
13240
8207
18147
9594
16006
17539
4834
17984
648
5094
8239
15989
8456
10118
16767
5144
12960
5073
9599
11339
1563
15052
15121
16258
1112
14733
3219
17262
17614
950
9754
15712
16329
12431
3294
1660
11153
6878
7023
1916
13355
8901
11013
10269
7897
11288
15093
10987
17821
7769
5951
4548
8156
18514
15492
3307
3229
8014
9653
3595
15696
4437
9415
15973
17899
16387
5251
14201
14704
15203
602
1741
7146
4173
13301
2013
16726
15737
17482
2687
13471
4990
17802
7889
10082
5836
3032
7202
7856
8578
7156
13241
10161
10733
4533
17126
18661
13086
11478
10275
19205
14151
935
6215
1513
5042
4580
12423
707
8541
6850
19913
6665
5429
18854
13894
17488
3214
15600
4091
13235
7965
11060
18765
13491
2835
17353
7254
6713
1078
5882
336
4406
12477
14683
13277
5067
10471
7702
10193
11013
441
14882
15709
17920
18483
8949
1368
15660
15085
2512
6187
8333
12339
4217
13914
8604
8154
6630
13834
5195
14366
9781
4596
13478
14682
9688
17028
8021
9570
10382
15150
14334
11456
6893
15086
7719
11978
3195
6490
14201
508
477
102
16256
728
3430
14707
5934
2998
1680
9558
5344
1833
1801
6497
6969
19728
17829
3632
4714
13814
1905
8530
1587
8103
13224
1713
19042
7055
1630
10528
6618
15152
16921
10304
9328
12159
12832
10766
17327
14396
4812
6221
12187
7309
9243
10188
16178
18038
12643
17972
18703
5302
4163
13585
16904
