1000
1520
1575
292
1358
1386
763
259
73
194
994
531
25
1744
1279
1001
1265
1550
731
1425
173
143
1897
1931
1563
1449
1384
1346
1095
224
529
1722
991
976
832
1878
1493
791
1136
1123
547
1853
751
1444
664
818
1809
1098
817
1186
1808
1952
1587
823
1888
385
660
1531
161
966
425
1991
1758
960
234
1069
1970
686
1714
1999
1498
1708
531
811
117
1816
1142
932
1576
1282
1712
1645
1503
1311
1552
1700
302
346
1892
872
133
1080
267
793
786
438
1814
123
1968
1345
1528
1222
621
1762
1373
1645
393
868
342
1913
634
1747
1010
1282
492
563
1320
954
790
1722
417
1045
361
1787
194
1608
1969
112
1735
1021
1518
1491
1052
1920
380
665
1780
298
1598
684
1277
391
1033
435
699
1078
972
1712
720
764
1518
1397
973
789
512
756
18
1529
1569
738
593
1383
256
343
929
1825
172
1157
686
1123
1320
1315
126
1025
1738
1829
559
1788
386
1097
171
16
264
1984
301
941
286
1478
1310
144
1428
273
1192
1454
683
1138
252
604
977
1915
78
1902
1819
302
286
1434
417
813
1170
904
1346
1427
1038
89
441
893
1382
432
1895
279
1546
513
208
815
272
1173
1426
1560
1616
359
1615
1006
696
702
988
1376
1936
632
1457
1407
168
415
1105
497
253
506
1860
530
1450
1667
256
697
443
1056
119
1474
285
1664
601
621
1602
757
537
1250
640
1400
525
1934
729
685
864
319
645
1540
34
1257
1867
137
303
1970
1839
153
476
496
565
1905
141
477
1636
1796
1348
836
1205
521
1685
107
842
1647
1605
1676
940
238
1968
674
1501
972
361
444
413
1192
652
1873
407
806
928
1585
715
1704
392
260
23
917
1576
1313
46
1336
5
1117
1803
552
453
270
1038
1375
374
202
1476
1866
394
225
1654
76
480
1140
280
159
1502
800
1602
1816
154
1691
11
309
232
266
416
806
446
812
1893
1750
739
407
1474
1764
1477
1373
191
210
1818
858
554
1385
1439
301
1173
1463
44
1009
1693
151
1528
1622
772
235
729
657
160
1591
1427
589
221
1005
1506
1532
189
369
1107
1518
736
1241
236
1900
1471
163
1916
1378
1249
1827
1837
951
1345
279
1686
986
871
1816
1245
1162
1394
1951
1914
402
1415
626
614
1552
1283
682
1090
1601
588
1826
1156
1498
1206
1902
1037
117
642
838
1398
1062
305
1821
1096
217
38
1330
1722
507
1113
1650
965
1425
1559
1928
1860
392
1751
1523
1351
746
1944
1250
1447
1978
518
1502
1924
108
1963
148
1785
500
66
238
945
57
358
156
771
1334
233
1972
409
1357
513
868
655
1544
1501
416
1174
1646
486
1724
1640
589
1664
567
1126
1978
1776
82
1164
1667
1367
1772
1110
605
316
683
1885
639
1463
969
826
1626
1274
1497
1851
1203
1674
1476
51
1375
1243
1189
75
186
1947
717
1430
467
1412
739
179
1608
1605
1804
987
937
250
1378
970
1980
1479
1189
1355
1021
772
1867
1308
719
482
821
641
1555
508
191
468
243
1273
995
1658
364
509
1996
1392
774
911
818
388
1570
1157
182
1057
1871
60
1451
930
1320
1716
943
1367
1789
872
1301
133
397
1435
1521
968
397
430
127
1492
1351
1310
944
1321
66
858
1313
709
1594
1826
10
1155
684
587
1569
1105
1473
815
200
655
36
1601
1001
1843
1265
302
44
522
555
207
1571
1881
90
859
1171
401
672
1945
687
1937
71
1795
1970
1941
1497
551
1129
189
1434
1447
1867
856
1798
832
358
975
67
791
1062
1790
1298
1807
1540
829
1320
1368
1482
845
51
529
1759
1453
219
302
1891
412
839
1781
1800
1561
537
18
1515
167
471
1498
558
380
343
348
1923
777
262
1171
1111
1219
549
1305
456
559
16
1958
1620
1261
332
1974
784
1131
237
216
1346
587
465
1810
1516
1247
669
370
1878
608
1170
559
150
541
1627
591
1070
1809
709
1010
1266
589
1435
1259
724
69
541
1822
1678
679
1165
453
699
1829
887
1004
1443
1732
1914
1821
1042
1469
1830
86
963
336
660
1766
254
1769
1452
551
1515
1099
1015
1092
1697
392
435
508
1216
579
1740
1247
263
988
269
1125
275
426
515
1422
1589
1192
9
900
943
934
1829
28
987
48
1359
236
279
283
841
1494
641
1803
752
1010
1146
723
1310
1787
1402
68
296
1184
17
1350
971
938
1621
980
862
844
1917
913
1380
1894
1417
1113
544
1365
1931
67
1285
1589
966
722
1466
1942
1761
443
758
1756
1976
1392
61
1792
1008
987
1559
916
69
567
1497
1620
1586
1495
1363
1784
715
1034
1013
454
922
1190
190
1092
197
1185
1939
1195
1928
447
841
631
709
1910
799
955
1700
573
394
1505
1064
227
94
1087
945
1388
838
1365
1303
1589
225
643
889
25
1913
1080
834
1804
289
821
1428
1444
1882
1231
1492
456
626
195
1778
1233
490
1093
708
1085
1970
1585
222
1474
179
178
1215
1551
408
1168
1659
1022
1690
660
65
1926
1543
839
1288
1997
318
1817
43
491
1706
1534
1390
1321
1769
1299
523
473
391
1630
1022
1519
892
178
1273
220
1678
1425
1045
411
676
1149
486
4
1577
1687
553
1535
137
73
972
1795
252
1391
426
1100
1483
1903
1074
1690
1747
1625
1684
710
549
746
1447
16
552
43
889
707
1740
1094
1540
794
204
536
1273
1884
1871
1282
1325
1747
1530
986
