1000
363
1166
1745
516
887
279
848
912
35
868
1929
1478
1896
1332
761
686
18
1422
278
1114
1155
787
1416
620
596
1964
1733
1957
985
1955
1527
680
1071
1501
571
1773
436
612
777
1330
307
979
1819
1036
1611
1003
493
539
1532
1987
1055
699
1197
860
697
471
1164
1474
972
488
947
494
433
1579
659
1368
1216
1328
1168
1290
1919
46
1689
1552
709
917
1842
876
1066
1371
256
582
1357
888
1712
1984
689
749
484
87
1077
1055
1883
1237
559
306
1340
308
1396
1440
1711
1197
246
489
1656
350
395
1412
256
1738
198
243
1650
91
820
1780
15
562
1620
916
1775
159
1892
1375
1077
1372
117
1970
445
467
1914
562
836
1249
1378
901
1540
594
1104
541
395
1627
371
85
1399
70
1271
116
368
664
151
831
1634
1407
764
251
1365
1223
615
1456
1547
1516
1031
89
149
1945
184
1799
1874
527
1496
981
501
1745
967
567
530
12
1179
572
902
1764
908
1858
976
1018
610
1768
847
1257
1722
62
1225
64
623
1177
660
1466
1163
756
437
9
1257
400
1044
33
917
203
56
976
563
270
996
763
1705
1025
989
1716
1018
169
199
1544
400
434
379
372
1589
1463
599
1304
1902
334
1170
1380
1045
1969
1690
1487
65
1079
1292
470
180
1041
687
689
1681
304
766
1937
1736
1107
592
518
1183
1118
838
397
1166
1143
1216
903
7
1354
972
1828
1505
1933
1916
478
928
1533
387
1939
1298
71
507
378
1128
259
70
1014
719
1690
1568
776
234
1064
1677
526
1134
1068
772
778
1337
253
1719
1422
1632
1703
1422
1123
692
1331
303
1737
1856
1956
1245
1193
1538
1630
122
470
99
1137
329
769
1733
1987
613
1068
1928
555
1463
1350
905
1177
1336
661
1383
1716
884
706
915
92
1015
590
627
909
1431
1667
979
341
589
1381
1530
1180
529
1063
404
1490
1217
554
945
1799
989
1791
1897
1236
1154
46
810
759
50
1039
272
1739
668
1366
831
950
158
1532
752
1036
3
328
1926
1888
122
1660
475
1947
1317
1372
1100
597
1066
1049
1358
1200
1850
1387
380
117
283
398
1838
86
149
739
679
1666
213
1320
1611
1687
1089
226
1403
1473
361
1893
1967
833
646
1046
639
1545
706
1592
349
995
611
1858
1122
481
213
1874
596
1968
1203
1883
320
1846
1602
1114
794
1434
810
215
911
1874
82
1510
819
583
1191
252
1435
1430
1257
1103
537
288
882
1655
1008
272
195
417
1939
1164
1132
226
1246
1493
1032
759
384
201
739
1035
996
1976
1849
1603
107
275
1741
1427
1255
400
1026
1827
1846
586
1689
1340
1161
1302
1160
1933
1584
336
1987
1402
564
1604
490
979
1297
1784
975
851
974
246
1154
1215
1227
216
1131
462
853
1676
1683
104
1944
423
1199
1047
546
566
1577
1322
1424
223
685
1577
1735
1270
1326
194
1553
475
851
1042
1939
1825
993
1439
631
490
981
1458
442
93
1758
1090
1747
1578
789
171
239
1140
571
1742
1958
733
813
194
763
768
1878
600
517
103
1889
1388
1461
108
106
711
1827
1949
1840
1985
777
1192
632
836
396
390
1825
460
179
373
784
683
1365
830
1224
1801
851
101
1671
1704
719
254
1792
1797
1432
1708
1280
427
1043
1140
1519
225
1128
1025
1158
1204
950
353
839
655
1507
253
1885
934
1763
902
1969
1715
1924
938
582
1367
709
677
1969
1794
1361
1796
617
110
988
1813
135
1670
568
971
522
372
628
366
458
631
1618
831
870
1763
324
504
444
1107
962
1650
1141
1001
1482
752
923
774
692
713
1575
661
273
1651
283
1234
288
1867
697
1945
1644
401
750
168
1862
287
1007
278
1578
1066
158
1709
1680
98
57
1922
178
548
463
1206
1397
478
559
341
454
402
976
587
34
1492
535
598
577
830
552
1799
65
291
876
1362
1419
319
1946
869
899
221
1814
1158
769
595
1555
1060
1719
1512
1046
1999
1919
1126
472
756
1923
75
40
1617
1880
681
379
1463
535
1532
512
1436
857
747
1813
464
1903
1560
1247
520
1419
1251
986
1078
63
203
1262
1642
1392
1891
1002
433
1686
1395
991
140
1683
1333
1211
1708
1949
672
1425
1032
314
1411
754
993
967
103
1498
429
1669
1718
1897
1375
1569
1386
1340
824
1342
237
487
1207
816
1664
690
1132
1384
1256
1805
586
1767
979
529
474
17
729
1429
924
400
1709
938
1833
1346
769
563
68
1184
1321
1556
847
1003
1737
1926
1305
725
360
1460
1061
585
533
1397
742
1481
1096
1014
390
930
1346
1763
534
750
286
1122
159
469
73
781
56
1889
989
1098
673
253
25
248
1563
632
1309
680
1466
1356
80
1766
1715
38
804
1362
1791
257
770
1519
994
1060
527
424
1493
1956
1456
874
63
487
1066
1922
1698
151
578
947
1442
174
1603
1299
16
900
542
1748
1509
803
1243
1546
746
1603
461
382
1588
1703
580
1630
1837
482
652
302
189
1127
1091
431
1656
1277
312
1242
320
443
1119
1802
267
357
1393
1459
896
451
256
899
155
1467
1863
307
656
314
224
1689
12
388
1808
174
1127
981
797
1655
197
1795
815
434
716
339
1284
303
1967
148
1022
1912
1337
475
1383
799
1414
156
53
1266
203
194
1800
1197
118
1852
831
1965
1424
1893
1627
428
1374
605
1276
782
439
761
679
1527
1136
739
793
