1000
1716
1447
128
970
249
1052
619
151
407
1274
1034
1798
1800
1306
296
867
1727
1780
1340
1838
255
1825
1004
270
326
335
1326
626
1338
271
1084
51
639
424
1956
1925
1793
1278
1769
156
468
237
473
379
1718
1871
268
952
1262
173
1206
1036
707
914
393
694
475
859
1402
1423
1855
1755
1246
600
951
171
1632
1007
1383
1807
482
1569
69
547
590
1353
326
1236
152
279
1061
619
1778
1355
1071
1412
1115
1824
1646
845
837
55
1919
1882
913
808
338
1349
42
1581
414
1698
1722
1770
526
353
301
1284
1324
1709
1552
1826
1576
657
917
865
1958
826
774
1361
1505
1432
676
381
688
318
795
120
419
72
1747
1202
841
1196
54
299
1954
538
1081
78
604
909
761
510
1580
483
451
431
1963
1721
1663
315
987
1184
698
325
836
348
1215
1242
1183
42
642
515
462
1297
1593
1399
662
1986
214
1182
1706
74
1557
16
1269
390
79
1643
99
85
249
516
1949
41
924
1716
1440
759
1505
1252
41
399
217
1300
1055
1429
1942
36
812
1325
1722
1094
1177
262
1994
570
902
1309
718
217
99
1410
136
1422
349
183
190
1406
856
1829
150
184
1445
297
429
1512
1905
220
1347
1685
987
720
87
506
1535
1590
363
290
211
1932
1204
1292
1485
1251
448
222
879
1391
1715
342
1984
1496
1280
124
312
1086
593
771
56
361
884
894
1348
1790
1426
751
238
1549
1260
1691
992
231
1028
217
534
1038
1461
665
1718
740
800
273
1996
453
53
131
246
977
1930
602
1832
577
571
195
429
59
1694
1289
620
817
1905
728
595
963
1139
403
338
469
715
929
502
203
1289
50
688
1424
1192
128
849
134
28
1473
741
504
1117
1560
282
1404
1504
1915
1771
1908
783
639
1757
1571
292
191
1589
1516
1431
700
1475
454
1089
1918
944
1949
653
1465
1616
258
362
1179
755
1618
1935
1505
1838
1620
1164
9
384
1563
776
1843
1108
1019
1132
81
115
1961
1404
1757
562
251
1997
1865
1823
63
568
1601
1252
712
1737
1677
806
834
436
722
1453
1879
1621
1801
1663
1866
1682
1239
491
80
1103
859
1247
1230
1038
1527
87
238
465
678
579
187
1549
1355
1699
1132
77
426
1473
1694
1360
1376
1307
1529
448
1836
1020
1556
400
145
7
1845
273
212
1183
721
785
864
949
321
304
233
1070
1205
864
285
1824
2
1081
310
186
1624
1975
1629
62
1967
321
488
1547
783
374
1396
1883
1102
341
1518
821
1123
905
1963
800
1018
1759
951
1574
1697
198
1322
1104
1471
1458
1831
499
196
957
1006
407
1148
539
945
1088
1933
952
1796
1467
767
1728
1837
711
235
1930
27
1325
1180
514
1555
1341
1827
818
1542
502
134
92
1518
1762
536
1142
1223
300
692
1043
1530
623
371
234
1493
348
349
1157
678
1415
1180
1208
966
1391
171
236
115
792
974
1271
901
1111
1356
250
1682
41
1702
71
444
144
699
1468
344
843
1732
1009
1291
129
1819
9
1597
1226
1593
1448
1183
618
652
1890
792
219
1319
1196
283
454
259
81
1668
733
1412
1939
1122
712
1030
1996
1343
1914
534
767
1593
1855
941
704
453
1764
391
637
346
1395
50
696
1768
10
1522
1762
332
903
609
1685
699
1602
1732
1693
907
903
1000
1349
497
1662
1211
1754
933
1033
1288
1742
1923
921
794
75
1770
14
1825
801
1927
201
1523
478
1948
239
601
1993
1385
92
1706
299
92
705
262
827
1637
141
1192
1797
1074
1843
894
998
74
1581
1173
374
1557
381
1998
1250
360
492
397
517
1455
657
304
818
1762
255
124
1681
474
235
1026
1491
845
1193
1809
1988
1108
1170
1366
1101
606
740
622
402
1102
22
300
1070
992
1718
1429
1321
729
530
360
1892
1195
175
1100
1297
1095
1033
1122
1729
1933
631
1002
1867
1535
1354
97
230
1749
162
1991
292
825
1949
1999
955
18
1533
959
224
222
245
1527
1298
664
1600
863
641
1177
29
1225
681
1546
11
1750
1919
1464
61
821
1350
1872
1915
837
942
1994
1061
1051
1002
115
500
1151
285
18
1038
641
1137
924
661
649
1363
642
1534
1036
1342
280
73
410
1090
961
290
1268
1697
1654
962
1356
1462
933
1234
1461
114
54
1918
297
1716
361
498
1656
1172
1771
212
686
381
1464
829
1038
469
714
1189
666
1994
767
1130
1877
810
1768
1821
1167
1215
1790
1529
1375
149
1664
1712
336
954
343
1172
1826
1585
1514
1247
977
610
1901
1088
739
273
1476
659
442
538
566
667
1353
230
1373
30
1332
173
761
381
800
1032
212
1935
1561
129
1472
1385
594
426
1789
892
1431
918
279
362
847
216
1147
1126
1485
1110
266
344
1654
921
119
1338
381
1156
282
323
1577
1215
1415
205
72
1487
808
1732
1629
755
1063
525
1956
173
344
128
1335
1531
323
548
745
1266
1023
1350
175
1414
1658
1702
1007
1208
1493
574
1696
1197
1996
1951
753
438
164
1801
277
369
1356
119
364
748
1590
501
382
913
1983
1408
1232
82
1610
1880
1224
386
331
1236
749
270
558
1682
1624
998
280
1881
1719
380
1094
93
752
504
1650
1422
371
469
1972
174
504
572
372
653
1031
1067
1485
1475
838
193
45
857
1117
41
1850
1572
149
800
799
15
991
740
1971
1219
1090
1596
1690
1590
1164
30
1589
