1000
1519
235
935
1743
472
1067
1906
1106
1331
1296
338
869
1554
364
1998
771
651
343
565
95
139
1507
666
957
1941
1389
1052
1520
182
1872
1968
1086
214
883
669
447
478
371
356
1812
160
539
106
421
599
1599
564
755
1484
281
1182
812
626
618
1352
332
367
786
1533
577
1751
1499
1153
1031
1286
959
1846
113
1962
1659
571
825
1851
11
1458
159
24
1716
156
974
719
1744
1700
892
1897
308
948
640
1376
1438
1928
1421
125
1546
253
1741
34
1348
1589
217
1345
231
1227
964
311
1748
605
792
777
1215
1003
968
1801
947
410
1188
1125
213
197
1787
252
805
112
699
158
1921
522
1700
495
1509
1072
202
1463
1917
1016
809
153
1163
1344
563
1214
979
1251
853
941
1955
1317
1592
154
960
1900
1090
1304
1356
571
621
1580
1556
1371
1616
272
438
968
745
1728
15
1686
604
1604
1682
943
1733
74
261
970
825
1072
774
200
1498
891
651
1358
1818
1959
54
59
183
1148
1543
229
245
1017
1675
356
153
1103
435
1722
1361
237
1263
1197
577
1075
1145
195
1928
965
383
1849
1009
446
1272
128
437
1166
39
756
1646
386
365
1354
615
1343
1833
966
895
314
1067
1110
1836
390
1622
1679
1564
1323
1171
978
486
848
82
394
1295
1814
972
820
1001
768
180
1819
566
1826
443
752
1290
661
691
883
782
1476
171
1936
817
1062
745
1448
1529
1944
311
1963
1431
1766
276
1519
1240
1830
714
304
1160
1186
927
660
1682
1184
1813
745
642
287
109
190
411
1888
1129
747
932
1135
958
1069
1549
396
936
834
1071
1098
23
1069
1010
1748
104
1815
504
1127
639
499
950
1104
1839
1931
1331
1826
1804
1820
73
307
1015
1227
601
373
841
626
1643
668
1547
1644
1698
1345
850
1528
1534
242
1944
1469
411
1603
197
363
7
245
61
1753
609
1521
1938
705
1869
1394
1546
1828
788
1516
1884
1803
1176
1853
1844
1787
1861
366
1926
1956
226
1045
1487
518
919
219
1750
641
1497
1461
1890
567
1201
833
933
720
586
271
438
282
25
1081
1245
1019
1607
1425
855
1381
1658
645
553
1092
722
1601
657
1415
655
1170
1159
1560
1647
1922
979
1258
1525
741
441
526
1189
207
191
1666
588
800
751
1111
1069
1501
295
1933
998
491
846
157
1329
1050
1201
786
1766
1981
1852
1925
1822
1378
196
4
1794
1458
128
831
370
1590
936
991
1057
451
1062
1826
110
1316
1913
1303
1693
372
1721
1394
324
1588
932
1405
1810
319
1335
188
1337
1895
1864
11
1212
1387
96
1510
1060
488
6
1940
1325
1001
1047
977
93
1868
1249
1831
52
594
142
1737
1950
803
1599
1195
1334
12
526
721
1829
1974
965
850
824
1028
988
1080
1951
505
621
951
818
1123
997
888
1934
184
211
178
717
1547
610
1267
1156
1035
1379
32
1365
1369
676
1719
885
1555
1709
1357
1928
130
1737
969
1032
1868
1
379
1045
727
1412
1019
1142
1995
1459
1498
1598
1619
616
1271
441
1712
71
896
1301
361
1229
1010
174
802
149
144
610
488
410
268
1779
1463
1078
197
1354
1417
936
13
1673
859
916
277
1801
1693
1285
1911
146
117
894
224
1753
577
110
904
723
375
1441
607
312
1755
931
1030
67
1037
911
1111
550
1931
198
34
314
618
1259
1494
1603
845
443
1256
498
1728
1099
1074
277
500
1993
1419
921
422
324
255
1120
1022
1720
1707
1629
465
1777
823
1371
420
1393
1936
1534
1854
1180
1505
1425
264
64
637
1934
627
979
220
285
630
1237
1488
852
467
964
290
1068
229
1389
1486
1044
1544
1776
632
1054
1925
365
1897
984
1897
1867
1738
1541
609
1544
539
458
899
490
1089
725
156
691
1610
295
18
355
110
882
293
1655
996
1869
23
112
477
884
580
431
1714
1340
1904
188
1733
341
1708
1349
934
1753
341
1331
997
945
1001
809
590
1990
774
278
646
500
1409
233
1328
1947
864
1780
573
1471
549
458
334
96
1127
1698
71
244
1934
749
849
1743
1963
68
348
1029
242
1690
1488
1638
1445
1152
1678
1736
1134
1672
248
1155
1976
690
873
1957
1322
1282
1970
1573
1666
338
1106
1237
1674
483
273
849
1354
335
474
261
26
1194
1539
571
161
1047
106
1312
175
1927
14
792
835
540
1494
1896
1770
731
994
1362
1829
1488
1244
1838
1429
235
1050
1043
1126
569
1684
1413
1973
110
1532
1512
1023
1165
1726
1442
1720
634
982
1407
389
134
857
702
1350
986
353
969
787
63
1256
1074
594
106
0
1304
739
1525
1468
217
136
680
1375
1361
1076
1783
911
673
126
1365
581
1339
1026
934
532
1658
1268
898
292
782
802
1381
10
484
742
163
198
1877
244
617
696
661
326
302
1711
1419
1410
1609
16
145
788
172
415
1681
1485
1262
1581
783
792
1943
367
1606
1189
836
374
1738
420
250
16
1517
1055
855
1371
1949
708
116
561
170
1758
999
469
837
79
1284
1336
196
1468
1459
1015
35
917
1486
1173
1316
223
337
1937
1431
1392
100
324
244
1207
1444
1545
565
165
1821
1289
321
1916
132
1346
1155
466
384
1939
1785
1665
57
214
888
1791
25
891
1277
549
1920
957
95
975
403
500
1200
719
980
1926
1537
1821
1388
314
53
895
1861
683
686
641
1877
197
596
194
532
1231
132
