1000
1721
1113
323
1456
1386
1840
1068
1039
1922
1451
1138
934
452
1636
1131
884
977
969
1572
244
1077
817
734
1840
1776
255
1973
944
399
500
1822
703
230
1487
317
1022
605
1552
256
1042
1044
522
396
585
132
310
610
346
1204
852
1421
1482
1460
253
858
1339
1018
1780
292
79
1639
1114
796
586
900
1953
546
405
1534
888
1474
1407
1932
1589
77
622
1081
402
99
227
882
1806
410
140
1693
547
1070
3
1571
887
1957
1763
973
940
1470
1914
1015
83
165
458
1683
1214
1781
1018
620
1554
1483
714
181
1323
930
708
1262
185
497
637
1202
1145
1693
474
272
638
1388
496
564
1486
1975
212
1042
1209
459
1169
1038
740
1965
535
1066
324
1799
1056
13
502
132
319
1549
188
787
834
1097
1665
1755
1350
1829
1549
412
1161
1122
1092
1613
490
857
72
1288
1180
1572
767
1934
1850
650
1360
1592
1125
1669
455
571
681
1842
904
1719
1742
1684
208
893
393
869
566
1002
706
890
737
1860
833
449
979
31
1618
746
1155
525
1111
271
889
1712
669
145
1266
461
630
289
579
1455
453
1240
1466
1173
1177
1124
927
1865
1073
367
762
222
973
93
79
245
277
1538
644
268
899
845
803
1204
987
485
1354
1549
347
1455
1408
208
1517
1289
1042
553
1545
1926
1547
126
1687
1974
83
1713
35
1250
1790
1998
1417
1425
1109
1521
1136
1673
818
1687
1027
1669
1300
671
282
1839
1875
1854
951
907
173
1307
76
1968
1055
1453
1690
1332
1487
687
677
930
278
1917
739
1291
1835
1071
1283
38
667
1215
490
901
1124
471
1512
966
240
1468
474
818
64
1041
1688
134
1598
1866
1598
187
1188
1374
56
548
858
439
1495
931
442
1994
1840
681
1440
1421
1748
1177
1806
1706
1818
327
1436
31
1767
1346
28
782
1104
1242
1644
1160
1879
1664
1636
529
1185
1770
95
1600
24
1791
1350
1046
1964
1669
1192
632
756
1364
262
10
1426
1782
522
1178
741
1806
1272
134
1816
1107
1261
252
1191
1399
1652
188
754
376
1592
1675
1946
1698
1603
487
41
510
1460
1186
1390
972
1967
1085
1781
40
975
178
53
572
807
1982
803
722
278
25
261
164
408
787
1361
1250
1529
1181
1778
15
1412
17
1900
1945
1818
1552
647
851
1982
806
680
1665
1405
1659
1278
1406
1948
600
743
1549
793
1028
1875
507
595
139
656
429
1078
1610
388
1372
174
1625
698
1513
1453
1605
1379
110
1735
569
1725
627
1354
264
162
1882
1436
1562
439
1336
1405
449
1925
640
1227
1606
325
1805
1619
1877
579
1931
149
546
1013
1747
1841
1270
1557
1666
1982
1226
858
1796
1274
1950
1637
1826
1947
1159
1687
437
483
1347
1056
1750
1970
602
1506
901
949
1155
628
1537
909
656
1922
1418
1387
695
1650
1537
1399
1069
257
744
1711
1857
636
1627
1228
1747
1547
571
817
1871
1927
803
397
1690
1693
1529
1711
824
186
387
617
1047
1462
962
1981
955
1581
80
293
1575
504
418
1263
341
1595
441
276
1890
327
411
1066
25
511
57
1023
1898
1256
1869
454
103
842
179
910
907
1827
1296
1294
1351
1931
835
1245
26
226
966
317
173
1173
1200
1080
1960
47
1387
1170
1716
172
1246
1838
1822
1321
1910
685
341
343
1670
960
528
79
807
1567
63
1183
1901
867
140
1650
425
1101
1677
1790
1412
810
74
375
319
1165
1061
721
596
1324
1275
211
1128
200
613
1830
111
547
1563
412
572
1206
566
510
4
1546
1792
942
670
1988
667
1899
985
878
650
1507
1322
176
80
851
624
510
851
425
1174
43
348
378
868
667
703
1584
450
1222
241
955
1531
1960
282
1849
473
1749
313
832
915
794
14
999
544
1886
424
357
1830
1512
988
1361
1396
1994
1374
312
440
1275
831
1422
814
1059
852
155
629
1455
1999
1431
1823
420
1484
1104
870
176
153
1895
1462
60
610
331
698
1213
1161
1854
1478
1674
1103
1364
1551
1144
81
377
1154
1985
274
1698
1928
1780
1137
1339
404
358
647
112
933
629
463
920
431
76
690
91
1008
1091
702
1060
1858
62
562
305
1756
854
953
167
917
1157
224
1891
1478
107
950
1995
282
13
943
1987
374
1421
228
1612
1375
1572
667
1830
396
1356
463
1622
1849
171
492
1539
4
265
265
1691
264
66
1106
2
1620
1159
400
1258
168
143
952
142
1963
1963
269
1064
1323
1448
354
963
690
61
1152
362
17
1763
1120
1647
1420
1109
598
1912
369
493
1451
1556
1959
1694
517
1884
463
144
981
916
1929
1157
860
1712
726
922
1323
883
325
1818
1222
1363
845
1948
1299
57
390
301
325
1556
692
488
720
1565
257
674
392
1109
837
466
571
26
36
237
1159
1433
1573
1312
1001
13
1355
1830
1315
933
1650
634
1545
1204
583
1318
537
114
20
1385
212
1056
23
152
1117
1625
462
107
109
355
1889
1080
1265
1525
1803
909
1457
1027
1366
838
621
148
1555
1151
566
229
1507
1348
102
1670
965
372
525
1889
1436
787
425
316
1948
1230
1793
196
1602
1306
142
1225
349
1877
1734
1065
1516
1022
247
676
1540
689
749
1215
1998
1098
1376
1332
108
1387
173
630
966
1593
1374
626
550
864
1977
945
1275
710
1106
938
126
141
174
1908
1711
1874
629
297
1610
1299
83
742
1420
494
1227
0
