10000
4185
2784
4135
2789
11815
869
2280
4670
7259
16668
9813
10336
5185
4980
8473
10553
19646
1476
1941
8737
9329
6067
8552
13528
5796
19763
17179
3467
4942
18606
16582
19925
14857
792
2626
6978
11372
5380
12140
11855
16452
17011
8787
7725
948
11046
16734
9669
5797
17301
4733
4789
5387
11481
16746
17784
5207
19427
7131
17988
15154
5904
18664
3629
6621
10611
9971
3623
10978
3122
7801
5385
5942
5006
7443
13260
2061
7769
12073
1714
2554
5900
788
18564
3138
3664
17998
6420
6524
5114
19769
8097
10151
16404
8168
601
13000
5174
19886
18233
4254
2612
16449
3695
11652
12337
6762
4544
2914
12465
6573
13094
19376
1164
5839
13937
15209
9502
4040
4079
19687
6011
15655
5318
10849
3360
14652
4413
2878
18116
18918
8859
6836
15246
18202
18151
8642
13568
10508
8814
9062
14257
19485
16612
17564
11449
4034
10465
2131
10341
9485
10861
8589
5898
7194
12150
6516
14518
1719
19453
2260
16130
10512
4177
1080
5923
3895
2644
19396
19488
11469
15450
12429
8414
2159
13487
18384
4727
6368
11800
13302
5258
1135
18545
19906
16076
4421
17302
3923
9403
12173
16286
4413
8722
8736
15937
6782
9817
4012
826
13184
5332
19488
18311
9802
19452
4343
8589
12387
299
13470
15993
6628
14897
11236
15361
13784
3267
15133
13417
1524
9235
7090
7618
9965
986
11049
2444
1626
16978
17997
16572
12647
11809
154
9977
19154
5903
5191
9761
18630
19832
13744
11144
5042
4189
14590
13824
102
13941
17654
17748
17897
19169
13467
4558
2681
11070
2752
17369
9280
3091
7534
9376
17007
2761
11630
9589
8314
15611
18356
9294
15919
6723
11401
11050
8181
7540
17043
3730
14813
16998
9827
2618
6983
4939
12954
2534
15188
14176
16697
4041
10051
13728
11844
18377
1547
4818
1201
575
15924
2691
5427
18682
16786
15726
9726
18083
17279
5592
14998
19035
10931
14072
12409
5056
18530
14643
4709
12911
15795
11398
8327
13315
17305
7196
18017
4027
11824
14496
12791
18458
15829
16908
10743
18216
13474
3615
16930
13366
16997
13518
4539
4351
7708
17137
6795
4457
12623
14814
16623
11563
5385
10483
11519
12329
3732
76
7835
16634
12529
7413
8660
12203
4561
7418
15508
5276
17491
2810
9259
12295
6810
889
12535
15458
14570
2772
10927
4954
6592
816
3244
5983
17035
16843
6100
7775
15274
18772
1381
6186
16354
3895
7483
10101
6716
9744
16798
6650
9402
19809
9259
14652
18516
1311
9916
4840
15028
8454
7639
7575
12489
14220
19504
976
9484
18387
6044
3722
2061
4440
15507
2575
5752
5865
11329
13788
14506
9012
11401
14950
7722
7290
6710
10998
1414
11746
5312
10293
7083
7145
5655
14274
1408
7224
2895
6656
12384
5998
12169
15693
11602
16764
17081
8173
7399
15663
17945
454
6959
2888
15498
1763
9688
8424
18497
18140
13604
7143
8022
3149
16453
9443
15045
16482
7544
8630
18750
10452
1756
18784
7407
10253
8045
14755
14860
7976
5089
7790
5592
4116
5054
16881
19987
14903
14902
2159
1952
7343
4609
15570
7698
15924
17110
11320
13298
13625
9925
5930
3024
7761
10867
10382
5507
2734
10162
12754
16958
1156
3452
8105
16018
17677
10157
12307
16250
10629
17211
596
1735
16086
18707
12294
1608
18638
10160
5770
9653
1579
13882
10714
17240
7545
16729
18266
18777
9395
11637
13453
14245
10309
10092
2436
8090
8754
11214
4721
15794
8081
1209
5562
6537
8914
4044
18153
11308
16447
19114
1823
3552
9342
6669
14888
4716
12946
11203
19530
1029
8800
14666
17880
11220
6576
4900
17924
14981
18058
2423
432
9263
575
12516
2821
4731
11018
6113
18493
6899
14059
5237
18394
10536
14675
9040
19162
9759
11295
2181
13314
16858
1147
9508
1591
17279
8807
2392
8363
4839
2359
18714
5365
4997
10868
3504
19001
4432
19840
19846
8295
13391
5110
12135
14688
18625
2576
15576
8690
16262
13859
6673
4292
9773
5989
18297
9581
5466
16847
8509
8768
14067
14717
12780
15521
15880
19634
82
3451
3453
15064
18639
19754
11958
13861
8532
13427
19294
8121
9209
19348
18451
17572
1277
19990
13009
16036
10203
4703
2553
13324
17606
11908
5854
1889
13441
1819
333
3454
9470
9294
1782
15575
11184
3212
3291
9018
3918
19001
14612
18481
6247
9158
12924
16484
17245
14683
15547
12988
6272
11153
17553
17795
13096
16092
1308
870
7309
5446
774
11420
10790
13751
303
2080
2525
17839
5842
9882
652
2902
2358
4861
11958
5866
11763
6281
1988
18072
7167
17680
12090
7815
16021
16694
19094
14797
3264
5329
1924
7589
10569
9360
15713
5080
18523
19544
13738
4856
3471
1098
15135
13132
12025
17120
1242
3333
11534
16502
14374
14064
4241
9445
14590
18564
88
7402
19492
17531
5279
18470
8538
18877
7753
2814
15552
16087
14767
5155
426
17675
2439
6892
2877
7393
16913
12095
15271
6779
12544
5007
15512
6215
18084
12606
17633
8653
8880
18116
18855
9032
18701
12136
17187
12242
11706
16683
16665
7767
14558
1636
4435
7275
19692
17573
14394
6456
4402
4477
1457
17776
8446
3799
16845
4225
5932
13952
7125
18182
6417
3718
16146
15930
17885
15995
18706
8199
17425
9849
15008
17757
6877
14208
18840
4638
15092
2810
7689
16853
15023
15039
14795
18919
17050
16148
2106
18851
4479
7343
2223
18003
4493
19221
409
9972
10532
14725
11869
19905
160
19437
15335
9867
15904
2074
17100
9222
7506
813
7934
6461
16061
1544
15243
14726
12298
12361
13746
10575
18735
16589
8898
4471
9401
14614
10097
13306
4406
17159
8278
5221
1181
1676
14981
2887
634
15318
10084
5448
14970
7012
12910
11283
4079
3229
8355
10319
1216
506
18633
4940
4401
16417
10276
12984
9034
11051
7054
14801
6598
13447
7795
7604
5786
7928
3211
6005
15392
11737
1716
3336
15072
14977
16460
2299
1722
9858
7368
9990
7442
13899
12948
16219
12728
621
1352
19544
14771
1978
14275
6652
9865
5929
11846
2261
18797
17335
1647
18903
14694
15559
7089
3625
11160
11434
5004
12570
16402
13402
16783
11793
14195
15424
4326
10338
3609
4917
18593
2876
1992
15590
2788
1087
17043
2608
9028
10987
1353
17323
18245
14835
7935
17859
9197
1520
6071
5282
15715
17363
5962
4297
17258
18226
10295
5917
2388
12612
8328
14974
19333
3623
3485
18706
13125
11006
5367
17057
7649
2393
16131
729
7871
10252
14912
9682
10844
18562
16271
17996
11397
10634
15159
8564
12142
6735
13746
12902
17457
14725
11352
18316
1574
2335
3238
14564
4283
18014
12394
18207
7857
17188
2925
7142
11988
8231
14813
11576
8820
4064
11638
6286
9732
11011
6541
7615
719
12649
7417
16223
18482
1001
14750
14114
19001
18182
3255
3903
794
2498
5471
2927
4360
16944
17245
13685
4789
13990
6858
10295
14184
2801
2943
13290
18294
16963
7551
13517
5792
11815
19711
17676
11977
3093
19630
15908
51
4577
10757
1862
10933
4878
12812
11189
16026
14272
15621
8009
344
2319
19001
13686
3884
5079
13214
17574
7695
3917
19330
16003
13527
12140
9911
11057
14637
12076
12091
15992
7590
9172
10978
10751
6688
6887
12706
14963
11483
19322
12987
12744
13489
18981
19233
14615
3891
2936
3976
16069
12130
5413
3498
8580
11143
8475
5815
5394
10607
13555
13498
13407
2791
3587
9540
1453
5808
11439
4344
17008
17950
7680
10418
19316
19827
12141
3988
9438
5555
5206
7247
4811
4547
12431
5226
10036
18755
11833
11570
15891
17029
16524
9727
11039
5834
17393
13246
18004
17368
6189
14880
10542
7961
18935
9534
2291
2194
8714
5511
16464
4414
7765
16073
15516
11911
7568
6999
1401
11777
7338
2269
18872
19651
10653
15805
3612
15394
67
5732
17975
9420
1890
19055
1649
14718
16898
11732
6856
14595
18976
19982
19761
15753
13467
9864
4411
5089
6699
549
5588
19347
12049
19690
16326
348
2858
13865
14649
19557
7197
16139
1564
9345
14580
2360
17982
18050
14951
16902
343
10585
2323
18236
3908
14504
14666
34
4206
5190
13476
9351
15212
494
1524
7503
17151
5668
11349
2967
17179
7270
3715
4517
12838
6154
17030
4049
14777
4538
10216
14154
547
16424
5064
8198
10573
15536
3559
8810
4664
11817
14144
18482
12130
7271
1653
2206
4360
1744
4388
474
16102
14872
9624
12968
15097
3740
15900
14507
1637
9048
19338
6611
19026
5157
6530
19776
4017
14643
6870
19028
5501
9534
5186
5978
701
16560
5593
8941
13574
19411
3802
15175
3356
465
15457
11623
16633
10666
14522
16125
1223
10449
3089
2805
6599
2627
19109
5245
5844
11685
1179
17237
3169
5434
12110
6834
1823
5214
14212
7631
2875
14753
9691
19249
2052
6051
14691
8597
6954
2664
3141
13241
3298
19801
3393
9316
10310
12663
246
14802
441
3612
10713
18719
10088
6672
17544
7823
2444
10213
17977
18456
10316
1615
15180
1166
14336
18467
607
18441
19760
18027
14784
12628
10554
17060
2013
19188
5171
15956
9175
3827
2373
5035
13077
14760
9654
14517
2229
11173
15049
13912
16829
15901
1022
8721
13296
6479
16340
3493
16348
10900
11791
12999
12368
5889
3573
2149
17066
3353
15602
13647
10222
4627
7291
11398
11091
12899
3439
14844
2616
16359
18010
18093
8916
16720
18291
14169
14027
3083
7813
18750
18460
12651
13963
4654
6711
13333
10260
82
2956
12424
9895
8123
2719
6119
17376
15232
14327
1188
10775
3257
15830
9002
14978
2967
17186
7303
11473
893
17026
18132
3415
10719
2949
4067
14728
8246
379
4228
10654
11262
11911
6900
7894
1356
11948
10690
19479
17582
3237
18143
2290
19361
5009
4098
15269
5929
8491
15893
18906
4081
18135
4831
9517
17855
13625
14223
17482
12979
18911
11361
13620
19484
2463
15984
5475
14103
17659
4537
5093
1829
10144
6696
5701
10247
6479
2018
18568
7161
5138
18798
2100
17672
11568
11840
8203
12273
18620
16482
1141
15896
16808
10913
1629
19713
5879
19282
19410
18863
18063
5184
1133
9719
11885
19380
274
15840
19059
479
2511
18489
3549
5926
385
7414
4145
18762
8534
2121
14612
562
18414
14201
89
18648
16475
16258
16020
15342
12679
12073
15181
587
2548
7225
17680
11029
8958
14399
15329
17516
2013
4638
14286
3953
2343
1232
14236
16274
8658
3482
963
3155
13591
15691
19958
11289
13074
2481
2554
4022
2054
1688
4728
16365
8573
5311
6637
4609
15405
15288
4094
3262
16631
4092
3913
11651
6760
18729
4535
19499
3426
3770
16174
15287
14389
2081
8451
13273
6919
3747
3820
19232
6003
14128
8980
9211
4333
8637
6023
8203
675
11904
18317
13417
13568
15047
1748
17
4010
19894
5061
490
4619
187
16953
13523
14252
17872
7077
7052
18781
7308
8720
8318
2290
11206
12677
15592
17032
15655
1060
15943
8357
16458
18034
4481
9532
979
3025
11854
16016
362
15403
10563
3024
13331
8776
18844
17761
19275
1087
15814
3897
17184
12712
14534
7655
9805
5296
6761
17489
6513
14406
3881
309
3979
7794
3257
19057
8596
15205
2510
11230
9273
15436
10537
14070
3028
17054
6661
16502
19622
19317
825
9343
1523
13657
18859
3415
19097
11895
2578
10860
7886
10001
16966
8120
5462
14480
16358
16384
5406
11380
3717
14551
2872
17036
9202
5312
15795
11808
866
11697
246
10731
252
6834
8601
12839
1249
7044
11327
17633
13526
10814
1972
8491
1904
15059
11999
17904
10331
3696
18725
16258
6823
1313
13530
9679
6031
179
8996
11058
9959
10932
19726
2886
8001
8183
2469
12053
12188
14963
15411
18959
17899
13835
8757
12278
7485
3048
9947
19894
8141
3843
5244
11698
3592
17151
19796
1754
16599
10866
1211
3128
8968
8004
10370
617
1341
19825
9133
12361
7313
9417
18952
8615
3522
630
12455
11352
10784
15421
7070
18983
10864
3069
9337
18474
10045
5589
19289
13743
16828
11138
2956
18614
3450
518
11303
15832
12196
132
16963
19717
5042
5864
11058
3532
1010
3076
4860
627
5421
4692
538
10758
17496
5539
2734
3244
11512
15975
17085
12661
17234
12743
15371
12207
1167
19644
17841
13880
9097
19317
2108
15918
9045
693
6277
13826
5197
152
18281
1579
10168
7187
19685
4759
13624
12312
11184
3388
8975
10201
2357
11181
1423
14564
203
3240
7613
1292
12883
14668
13505
232
8141
1960
10189
8501
11350
7534
6343
6583
11874
2694
8789
4316
10483
14335
9156
10369
724
8000
1077
15054
7924
6013
14565
17149
6818
18789
1911
4025
129
8472
7040
3776
16232
13878
18734
5226
12825
10899
13046
1540
123
18790
17401
1653
5719
6688
1266
13378
9036
4026
12830
7948
1583
17448
12617
9975
6978
10090
13041
13798
15663
12032
249
7778
386
16541
3180
17210
9505
17109
10444
15332
264
18224
4950
9377
13381
7648
4500
14270
18189
18575
9311
8406
345
8146
19502
9622
10177
570
12671
15449
10418
4745
14049
5073
11439
11681
1372
19751
226
1528
6494
5338
16445
19912
4866
3907
16018
13923
13535
11449
12587
10019
6730
13616
18342
15807
17865
15965
19441
9082
2902
18292
16414
12438
17291
2354
2467
14822
10832
5111
9169
12673
9887
6283
2702
3634
5232
7393
10193
11019
5670
17625
11002
11610
4853
9055
4811
12372
13326
14000
13223
4622
6152
4829
11302
7595
15245
5385
19314
19152
18654
14732
2977
13331
16036
17050
2799
13809
17428
13918
7863
4062
19614
511
7341
2007
691
15749
15867
2516
4880
11796
2359
1786
17131
9911
2910
813
12313
3353
16175
15586
19801
4428
10694
13650
12001
19948
10643
202
3299
7901
17846
1568
5083
13457
1978
12096
5048
19911
14475
15972
14340
5837
2037
2306
9650
6662
10331
14111
9315
12166
1712
3425
7541
4730
11989
5442
14889
3812
9328
15745
9839
14884
3685
12115
17616
19699
1812
5879
11416
8393
2318
6438
1918
17214
15317
8137
7537
13805
1360
7365
18656
4181
3047
11665
12422
1497
11841
12104
16497
3335
10872
7642
15246
18966
7126
17629
16914
17480
5358
4961
7719
6383
18233
4320
13553
2252
11659
18868
13788
4210
2833
6595
19460
11465
18410
7382
18784
11567
5279
14087
16012
18329
16352
5592
18706
19799
17053
1313
1461
18805
11165
14401
14873
17405
6527
14166
1682
5050
15115
2439
12999
13080
18259
17950
10723
4551
13067
5587
18872
11615
8578
2948
13424
11229
252
8705
16145
1899
7694
14083
13836
9053
2198
13917
8323
12728
4692
18762
19508
813
360
4774
15815
11011
11049
3801
656
12019
18495
17102
6368
7341
18751
14465
1935
887
19104
2359
19838
16086
5918
19304
11372
9285
18955
10583
15319
17666
8301
18754
14253
11912
18264
14612
16398
14807
11400
2520
17695
8272
7674
16137
16590
19516
4904
13988
15677
13
448
11871
18317
16892
13217
19539
13033
6704
8561
18516
2603
16480
18813
17153
17551
3920
2125
12535
6642
3288
16067
1312
1478
5795
2545
2121
2453
4946
4244
15441
14543
7008
8912
572
275
13985
7721
1736
13398
9699
2588
7479
10642
1207
19640
3019
11054
3433
19804
11665
12454
19786
4494
18259
8055
4655
17589
1361
9801
10642
8180
16074
4313
12534
10852
4948
18754
4969
4557
2539
18408
10914
12736
3878
9217
19337
403
19909
14719
6806
13690
6215
3134
12465
11486
17304
2375
19320
1245
4711
14047
2912
14847
3253
8495
11283
3280
15689
1104
14904
19870
6625
15378
2192
7825
17027
19562
1659
16865
2802
14070
10555
6681
764
13774
17681
18119
16208
10537
13540
5884
16013
12521
9664
8070
18613
10052
6586
1479
5120
17456
15442
4018
6925
12074
12273
3362
10515
10562
18002
9879
17782
13543
3741
16014
3734
7915
13870
4475
5569
17426
1588
17638
18312
10717
4918
15583
10734
13773
14960
16191
18653
13078
3387
11261
12467
15586
3402
10537
730
12446
4208
8
19382
12581
3776
5677
17943
18759
16716
8048
2574
15062
6767
7502
5435
9901
13702
11805
17893
15006
12408
5962
14371
8438
631
4017
7160
11086
8927
14008
18588
9937
15003
17641
7028
4165
3271
14090
4548
19832
1071
314
15931
10792
18966
7562
18636
15791
19284
7029
13789
19978
9847
10014
10424
1252
13642
17285
7135
2275
17235
13029
16668
2095
2805
10413
4566
5146
11254
16729
7584
4881
18875
7084
1772
17278
16784
12396
15773
17654
7140
15898
18074
3302
2992
7085
13118
19893
10552
1258
3628
9813
5610
290
8607
17836
18660
6248
19008
14554
7186
18477
13777
4646
7349
1626
10854
14889
4927
18185
12979
17654
2074
12289
7840
4357
16776
13036
18362
6075
6981
2230
2403
2392
425
13156
19305
10972
4650
13711
340
12630
13119
8220
2009
171
4127
14265
19436
15904
7239
5110
15090
16036
314
14173
17684
15452
17059
18895
13808
17964
5814
18173
1673
383
11028
8160
18462
10932
12077
7029
6232
9861
288
17752
11709
9204
3614
9340
7682
19477
4077
1221
7742
11954
18408
15138
2489
17919
7684
15082
14339
17147
173
7058
13729
15647
18894
4232
11970
3814
5584
13839
13071
16601
8570
13879
19137
16566
3798
16760
16461
8156
3412
9611
16346
2038
17096
9413
12436
2689
18479
8657
7320
10492
14127
18921
17775
4043
16956
9201
15000
5608
18582
16784
8382
2695
3888
107
12457
4772
9004
1856
17072
9899
18177
4220
8620
1891
11039
5305
10727
17048
13193
8632
14835
6947
10113
11734
2008
19513
13249
7726
19301
11149
12741
14188
11336
3234
1191
6249
7544
3217
19330
11720
17487
14324
6392
8939
9398
12493
9871
19571
16248
12213
13782
11602
2040
19909
12325
9007
16767
18970
10146
8853
7469
13353
17952
18104
18289
8767
7394
9381
15283
17619
10622
12421
19759
5291
4828
78
2652
4136
1597
3718
14474
4271
15577
6261
18987
11956
2240
10373
712
17957
13442
13241
7092
1968
14475
18855
18301
19890
13286
6355
2302
10717
1122
11882
17586
550
7218
2808
9444
7144
19885
2182
13186
3352
11510
9299
10191
1510
1047
2158
16183
6156
4198
9069
19037
16118
8266
8718
8017
18991
14582
15783
17789
10532
12307
11883
14110
13110
8829
14748
11184
10946
2884
2440
15618
5221
10866
7234
10505
910
18796
797
13937
13668
562
13031
12909
16368
3072
13856
7727
11785
14775
757
8212
2586
16406
1949
3511
6994
17345
16240
19909
9928
1348
9695
18416
14633
7089
18932
16029
5472
17637
9063
1657
17152
456
12825
5704
14353
13011
10929
18430
18836
13356
13745
3654
629
16205
15188
127
16460
8228
18566
19143
17776
1939
8096
16080
14873
9174
2174
15791
19504
12708
10559
19955
16725
19663
12857
5874
14509
4614
8310
9119
390
8538
3983
4760
1320
8030
15075
13148
5145
19207
13587
10010
13869
5363
6526
10212
14473
16710
8084
7650
9650
12655
13369
7683
23
19945
10489
16943
13368
17469
13730
19800
369
11013
19874
3054
4582
18763
542
3409
17741
12912
17548
13473
7347
8617
9037
5266
1868
5796
16074
5788
18715
4968
2922
142
15129
17978
4686
994
14726
3516
4778
14604
16393
2896
13760
5644
5350
15098
2009
13059
9691
2147
19939
10402
534
5850
802
16381
6423
5781
308
3359
12477
8245
358
16599
12560
17031
4268
18192
2251
8583
5825
16031
19780
5951
14523
18581
25
1422
17609
6388
9560
5188
1133
17887
11787
11432
592
7370
94
3356
7494
8624
14030
14809
6463
707
12464
1332
6663
15229
15259
19746
9563
7669
7220
4184
11624
11086
16916
13578
11170
1642
1176
1973
18717
12444
1348
19897
19596
2555
16276
19230
11732
14354
2177
16471
18412
17524
877
7652
9107
11565
3819
5873
6861
10611
5837
2876
16027
11131
17996
3028
17687
14121
7502
11133
8009
2175
16631
18896
17705
19702
13070
1214
2450
15179
17354
17141
17470
3440
3898
17820
3043
5539
10542
7768
10282
4700
10053
16593
5385
18240
9907
11471
14204
10259
5231
11550
11268
18506
9687
912
2491
7742
896
11777
339
16573
4189
1270
459
18106
16331
8447
8141
9221
888
19483
18631
16309
17358
19035
15044
7649
6303
19519
16422
18286
17454
19356
4738
2435
15736
15295
9303
56
61
8363
6380
2605
16303
14558
13126
12919
2966
3346
16932
12181
12861
1119
17047
16352
10236
11037
13440
4385
15907
11239
4232
4573
17056
11228
16278
15755
11310
13503
14993
1735
13498
18175
15218
6143
4914
4144
9028
14346
15949
17752
13531
1304
18865
8326
7182
17539
4421
12188
3315
17893
16371
45
7574
19269
10073
19585
7989
8553
13453
16566
7227
19567
18635
12897
8919
16182
4284
5650
6680
9079
15748
8886
15688
7633
8712
469
11041
14562
3291
8699
18128
10097
1156
6804
1349
5736
13293
19376
5780
2752
3818
12103
12971
18836
8899
19894
2256
11159
960
2407
10455
4162
11985
18319
12797
5734
15735
12784
14084
3647
4018
17727
6187
14953
10312
17536
16744
10220
15471
6893
14053
6259
14071
4374
661
4603
16247
14978
17681
14791
14322
11539
6100
1648
9478
15144
12655
10905
18641
18140
1993
13984
18912
2539
17271
9680
14421
501
14580
11668
16564
10171
8157
14247
5130
4967
19788
2503
16027
840
15214
5319
4710
3994
1763
2691
6999
7428
18770
5263
11882
5499
18470
4040
6742
5764
7786
6540
13246
12055
476
10021
3151
3999
15600
2784
406
10973
3236
508
7330
17996
12155
18110
7313
16960
1881
4546
10298
8936
7226
18155
4470
11634
11279
699
2923
17261
13942
7103
11190
18250
9204
66
12821
412
18674
18658
13007
7326
7026
15487
17697
1268
5004
7055
15397
11177
17513
14030
16064
1431
12347
2611
14601
2246
1079
8702
16017
9131
3472
2734
9364
16018
3697
9167
9338
7191
7607
7088
14121
16877
7401
17202
13995
8897
8373
8509
376
18617
13064
10381
11936
10486
13801
17065
14615
9977
16754
8308
8509
16290
6188
4604
14313
6579
8647
2448
3121
7379
2547
6447
2649
12622
13437
8059
6837
15322
16233
16749
6493
11668
7689
13762
1900
16745
12375
8530
11637
9137
17173
5153
3907
2293
6846
7343
16202
10193
9704
8202
7919
8692
11353
13699
17905
1317
15235
158
3059
3872
3678
3715
15176
6206
2272
8433
17049
819
5435
6578
16789
12720
8499
10218
18230
1672
4026
2217
16364
4080
3626
18048
6440
13824
5407
4016
9799
18422
5743
17277
6201
3130
12902
15810
7661
635
6370
9823
4315
10808
9288
15117
4685
731
6049
19025
6763
11168
14964
175
16993
19796
15777
14486
14064
4409
14871
15705
12206
16197
7347
10526
6810
3209
8759
11343
13504
3535
7202
19086
2309
16285
17457
14854
10544
3511
2770
13916
9781
1121
8288
2789
3871
16609
14112
2384
9626
5763
16439
260
10170
6774
17510
4324
15467
1108
5827
18543
10326
4447
18613
17797
9868
19366
2347
12866
2994
16359
13082
3663
2729
17518
13522
19278
2169
5148
19579
2451
634
10819
13361
19475
13823
7437
4569
1588
18207
18813
5055
8931
129
5965
13838
1061
17923
3190
16459
4485
5447
1870
14158
13324
16187
15148
13085
13327
3396
7047
5703
1218
1094
13884
2426
14987
18961
2766
11778
10065
5612
1288
18271
18450
9687
4510
12833
5364
8672
17490
4163
5939
11396
9106
8225
9817
9343
19646
2007
12332
16370
14055
119
15842
14576
14547
518
8527
17989
18045
9620
703
18883
10874
2263
16639
7499
14166
18819
11189
9012
19677
7624
17680
2747
11285
2183
19353
6088
16873
11890
4553
16632
1248
2464
15413
4492
13164
9065
10949
6574
18591
4
19746
15003
3446
731
45
13873
10138
2215
9420
13046
7740
5166
9151
5730
11261
10005
4369
13675
18608
6243
9770
12587
3351
18805
9793
560
11081
7127
18319
9727
14934
12389
7583
3462
4513
15807
865
13117
684
2722
2525
6136
6642
14601
12485
780
9165
12575
14084
13051
2744
16415
10418
13726
14222
3370
7657
19630
18801
11428
4082
18190
10279
13676
2137
12889
3551
14742
3455
7780
13265
2567
15053
10735
19364
3596
14118
2701
17833
13016
10902
11757
740
10776
12583
997
18634
14932
16658
15546
8870
17860
7346
9647
13814
11660
10772
9383
6387
7926
19722
6072
9166
19659
2431
6606
15093
1357
11558
2105
13108
276
17739
10389
14169
2627
18539
4788
7088
2374
5503
19722
365
13450
19122
372
9000
3321
5108
4613
9473
3953
1576
4047
14085
4608
24
1739
12874
6399
2664
6181
6516
17383
10248
2438
5690
2292
5378
6815
3042
10325
4500
5200
9865
8044
2808
10642
2303
328
11390
12103
3151
12381
1179
17180
19100
17789
16026
14135
2534
4821
11025
17091
3628
10662
10095
5941
8300
6047
9778
18683
7654
6676
6261
19680
6846
11036
16262
11518
19616
11948
14837
15040
2206
17996
17448
1427
2997
17299
6379
9705
11886
19141
197
2537
13984
16325
6535
12150
10770
18423
16957
8122
7870
2999
4742
5679
19090
14992
15425
12811
12176
16250
3197
7685
5428
15603
14003
1800
3222
12632
4335
18323
18501
3969
2152
170
14004
11671
19281
7773
3249
18642
3208
14482
11088
11315
1868
16945
18982
2554
15884
19469
8401
8581
13211
17482
17045
5382
17823
12175
11713
14656
19464
9642
7760
5086
5534
16058
14028
10960
2259
12477
9869
5699
2487
6486
10462
19163
14250
5530
3361
3887
15981
16568
17001
3873
50
2531
6212
10521
16785
19101
3132
5758
11324
8833
6419
5232
18250
17005
2124
9540
12304
11722
3401
2301
6574
2074
18670
10212
5605
1597
19780
10115
17862
10016
1530
16227
13318
707
4742
4608
3181
4004
13385
4550
17838
19373
16913
15179
11505
7863
17432
12521
11564
3098
3273
2869
5776
1202
13955
6817
15744
12943
19030
17290
10076
8441
7978
10431
10491
19550
8414
6703
18007
3994
14062
18029
18466
4002
12719
18819
12759
13517
18516
6416
11083
14335
17394
5792
3075
10035
12992
8934
18783
9956
10424
6360
19059
11864
9211
3591
16918
16042
9105
2522
6771
5650
11886
17350
10333
1779
14448
14348
9312
13153
10180
13455
6322
16589
14760
4336
7049
8911
1451
5928
18054
1231
14289
4609
9326
5071
7987
14929
5146
18905
14275
4244
3236
928
9485
1062
6306
6837
1464
9594
11631
10281
16364
17913
4804
18586
8910
10874
10950
764
5831
19322
4697
10981
6275
12153
1747
3316
11412
13105
811
8095
2679
14547
4687
1592
18350
5600
6037
12540
6124
13312
1898
7480
7856
18755
2054
14136
10537
1650
5152
17901
8536
11153
14717
19801
11570
2611
18756
8122
9252
18874
18669
7762
145
2089
9720
10351
18647
15944
16251
13563
8944
2516
7699
11618
12308
5248
11418
10523
7292
2028
1145
9238
4225
12320
789
3584
9187
12485
5638
11766
166
12576
16133
14499
2518
6636
18499
3095
13099
5427
13174
9735
5575
9416
2830
2043
13789
2532
16774
4857
3564
5116
16215
9547
17512
16539
6054
12270
9786
17537
9821
10106
3677
15192
17078
4617
4073
10094
2708
4326
3950
19220
19500
6036
18230
17106
11361
14520
9101
14628
15470
17636
2044
18037
2363
7264
3824
19831
5362
6615
10746
14108
19884
18555
5359
8693
11141
18454
11344
17316
19854
11919
18596
19807
16321
3413
800
7556
18798
13675
15401
19283
15092
19696
1617
10765
19564
16202
7965
3719
4991
11150
1255
14731
15160
16526
11519
17259
8820
3711
18764
15522
13622
9414
7473
8841
4183
13055
13834
2003
6651
10378
3765
3910
13182
14610
11630
8951
16909
13115
5843
13024
4273
1640
19110
10560
18821
294
4273
7791
8553
15832
7843
7004
9520
2367
6840
12742
15348
17830
7800
15539
15722
9256
4054
7824
5231
3518
2488
134
9025
2697
5654
10197
13802
10488
19419
9872
10615
8119
18953
468
17576
15636
985
16934
3744
14927
15711
10216
11643
4477
3500
11256
18335
4921
17486
11110
15755
14472
8850
16783
269
4903
6826
2363
17584
12051
4073
5263
12146
19189
14602
16591
13939
13064
13297
18100
12873
12232
8617
1638
2577
1081
4301
3190
12128
8337
4162
2491
1303
1635
3873
1767
7957
11465
307
4900
7974
4141
1237
5841
19097
17524
17626
2131
13264
13576
10000
12506
11376
4928
4282
3985
18104
10830
18333
9761
17103
1764
1943
2883
10870
14276
18761
10656
6076
8387
6485
1383
9968
9433
13026
3785
13297
11592
412
4789
12994
17959
12761
11659
17113
6666
15542
479
7190
16463
12512
14125
8977
11271
18511
2547
18508
2911
2285
12815
7912
2218
9044
53
9363
18477
373
9421
14430
9702
11348
17704
8557
6682
15153
4797
15592
10202
6242
8356
5487
4657
7355
2317
13898
2284
18320
10270
9566
15367
11281
9320
3867
8528
8340
13957
19186
14490
1489
9712
644
18401
6982
11264
10806
12116
10811
12962
12225
14596
5600
15922
8805
4743
12786
13847
8510
12713
4604
8856
19118
13521
4634
9663
5370
2539
14233
13960
6481
1527
2235
19045
10695
13133
13814
13330
768
6250
8828
12784
5223
1948
9557
19648
4894
3719
19336
9949
6928
10993
10873
6294
2274
10896
11884
10823
18569
15470
327
10836
2773
7126
9014
15073
394
17182
17640
8497
12847
8976
10903
13529
6367
8887
16069
12287
18173
11938
17377
8884
2117
7928
7337
7820
5726
3641
3562
406
9515
13037
12259
13884
3937
1163
4519
1561
594
2056
768
7537
8295
19162
8561
1970
18893
14759
3604
3749
14663
12399
15651
17137
14177
4531
2354
7180
18468
4256
12376
13215
6437
17916
17263
15093
6585
12
11537
7103
7715
10751
14082
16007
4173
6299
9293
14991
17717
1058
16423
11238
8926
17056
4047
5766
7496
11764
13399
18925
18234
15865
18140
13653
15388
16111
9680
18770
2785
17835
3129
7208
6625
7736
2259
5607
14468
1288
13712
16484
5018
3899
11168
14837
11208
6730
2987
17256
9534
9809
11163
6240
867
14775
19767
622
14609
14587
12330
5896
2366
10492
17347
4136
13359
8421
437
17540
15889
11444
12574
14693
9922
10438
1188
486
12937
14401
4347
8331
11046
12188
2244
2395
5284
879
3728
16476
15243
1043
8290
13002
2610
10101
14546
4563
10322
13340
12973
6738
9334
16404
3866
5605
1775
6455
16759
19470
14307
15736
13442
14339
9829
1995
19541
2450
3264
5268
14280
3892
13324
14826
14074
364
5412
14216
3018
16893
15662
16400
3647
16325
18873
15676
13416
7738
7525
8003
19262
18816
1052
4900
13637
2180
4959
9329
433
10327
4827
15003
10854
5034
826
12822
6743
131
5589
10953
16272
6394
8903
10677
15375
12946
2621
11423
8269
17559
9866
2332
11387
9968
5175
6520
17287
6689
9143
19075
5246
8865
6553
11320
18283
19442
13655
19178
1598
15522
3019
622
18504
797
18049
17216
15714
3149
10311
1267
17229
14415
13248
1944
14004
15795
281
5769
17549
19216
13331
19891
7135
8865
8319
12286
9598
13408
199
2715
7441
1982
4041
4233
7381
19260
8223
4195
4698
7112
11001
6185
15115
9752
12429
17098
4459
3036
8164
12843
12059
17763
4021
12598
16984
1133
11087
1602
12481
776
3440
5467
17846
17386
13971
12046
13947
8137
13798
3700
14012
9786
11001
13976
14188
420
5234
6854
19782
11328
7294
9073
5588
14864
16482
7073
3117
5753
3120
14680
10296
16990
16308
4320
16335
12442
17134
13715
1728
14713
17466
16837
17421
5588
5579
14162
6451
8040
4214
13984
6727
9426
7018
2032
9980
19721
4190
14887
17090
13271
14531
1683
12072
6453
15896
16605
17570
8387
2461
17386
2949
7617
5375
2124
9007
18892
6417
19275
9604
13400
3452
16652
16724
2599
16493
5916
14008
10787
15245
14108
10651
16094
7566
4200
4341
12195
224
2309
11633
5688
14852
8647
19377
723
18520
10332
1736
16182
8273
17721
12933
16904
16967
7615
2255
16273
13802
19977
6988
8018
6770
9844
9596
9759
9684
19819
1122
6138
16432
8494
15138
9230
8455
5727
2149
5636
74
714
11930
17509
4078
18414
10488
10412
10524
15595
3550
9095
15333
14122
1243
6634
4402
16003
2569
9968
11545
7632
4819
14384
2475
13964
1784
6264
171
9126
1640
3880
4377
12872
15147
8941
2893
3359
15969
15128
12191
14182
7652
7642
5218
10675
15625
19487
14353
14686
12038
19493
16865
1642
8781
6743
5783
10609
10678
9898
3443
16432
12667
2259
233
16364
7837
19586
10896
13759
3141
7232
14548
11139
10500
8673
17862
13306
7067
8229
15155
11255
14935
18129
11633
19565
9140
17636
15286
12435
12354
19129
7555
8048
677
9817
17502
10408
16758
10554
4285
7843
15239
503
19294
6998
4100
5037
11476
17649
12245
3216
3739
8932
8992
648
19916
1423
14539
11243
3245
1124
7007
632
13568
19995
6920
16077
6235
3218
3353
17670
10615
6687
19788
13043
13506
17715
8583
17108
14576
12621
19034
1139
15790
4472
3333
5087
11607
7170
16087
12608
14911
8346
13136
3452
8717
5604
16360
10885
17349
16029
6697
6012
7587
17158
14423
38
8292
17551
11121
13417
1726
8961
11727
16932
11248
14311
11114
18217
7700
9530
4379
4759
18929
5672
10299
10168
9902
19009
19178
3763
13952
6621
10604
16431
15684
1101
3405
5222
7208
4124
6085
7745
16835
18466
15223
9749
10565
14502
10067
3930
19401
13164
8379
11780
3816
5698
15907
6240
2119
9283
7698
15693
7856
17671
11045
14836
11902
8935
12434
7429
18961
3824
14889
19887
2050
2212
16503
6876
1521
167
17796
5287
4634
16332
3389
2491
5990
8893
1548
16777
7869
12737
14211
19589
17688
813
13143
4286
8277
19498
5225
16792
10821
13726
6944
18408
14079
11354
1554
9003
2199
7935
5922
3939
9449
13358
6147
12783
14831
16235
16058
7014
18675
1261
577
14960
8542
16613
8616
19969
18670
4168
12726
7795
17126
9530
3950
1535
831
18681
2157
16951
12764
16003
18031
15107
6716
12421
6449
4918
12937
16770
2705
1036
12173
5308
8721
18562
14980
1057
9947
17810
19532
4661
13278
7498
3097
8120
1783
18280
10885
6388
14603
3540
3396
14470
2832
19930
16054
6854
364
5474
6102
4468
10421
11502
13071
14689
15607
5584
18415
6071
8660
11365
9875
11462
9061
2385
11041
10605
10175
18648
10453
6497
19217
17718
14675
9660
7594
16893
1179
5285
9015
265
6747
10007
17258
16801
19806
8465
16406
10475
11362
1275
17623
6124
1448
12143
13486
16732
7268
16459
15402
16642
6004
4658
738
19377
10349
11417
17471
1694
12016
6357
4503
2493
8828
11038
18836
7191
14941
1024
3091
18314
1603
575
15687
11165
17293
15044
7582
2431
11396
8968
19004
17083
5316
7547
9635
11833
11861
16274
8084
13364
13400
10411
17743
6931
1597
19134
16311
4039
15857
11586
9329
12160
17812
824
19882
780
2408
17304
24
1965
11910
4599
5049
16982
16779
4594
7928
12162
8784
15353
3854
12465
11127
13850
6148
15455
14977
3337
14743
15202
3772
970
9045
3649
9434
3675
10883
15468
4413
17312
14401
10268
14926
4492
1413
5191
3597
13288
10404
15807
18178
5444
13231
7433
15666
7896
8634
8725
5549
17813
15576
5279
3876
2604
19394
8768
8281
9370
11574
11025
10094
6096
5532
17022
15551
2587
17028
5795
3532
11540
8587
678
110
4806
13341
12880
15915
3542
18708
7337
19557
4212
1278
16719
14732
15390
2941
1331
596
10091
9703
10512
11969
3131
4910
16776
18943
3288
9498
12477
7086
11720
11858
18217
16442
17554
2458
12507
19560
4555
12183
19119
7469
5308
12333
18376
14329
7154
6953
9740
17200
6305
922
924
17881
2038
18714
19631
14768
15640
6795
17578
14038
9177
509
15038
9416
8319
12
10333
16429
1257
12966
19546
6504
8064
16393
12221
2574
1725
10955
17120
8689
9713
19572
19786
5339
564
16837
9733
1367
2445
1212
15645
10185
12315
10415
5047
10941
14526
1718
1003
1020
5061
2405
11008
124
12437
11543
2083
431
16722
11398
10020
9659
3917
13495
11981
5930
7882
19
6111
10615
7917
2799
18154
9737
9025
9645
4841
605
18020
2363
15704
5339
12850
19673
17076
12779
18669
5369
4205
5632
12134
12831
1418
15154
6154
6600
5689
12842
17932
15975
14961
6134
9195
8713
15430
1564
18336
19514
8776
7211
1606
13473
14585
5485
10342
3814
6441
14330
5853
10036
14288
6662
13261
1594
4199
4377
17693
3563
11139
18463
7246
1061
15215
18550
15451
2991
2436
13797
14635
16507
16360
13517
15863
3339
14529
3959
12594
3055
2804
3372
3450
9517
1887
17092
19034
6010
15151
5814
11641
15108
350
7662
4483
10930
15564
14108
12881
13987
4473
2281
2775
6067
4733
19077
19947
13820
5444
9372
16077
5913
6313
11175
5015
15398
15758
894
6466
13699
4149
3947
5778
3543
16991
13978
4319
18481
2878
13036
6210
9546
4984
13739
1976
4423
4411
4536
9014
10202
7319
15520
15305
14151
11773
2637
5832
516
5746
12568
18713
15258
1039
18460
3740
16169
3577
6087
18456
17160
11256
8554
15136
4425
9622
14671
11554
3226
117
6601
19276
15240
2957
17863
14683
11998
11106
16099
11809
4684
15614
4727
1970
10723
16752
10447
6635
18940
7840
15289
12864
18840
16941
6585
12961
19906
10534
16729
5448
16817
13121
14590
14273
3562
13499
9366
17494
11682
13
173
1334
1888
14055
8606
7746
4033
2251
15686
308
18005
2793
4085
16748
15303
3059
13278
1784
17563
3388
13230
1279
10415
4881
10361
6890
16484
7604
6447
19279
13590
1457
11182
284
14182
4192
5681
4092
18521
17942
8454
13033
17849
15143
5086
6799
19705
13724
7005
2585
14262
11788
4977
3738
18233
18683
15231
2585
8249
6252
10649
7546
13566
4292
5867
15397
14208
9245
17621
12086
5934
13731
1587
16160
7306
9167
8184
19390
9745
19869
12634
248
16729
2668
18982
16974
18867
6225
18516
260
8911
15800
9589
14794
13887
7897
14697
11751
18196
11283
3821
13154
18116
17671
9777
16940
16782
17044
17928
7373
20
3626
18392
3337
1126
5421
9202
4015
6144
8424
18459
10686
521
12875
4457
5172
8668
1827
1257
10357
14756
8021
2685
1652
5185
13495
12772
12545
10503
12074
17521
8335
3365
6871
2429
18817
4771
14725
15703
4368
9828
8596
1146
16091
907
8474
16792
14572
11194
13368
9682
15395
18742
2584
361
6401
17990
15781
9103
8979
17402
934
4791
6521
1257
16824
75
17874
15698
8039
7611
2310
15556
8905
979
11088
15225
18616
3686
18821
1085
2794
16263
16037
909
7791
1590
13949
18970
3078
13239
17527
13260
11643
7486
13631
19683
4737
807
14930
12473
6792
6242
11333
3684
10011
6315
13807
16983
8538
17687
6132
18792
6543
19915
8848
4396
16110
18823
15260
11871
5133
3392
16095
16064
13278
10539
17620
3128
17990
7668
8692
9147
1307
12142
5888
1831
6814
1254
16494
361
10738
528
12365
9120
17273
611
16662
6201
14954
10752
17777
7033
4304
18157
19041
7225
16802
19009
17805
6731
10810
11928
8972
1403
12117
1381
108
5521
14694
19879
11839
4019
343
1684
7715
6536
6173
13011
16973
3575
4118
11814
9969
11085
16610
3812
4592
11421
5883
14884
4318
17505
19219
13845
18382
19615
15145
16555
17341
5224
775
11123
18776
11482
4186
10632
6219
15044
13231
4286
17864
16361
18567
16508
11375
4894
6967
17735
7104
14990
10590
11321
18330
10078
7427
432
7087
4970
3147
8930
19622
17837
13108
5262
18476
1248
18161
15822
12217
7962
17987
18218
14267
17909
5936
358
15009
5937
16770
603
6917
4850
12958
9794
9462
4197
9280
9324
11489
10624
18320
6256
2300
8230
18531
12796
4400
17130
5584
6412
14912
2251
16236
17945
15418
12734
4101
8136
11608
11626
2008
2947
12339
7724
8144
11173
17478
16762
19388
591
7738
9573
19403
4408
5075
7927
7366
15905
4438
11964
5578
15302
9205
14654
2752
14992
14521
19240
18875
2503
13675
8940
14670
4133
19231
13536
19207
13222
16701
1154
15660
14651
1997
2140
10768
15518
17246
3844
14226
4992
628
16954
11667
10334
11788
14132
16434
11538
16781
11895
16229
5446
6636
12187
7382
18403
19067
1009
2072
16615
19312
8257
13284
19893
9998
15595
6132
71
1138
2415
12955
7806
19196
8041
2144
6810
14328
8820
7701
10725
13288
6575
184
5417
19920
19900
17701
6050
13661
16357
2358
1038
6643
5722
2936
6529
7953
14325
14123
8182
4451
5535
2006
3647
1828
19787
18756
2749
2990
14816
11967
18443
704
10900
12519
6453
19626
7027
13871
9894
16600
12543
18613
2495
17721
6225
14908
19075
12747
2142
360
2959
8772
5526
4213
10151
16319
7109
11891
17227
9506
4892
14530
3977
1128
12202
5319
10285
8399
12739
9288
11347
17696
8803
8490
15292
279
10316
14756
16958
2542
2314
447
7638
8906
11928
13228
698
15745
5468
19362
13353
4935
4461
5075
4963
4244
16021
13578
2197
1491
1649
9252
17324
19561
19797
13896
9707
17120
18252
15811
10232
10320
11741
7716
7504
13897
970
16113
19675
13375
18898
4517
11482
15922
278
5479
3901
16952
2233
11591
817
17194
6048
1143
19446
6376
8793
10979
16207
9674
1847
4975
14099
1476
1787
13644
8416
15092
5903
8247
8495
17035
17453
7950
7202
3638
10876
14512
18042
2441
15226
13039
11654
3591
18037
4052
5845
4655
10355
8272
3468
9478
10833
5371
5971
2590
16904
6667
19050
19680
11916
15090
13114
10043
16943
5715
14022
14280
13379
3971
17183
8633
15484
3801
9975
5086
8083
5489
18093
9044
15303
4003
6727
17803
11933
17818
4990
15890
41
7316
7987
11137
4613
10037
13119
11714
926
8552
16232
15900
2990
15347
18480
670
19683
16822
9320
5125
4287
13888
4257
12810
3289
15342
2499
7787
576
17281
13942
17844
12064
18107
17342
17034
13885
17237
5156
18900
19452
7488
10255
5030
1569
6166
5649
9931
9491
5116
15709
14350
1852
1847
9911
12421
1421
1415
13636
16475
18142
17189
16480
6969
8914
17044
7471
14704
16889
14151
18731
19813
10063
18703
14268
10457
11585
2271
3173
1684
19824
18590
18299
5774
5967
14344
7025
4121
14023
14466
19118
4910
12665
8856
4032
10227
14659
5876
12810
11430
18300
957
953
5353
17433
18410
8084
5034
13746
7073
434
2925
6623
13585
9509
13496
13819
18376
4468
14587
18443
6674
8518
11642
3320
8655
8826
664
6743
3727
3380
11681
13194
9580
4594
18005
13376
9700
8604
3692
6359
14866
14618
8842
3266
2600
16063
7617
6629
10539
9091
18173
13885
19723
12143
12528
15645
14878
13906
2555
17139
10072
8240
7925
7209
12392
12249
16603
6439
3058
19288
7732
4725
10276
6946
9472
5566
376
8558
9053
689
9541
3012
11765
10753
834
10574
15847
7724
3289
14795
18736
14873
7683
4738
18486
1210
10533
308
2193
8209
14247
490
8022
4015
11789
17805
4033
5400
2868
5717
4191
10178
15722
15129
18102
13147
19786
10565
7217
19946
14131
1674
18283
11630
18437
5935
18039
13252
9079
17125
7050
5572
1399
10168
8934
18666
15871
13441
2755
9266
6224
11512
19324
5468
15630
12359
4948
7152
8760
2234
8067
13819
12418
15091
4353
3319
19217
19354
17037
15848
17362
4657
4794
15203
4887
2053
7671
17961
5167
9664
7321
5489
2305
19932
9640
4964
13477
16178
10851
18754
10463
6384
7568
19906
1433
16777
17092
11062
14203
11207
13771
19725
7082
1595
16373
9298
2746
15701
16094
1649
1073
1583
567
14586
17850
5187
13398
6078
9538
15101
19447
4854
7187
10156
13517
5635
15051
6578
16714
1809
9144
16410
9830
180
978
19017
13615
1908
8885
18733
1582
11877
249
17778
2098
19087
8304
8627
4187
13389
5435
8014
14948
13777
41
240
7630
6820
8685
10960
19622
12010
9307
15960
1842
18852
1056
8477
11229
13679
12379
15535
10396
14218
4571
18604
4092
11126
17174
9456
15787
14998
1762
7079
15231
6293
1812
17122
16134
6342
1748
4936
364
16327
13881
10916
13091
6463
12902
8028
14610
8134
3072
13442
10076
16772
2443
15299
7499
1361
6400
10140
19577
19708
9901
15021
7995
2375
16361
3238
15722
14671
9682
12733
12048
10346
1349
18466
12236
15433
505
6218
16097
2717
5561
2791
3393
7542
10716
7801
3953
14598
8611
2109
5498
16995
10766
16707
13580
17644
6235
15806
206
19427
3868
11061
14342
18329
16852
9878
13665
15239
9742
14826
12576
4088
12313
12580
3232
15300
7972
14195
3492
3223
10386
18838
17313
3217
5850
14031
5318
12838
1278
11696
11590
9477
19334
9234
19939
2262
1337
12421
12376
5053
13431
6882
451
7355
5045
7292
15373
8723
15701
15348
6231
1930
10114
1932
4260
3303
9797
11571
9373
16507
6407
13439
15621
794
19268
6489
5081
14055
2696
16818
4003
9006
15881
5300
4796
12138
17120
6611
13019
4423
18149
9282
3359
9186
8742
18241
6868
7884
675
3668
18469
9901
8617
18096
10687
4133
9354
13454
3838
16334
1526
14082
6679
12382
19000
2213
13184
2697
9614
6190
12063
18787
8166
735
11278
10114
5938
6331
4712
5762
10024
15926
3219
10498
12217
5509
10378
14475
12428
17973
19269
8273
11446
3415
6279
18674
13431
10680
1796
1244
6644
6959
3501
19659
4557
11408
9658
9776
18331
4926
16562
4653
3304
19069
19226
12316
7754
18468
13976
9584
12957
4273
3874
5427
3228
13015
14312
270
14780
1683
13499
19783
709
1724
13880
16165
18958
1753
1557
7727
1268
3404
455
7282
1879
17228
8142
4865
14705
5904
8605
17495
11027
135
3977
15416
1725
19365
7438
19061
14042
19032
4569
12430
11766
15705
15605
4978
16093
15197
4885
3106
3602
8875
8187
19252
11880
6696
10851
16052
12448
17998
15919
548
2368
15515
2703
5987
8236
15654
3276
7980
2180
19436
5266
2741
5498
6377
19864
1912
7214
10402
4045
10063
18696
4222
17825
12408
9073
53
3661
13848
15822
17025
6656
2812
17082
12817
17702
1498
17694
5981
3255
4342
14320
5075
7162
7745
5318
655
19284
11707
15029
3114
16561
5465
12106
4746
13358
5378
10596
13591
1216
17331
6252
1997
12452
3106
11699
6861
6532
10016
4806
17870
9987
344
4560
15921
13381
16980
8973
690
638
15966
998
7002
7190
19780
16429
14833
6005
15957
2710
1745
13360
2824
3825
16214
9296
13307
7104
18258
15964
2489
12313
2333
6147
10901
7577
5385
12072
15667
7939
15923
7274
17414
18580
7734
18766
7412
932
3097
19019
10677
956
7657
12242
6714
462
8737
3512
4011
8981
14725
13410
7945
11850
10351
9772
16882
18144
4896
7254
8162
7901
5656
16875
4183
19797
12385
8783
11149
6596
10373
16036
17159
13480
18977
6201
1487
8505
14993
9520
15605
14118
266
522
6292
10573
13382
11058
18258
8375
4506
5602
7430
6478
2468
16374
17587
11387
10336
15403
18899
1344
12538
14675
6351
431
16029
16601
8554
6757
4138
15531
11038
19111
15941
10665
17022
3095
5705
40
2778
15603
16891
13443
3041
12042
2363
12190
1825
16988
5719
152
5226
18925
19835
12750
15664
9349
10755
6854
7823
3815
10961
1022
10473
13292
15929
19505
5643
18235
19833
3203
910
17032
10214
490
6008
7078
10498
6681
19043
1610
10538
14505
10838
3390
16428
1606
367
6494
1653
16276
2306
4274
1832
5789
9531
1224
9515
17720
11423
14862
5660
16246
7120
553
13441
13804
6736
12629
2556
11673
4317
14970
11229
10451
4987
17223
16465
13842
16559
11469
8569
4248
15815
19515
1557
3483
13879
9425
3903
9393
18270
14179
9845
14967
16615
460
10510
16734
15211
13644
1837
17394
724
16992
8467
18728
12989
2365
9551
36
8885
7912
14417
8388
14754
6772
19676
1325
11874
2649
14841
12656
12460
10286
2696
13240
1109
260
16018
14418
19855
9054
10106
249
19724
7696
15953
1726
12320
1235
9897
16209
19012
2754
4865
5614
1239
11028
14143
11462
14623
8054
17949
2377
17965
19076
3418
17229
12766
16740
10704
2398
8606
8160
10501
4226
1640
4670
7035
17831
11816
14301
14883
7468
2241
3438
16847
18281
17610
15181
1636
3227
15859
10810
15278
496
517
5272
3661
3051
18120
12898
2094
14613
1246
4581
6101
10209
19564
4926
7477
4089
19577
14000
16482
4266
19599
14657
5021
1321
14847
3859
8879
15968
10049
6522
15153
1114
9272
11455
13224
16198
5556
3184
4942
12619
11377
10977
19595
17033
12541
10819
7011
6535
4791
11551
3848
4031
12659
5744
6128
19874
19802
15642
5186
11017
1390
3467
5482
12409
10731
12652
11340
10770
17384
16547
8597
6900
3293
16745
6732
10575
5823
18339
11624
3557
17447
7423
539
8926
11824
1229
10348
17096
6335
10679
19683
2473
19965
14207
9533
9667
11328
10899
1759
3042
15464
6383
18759
12229
18373
2960
7357
2694
7573
9584
14633
15048
16427
7395
16671
5340
5707
9229
7029
6928
14194
4830
3253
19701
5267
15275
461
5003
19452
8201
17188
17803
2231
9224
13447
5936
16492
5707
11970
5507
7236
3968
15658
2690
13736
13216
19222
14093
5736
11364
15534
2573
1111
13921
15292
14304
13236
18114
18431
1029
7075
6754
18463
17952
13658
3042
2426
235
3192
16653
2237
17274
8591
901
14862
14281
3458
11561
934
612
15370
10374
1276
13458
18867
2519
7901
7743
5123
7962
19191
15813
10810
9328
15668
10519
5588
6993
13541
6633
10220
17418
1620
1855
827
1076
4155
8368
17662
6642
12882
19350
11157
11975
2531
7093
18920
19281
12987
19782
5412
15878
7001
6240
1635
3273
18696
12417
13898
19017
4393
6974
14411
2135
14410
7077
16875
10305
2707
11851
12702
16656
11871
12759
8142
890
4071
13993
7547
4133
5050
8649
6972
15065
19145
11720
19588
2913
5982
16149
15455
16638
2701
14942
4539
4743
419
2080
19076
12768
379
12494
13160
19286
13520
19098
11833
9237
14412
10083
19600
5543
6878
15547
19855
12233
74
9139
4287
8267
923
11589
4408
10211
4692
16766
6495
14479
18084
18982
8329
3173
12759
9933
2654
6457
1801
9268
16281
11787
11637
7701
5420
9737
3628
2640
16384
4872
19969
17204
12313
18523
17409
4198
16824
1134
18657
18736
3739
3266
1327
13641
11519
4804
2218
3357
4998
8268
18862
18009
14131
8175
12839
18677
10833
3554
7111
2814
8948
19244
4818
6495
14071
9126
16566
139
5124
10737
17369
19594
8787
17780
15787
17918
3370
11761
10586
17680
8578
7811
13187
5884
18314
11990
19558
470
6788
18403
17523
2775
558
12391
12545
15400
8315
18079
10974
11465
18976
6849
12000
13119
19019
12474
16089
18328
6445
13568
5257
11804
2968
10835
749
11986
1123
17621
8342
12619
12074
4226
9973
3472
11634
7438
786
4451
19947
6938
18075
15508
10575
13747
11257
17475
7
3623
2495
17132
7596
11268
2204
18196
14986
18863
6255
2958
3169
12350
12154
18027
1893
8083
3856
6556
3206
469
15304
7365
18986
10892
13907
10687
17333
8953
13098
7594
14795
13392
16704
5230
16076
3059
6070
6316
17118
812
4686
18150
5001
15142
17720
3719
15067
4744
7976
19920
9163
15024
18984
2368
6459
12584
6953
13823
1655
12360
3285
12424
2715
456
2560
4785
3505
15999
10941
15480
17142
15485
13869
1900
8862
17025
17234
9972
19918
4504
15809
18464
1160
15475
14294
2122
10660
1507
3137
4680
17177
5972
13823
6034
7675
9699
16868
10954
11038
5501
14419
6284
7416
3254
3696
13972
8389
10179
19788
807
18660
3924
16384
9343
4447
849
917
7446
13832
13488
1888
3086
19390
18673
10123
11002
19631
4822
19438
16045
5687
19010
6973
17693
8071
17804
16379
16051
12097
12960
17164
19186
15872
13810
10024
12450
8244
4704
10379
19640
2058
10212
14281
5860
13675
16082
5343
17430
12827
5428
9860
19949
14657
18400
1887
2686
6215
3538
5106
3677
11287
10923
16500
14539
16549
8358
6877
9021
15980
10035
1370
9444
9104
18834
1312
18206
9475
8269
17917
19641
9923
16210
14314
6911
7072
4684
16829
15107
18235
1981
9274
10726
16074
17562
18281
389
15417
9635
13956
14531
6538
13885
17479
19055
12637
11758
6954
8562
6474
7957
1674
14039
1131
611
4515
11959
17367
10618
5082
9536
17033
18432
4470
961
12447
5503
10383
6068
15806
9597
19551
7017
11731
5107
12918
779
4405
2733
4169
6962
3270
6589
17514
5476
3703
2811
8594
10024
14187
19261
2043
17897
13428
12207
10795
6851
16378
11888
5546
5965
14394
16617
6036
5219
4779
13706
4298
14286
14556
1346
11939
15922
16152
2650
10241
7605
3724
12559
1278
18631
3775
10315
14212
13554
608
1599
19579
13567
16254
14335
318
10018
4560
19418
18407
7428
19477
11572
17705
16715
17205
14786
7132
1320
7815
673
14258
9852
16492
18195
8008
15720
13336
1591
5081
10383
14513
8899
11276
13770
14255
6497
1070
15401
5604
2948
19322
16641
13205
19142
1685
566
10150
18815
18326
13894
18740
6148
8066
18383
7324
9817
6358
12926
8889
9204
16349
9333
17387
3664
15266
7832
3218
5962
15263
3093
14233
17884
8819
11949
4272
1812
15667
6339
10418
1552
16247
12512
4998
3704
15861
18273
18240
5239
15979
4126
11335
10072
4277
7127
13490
633
8127
12829
2571
18222
9653
19290
14613
13013
10774
5982
5674
19570
18886
13639
14781
1863
2498
10892
18591
369
16047
7782
6013
15137
18667
5659
16070
8661
11237
3529
4458
6835
17481
9676
2333
3809
15507
18060
12571
6788
3909
5189
614
4372
9076
7284
1643
6104
4092
11483
10691
1283
9555
3026
4213
10986
10491
15467
7160
6048
17937
12511
5879
5105
4291
4697
6317
8791
11839
5183
13775
3516
8614
1593
7145
14509
16383
7168
17888
15703
13448
19172
17431
19426
13319
18265
3918
12198
7678
2143
15076
397
18141
15501
8925
14087
8977
26
8798
2084
6459
15943
16885
10482
16540
9004
2678
18611
16108
414
1568
2265
8778
18489
4799
8737
17197
13072
3946
19690
13752
3854
7212
816
17580
9608
14144
11946
15864
7617
3093
3420
460
14233
5393
5241
3307
1907
8562
5560
319
17410
7791
8114
19942
12527
14462
18678
18761
521
6926
17705
11246
6090
9140
16157
13603
16034
17604
5613
10619
19395
18197
8946
1590
18184
1607
3845
9400
9506
16416
18642
15451
8128
14097
10581
18336
14426
8568
15571
3297
13082
4895
11256
3714
13064
15137
17192
6438
16177
18253
3748
19678
10067
9091
316
19036
7112
2971
1003
5926
14316
14405
8435
18918
9740
9035
4566
1309
11373
6418
18350
10840
11542
7200
11690
13403
8892
3895
6565
7289
18856
17631
15236
4422
16070
16994
7756
3588
13357
7825
13054
15993
7814
17156
9808
18050
19930
18335
5193
4256
12253
112
10009
13841
561
14164
7059
9082
14041
19865
14696
9120
18875
19038
4224
982
14480
1399
11095
3792
2475
8909
14643
15413
15907
2914
12254
11572
17855
3474
17796
9134
2269
16661
18057
18225
18208
7649
9672
5892
6292
16268
3588
17918
15774
2575
12333
18450
7108
3941
3954
16421
5750
1843
1853
18079
19832
14339
5263
13535
7150
14184
11640
2281
15683
13542
16211
16955
6709
3849
1148
17246
6016
12659
18351
10168
261
12468
10238
13662
17271
18513
6703
5766
2819
12167
12688
13370
8633
13705
18808
1545
1179
16870
2875
12567
6592
8006
7657
10517
6246
13682
195
7788
434
1587
13915
18226
19077
16626
72
735
15517
2399
15427
11833
12964
11950
4961
6603
1530
18235
9804
3796
3034
750
1088
9532
12299
5369
13344
5441
13605
3775
11410
18416
17726
13327
7582
5424
240
237
10846
695
14249
8114
14114
9120
9359
5898
13283
13140
110
2523
3681
8645
479
8965
12380
16442
16470
17285
16299
3396
5640
19507
4221
3312
12823
11596
19594
21
5788
6186
15508
16941
11312
7214
17439
8768
19959
5152
16170
15547
15945
13805
14634
9344
19294
9168
17122
3479
1366
19115
18272
1026
4066
5012
18135
13487
6706
45
8596
18886
4892
9515
2911
16194
4358
9400
432
18717
6064
14228
6027
14531
4257
10679
17338
7529
2508
10961
13158
17462
17982
11762
16050
5759
10471
14405
3668
1521
2787
12439
13232
10023
3652
470
9650
13404
14174
2516
2248
18042
3887
14827
14522
13745
3944
14650
13831
10243
4380
11885
6397
19132
17956
17180
19156
9662
2540
19850
2408
14587
11390
19149
5106
3068
2441
10765
8450
16734
16909
8101
4250
3900
6
19015
13674
12967
7443
1628
17123
2067
4738
10249
6970
491
8921
3757
1820
12101
6147
12743
4392
12303
11318
852
462
5801
861
8438
5730
11084
3495
8528
3964
1704
17259
17517
15983
9611
11285
16929
2820
3357
14546
19207
10898
15241
2452
16330
12668
16662
12194
18079
10152
180
15871
7727
12535
15921
13910
17555
8294
19819
7967
7928
8736
608
8976
10210
13789
5089
18371
4940
1116
16421
7232
16877
3672
16569
5575
10646
4106
7830
5660
12888
11963
16939
1359
14915
9667
4377
12102
3114
1091
5022
12042
4834
10811
1416
18251
2408
12393
6667
1073
18658
7616
17806
17600
8509
11233
13312
17447
8694
14008
16520
13989
10549
19637
8378
12888
8884
6917
15717
9155
15261
19500
11497
5883
5649
11170
4262
10959
18085
11335
3375
15922
18342
11012
2173
6503
1053
12736
10081
7847
18606
3451
14417
4049
19994
14698
13220
10767
13829
8976
9049
4576
11282
19990
112
14184
906
2887
8700
1105
13467
1322
8208
11835
4637
4988
10391
9447
2608
13545
18336
6364
8129
1351
4470
7476
18219
1807
19277
12295
1562
8217
5208
6514
4459
7188
8536
3971
16944
19743
15471
17219
16
11206
12627
11808
9866
15100
11101
16502
1433
7313
4129
16922
4435
5008
5592
12835
6732
17624
538
12533
5080
16053
18055
5867
10446
8250
10500
3136
15656
13405
11491
19194
9926
19536
18298
8148
16626
19063
2870
16007
11742
9099
19625
17588
5738
7690
830
18864
4833
7864
13741
16685
3043
3766
13866
17953
638
3773
13272
11508
2485
6679
2043
9003
12643
7227
17355
7532
1720
2019
11556
2414
17154
4875
16699
16671
2887
11176
14315
16305
6959
9091
19532
11458
7806
5969
4037
15430
351
9648
2713
17363
6140
10048
2557
2665
10249
1979
8265
18652
12801
19667
13805
13343
2825
10310
667
12207
3600
7104
13442
7289
2264
4110
1211
2633
13422
6106
1980
5136
17524
2632
13962
4593
15616
3212
17451
3400
9534
3813
9145
16983
16017
1914
13875
10767
17942
7696
18797
2327
12201
3397
3496
7772
5569
14796
13597
15254
9078
8229
8178
5234
3
6040
2287
8833
19878
18158
4234
6972
19845
2476
3166
19442
10699
9805
12122
6000
19599
12155
10838
2668
19285
8426
11137
238
12302
17713
16661
5436
18043
10950
4716
11808
12271
8212
5100
11672
19314
18171
19134
8217
705
17605
12220
19809
6003
257
1288
8696
14327
1533
16089
16418
5017
9444
9392
11332
3043
11634
3050
2096
32
14704
7022
11183
6428
10161
4134
11113
5383
14728
16906
3284
16856
14531
11863
1207
19310
13128
18079
5306
13714
19082
17082
5996
15992
19688
17051
12464
8420
2434
2941
293
19210
11449
7100
18033
6958
18818
9600
8105
15689
14791
12435
11424
8461
8251
16276
2185
12672
7991
8100
15882
9572
14421
17918
17375
3031
14216
8612
5352
5366
16246
6580
849
17500
244
11961
15580
6217
2044
15582
4044
8062
2477
3677
3312
7108
12095
9910
19851
16684
8642
5947
9532
14001
15538
17448
9679
8889
12665
18512
19583
10203
11745
18610
12518
16923
17972
19083
7106
8305
3954
17284
10694
6535
3822
16268
19738
19553
12806
16577
8368
3222
2717
5128
101
19005
6230
4412
19183
15139
12495
17923
9705
17560
9880
2779
13144
7498
16078
16116
11321
17994
10937
12215
18250
17162
2142
9732
18833
4551
6657
4154
18157
5604
10940
12206
13079
1132
3764
18239
8596
2489
3742
7584
698
8818
4494
7636
15132
18638
15959
3160
3508
1944
19876
14298
8653
4779
5809
12392
2602
4732
7399
19555
8693
9495
2418
14291
12872
5538
7393
10035
7218
1214
8858
6732
2022
17323
4983
6112
2726
12331
15905
1053
15240
12959
9895
4498
12450
8909
15547
14365
2935
2499
9833
13794
16478
2069
19445
16409
15755
6019
7088
7486
7196
2454
16630
5484
8290
5033
5256
3523
6314
16420
11169
11269
3399
3011
16055
5313
7262
16725
18735
16551
3406
5440
16157
10139
7545
6498
4823
3044
10484
4467
19477
3460
16071
3014
4968
481
1217
3086
13780
8386
15707
14013
3819
16438
17767
13768
6823
19085
7093
18918
5123
17578
9473
1303
14166
464
10685
11041
4110
9434
2839
13590
18597
15815
18246
18450
6819
19538
7254
160
17359
4479
14222
9467
13011
8818
16154
15890
7019
10170
11482
2629
5769
4170
5414
7884
1993
2823
13180
14423
12140
15389
2280
11760
13843
11053
18159
16957
1306
14945
151
18529
3982
18433
17142
3202
2220
1277
7158
13253
13592
7274
10786
1749
2583
10282
16144
14243
4713
9220
2923
18504
1894
14290
19835
17477
9908
4441
12371
1419
17058
14836
8376
6839
6821
13961
5449
8501
10668
18813
9518
2981
16993
13315
9665
4411
4735
19663
19283
15200
17355
19881
16573
18998
1168
2717
11749
17849
14043
9520
12425
12385
15344
12397
10987
13412
16358
10812
408
19033
1574
18100
8278
11478
7963
8136
8458
5019
1078
15421
9412
15143
16258
5980
14088
9032
11582
12546
1657
7505
7068
5972
2147
10019
19990
3952
7429
12622
8136
8479
2490
113
16493
423
14723
18973
19097
11453
6290
4407
19440
2072
19861
3357
5890
18848
12125
11680
2692
16516
6635
17871
16300
18507
11126
15220
3337
10435
17787
9912
11452
10966
12897
1633
2839
10618
1351
10876
15472
15143
15021
7254
3809
7299
13052
7844
10368
16697
9107
14274
15734
8841
7311
11608
12095
12472
8054
9721
19101
18536
9536
18117
15448
10915
17666
18383
11126
2225
15224
1432
14515
19273
1966
2202
5565
7139
8364
7841
11375
17964
220
11827
6120
13875
7257
1745
13735
9536
6710
17109
2086
1732
12871
3387
10736
2092
5328
1084
5407
6895
2569
18646
9526
17479
3594
11943
14488
14524
7609
8472
