10000
12156
11736
1188
3074
2329
8862
4987
15679
1161
7088
5985
17534
9460
3179
14527
1081
18302
1806
10384
7603
9502
2481
9744
16442
14397
19279
1571
645
7852
6015
13952
11164
6786
5601
18488
7222
8209
7155
16646
10237
14980
7555
16916
7759
19287
3007
10215
2526
6579
15432
6729
4183
1445
17157
10449
12704
11449
16340
817
18009
1304
9627
12636
1573
14651
4829
16658
10947
19467
3016
15881
19956
16759
4715
25
9697
13041
10596
17956
14005
2822
11351
8481
9317
3351
6555
18084
4817
312
19215
16811
10978
9029
14826
3303
17843
18748
3824
5189
14668
3067
10912
3160
5673
4215
19978
9477
17721
7382
10110
2763
8866
17225
11520
7437
1602
9482
18647
5309
3633
15566
12964
18438
898
3526
8400
14870
15112
7224
3103
838
6997
3285
16576
3368
8990
6295
17446
10892
7994
2841
8081
1231
17033
3475
18469
15040
1169
7472
13213
11440
4
16078
12248
4758
9790
13841
12945
7036
6122
2564
13932
5353
19651
4813
76
19052
2392
13420
9730
8738
13289
15472
11073
7524
11374
14294
5580
7312
16951
6622
4720
3697
6926
15788
6862
17230
10585
3864
11120
5549
2811
11731
9693
9346
2394
9047
6664
16824
15355
13257
9347
4314
7753
2733
8465
15198
3381
12646
17560
6830
2871
19465
4021
4149
14003
14460
18218
11811
3767
6737
2419
15037
18145
17465
18230
15204
14301
18215
5720
8608
19787
4802
18572
6536
5343
10853
4070
5617
8610
5687
4718
18321
19638
9379
2576
4302
15927
6835
5200
7336
5757
15150
10619
416
15774
8523
793
15204
9520
9168
4767
11320
17004
3404
19457
2370
15502
5357
16644
15857
3193
10590
5681
19403
14520
5953
17253
12690
447
2693
4741
19059
12751
3972
7279
13035
56
252
12108
19605
10297
11240
18754
3284
14979
9498
7718
7226
19675
19543
10990
4147
10110
10543
11205
12241
8480
6391
8599
2804
10477
16133
19884
12245
12656
1735
7794
5392
4722
3169
10674
7244
14489
6593
3589
10025
6994
15712
12192
18916
5066
18840
14314
5609
9366
4380
12654
6838
1426
8313
3340
10376
7462
13063
18921
933
3429
8907
17959
16133
12847
16461
10064
5981
8599
5584
13996
15849
11646
17555
3698
16726
12062
4868
6810
14729
8611
11804
18993
12271
8339
12250
1158
12898
1583
2496
2017
12021
17745
4900
18643
3613
4533
2196
2345
14012
18804
4490
9274
17514
6828
6119
2176
2402
4315
17262
10211
18118
1578
14112
7504
8880
807
11888
14889
5655
8746
13347
4439
11130
13945
230
4602
556
17767
11627
8033
10908
18455
7425
19732
18271
14238
6254
18638
11676
6950
4268
16105
4820
8591
10526
10194
8269
1329
17646
2299
9177
1596
11268
18095
967
16960
8228
8576
4582
4168
12453
14396
2225
10049
12394
13726
7644
12473
7583
8225
13114
7555
11089
6671
17864
15831
2729
1336
5209
10197
11655
2078
18622
12842
17464
9677
1330
3883
18260
12360
15359
18046
4278
5822
17617
16249
14361
3612
17813
2274
10155
7004
17614
3413
9712
7899
19828
7620
16758
11528
2888
17976
6897
16024
13625
1654
3890
2646
7276
10205
3080
4919
13036
7500
7859
15244
13326
19969
5025
5010
18687
15067
4712
10947
13228
577
2975
11695
8590
17467
2297
2885
4400
1374
5150
19082
13854
8742
10439
10285
3404
2587
16758
11121
12352
9782
8080
11273
6301
8093
2456
387
7565
2730
3946
4059
16297
12010
15376
17648
8968
12129
5668
5331
6883
2954
6275
987
16673
12732
3914
3542
10756
17833
3088
18458
1678
12352
19648
6394
7409
9682
8369
14196
15730
5105
19299
15847
13177
18389
14616
7329
16440
16184
18349
14039
9078
1537
16308
1294
16982
9694
9936
17238
6313
8266
16459
3446
15980
18190
10295
13570
18847
5092
16895
8681
6116
18870
16074
8075
18416
2565
19884
7432
14737
11526
1064
6067
12476
6310
8773
3174
18226
8558
2988
12815
7822
18850
18619
8712
110
13156
19402
11205
16187
11350
3960
7590
14934
16732
3120
3563
12577
19391
15326
12615
2120
6413
3399
5454
10346
12702
19274
744
16520
16978
7634
10407
2024
10710
16949
14357
18726
10310
6700
16519
3672
2220
11662
558
2748
15398
15307
620
16385
6502
3107
835
7759
19443
6177
11273
6836
9132
11543
8664
19595
4845
1399
17442
1995
42
2282
7297
11145
18168
9361
19980
14155
9803
15031
11750
5867
4698
5295
16689
8420
3167
12462
12032
2204
4026
10407
1194
9357
117
9472
5274
4145
12834
10702
2914
2346
19649
4721
4752
5516
382
19982
2745
13224
13655
3909
7410
4341
1819
15246
19646
18877
6445
2933
4834
9025
16840
19823
14484
1866
12956
11544
1777
4589
4023
17643
6445
8954
17888
14269
6789
8866
13948
1878
16913
6082
18739
14381
18486
15824
15884
3263
8184
16065
17301
14539
7436
15828
6783
11757
19691
13439
17126
18421
13890
14708
18767
10531
12870
6671
11050
12290
1126
10943
2486
12830
12441
12398
17124
867
4054
15087
12115
17171
12546
10851
2138
6596
6499
6568
11557
9012
10707
16671
5495
3049
8721
16920
12654
12681
1746
12380
18563
11443
7797
9463
17104
18713
16051
14592
525
14107
17109
6694
6323
15616
4480
1016
7937
14419
13867
5937
157
3608
9393
15967
2706
12042
6818
2799
17591
13202
7796
630
11761
9958
14455
9150
8687
17339
9381
12459
9170
19689
3736
17929
13584
3802
3766
852
12814
12909
5896
19524
10410
5166
232
18355
17275
16874
12152
6635
688
17681
18032
12721
14389
12749
7759
5704
597
19609
4659
11236
15161
4480
17603
13804
3598
308
12201
16203
8420
17895
13309
4275
17714
3049
11549
19726
13559
9054
4569
1058
11676
987
16298
16608
470
8509
2691
1930
18087
17095
6911
4927
14980
3478
5818
7044
11984
3842
15100
15568
8583
1779
18128
9332
18808
3965
10514
11717
9194
12410
7463
14887
15295
10915
2599
1208
9301
2826
6197
14071
18249
10711
10063
9551
3671
14557
8352
8259
7452
12953
6611
3000
4380
10470
12195
12569
8768
5215
1197
4011
12535
2994
6983
9391
1405
6525
5258
15981
3225
5513
522
6787
320
2047
14022
841
9111
10123
5307
14751
309
3916
13363
16246
16391
1908
15354
1976
14670
16098
19922
14582
35
16922
10108
2188
3706
158
4343
15858
17124
2892
869
11042
7342
4019
4840
12544
15239
18290
12077
17611
19551
5103
14750
1151
7851
11409
17115
11109
2469
11323
8259
8056
11729
550
3308
11443
5242
12377
6034
11452
14330
775
3692
1448
17368
16070
15866
15658
10796
19335
18842
283
11294
7767
5211
13191
525
14833
1608
8306
17035
16221
19686
261
10437
1161
8313
9465
5217
3171
13664
11903
17920
10640
5665
3945
13187
18572
19135
11096
14313
7903
16200
2724
7670
7895
13003
17025
16880
2344
6855
18228
4451
317
2110
1714
837
3641
14824
241
18131
1615
9828
18414
11930
11770
13289
2810
10769
17306
12475
13985
11907
12364
15929
4056
2475
9892
8404
2243
17689
809
2042
17152
1937
4590
8527
16467
1298
489
6685
13679
17748
17329
11394
5022
5387
2137
12232
7181
6248
3491
9427
2455
4030
10883
1555
9324
13634
6737
6520
894
11467
6794
4389
7880
985
13316
3550
18012
17491
18636
6747
12839
2568
4734
19359
11810
727
18080
5538
2328
16074
252
4873
3471
14077
17207
14040
12725
1469
11155
17630
17449
17451
4669
19566
1122
7295
8788
5486
7840
15913
3255
8040
12461
2483
7465
14174
7248
8675
15301
16986
18542
13949
4631
3619
19517
15141
8830
5516
12230
10273
1373
15911
18774
11356
16952
1687
18241
17447
8849
387
18356
2971
9311
16326
3190
15994
8295
18755
15673
14803
13242
14261
6787
11875
3339
2789
19604
5785
10155
9909
2579
16498
5187
1113
7481
13731
3533
13221
4250
3317
3536
4609
14795
11147
15510
2490
8852
19551
2731
17906
12020
7018
2676
13623
13611
5154
9450
15281
201
2205
19922
17941
10480
16596
9562
9431
2472
1092
13137
4476
14751
11469
16419
1101
14202
7069
15185
8327
2269
5575
18249
14352
18163
2157
12903
9796
13755
3389
11080
12589
5071
10358
11878
3633
13714
14316
10293
10149
15669
16129
14488
2048
13253
17460
16001
15018
16117
19510
2148
147
3172
5430
18966
12256
971
13375
5927
9248
261
10967
2777
15964
16795
17992
12284
15181
18795
7516
10856
4200
1364
2337
17942
16980
13249
652
9916
3196
3152
89
6307
3200
16413
6481
4998
11814
10224
16644
8360
5038
15935
598
16178
1411
1793
12182
18089
10029
4305
12681
8616
17539
12699
10534
479
16221
10662
15706
14728
13768
11390
5803
15201
18387
6876
12218
17387
5927
1749
7234
13950
467
5820
5629
11623
11269
14324
18661
17343
12436
6423
12600
17513
1978
5212
9812
13863
8511
17544
17410
19353
10577
12436
1424
16116
7088
5622
16598
3003
6053
15151
17050
7485
16179
7504
14479
16202
8678
8458
15576
1107
13607
19313
16331
16221
7057
9419
1328
16162
17214
13307
18409
11364
15035
1765
12907
15055
10971
3549
6858
12426
8391
12977
14675
17433
13234
15151
82
17362
5930
3604
1876
12313
19594
12179
18567
91
3149
1406
16382
13731
5566
18963
5809
6109
14539
486
17025
5349
10871
12775
408
8619
12878
5424
17199
13733
8819
15822
11561
13872
2997
8969
12829
11397
16353
13873
13169
436
1009
18663
6529
11968
3586
19973
14335
9527
10211
16107
7413
9611
18889
19047
15878
12242
7936
18368
4754
5143
18875
3295
11864
15066
7116
8731
13813
19019
13520
8767
2571
14782
7970
5018
16222
14763
7407
17507
9176
12838
12969
7655
9675
5782
16597
11057
5398
6932
4384
14100
10497
16193
2286
408
6563
2852
13618
13567
4899
959
8986
7474
19355
15405
2466
7981
3704
18138
11081
17251
3742
4702
6209
751
14537
13688
17663
6201
10094
13796
4274
13633
15039
5720
15760
15372
18734
3873
7692
12776
18153
4564
13956
6941
163
14355
12375
8817
9972
10815
12692
3224
14166
7828
4109
17847
18416
15014
16458
18643
11408
6006
2426
17115
10929
4881
10277
1071
18653
6213
7389
16395
11275
15744
15154
7284
4489
13959
6404
3293
5045
8847
5651
10774
8837
9532
14675
9362
167
10004
11900
14900
16578
7071
4765
5942
18875
382
9040
4693
10388
8132
11337
10748
4910
3733
6696
3403
9456
10138
9166
16899
11488
4606
17004
13777
16557
14857
3926
9173
19695
7574
8343
13359
10758
9202
17598
8261
3072
17204
17942
4114
15095
9459
5684
11150
12502
2761
873
6038
16763
1346
7415
1688
8760
18880
18209
18302
11380
943
10234
7220
14767
3104
2528
13207
8834
15492
17089
6300
10980
6535
10363
3547
16618
5958
15874
15350
10310
16078
1306
6793
8208
13843
12933
18416
11170
14505
1174
19407
7132
17603
3460
4706
10376
5990
7578
9186
6585
14760
19115
5201
12205
15082
707
10530
2033
19056
14008
14120
7267
18777
2303
1657
6322
12575
19964
15006
1377
16877
6641
17370
10379
14552
1527
4660
6433
13115
8587
15619
591
7507
5407
22
1948
6771
15921
3133
13552
19493
11033
17175
272
10142
8828
5657
19812
12189
14014
13847
2778
15872
14292
5970
1188
386
9911
12254
18012
8309
18773
16399
9383
2776
11969
4383
1559
11349
12235
2143
11723
2682
15338
18008
11345
10193
2549
15196
3180
7966
2385
4462
3792
14773
3333
3851
12458
2678
13161
5075
8381
550
1821
11416
14151
15179
13910
9858
11074
12547
17043
6172
17286
7042
3597
1343
4684
4134
8621
10712
10317
10680
10648
1497
12104
18722
2085
7129
2467
10759
7568
11400
18377
19108
3975
19892
17170
14721
12288
8881
16960
10579
19661
18920
17029
5937
8840
5855
5570
3569
19369
8641
5931
5023
855
7945
15270
8281
15355
3184
11378
6922
16688
5585
13828
18241
10294
18389
19660
13005
13990
17473
11862
14999
14527
1368
11948
9756
6175
461
4602
6566
4237
8297
1770
11814
8403
16533
2093
7247
6218
14757
3674
9362
717
9697
5809
9778
12687
10193
2905
16835
4425
3365
4135
10020
7851
6942
14944
1718
3156
4924
9301
5432
14749
15493
7021
8513
7919
16335
15905
8153
13813
14410
1985
16244
3436
3213
8948
1611
5622
3963
3388
1976
11374
12050
1144
12207
16599
16080
8803
14644
4045
16738
11994
15101
12092
2698
5530
2437
6863
17420
17800
10249
9089
11061
17642
3394
10992
2473
14322
18656
4559
14568
3771
10528
1786
18235
16940
14954
11045
2945
1146
5097
4237
561
15755
7463
6192
523
6932
11461
17336
8159
7043
18836
12210
10521
3449
15827
2845
4680
14991
2437
19358
18858
14361
13870
4176
758
6408
9130
11417
19781
17898
15786
16696
11229
16876
8076
923
18588
12031
4725
4525
17725
16984
15182
11307
810
19666
18296
1976
18015
15182
14894
1222
15254
3130
2998
7637
17365
7440
6851
9881
6000
8053
9930
14099
19195
3522
7998
1762
6641
12095
14346
4434
442
15435
11563
13970
9724
16793
10632
18883
7105
14004
9998
15693
14625
19874
9836
6444
15660
11335
17640
4967
16790
8993
13757
4737
2367
10768
5170
16872
16126
5912
19959
11
19786
16895
13118
16425
8932
11441
13044
2148
17444
9028
7707
14453
18750
17973
4997
8569
13104
17713
6095
12040
18348
10256
152
486
7677
15611
4572
18739
9175
5486
9681
1021
14240
4665
8477
16277
1268
9952
10674
2911
9626
5475
10312
9666
11841
6648
19221
13440
13173
19411
16395
6336
18852
17863
7726
423
11624
17415
752
8421
9809
19366
8491
18795
15632
15740
10971
15770
7266
19689
13653
9430
18071
3380
17480
8890
17758
6349
17743
8070
6799
2705
7375
5683
6196
15339
8211
15558
12565
11031
9954
13059
11871
13666
12090
4729
5552
10189
17547
15771
18529
784
14514
2863
1328
4828
12752
10751
4873
12761
1863
10669
10097
8590
12689
2020
3215
14334
2108
14633
16439
1711
17318
11408
3509
9095
13585
3531
9778
6831
12866
4062
17637
12857
3004
14061
4153
2942
8725
19318
9463
16640
7089
14524
11024
7502
579
1912
2377
9254
19005
5620
17764
14580
19215
8978
2983
4601
13892
10342
3499
12583
16629
10565
3010
13001
3656
10645
16582
16351
16521
2883
1082
1446
8611
11924
3136
18614
2394
13843
16215
15942
9672
1929
17837
14954
2419
6731
3849
13372
3208
11661
16430
5401
19606
15125
13133
1570
19817
5098
6666
19874
17473
618
13896
2224
1326
251
19220
2826
4362
2745
12619
10849
2964
686
12809
10388
292
19392
399
9237
18768
11909
1296
10759
8442
16817
19256
15593
563
13136
10202
17164
2737
9871
3636
384
10984
17300
10273
7373
8103
11438
13179
12381
10834
5702
7882
5591
280
3541
18958
5286
10160
16624
2341
15512
917
6623
6649
4450
6651
18635
1289
14977
17004
17813
17682
19867
3524
7683
6106
9668
12517
16341
5433
15421
19928
13334
15973
18934
17473
10030
16728
12084
4573
3060
16256
6094
15515
3521
9731
18705
12180
17760
12
17508
968
4545
9014
10021
10807
11308
14004
14642
4536
4819
11003
868
18585
1409
6285
886
17844
6062
2723
11619
12171
5524
2198
5997
18624
13948
6698
17562
7059
13425
6359
6137
7064
1495
3285
13507
11156
2932
4547
252
5716
4908
3860
9176
14058
15499
2615
14170
12837
19835
11778
3672
17068
19189
13403
12059
4280
1844
6146
5826
2475
18021
13021
10053
3024
10458
17057
2807
2511
958
891
7557
13101
2212
15417
5244
1502
14488
6167
13959
14569
9430
17129
18869
4663
14873
5058
11897
18838
13132
15071
11243
15408
8221
9971
18636
6819
14160
10928
12583
4861
11087
13327
8018
12406
9054
13532
5556
3178
19148
13633
11552
16977
1446
19468
11200
10909
19590
3776
12877
10896
5258
15222
7834
17783
4543
4269
6609
9542
14747
8405
15221
4593
8265
8372
18887
7237
15391
19026
7620
17665
10828
10600
10922
13940
17518
9280
15707
8084
8192
6152
8571
7896
16560
9881
14068
8563
15566
6111
11769
494
5696
6020
12231
704
4306
10301
12294
13324
1163
19888
5167
11863
9499
11168
5097
5093
10705
12951
3628
3312
7817
7984
4038
3523
18947
13598
13371
17529
3374
13884
5607
16557
4354
5553
5183
9277
19342
11679
16086
16096
10278
10281
16603
17729
9214
12895
1632
504
6004
13799
19061
2627
19111
15146
7667
15430
14054
5048
2325
4828
6372
12632
16384
10264
10599
17488
6147
8061
15295
18350
10105
13270
628
18065
15691
18963
5624
1591
9939
13056
5307
18883
4156
2404
4701
1738
69
915
12703
11899
4708
10448
3314
585
3335
2019
2481
10230
4021
6611
11435
6941
3283
11712
17624
17116
8067
17023
11853
16861
4871
4147
7434
11551
3811
4548
19856
18821
4001
15775
17712
13403
9582
1098
12831
16513
17921
1954
5285
5142
17659
18291
10869
2241
15369
3795
19991
17342
11879
8859
2785
9380
12160
6275
7076
13423
19024
4473
10531
10415
16874
1918
19326
2284
2645
5373
3340
18676
5137
17833
8519
867
10296
10546
12897
19918
8511
19907
18261
8556
16955
5851
16760
17025
10113
4357
1647
12104
19750
6359
18874
16572
6053
5572
6573
18819
1503
11742
18463
17304
1180
16107
14427
14419
5359
6211
3604
14519
12536
16804
118
3800
2691
4465
7575
7336
16814
17582
7853
14684
872
16848
7193
7231
14037
9541
11232
9747
7854
1984
16347
11487
14693
1854
1732
2617
3590
1210
17585
9169
18329
7529
4669
184
3523
1652
8353
9772
4525
19984
17122
17921
4988
5915
7492
14093
10079
10644
13277
8432
10888
7575
8260
12317
2481
17269
15495
14634
19648
16940
16284
14192
6661
12712
47
15647
9472
13013
16667
14178
1343
14272
18996
16906
17477
18857
18528
569
11687
11335
17030
5262
7599
17880
9214
10312
12579
4451
6664
12184
9217
7277
2873
14727
16065
4244
753
12161
14268
2890
9767
11869
11018
18962
14181
14059
19207
15600
6672
6105
14319
9072
16096
1185
8905
18455
7854
12850
19904
10525
3275
8249
4652
143
13613
5387
6160
12224
12100
7698
2204
4519
11883
15635
5426
1465
8282
8376
15174
17348
7001
17630
12862
7173
9007
15133
15257
10342
15671
16847
1964
5976
404
6015
13831
2888
7771
6736
3671
641
14287
10983
15396
3039
2571
16950
11674
9899
17207
1477
13477
9720
11837
17279
342
1656
7286
12695
12771
15835
8190
5781
5386
7206
7174
1888
14837
4108
13896
3273
2009
19020
17204
19474
15864
19398
777
5626
807
16379
16640
11079
13066
7712
12226
15342
16668
9566
14234
19617
7914
17930
12773
7605
1567
10556
18054
17775
19258
17262
3702
15947
1787
19155
16760
7561
11933
9937
907
12213
3964
15388
3321
4912
5336
13617
14156
14080
1779
7755
5183
209
15284
6246
17458
18790
430
1358
10264
6497
11450
15458
7979
3594
6784
9707
16415
6911
1205
10515
11764
7416
1086
4452
14981
11254
2739
3934
413
9480
13407
2324
5769
13274
15012
18531
1001
16410
2363
12688
18176
13896
8985
2493
12554
4185
9773
13992
6701
9864
15845
5248
9384
13210
13297
12709
7369
17068
1247
9243
10843
7515
11141
10282
11676
16592
10558
17558
9356
11078
11915
8214
4769
1113
13659
2354
14648
19597
6629
5630
2534
1336
11986
7213
10988
12973
7960
4500
11945
10054
18880
3197
2825
18349
19561
11876
13691
12583
8710
18322
7969
7806
9666
7443
2784
5577
12868
8630
11991
5722
3949
12929
4045
19172
8606
11054
2691
2246
5527
19909
6888
19256
9978
9751
971
14098
14030
13365
587
11572
10912
12395
13195
11349
4099
15197
16577
16619
11416
14140
14093
11507
13065
8292
17095
17598
10415
2837
6577
11353
4595
13964
10668
12279
8113
19646
1638
19133
3801
2225
1776
14473
17872
694
12238
12320
8819
6054
13672
6163
987
13304
13566
14157
3100
13661
6232
11836
3975
3833
3419
4985
15920
93
8919
3765
17705
6885
17597
14882
14125
12811
7918
14844
10778
12583
5871
6706
5301
14916
665
4981
9233
4607
10540
10684
11242
7454
7460
18512
16076
18699
14627
827
18289
8588
1998
9672
19559
10817
6580
17047
11087
15385
361
7648
9442
6096
14257
12641
3694
18889
5175
3077
4638
18628
2557
7379
4888
12829
9806
6416
3328
15713
5391
12562
3482
5677
15029
9027
14157
101
12688
12846
10978
8301
9348
13737
19884
19912
18264
4222
18209
12586
263
1176
2758
15228
14836
103
8170
16620
219
2928
7785
17070
7043
19091
12016
14900
10383
13370
8192
4037
18963
16220
3211
17212
13892
14699
13308
13728
1992
9760
11507
156
2317
2560
12014
19002
3318
12619
9539
13248
11983
19970
137
10151
6017
5426
10807
11796
19009
12865
5892
5782
131
1044
16014
1083
14061
5306
5462
5934
16326
12601
4616
18961
14925
8851
4376
11186
12549
14804
15496
15662
7278
15643
1638
1567
10287
11683
7026
899
3375
19021
16413
2923
2852
7019
8366
3324
17507
8907
1854
19557
3701
16382
4899
1758
17162
8836
12905
19833
15527
2422
18076
13000
17723
2544
2659
8651
496
13625
3878
9683
6429
15024
9680
4536
11544
5333
19311
6228
4073
5009
14424
16442
9305
5570
3080
17814
1513
2183
12422
19139
13792
7845
12260
835
1084
11892
5507
10078
4105
13193
14454
4826
8527
19168
17343
8306
3621
9701
8918
1335
17220
10879
16648
5248
791
19482
8572
19823
14318
3376
16081
8930
6770
1396
17827
10834
8531
9754
12940
17452
19645
2470
17383
12714
10504
10352
5839
19533
19343
14480
5671
15800
824
6027
4691
12140
1714
10778
11843
18812
2333
9716
495
14124
3139
19864
13150
7467
11717
10841
15393
4266
9392
6565
16092
7672
19182
4788
14565
13851
6488
19914
7397
2125
11977
7176
15227
12593
11598
11894
1440
3088
19930
13189
1349
18933
14262
7652
11544
15201
14997
866
4038
15947
18630
3706
18106
13496
4419
2208
6147
11027
19782
15526
12276
3753
19035
15179
16485
14947
1616
9601
19127
1409
2408
3577
4853
1040
9519
12269
4022
8967
14761
10954
15262
11620
17796
16952
14180
7422
13195
3144
14543
14214
15004
15929
1497
13087
13905
16070
1494
6967
9594
9392
5901
4897
12652
8259
18757
16881
6547
17863
8379
6067
2019
13318
8143
3432
7564
1236
19359
8094
4428
6656
10763
7466
5150
9366
19288
5509
528
12303
10896
6848
1586
4214
710
18598
6730
12311
8247
1485
12421
2278
6444
15927
1160
14504
2524
7595
5061
16610
19407
6091
2440
11965
13597
2483
16817
13267
15540
269
10300
17049
19736
2643
3580
456
2757
4354
16358
11657
593
10231
5161
19453
9420
13065
6684
8038
1033
9346
14768
16822
790
9403
4004
2162
12551
7251
10392
15234
14866
4684
4505
17048
2995
14371
18010
13690
1103
18986
10308
2861
9141
17059
6308
1568
5984
7899
15970
19219
11578
8672
2451
11395
763
385
13220
4659
3087
11105
5879
1047
8245
1559
2058
18400
19555
6308
1362
12479
9607
18258
12807
4216
17001
18246
2745
15717
4012
9954
18144
12963
2963
3610
8241
12093
15456
18736
13356
11956
3127
15310
18066
13512
11106
3552
19540
10085
5870
203
15623
8428
14706
10606
11700
15229
16431
18035
1484
18558
18579
8786
10040
8267
4632
10787
974
12890
4426
5021
3135
2665
18213
9264
6382
7494
13180
3484
5723
1243
15350
15020
9885
16053
15699
434
9007
11055
18861
10783
19233
14432
2650
12831
19087
6653
17645
14223
11694
1612
18748
1021
13507
10150
9820
17627
14094
6632
9128
6174
1091
10775
9217
7609
1337
781
19759
8337
19483
6276
18726
19421
4797
6174
6052
11389
7881
79
8022
2451
19222
6855
1786
19810
10618
13312
10431
7522
2198
18112
6601
14332
11856
12587
369
7080
9918
13001
13097
6433
9822
8079
2525
17858
14499
5613
15125
12768
16489
5395
11319
6595
13257
9409
937
12673
13992
7689
18132
3161
9003
14531
9540
5161
12613
2093
6956
4813
8848
6717
1318
5077
3962
15269
2648
16865
11383
5953
2546
14619
2932
16511
3092
6769
11180
7052
6509
7502
17139
16823
14430
4180
2639
12069
17021
19129
16199
14832
13429
3579
5172
11548
9706
1984
10804
4792
3578
19310
957
6541
16063
8548
6798
1350
13553
17555
10625
12924
14281
18621
7005
11229
14177
3976
10089
2905
12055
4863
12186
936
1295
14886
19693
12859
7032
13687
10864
13150
295
13598
18138
13990
17279
11629
12795
12733
15155
29
12238
16455
4386
11746
460
4111
609
937
1018
16788
278
14576
16226
650
7488
13795
13407
7118
18612
335
12625
10857
10691
7140
12497
10400
6775
1132
10271
2422
14492
162
8887
12319
11035
11184
12321
7266
7073
2506
840
13193
2367
6305
13570
12168
10411
3717
2382
5384
17347
12698
413
17199
7601
12757
8230
19566
19146
14387
3485
18023
9841
2838
3422
10200
6809
18653
11363
5608
5639
3775
14934
2509
19990
13156
7776
15128
84
4096
10079
19326
3881
7117
8438
739
10263
7812
17150
421
2621
8215
10682
4930
11126
4942
1961
14343
17791
19740
5973
11895
15094
797
3976
10772
19006
10318
5598
18989
17854
2665
18933
2531
6761
6428
10017
12953
8088
6149
4508
16569
8596
1740
17434
14781
7536
18653
15579
13088
9618
14688
8730
1826
10418
7607
6658
7761
15387
16243
12481
8955
5487
15987
1268
9069
6184
6811
11073
7494
18456
19245
548
13053
2097
16870
9729
11659
2721
10167
19544
5367
11670
7774
17943
16765
18943
545
13641
9594
18386
9831
18700
18678
298
11059
13121
5326
3145
19806
6108
19868
7643
13807
8538
12998
5819
2169
3219
4800
1550
4977
17189
17183
10285
13707
18096
12124
12449
15472
17952
4800
14535
1790
8933
13202
19667
4124
16446
2874
14064
248
16692
12881
2245
351
9475
17575
8724
16281
13971
2705
15260
4926
4965
18829
18366
2617
19016
11603
11484
12279
12972
5722
7133
12940
4238
3971
9710
17027
4241
4614
16227
13023
19598
4120
9146
18226
5026
15158
6336
5561
18086
10096
1677
2771
7676
11957
1291
9373
17605
18038
11028
14059
15919
8794
7513
13860
3820
17982
5215
16187
4990
8166
13283
18437
19342
2981
11390
15260
8091
6501
3844
19503
7408
2643
4103
17571
5711
13738
4632
12427
2057
1050
18381
8159
815
18389
8958
4316
1091
630
6442
9112
4487
13614
13335
1824
17655
7852
1782
5744
9843
2632
12772
7662
3156
6413
8652
2179
10688
16417
18186
18615
12985
13874
16044
9192
9647
10494
10641
12134
6678
3647
10835
5423
10770
13905
18016
7298
1839
129
19556
2914
19661
4308
12099
19785
3896
18610
2146
16966
9461
3949
5445
5044
12569
14417
11411
9337
18420
12650
11509
10104
2218
6861
16062
7987
19938
4068
7813
3040
4632
2041
6669
11655
3565
5117
4965
16501
13182
13174
19531
4704
5586
7555
9388
1272
19788
910
11335
16006
3297
10893
6895
8676
19203
19380
18095
19640
5084
18618
14728
3310
17559
13062
3509
17586
10007
6967
16048
8743
14251
3885
653
2758
89
18487
14660
10454
856
13530
7276
580
10682
16730
15075
13855
14021
7432
18730
3539
4355
2376
3885
5761
6607
6622
576
5303
12272
1109
15461
4081
17219
12459
5867
10763
4304
17821
7824
18081
18431
3466
10726
18022
99
4774
8308
2909
11828
19870
15443
8280
8475
14754
2489
9130
8678
17972
7827
5835
18363
14252
19818
7208
11433
19557
10056
8452
15514
18056
14005
10511
8869
11475
13690
8512
18305
12037
1254
6898
10131
2088
18798
1113
7400
18524
3247
18816
15902
5180
16208
4193
11964
9263
3203
7328
4803
6190
9962
10852
6556
1741
6198
19442
7312
1287
6858
17255
4439
13546
9150
210
2152
5724
14080
9581
14543
14761
5972
12950
7900
8586
6044
10606
13592
7444
1907
14285
13939
19930
8148
9855
9177
8127
1912
6879
11619
4156
2715
1711
9929
6794
19840
4209
12597
10541
8715
4069
13906
16734
6348
12704
17444
6899
16796
19141
12946
17964
19903
8898
6558
573
6633
11402
14869
13459
1406
8874
3329
14725
3634
11595
11323
12505
4623
12355
15102
9263
16500
6775
6424
15502
15706
401
18522
17289
1650
6362
17678
1710
18890
18261
18343
10603
15407
6328
4180
925
685
1639
2063
8982
4081
18063
12466
18826
19311
13083
11145
11895
16799
10903
13922
6222
11619
10783
9697
15778
16324
2914
11600
16748
153
5369
18548
8760
19529
13182
6075
15184
9736
6314
16817
707
4990
1199
19473
16306
7749
3343
1432
14871
6897
18839
14998
754
1130
19388
8926
3377
5524
12304
5661
14683
18160
18305
9927
1113
6779
11055
2124
4801
18100
14343
5290
1889
14939
8448
6940
69
11893
18001
18896
5925
3916
14222
151
13677
13171
317
10965
14410
19720
9913
5656
5806
13266
15395
19301
2529
10121
735
19118
11012
16756
15154
15647
7042
18222
11350
18840
15350
18946
15319
1461
13907
16118
9453
15433
18260
18084
4759
12586
5057
18882
18384
16357
2426
16163
2737
2450
10243
14359
14115
8130
6284
14509
4447
12533
12444
11353
16867
11464
12122
2225
11123
8043
10679
7537
12394
16177
8539
18206
9020
9440
2314
13832
8522
13193
5587
2376
9600
5041
7701
15849
11790
6606
15439
8931
16545
12941
13858
1058
4318
7408
6724
13797
3514
5397
1476
12002
12281
12753
14997
16391
14017
2621
13178
1596
7642
10470
11724
3909
14308
12488
9675
15459
10933
10549
13982
857
19246
2574
8104
8939
18648
6196
8938
5187
17216
18201
175
9422
4813
4784
17303
19235
1690
14979
6947
7684
2484
7970
10010
7293
6097
8537
14007
8233
19339
11611
18064
3443
12728
16635
11490
10330
18503
16889
8766
12686
2105
13497
3978
17111
9050
12783
12405
3766
2875
15382
1403
7778
397
1377
3281
10676
6651
2793
5582
11711
19876
18756
2455
13014
1780
17591
3845
19826
15103
5442
15956
7211
4089
4858
170
15971
14548
7188
10626
4258
2103
9084
7509
3516
10616
2021
19653
5423
14902
5211
1381
5545
6517
15637
10279
8934
3158
15367
5635
1814
18611
403
6529
19453
2868
12671
12292
17237
9361
4130
3475
7918
13732
1431
18117
14165
7465
9524
9481
4050
9622
5749
7759
4363
3473
6449
17942
18918
7890
13679
4594
15116
4503
2545
16505
11465
286
493
5803
432
1794
16701
19452
8924
18772
7693
7776
18737
6357
6450
9489
19968
7982
8409
18944
9097
1453
893
6390
2555
7900
4338
15173
4375
3775
10943
8176
10963
4618
9417
11155
13658
8701
12841
6160
14992
13053
16352
18424
8467
3472
15041
15763
13566
18388
4908
332
15207
16892
13147
9467
11080
10408
14870
11280
27
7616
9345
3577
13694
12750
6613
13776
6966
2805
3435
3940
6767
3249
7444
10787
7969
1068
3143
18497
11855
12794
10034
2183
6793
19379
14545
13882
14418
3690
9501
15495
16092
6862
19931
12265
6766
10044
11893
15926
4423
10207
6086
18636
9853
3430
6255
8819
14046
18240
12199
12911
1752
18838
9327
10821
18292
10980
11075
3687
8252
8982
7244
1438
18173
4156
13714
6291
10984
13641
16687
5466
11027
19758
2623
16827
12253
4878
2995
11742
12238
7293
5509
17331
2460
9562
3046
8347
5834
6598
11059
12726
15531
9152
2406
16394
9412
19006
10217
5964
9552
11562
6437
2031
189
11670
14168
1830
7283
17374
18661
15479
7381
11929
9254
16607
18656
3899
7868
924
9840
18922
4839
5114
4354
14331
13009
15197
1236
12841
19076
14440
14025
19825
10012
9992
16073
5164
10071
17825
1892
16458
17001
8978
11895
1991
6605
17991
71
10285
14869
859
18090
13479
1922
11112
2182
2684
13519
8973
1809
10608
11048
10523
18391
15379
16056
8955
14618
1828
8736
1919
19508
11206
18883
18052
17272
17308
10142
19777
12822
15364
10773
2798
18269
13806
11080
14548
6426
3416
2789
12301
7775
6023
12823
6648
10400
17860
125
18203
17654
11664
17845
17045
17350
3525
11958
5983
19516
15275
8989
16030
784
1492
11711
15593
3691
3893
17918
17521
14883
16801
10775
9009
13570
17827
9240
4947
12901
5528
7822
11517
2048
18374
8380
14678
159
6077
15432
10713
2375
4009
18031
3029
13178
7441
377
6270
3098
15343
1735
2068
12677
3756
9641
3565
3902
18871
16716
18626
5964
18018
6832
5811
1948
16506
15192
14744
17442
9953
3771
18789
16413
6409
14551
152
440
8719
10149
5346
19980
10033
7975
16400
2691
10541
19998
9334
2167
16216
16793
11415
6425
13400
13191
9331
2414
543
16909
749
11732
12740
14579
3191
10338
2623
601
3292
3597
15809
19912
15050
14087
14670
16451
9051
10497
19480
5051
11486
7441
2169
19009
13159
8079
1101
19159
10959
13434
9513
4160
12105
8472
7292
19062
6979
58
8832
16314
5429
17341
11901
1381
649
16109
16379
10557
5702
324
11041
12708
3131
5520
3631
16715
19013
6611
7252
13571
12605
4388
8941
7124
865
9619
10875
14886
16349
13513
16191
2717
11606
13901
8533
9698
15763
15620
11947
11323
4872
3504
4764
3837
19872
10425
6029
15736
6534
3401
14274
5553
2832
6192
17502
16941
5513
12648
13142
8808
8442
13363
2577
8198
6484
2369
9919
17473
12412
16526
16338
16097
5331
12552
9661
17417
3681
16302
17447
1518
10974
19475
16268
6115
733
17538
10897
13615
2005
4092
15553
19936
15980
861
4361
9881
19938
5308
9645
6823
14232
369
10277
3953
12508
18673
11703
11022
18162
17908
14514
2768
5760
11992
19716
9598
11990
18814
15961
2367
13624
16594
2192
14642
10313
13929
1116
15003
8886
12579
12404
15544
19964
4559
18039
7505
18262
11246
3488
78
11240
17967
10241
18978
12001
858
7295
11109
8016
11880
234
3776
5383
7919
12983
18337
10212
11836
18460
8143
6209
6905
13640
10455
8090
6446
6076
13188
16119
13443
7338
14094
18293
4868
232
17161
11413
17885
19569
7454
15264
9413
4345
5079
9941
17943
11946
9843
16497
10554
1952
7641
7802
6787
9629
18538
6472
7857
2793
4431
13520
8886
4234
2737
7311
13589
8828
10696
8271
7846
8974
17707
15033
11863
19033
14310
18071
13005
8797
12746
14180
6472
185
14910
13875
6564
18183
10643
1241
3707
15634
11413
17656
11848
1589
11581
6248
6023
6321
11043
9380
6777
13578
12689
2511
6819
8639
13843
9825
4725
8292
9227
434
5256
17053
14944
17569
15585
17082
12183
19745
18258
9066
1946
1953
13792
10621
18516
17942
11007
9882
3327
9288
6521
6649
18676
14422
15853
15582
13121
11878
6996
14674
3577
14669
6496
16736
11494
4183
7357
4073
9913
5588
10969
1893
18818
736
15328
7863
9019
18989
10911
17323
7486
942
5706
15054
4599
16034
11066
16714
6197
10299
14734
5757
8314
12555
658
16213
17073
12171
9565
5418
287
7591
19060
1815
2034
4552
18156
15447
1142
18879
18893
9976
3430
13355
5201
2783
19712
296
15596
664
6705
2196
11750
9399
3504
9439
5475
14032
6695
17582
9476
15183
8491
10028
11431
13781
17516
5422
13385
12817
13000
15937
13643
15702
12571
5523
9874
6686
14865
11866
17352
827
347
8069
9441
13141
13280
4061
16536
17542
11851
9335
5751
10382
10818
13145
3062
9235
19639
13702
13338
1688
12695
680
4671
10201
8767
16665
11312
2880
3311
5038
19411
10984
14807
19649
3650
9068
10157
8153
819
19082
3873
6040
19290
18489
7720
353
2532
18340
14932
4867
5284
13378
10725
19623
747
3731
5784
19762
18608
1850
15933
19255
16463
2098
16231
15612
11534
15470
61
10663
13626
8880
941
16486
14000
6469
11136
6648
16247
13916
14089
1562
6891
14913
375
8402
17813
6267
17673
11537
2805
3134
1665
15945
7938
12685
8689
12652
12008
912
7986
2588
2096
5965
10004
10740
16733
3942
18864
17362
7794
11056
19737
14623
19826
13739
13168
10749
6399
8994
4855
5740
14948
9665
13021
1880
2446
18478
5592
17379
4309
14278
9777
1834
8344
12949
12473
16663
1606
2320
3194
13539
19417
9523
13320
13957
14269
19442
6070
19484
9583
18590
7588
981
19552
7223
13302
1145
8217
17544
18561
17109
13912
15331
8190
2215
1208
5434
15521
19875
4431
9975
2947
11296
15792
2521
17882
7457
11569
9612
9163
7011
2088
11747
7030
10112
14382
8948
12560
19166
5669
16464
12974
5944
7382
4093
2365
2726
3827
15986
18222
9003
17883
7023
15182
4283
6395
15671
18068
6119
15922
12587
3188
7015
9101
15044
11793
13218
241
6732
12399
17117
4088
15609
11781
8094
19986
10599
16049
13403
13484
10961
8710
8164
4078
12492
17729
14474
11935
8704
10489
11786
6083
12580
17685
18234
8132
10485
3031
4975
8014
4146
19670
12969
564
15479
16809
9083
3313
12660
8415
8891
2825
138
16172
12834
590
9217
318
13472
13022
1833
9678
16511
7049
15339
2513
14034
1264
13802
10574
19963
15593
16124
10762
86
6559
7679
13055
4197
5526
19418
12683
16824
15085
11921
2917
3768
12924
13956
4778
4849
10205
17669
11573
2778
17991
5236
5518
10530
3413
9241
12857
7065
5829
3004
13839
18008
13212
19524
17642
9518
678
13835
13689
968
6108
19451
5876
9979
2334
17927
19369
15121
8000
11336
18004
17102
5698
1139
3566
4030
2742
9811
4380
18174
12486
7688
3561
11715
2382
19771
11758
906
14437
13692
13261
19421
5913
1467
5469
18687
88
16096
159
5877
15819
5319
5999
8144
19805
5467
3254
12443
9657
8622
10620
16797
19921
3378
15515
8492
10907
14327
15503
12047
16982
13282
5482
8397
10698
15846
7428
1623
15182
8897
19503
10767
14659
8854
5512
18196
13405
15682
11465
17067
12673
6621
19516
10155
16298
1039
426
5029
9894
10253
18418
4079
10429
18319
1525
939
8850
18831
15757
10200
15810
5279
14142
6485
9738
14759
12677
13773
16389
8954
2893
17284
2866
18581
13120
8348
14996
5427
5371
17668
11571
816
3738
8766
19904
12248
18962
16875
8341
9642
413
17846
18875
9134
11344
3066
9029
13520
4297
11344
17818
3865
8228
9401
1424
4681
15821
7140
4147
1779
11119
6524
13062
2356
8459
16081
8192
10481
7941
14882
18135
4428
17880
388
5947
14338
14665
2770
18552
15749
15160
9457
15615
17041
19315
5566
4959
9389
19206
3222
13421
16608
14605
17217
9602
3150
8074
2492
1219
493
12657
8482
5564
11944
12000
1719
19974
3183
15052
9233
5320
19193
9303
19651
9753
471
510
487
1219
9590
12431
11207
10819
7281
343
2023
8205
7729
4153
9203
15469
9858
11579
15105
9480
14931
7707
12099
8449
13417
8863
6955
4471
18592
3145
5531
13708
4704
13353
7400
672
19064
3820
4042
11195
16633
18739
13091
3594
11313
9566
1097
3393
7427
9319
9074
9375
18752
10412
9851
5551
3140
1092
11061
1227
207
2578
6156
9403
17182
18263
1717
4026
2213
4450
17044
11129
14476
16995
4263
10813
771
1949
15507
11588
5155
14553
18601
10277
5603
18295
17588
11573
19027
12000
3745
678
11769
8407
7595
4074
10246
7789
3107
9141
16979
15540
11705
6592
13341
555
14025
2122
7323
11032
10052
18969
11320
18645
17530
12798
8817
14849
16417
503
7692
12598
13829
10638
2642
8314
2316
17918
16844
15119
7013
10357
6870
16070
15692
7669
3810
3505
15164
9493
7659
16245
7474
18533
2484
16670
6617
18831
18141
19724
12664
6648
1313
12588
10164
15845
13999
19073
9571
4475
1443
15905
16494
6271
13121
17852
10050
16188
9485
2199
3796
5986
18697
14391
8590
17227
10508
5497
14971
6042
17820
14431
11882
19421
1128
11620
7202
9009
10020
15280
14563
7332
18657
19815
14324
8981
10568
4475
7183
407
8851
8802
16997
7317
11561
19491
15087
12240
8308
8042
5618
18148
13889
8091
8910
15401
7635
6787
11844
4020
10052
11977
17537
2269
19769
17412
939
5436
1760
6758
14022
14381
425
11702
13316
3122
13790
18108
18535
10808
19840
12565
1236
3857
17920
12646
16150
16672
3383
5197
5964
13300
5443
15570
7312
3020
14270
5693
1701
7544
16668
14786
9756
3552
2081
13943
9187
12190
12540
486
6539
10086
1412
10973
10228
11590
3502
14467
599
19144
13416
7237
10224
14612
8277
3214
6373
17874
8357
5302
5432
18030
3345
15633
16037
7604
15440
18664
120
9019
9784
9061
4174
542
12756
3111
13222
9349
11998
8118
15461
10914
3578
9648
5442
119
8303
5090
5940
17205
9379
14770
12374
6816
18641
2137
8916
622
15370
17838
19542
12718
133
2654
7142
18469
10372
19927
16958
11187
1989
1123
6035
15093
2145
15507
13368
7747
18245
2321
18129
15481
16298
10775
13301
1395
947
1949
1502
2962
898
11789
15121
7099
17144
14515
19268
255
5096
3697
10481
6933
16918
9935
17366
2530
17297
7663
2309
12891
16361
9663
7023
7842
10703
10951
16296
13132
2857
15746
15639
19491
18542
4713
989
14055
9540
523
19967
2127
12883
3353
12497
525
16549
6909
14401
18320
1693
14635
6749
15139
6450
2896
2371
2930
19238
8263
8323
12141
18567
13963
9714
2373
19745
1798
14734
16372
9437
19463
10505
7065
13467
17810
788
11488
8519
14834
11209
5376
9243
14410
2645
14526
16977
18281
19488
17584
3875
9563
15290
10812
2273
8220
19140
14685
10734
9767
2872
17351
19672
16173
17527
4482
13170
14529
2093
6771
14384
14352
3522
18137
15197
17999
9535
17266
4828
364
1787
2366
18202
422
11618
8603
10220
15609
257
18575
139
2545
13104
9989
424
9472
924
11662
11821
6762
7568
3144
19538
13405
3167
6045
17753
18207
19153
14658
1959
10912
3976
8960
15071
3214
13581
80
15644
1446
19612
15198
8074
10344
11273
1072
18466
1188
11533
18784
12193
17105
16017
10789
19523
16861
1237
9040
11905
7198
1790
9714
19236
17126
3418
19227
2149
4981
14993
9629
7364
16776
6666
9199
18528
10352
19703
10253
17593
4446
4254
12189
704
1498
17284
3788
19127
5458
18552
13783
1162
1167
1050
4134
9674
2756
4870
7058
16130
11392
15713
7656
6680
12322
11871
1317
14978
13420
14830
16865
865
18576
866
8392
12415
6824
14238
10051
4353
11298
17692
7158
16232
17335
15289
18530
5194
16733
672
14730
8488
8722
17905
15219
17100
18265
6414
18245
4706
17889
9730
3470
12015
8705
10158
17286
5650
5312
1393
13549
5301
15344
13140
1584
13199
19931
18511
7594
16314
15637
18779
9223
17069
4497
2549
6500
6837
18576
10860
14258
11893
3059
12423
14458
5142
11954
17750
14330
15244
7942
5651
17869
19208
8768
8532
15721
5971
381
13361
1090
12782
19920
11788
9388
14755
18047
8034
16190
487
7531
7340
8337
3054
2502
7186
9479
875
2921
4045
5449
15555
7485
12855
18313
6285
7255
19186
1574
5640
11777
5329
12622
17945
7731
17447
11326
7615
673
74
17284
12661
9966
2531
14821
12067
670
18934
12059
3521
12937
10248
13750
2090
7723
1873
19076
9240
7256
19968
12395
10338
1325
5
6930
5967
4257
14623
4608
11893
18427
16419
284
12563
19933
6757
11315
12135
158
15206
217
10093
16022
14139
4358
8308
7826
17206
17090
7486
7911
3987
13339
18357
707
1536
13202
7237
1375
5353
1174
6009
13552
15456
17257
8629
15933
5766
3903
1934
14283
11096
4964
3969
12148
4857
18365
13751
7383
7352
9190
7731
5993
2846
11163
17300
14312
19670
16787
270
14703
12345
2502
12223
8550
16213
14607
18833
10897
10521
11372
7755
15593
19200
1890
5972
13544
7575
13950
5573
8478
18061
16758
12905
5440
1366
15726
9205
10912
10587
2455
4638
5431
17154
12017
11547
5375
18486
16241
19032
13214
10483
1214
17939
636
6032
15894
887
4789
17993
9325
15059
14762
391
11925
7479
10866
1295
4185
4394
15086
900
14307
16618
17787
13689
5790
13729
12544
17879
11669
4416
11686
8551
13818
13435
19848
11709
17251
5056
9472
8482
16623
2006
12993
4604
15847
1102
6595
12060
18751
11304
14680
12867
7099
18693
4925
6162
10478
13316
205
19469
7326
14396
18831
14090
2084
5109
16272
7036
5423
14947
19819
2295
6536
6912
13445
14271
14768
4996
3317
14162
7269
2339
17184
3470
8804
13540
4931
480
10248
666
14057
11530
4592
1409
7037
6672
991
3542
16825
13728
5949
7603
16412
1307
18491
18214
7259
17156
10164
10317
15694
18788
4526
15696
9451
10232
12832
922
3472
9144
2830
13621
17113
18020
11983
8834
17778
3309
5296
4754
3207
9469
18737
9380
3703
12644
7116
9211
8198
14560
13719
15611
3921
14536
9087
5921
9853
3733
14196
10140
1160
2413
19140
13323
19489
9358
11327
19859
1812
7476
954
8285
15357
8679
3087
203
2910
16132
5057
10037
13100
3653
2045
12613
11779
14000
17340
14090
11193
3097
15205
9725
14736
7445
1103
11374
19685
4540
17988
19241
5126
6906
6305
13099
16449
2834
8699
13403
9655
6991
5723
7431
17679
18409
7050
6652
3110
18416
231
19425
6885
5464
8053
9169
10251
13698
19378
1395
12009
15330
13442
9656
460
466
3467
16784
17589
3667
3288
16489
12741
3002
16993
8741
7380
17983
7810
6230
16672
14878
6407
8761
579
14919
12233
12493
10205
17256
16594
14510
7376
16245
2717
4466
13643
6641
10425
1631
542
13084
19020
2087
14028
1497
16596
11842
12639
11931
1865
19911
6581
7947
4254
3814
4599
14329
12486
68
17963
18716
3187
8275
9311
14855
15001
7917
6438
19211
3218
2126
18272
12579
10138
17932
2161
18944
3995
1172
1075
1937
17891
18849
10311
206
10480
17115
7239
18529
750
4170
1655
7154
6040
1558
8730
18702
186
797
15969
8179
17047
12143
6206
11931
3750
12554
7383
14946
12055
493
19510
13077
13332
12059
16892
12729
4899
18574
12501
5013
9479
11028
19015
10494
6085
2603
6757
15357
13989
4469
8897
9662
19375
6264
13213
10104
18420
21
11970
16948
13327
6370
12906
7132
2464
1766
7927
16257
13368
10705
1415
15016
14484
2006
7103
8307
5056
17765
9028
9096
9820
1193
12168
17504
3708
6203
5058
17326
19433
16609
18230
11241
2725
263
436
7192
9419
7992
15293
13114
18965
5305
9439
1167
19960
15746
2145
1830
15786
6138
7898
3299
19364
14702
285
14668
6178
5005
5806
5713
19975
14883
10232
12918
14557
13904
17527
17023
7994
7685
2608
15479
12126
10682
12737
12828
14937
5934
499
13834
3433
3900
16268
6882
7073
5303
1025
10007
1190
5538
13480
13782
10067
527
13099
111
5148
721
5977
2660
8303
1311
14198
19693
12662
11272
17843
18949
8249
16366
2552
1940
17537
16321
3902
10106
18904
14169
15801
16693
16075
16622
17299
15855
18577
19287
16980
9192
15333
7710
6396
3355
13743
3069
17011
15151
18050
12279
55
6716
11294
13397
10453
12728
7701
6907
14292
11582
1323
13223
13066
17785
6710
7109
3762
7250
19333
8562
341
8724
7485
11595
18725
4632
1279
11248
9897
178
1701
3995
12658
6903
19307
15703
1485
18474
19306
1375
13201
9249
14431
15029
14584
7928
1195
10427
2442
12466
12211
4497
8884
12488
9832
843
5080
8112
2849
11406
5982
10602
13988
14792
6632
9481
13124
19657
9860
1853
16355
1474
8698
15257
1017
8280
37
7846
845
8836
18847
9155
6432
13738
1076
9623
13417
12916
6072
14261
11994
3211
15093
6251
16770
2034
15645
5927
1356
18366
5918
6917
2597
6454
13683
3994
16891
2467
11927
16598
192
851
19700
16986
13422
4337
9306
19126
5413
19257
12299
10973
4303
11034
6450
17448
18916
15180
2612
3683
1161
14443
14688
5336
18836
11568
12736
18486
7978
18026
18801
7581
11594
17438
1646
393
1890
17656
14824
16057
607
12557
3763
18843
1186
14703
11546
13078
3565
7756
2355
16371
14014
2915
11852
3496
16754
12451
18628
11714
19755
7554
5943
9711
3308
1495
19666
8934
11521
1334
2084
16691
5595
9317
11765
14851
18553
5631
16336
4872
8962
1636
7580
11561
5487
11386
15433
19338
5286
6533
15045
17363
2496
9791
2638
8447
16780
3284
18913
15299
3469
3100
12274
4441
4670
10901
17781
9225
7734
15933
15384
15283
2919
14537
147
19835
7328
4933
14872
49
4306
9385
5317
11708
5103
1844
18777
4962
4686
6439
8034
19862
300
11200
14356
11071
2188
1650
342
7873
19551
3869
855
12395
14623
3600
16606
12220
1781
2839
19487
15026
3706
19042
3721
19537
3099
11605
1564
2316
13589
869
5080
18418
6496
2966
11792
5976
2984
9262
669
832
4279
8500
7920
6531
7118
12171
11583
15392
11730
14533
4321
18753
9795
4326
9140
5798
18727
19222
1563
13424
5606
17058
13958
108
16526
10800
17577
4409
16439
13053
18063
1688
9345
19030
551
17680
10905
7151
4636
6075
7675
16546
8066
3409
15185
8423
8588
11151
17113
7820
9915
3331
11844
11026
7953
6646
17947
16453
12260
9174
11421
21
2413
7487
3747
2293
19136
8134
14564
1424
14134
15906
9716
8547
19334
14231
3303
18362
10387
15264
16276
5163
19231
18680
4980
17865
11197
18214
9482
6214
4867
5859
9340
1353
14462
4328
191
3175
1184
15128
18258
12257
8948
2920
13537
10522
7698
14599
18281
7732
18030
1998
2267
14566
19435
9733
5370
12283
10733
4174
8606
5353
5868
16946
4571
4173
17764
6023
16795
8704
13034
14107
9800
3032
7289
2432
16806
17150
15785
4692
9341
7303
2881
10571
12884
13105
2692
12283
8056
17852
6535
452
3165
4418
8450
7706
11900
9140
2181
3985
14618
4947
14530
12803
18057
2696
15240
6432
16999
16960
14384
15411
676
17960
1200
19693
8130
9889
12332
11185
3445
8543
4941
15515
18025
13828
3722
13
8771
15988
4355
11928
160
12180
236
5251
14457
6788
1382
18715
456
19638
18601
4920
10308
7755
13534
6471
11145
9993
17354
14713
18739
15450
868
10183
18472
13987
7879
7008
2677
18559
14306
50
177
12856
8205
1904
6302
7010
2039
9478
2861
18932
14202
17750
1729
9635
17616
11245
19532
14685
8895
5128
11286
13087
19791
509
6749
4628
17757
1223
2390
7786
904
13073
12272
12434
5160
3326
57
7892
13694
11059
8251
3821
5127
2882
4510
14118
14570
15316
19857
3666
15249
16305
8227
18051
10388
9199
4524
490
12944
16245
3529
15113
5207
5067
4163
13015
13825
8224
18225
15663
17665
13144
12148
16117
9298
19792
7712
8039
12144
2702
3483
13723
11427
14986
19678
18203
6005
14579
17560
825
6277
12671
12434
18321
1748
19891
8845
5114
5853
8715
775
8680
8290
17351
14173
3617
19265
16307
16843
17433
3141
14929
18286
15629
19961
18148
18346
8793
13143
17148
6311
14422
19135
17721
18966
9684
7811
17597
1010
8847
415
1683
16514
5585
6342
5750
7483
16036
2071
16192
7137
12850
17230
17008
10766
12987
13687
6582
16332
11826
8766
18270
4124
18324
4994
14550
16665
13830
9576
926
14902
16779
2987
75
772
16799
19345
19704
10384
2034
2072
13002
13225
4196
9840
3742
18623
19321
9634
18482
13767
9658
19214
12813
6907
8424
19667
19691
10078
11453
9094
5992
19773
7937
13445
424
3153
11974
1702
14529
9377
12544
4873
4743
11461
14372
4300
2770
1029
11580
4893
13581
13695
8997
17002
13917
10408
11173
10740
8556
16618
9196
8130
14833
5835
10918
19762
17470
5134
14297
18218
710
4371
8834
2317
1960
13113
17030
14729
10493
1124
18360
16429
17306
5274
8326
8279
19010
11527
10688
6411
10700
12064
4455
7296
15788
9700
14381
19253
4064
11359
5486
1889
10105
14376
650
7784
9348
10346
4063
521
17588
2560
6303
6388
1134
377
17619
16409
2417
6556
6028
1628
11392
19653
14465
2180
13165
15724
4874
14483
5603
9031
4792
4143
3312
14438
14382
7007
9965
3868
4384
4978
9292
7453
13927
2296
2717
7587
19455
5268
2045
9675
13053
9161
8475
924
7727
18290
6248
5895
15698
13070
12315
17354
16810
13944
18238
5871
4130
2836
12024
19730
14336
2022
5944
6495
7268
15580
18682
1593
797
5964
1721
12024
12808
15288
15410
8394
19590
13933
8785
14810
19448
7692
4315
10477
4378
3935
5367
10441
18201
1069
3705
9680
6674
12585
13035
15882
17545
16613
2746
11618
2402
19620
5723
8327
13536
16620
8793
10930
6520
12858
17693
4007
17009
16208
9112
17780
4730
19914
4239
17718
15815
19150
10531
13371
7402
3425
18811
10179
9706
17270
14481
17952
15363
7233
5431
7740
8282
12618
2052
6361
13722
1181
13182
15987
19408
14814
11749
4962
16159
6395
8506
3804
2881
10649
13611
471
4155
17616
10300
1868
12988
19187
15410
13175
4338
11943
5343
12251
15305
4661
7142
3138
1440
4890
810
18530
11529
2267
3063
14236
6173
10230
10188
15933
16090
3444
17604
39
16763
11003
4320
7786
11410
14816
15634
16780
1444
10137
3113
4712
15841
7025
6196
16530
8126
6356
3060
6808
3153
2410
322
1797
13800
9249
10874
11967
2567
10018
6851
2640
1244
18566
11388
4129
14529
7010
15077
19874
16141
11453
12583
19015
18327
17378
7521
13869
1480
4945
2160
15802
219
16143
17050
10625
9748
9886
1175
485
15003
9704
5820
533
5172
10389
9189
8214
2716
1404
8095
3550
10113
3957
719
12604
16318
8109
11426
3382
6354
5683
19474
8746
1404
13455
7122
18806
8821
8082
10647
8339
13290
15753
14882
2491
10805
4715
1646
5291
10679
2738
690
16132
4628
13510
2260
8428
16522
820
16875
17617
16879
1214
11663
12237
15047
9357
1439
10469
9375
9985
13390
7052
8937
3401
10539
12101
2548
3437
3915
3878
18471
18568
9461
11511
12890
1268
15434
11929
528
5438
17967
9507
7221
18168
1657
12776
14096
12717
13588
5909
12326
12399
9520
4918
12331
13708
19080
9752
18405
1023
3920
12489
16959
12323
16666
956
2982
18882
15397
17480
3940
2220
19364
6544
8438
5859
4518
18205
9516
11699
9030
8776
5181
17503
433
5108
8197
2039
14704
18231
18460
12229
625
3129
8083
14694
16214
11286
398
7254
10618
17150
7321
8644
3419
12315
11272
7525
17161
7762
18191
4804
10441
10690
9530
16375
14534
15018
3082
4076
11061
11879
4781
18659
867
1595
17816
15317
2941
3945
4804
9458
507
2557
6435
3657
14379
7913
5853
8608
10390
9033
107
17571
19281
7528
9775
3257
8641
16092
11854
19314
4555
7596
3628
12348
7256
8177
7426
16309
14690
5850
15453
1691
3422
12586
1590
9375
19814
18813
9226
2040
4673
17864
13686
6772
13649
12989
12497
13097
12440
17710
7174
19242
7432
8457
2860
3605
10182
17889
8516
7977
4986
12077
5422
12981
18486
8906
15207
10411
3584
7164
2499
17747
17278
10705
18628
17564
4125
326
10965
9837
6974
6019
9861
314
8958
14722
15171
11410
5472
9326
1650
19221
8377
7493
9897
4675
14263
11807
10506
12272
17935
5897
12156
1971
16930
18154
18664
7997
363
3111
7309
16199
15111
4129
11168
12549
13698
1916
2051
12535
10618
2107
11584
8093
7442
5767
16003
16938
5717
5615
3826
8338
19813
3657
15593
2717
16991
9046
11830
6621
15789
18755
18094
1404
13352
10891
10666
9263
16935
19003
19938
9575
17608
1070
675
19878
14234
14614
19504
7726
12613
2652
17939
11445
791
11551
8926
1237
18059
12088
2531
11904
4824
5534
17676
6864
6675
11045
5911
8796
11778
10114
12498
14183
11615
105
4175
12627
4196
183
17508
18771
17145
18668
5474
4862
19576
4496
4559
575
3545
2646
15586
12040
7263
4254
19291
15207
19070
13012
6908
1009
15175
16245
10632
5435
9937
3570
18423
19272
998
12270
15347
10397
19239
19393
16978
5168
6109
18719
12784
18398
19261
14355
19368
15771
3415
8004
10414
6340
1692
12634
7756
2129
7497
4281
5784
5287
13972
7212
5391
2602
2898
15838
14864
6991
14850
11393
855
8175
1082
7633
18548
2295
5996
15762
3623
5213
12756
1846
7739
7789
4129
13628
12156
10721
93
4914
9206
12815
6971
4219
6476
15996
12732
1739
2417
18606
4638
4047
2534
4991
3394
15625
9681
9358
7032
2873
6518
16176
8745
5304
18997
8420
12225
1278
1631
6595
1815
10723
19126
4598
6714
5122
18177
13378
18617
9018
16392
9566
1999
6638
9970
4645
16682
4812
3801
11879
3127
3883
1639
7802
6347
15597
18991
4686
16304
132
12074
12605
11754
14097
11980
4833
16549
2823
4194
8448
8957
15598
16331
4963
14985
7652
11216
14148
12837
8766
13985
7333
13371
14412
3406
16030
9230
15578
8958
13774
7842
15762
5840
6675
1899
17887
1548
10644
13232
18893
356
3259
2076
13260
16972
2400
9601
14452
3731
1601
3657
4610
14877
1774
18106
10336
12447
16256
18853
16866
15415
1162
1004
2413
12037
2247
16813
16978
16745
14419
432
18520
14202
11478
13673
12760
9312
5275
8745
706
17520
3902
16904
19516
14977
15620
16775
18411
17487
901
15941
14986
12460
9668
11808
9303
606
607
6886
14349
1785
6753
19031
19436
10105
10997
18776
11605
12123
10358
14167
12433
17433
13857
2134
850
16545
13804
9590
2737
978
2512
18306
5237
18034
13729
276
3637
6478
19038
2376
2517
2414
1956
15803
11373
8916
2173
11775
11720
14130
4214
18910
8967
8229
6478
17416
837
7089
11145
19676
16182
4762
709
5775
14088
925
13412
15611
15916
7401
1800
19015
15950
7101
510
6991
13151
11519
6224
2576
3540
4758
13918
754
13479
677
8327
5810
4763
2245
3713
6315
16830
8542
9384
6753
13191
1857
6355
19082
7486
8324
8578
17240
1563
14299
13972
7687
18406
2319
11157
9088
9181
11902
1076
15208
2069
4080
7826
16264
4760
9169
17302
18553
7501
12143
446
17419
7029
5074
8496
7923
11216
6610
2223
16623
1952
5722
5193
3287
6246
152
12429
2178
6377
17437
17562
11506
6069
3479
14130
12637
639
12392
14733
3673
295
12355
11338
9859
3318
11427
12864
6123
12647
14760
15859
9344
7650
1935
3555
1332
15139
5612
11966
19659
665
1511
11733
742
203
15984
7787
3366
9973
11008
11082
3199
688
10734
5584
3643
7855
11146
17031
14471
9669
4089
13747
3454
9413
16654
4708
7184
3489
8513
11915
9231
7540
4591
9064
3350
7483
2606
10914
8311
3453
7371
9488
18367
12876
10690
9813
19175
14820
3385
4969
11002
3632
16602
2321
6942
8588
6187
5329
7393
740
11755
12280
16673
2715
14635
10681
10616
2793
4870
14682
8259
13020
12671
17733
14061
11967
5430
5564
7196
19768
10054
5001
8952
3562
17950
9715
19827
14811
19354
9549
6074
16112
733
3305
6647
16949
2957
4298
9183
13209
2219
2551
16895
16341
366
18091
13982
19309
6107
3113
7214
8079
5603
7436
17813
18041
5881
17213
19763
1783
2542
3230
1551
5034
7403
1603
17922
15332
5226
2240
1343
6063
16082
7293
11774
4877
9197
10663
10628
13722
19079
11840
2225
4206
17317
14774
16485
9375
14240
17297
8367
4836
16189
16262
8852
628
16234
2921
11225
4780
5623
13759
4685
10095
14734
14577
18837
10056
19472
17277
12053
11275
6894
19910
6008
12857
18049
6059
18589
17314
10694
1877
2014
11301
11801
9066
7869
15475
17517
11487
16782
13298
13542
15243
9403
15293
15635
2230
4856
5865
4459
13328
17892
10146
14851
14142
2936
11795
3913
6639
815
1285
2720
748
16050
17951
4056
8878
4671
17611
6217
9514
16501
2841
6988
135
11327
9469
6934
18769
8954
18612
11410
7621
19461
14852
19418
14604
2244
16577
9970
19237
6961
6763
961
10235
768
10421
7084
15766
18477
4097
8177
12333
7620
8550
17565
17817
17068
17044
13610
4900
14769
13102
14041
960
7372
150
5863
7637
1298
18790
12623
434
6070
8410
7197
10181
7163
13356
16778
3845
3546
5047
15513
172
15437
6045
5932
15715
14070
228
6308
12405
18030
5979
9107
14501
10382
1594
15040
19004
1299
10695
11766
9530
722
19093
12393
16654
17144
2407
11750
14112
13212
7251
9366
13676
14948
17921
6031
6729
1841
4050
13175
583
16680
17246
8214
632
10941
16597
8438
12773
8478
16199
14362
6209
14841
8384
1240
6650
14475
8971
11252
18699
9638
9879
17243
6063
10495
4663
14361
18129
17137
14722
18039
11967
8977
1787
4532
7132
6447
19564
13343
1268
11365
17163
3054
15306
4479
3423
19487
14734
3816
19355
9992
4170
12077
8968
3260
6331
9839
7330
4381
5757
16811
1977
1337
14527
19806
11767
5699
5750
16375
3745
2606
11566
1661
17111
15400
9434
6233
11829
11281
12748
8610
17628
15318
13409
35
4939
7438
2740
7211
3974
4081
7826
16241
3673
5872
3277
258
2550
1621
6762
9577
4474
7224
4950
2137
5677
8122
16821
12282
16168
17666
3227
11661
4785
19410
17491
13054
13346
12485
2748
17125
14057
2439
5908
12857
8968
19665
8365
6354
16923
14815
3356
4761
18297
1776
5616
9070
18580
6458
19839
6710
10459
19559
12220
5503
17823
3024
15333
1745
13267
19636
13241
17042
16588
6228
12807
5238
9288
12815
673
3874
18251
18357
14831
13019
14308
9834
4224
16176
9262
11354
4156
8449
946
12691
1237
7210
12554
5187
10363
2735
672
8335
13678
11878
5461
5709
7502
828
18686
7806
14863
4901
12745
7307
14089
9764
15965
11419
10571
18610
8895
17167
16687
8207
17969
1755
15081
17602
17141
17025
4281
6767
3215
8618
7520
16404
14728
10788
9807
1119
5647
18291
15322
6960
11738
8693
6636
17894
13226
5015
19348
14825
10636
19917
14301
15668
10332
10034
6908
19357
13028
8956
9602
3266
5283
15450
17649
6673
19433
3118
9388
13684
19805
19681
10631
9271
2945
12135
10365
11319
10702
9616
19616
15657
5881
6984
15786
11620
5367
940
17298
5037
1181
3785
8347
14557
7295
6835
1831
9457
11674
7966
16265
16141
13646
11613
12568
11597
12675
15509
10367
7818
17068
7005
6417
2342
6793
10068
17274
3060
5830
15166
5264
11334
13825
4924
2216
2901
15273
5512
12166
6119
3170
16490
14732
8736
997
1530
3635
2919
675
2067
9112
11315
15786
11215
12461
2579
9633
17828
3760
17687
16397
14203
5849
3102
9750
6986
7149
12572
6404
13613
10928
7208
3171
18597
631
11808
6853
