1000
1948
1348
1112
128
88
444
1986
1871
1629
435
1113
188
962
866
241
1994
1170
1160
1227
999
1444
1622
1483
295
201
121
1259
1616
1217
674
1644
1053
1210
690
1667
742
102
225
568
1575
1175
1565
615
1900
378
976
1792
1246
1854
234
1073
87
815
141
1326
82
1539
1960
634
30
48
363
485
1713
952
1481
1522
905
531
92
1284
1950
936
1810
1876
1315
1687
1140
482
1483
1653
1752
917
1304
1460
492
1296
158
1838
1187
1316
1623
1519
173
1708
1263
1389
558
601
1824
677
16
1882
328
1170
1716
1655
325
1564
1764
1514
1619
1403
1556
491
1917
487
407
1847
63
1662
1870
1500
716
80
1755
1012
1723
43
340
123
684
1566
1155
958
89
44
777
1474
616
927
1538
1502
12
1701
612
1591
1114
780
1810
326
442
1958
190
1543
580
1993
186
385
1609
1430
1855
605
1284
483
1031
1621
1429
391
580
218
1085
50
1220
609
713
439
956
1708
1925
1494
417
241
913
970
245
393
161
1868
367
887
382
674
499
1458
826
120
769
1745
1680
1705
618
1811
1594
298
1868
552
1789
835
1662
1807
703
331
295
1308
1353
1279
1322
165
1607
286
1483
1274
1388
52
5
463
1778
1489
1268
984
415
1750
813
544
883
651
1230
533
1070
15
272
547
1166
1885
1337
1531
630
1144
318
1024
1675
1923
661
1455
792
1712
1496
488
1313
162
486
1069
916
1376
1667
1622
459
25
1760
798
1118
1615
1989
893
1638
1538
283
1123
509
442
1286
910
976
1455
96
1304
182
1320
401
801
394
1679
473
1108
1620
1566
1696
1464
1719
1912
900
1285
451
342
354
1169
138
476
177
103
1840
1960
711
162
651
102
1007
795
794
1651
98
317
98
524
1890
1825
868
497
838
1819
1626
1644
415
32
1296
328
26
1907
447
496
1022
218
36
934
965
49
1344
1004
855
891
136
738
129
1921
45
1564
1909
313
550
479
699
803
441
441
1397
1026
1465
506
929
1142
1896
1235
55
1586
1182
1129
322
1839
546
53
428
460
1749
1867
81
720
1598
581
421
1854
1199
684
1810
580
487
675
554
512
177
351
987
94
250
583
272
1667
368
1620
804
479
1541
148
305
899
1603
482
855
1727
1882
794
1288
22
1620
1739
79
673
377
1213
769
1564
126
1948
1501
705
1849
1649
685
1423
1727
1883
462
1414
831
1743
267
1474
1639
1849
1733
882
916
14
1408
196
1719
592
615
1919
34
797
576
188
659
660
1705
1089
1303
1620
1425
763
576
1955
1364
824
689
680
415
1327
998
967
1185
1740
864
1782
962
540
942
528
1325
1105
711
1029
1209
1794
500
475
454
1427
1051
342
1874
924
661
1584
859
72
561
1973
1006
300
34
1677
399
1154
1459
550
882
34
731
990
1653
604
508
1402
448
964
1125
662
1653
1194
455
1850
1634
373
1636
1877
1238
155
403
1464
1663
559
1329
1201
913
1432
1889
611
1491
1034
1300
1726
980
820
1588
993
1339
773
1546
504
1068
235
1471
1859
1238
954
1760
1942
681
1653
394
1078
805
1611
421
1895
157
321
1693
1311
730
537
1244
1333
1565
1852
1843
892
988
1865
1991
886
62
1642
1160
919
1105
831
1884
599
360
217
1195
67
1283
709
1763
993
262
530
1644
1774
1548
193
1350
471
1860
1625
14
1200
361
1924
1584
1251
1391
602
1110
1752
1065
1224
1838
45
360
1676
1385
1027
254
783
1232
1238
1601
479
930
1670
1226
920
904
70
605
1119
1145
753
1571
411
1033
1284
1603
1168
412
1787
944
633
217
1628
108
1617
1449
1786
762
95
447
1015
656
124
209
202
715
1793
1828
680
1997
417
1847
930
161
289
262
1499
543
1344
1790
709
1963
1095
928
999
1736
702
1183
188
986
487
1411
1498
633
123
496
78
465
1056
1440
1393
1047
1620
1309
329
1942
1609
107
1151
1686
1389
338
1544
494
1812
1961
434
193
228
1293
1453
1668
173
482
1891
735
83
385
885
1218
714
1631
852
847
812
110
921
1285
201
1548
209
1005
1388
105
1241
845
342
439
1938
521
1066
1242
1952
1546
1012
318
1781
1719
614
872
501
1424
1825
309
661
489
1948
318
1077
339
1508
653
551
422
849
601
1020
1483
336
958
1994
471
1202
1160
635
1921
1728
1277
788
1412
1401
170
1664
543
91
678
57
1242
153
1507
1731
1572
831
1522
1925
1095
399
86
452
749
1542
801
734
1452
881
1307
384
1580
678
658
1077
858
1328
1515
363
1813
138
1013
1091
1973
1767
1694
1509
1947
716
1536
414
1044
1627
1475
839
951
1773
902
1827
1422
250
72
564
497
680
1761
571
189
142
510
1498
1348
1156
1688
1912
478
1081
918
1488
1246
1217
1193
1094
847
313
1861
904
1709
311
1568
540
1280
243
691
1964
594
684
1965
458
1362
648
519
818
961
1820
1986
539
1818
1252
316
1977
1439
1072
722
1778
1342
508
416
970
274
810
1603
1822
1430
781
383
218
1876
1861
28
1975
1564
1842
1355
965
1904
1862
1815
48
1852
364
439
1730
1731
1983
1520
5
1492
1545
262
1091
1691
809
67
1020
1860
1999
1633
1763
1147
55
1121
421
1007
1055
1438
151
901
103
971
1420
1320
612
345
384
1246
1345
709
67
1205
1411
958
1781
1805
1447
500
1802
1087
1003
1644
11
1515
1126
1312
1289
1520
1396
883
350
531
1601
834
