10000
2030
17955
7675
14771
11380
10774
3334
3023
18317
3909
9139
8226
7278
10200
15066
10406
7474
16485
9204
14342
16
11166
16095
19649
11381
18307
19175
9063
4804
12280
14231
14880
5991
8849
12763
18860
16944
13097
16721
13413
2832
11026
13516
8321
10387
14343
10597
11571
18679
3390
1694
19953
7591
16473
19220
19632
12056
13275
8257
11595
3615
18232
19466
16867
19340
1317
13292
8064
17480
13006
14494
854
15558
7046
5827
8739
2249
13433
5422
15892
5682
2238
7122
8103
11940
6952
6085
6347
791
4380
2449
15300
8308
13756
14807
12587
2643
1218
7648
9842
5839
9928
19393
15141
10147
11588
18922
4108
6852
8818
9771
13165
2778
5673
11619
11022
4571
6927
2023
10808
1510
5736
6380
13367
13977
14986
2353
10366
7600
12716
3499
135
17531
19164
16046
2072
11546
5104
5429
4513
1975
14805
2991
12386
3936
15459
14982
2186
12544
6098
1517
19258
16986
8165
6725
17768
10657
5828
9164
11263
8054
2471
9923
12835
5246
3374
1146
7762
5695
13807
4410
18822
14616
7815
1454
12631
13818
15057
5391
4158
13703
13588
11
6869
12710
8214
8273
6297
927
16591
19836
3473
17337
14168
4698
16297
1262
17346
8503
6103
263
7427
17067
17118
12505
8044
16732
1713
16156
10486
9393
3951
8932
10778
13141
16300
9886
8351
900
1265
17097
7790
19445
15162
12142
11298
18852
19101
9405
2460
19867
11307
5413
15410
2140
6638
9776
8167
11406
11602
1209
12374
11809
8160
13003
15688
14527
1317
439
965
914
7314
19921
10023
13964
13341
11912
1098
1911
1092
15840
18335
12377
9809
5614
10528
7651
15993
3183
10782
12438
14207
16133
4534
18195
7254
2447
15330
3006
13507
11012
10699
3054
19265
11372
14556
10228
3069
8283
14162
7909
4482
14827
7696
965
9967
9717
14575
9746
11140
11531
9363
14762
14044
19957
11832
5338
18004
16614
5963
4645
19466
18170
8021
16173
7073
3534
3634
15136
8928
15580
12384
18594
6714
4242
9235
2803
5832
19246
18789
16829
6674
11192
10667
19037
15854
4988
9186
12555
2239
1154
15784
16903
4734
3532
11944
11330
12694
8843
5965
10758
13289
4063
14455
18211
16912
5129
14764
18456
7648
9550
9861
15386
1832
7530
2409
12195
7095
13774
15256
6426
11034
13753
15645
2298
8195
12686
9383
15330
2309
8215
6513
1497
5916
14230
4156
3708
3274
68
12478
7910
13723
7400
3508
19323
6282
15125
16979
11216
10108
15200
1852
6330
1578
10525
6670
5841
19581
5109
7446
2209
4914
11462
16065
686
3069
13879
10802
2881
5801
12054
7214
1427
10909
19569
10933
15476
1435
17549
11371
4408
1858
5318
8052
8960
6771
5603
4959
16577
14736
18677
18585
978
864
2892
5922
14775
12528
8918
18013
6053
10932
7605
10464
12562
1866
1500
12
3578
13567
8646
1270
2960
17803
1778
11780
799
1144
2207
12371
2076
10336
16128
11509
6859
16788
13661
7896
5066
825
7878
6273
4061
16908
11188
14680
2359
13638
13309
3965
3329
4091
7955
18648
19307
1597
1115
15278
11468
17629
15141
751
14200
16369
18828
13069
8765
19505
8492
4839
7033
8156
187
7587
3164
11992
9414
6394
310
2198
14121
19340
14045
819
17642
10805
15644
2554
15282
7928
443
17127
10185
16695
13351
4423
13421
15909
5695
16316
4559
2834
14618
5629
4490
10278
13688
14361
8448
5513
3651
14524
18195
542
19649
2730
11677
11984
8313
4360
12685
3077
8288
5146
16799
3407
3871
1031
14838
9921
12067
16184
1080
8511
16448
3712
7078
1294
2882
19318
6455
1546
9906
19485
14928
9078
15298
14788
12066
11022
9749
12489
351
1273
15854
6777
14074
10523
8051
16819
14907
12038
1149
2698
15676
8016
2559
17609
3076
9599
8689
13713
10333
8705
9528
19901
3347
1241
6643
18151
2731
9683
9829
16515
6941
1977
6106
17929
816
6302
14935
9776
3793
5367
15555
9686
5903
12874
4940
11132
567
16126
12311
1198
18311
7122
11784
16928
1296
19562
3434
12180
10445
6211
14779
3833
6906
1800
3095
7341
4403
5085
320
15266
16907
3961
6759
5087
4966
14800
6681
8317
14643
19406
15337
13074
6825
4704
18038
3051
12892
9997
13049
11857
10716
386
11021
13678
12779
1098
2490
9706
8377
6300
8960
2862
5598
8686
7101
8297
13299
9288
4956
1904
749
16819
6618
15232
8791
5105
6390
19968
5130
15590
4724
4290
716
2035
13741
15400
4963
13571
13975
9443
15028
6847
6093
7222
4253
12380
5403
6713
9994
15316
4360
16602
14424
5170
4511
15293
10628
19975
14780
5220
17359
8569
6416
7914
13521
13755
18641
8778
18710
5976
13314
13693
6841
19625
18458
2143
17532
17990
11411
13043
3617
5721
9745
12989
17512
526
19820
7725
7974
14630
9788
16412
10718
11755
14241
14318
1151
734
9356
6711
15897
2604
18990
12443
1052
12607
17339
5006
16720
16817
16569
19930
10155
11803
107
13502
9010
6443
19637
9971
3792
16116
6731
4042
14220
7327
12666
14769
6345
7488
6163
1973
12223
7299
9456
13282
10354
6885
14756
18981
12556
12447
18211
4530
1308
18717
16554
16225
16842
5101
2701
2100
14229
12915
4636
16659
1611
18682
10929
14648
15717
19940
1304
3367
12733
6466
19419
6933
7660
6207
16265
16458
2724
3158
1827
4864
14375
14981
515
3595
10755
18713
8361
2867
18762
713
14147
5436
6642
15998
1143
10823
3525
16175
1009
19729
11942
4204
2404
12825
16897
14417
14079
9407
2989
11642
8653
11656
5314
53
7784
2430
10609
1010
9884
14708
19844
1559
13140
8359
11122
7473
18051
4225
13183
18885
10608
16983
7694
13029
12095
17329
6212
4510
18680
970
18523
9549
12151
11821
17855
7922
9167
15359
19432
13597
14075
17980
15893
14628
18915
10202
16673
7222
15047
4426
13029
18378
9867
2909
1514
14833
6431
10146
7081
15595
5354
3853
641
4085
5330
7572
17683
10527
12363
8979
6462
12380
8762
3183
3922
243
9860
11160
211
6834
18200
7655
18892
15394
15061
19687
12557
1077
16025
6192
15843
10524
2728
14670
3731
10229
16981
19872
9842
834
17872
6108
18468
18869
16716
17840
2671
19271
1932
11396
411
16424
18313
10331
18216
5424
450
16729
7244
1460
16961
18206
19368
6837
14470
9551
4069
8530
16850
5622
10384
4797
19666
2080
19440
12491
6502
15012
18080
11205
13
13188
15213
5692
13807
19820
2861
17433
10023
9527
17082
6290
18986
14992
15850
10265
12184
6518
7756
6894
4318
1081
17601
18517
8934
5121
3829
5890
6108
11055
2105
18417
2333
15450
19358
16242
15166
15163
8751
17601
6870
17029
4747
11924
10793
3083
3390
12493
15794
14790
18780
18767
9677
4430
10201
19694
8126
4421
7336
4895
17153
1363
6573
175
14223
7628
12961
19439
16681
1390
15266
2060
133
4903
14836
14493
16914
4851
12761
7701
12553
3426
14440
8953
7954
11864
5068
620
19024
7695
3964
6053
17290
3479
10258
12706
2231
15965
6475
7286
4229
12041
538
11133
7686
14753
9225
10225
6424
3819
11597
4437
5424
18672
2660
15822
16290
7420
18318
4530
4623
13730
2373
6136
8715
14653
4763
17263
3113
11025
11278
7083
6694
14319
3659
10554
18287
19095
19804
9588
11376
17240
12783
12497
16186
17235
6661
1172
7504
798
16882
7269
3279
3620
12280
12733
12983
7593
6331
10586
14938
11115
6657
8978
16255
11525
13864
8901
5811
5933
2179
3435
2446
15869
19795
14316
5469
15311
18814
110
14386
7969
17038
18537
7620
19543
968
8695
6531
4320
6471
16071
17532
7089
19574
15664
19493
4590
13799
18243
4711
12871
6738
19449
16197
12895
8812
11371
11021
8135
5507
4001
6649
1801
4276
8450
10178
5889
5258
12266
15203
6438
19316
8281
15173
10214
4609
4840
1004
10767
9754
183
1213
19754
16220
19522
19562
18177
16976
7666
1020
18113
19305
16271
18620
3451
12954
17459
19326
16293
2769
9178
9482
17982
16980
1814
1320
12366
3862
6527
19719
5067
10582
18759
5867
5432
533
9323
11345
8936
14706
15781
5759
640
7651
8446
16749
18363
7282
514
10986
17351
14994
7724
15085
6572
3548
15264
57
16589
16202
16919
19499
15335
2639
2261
10755
6710
19954
3382
17293
13047
2277
3399
2475
16744
1574
5394
10689
7628
18321
11057
19708
12842
16831
18499
2495
13493
7744
3196
6060
12679
4593
6966
8780
18182
697
15686
15355
3304
16518
4137
7731
19603
17759
16990
13139
5181
19045
14573
9611
306
13387
13732
7399
1108
16303
15363
2678
7485
19892
8749
1142
17728
5469
2079
9085
12077
11240
5629
4486
8499
8261
16488
10518
447
7442
6092
6219
3235
12116
8021
14784
1106
3220
4225
13183
16456
9652
6480
3620
14759
2028
18713
11209
17916
1733
9271
1651
16959
8080
4992
1944
13113
9892
7253
19276
16960
2099
4629
583
1438
19528
6445
10228
13488
6976
10634
19160
74
10274
2927
16701
24
11355
11938
5339
17279
10490
6368
13858
14529
357
19185
5542
8000
1718
150
2471
3354
4790
12831
18779
19826
1205
9017
18555
14607
7811
19973
11751
4158
16813
15619
14710
7379
2391
15757
543
3949
19826
9600
9181
11415
14747
17557
14050
1482
6896
13775
2235
9808
10159
1708
4348
12579
12941
6910
11368
14740
13456
2676
17182
8
11306
15217
19811
10333
13266
15742
12425
14314
11265
3131
11545
13956
6277
15504
11906
4636
18693
7938
4989
230
9618
10850
12028
3253
6502
18879
12143
1250
93
4123
3507
4876
7436
9403
13976
16281
7202
632
5997
18298
14905
12499
18601
2220
7129
5318
16889
13147
12426
7477
12737
4449
4371
10531
9297
10412
9908
14368
838
3390
6876
6752
12985
19950
12488
15975
8424
3756
1657
2497
3327
2561
19313
1902
355
13876
9449
14202
7195
15241
9298
18059
13339
12197
2694
4435
1870
9005
11370
5830
9215
5291
13507
1061
19364
5330
6705
15064
13896
6841
7244
10299
2291
14819
5018
18895
19417
19872
4267
16433
9724
9036
6673
17704
7934
7189
4927
18584
4871
6042
5180
8563
14254
1678
8580
1807
15400
8028
1756
2579
11563
16005
8912
13163
6622
15141
9130
2939
11199
4691
19953
14447
6000
14887
252
18417
2751
982
12721
1684
12560
19192
19487
717
521
12587
19220
3906
8922
12240
11196
8315
1126
6099
7703
9748
18003
6601
18965
14196
11146
16530
432
6904
19307
19037
7270
14473
18065
17867
9650
18988
17501
491
16838
5400
11426
13509
2183
5410
76
13714
1797
17044
7917
9832
10326
1916
4998
14676
5966
4288
14606
12864
1052
7440
15682
15924
19716
8116
6953
16024
13364
6756
17219
4984
16742
9174
13102
15616
3793
6546
3476
18151
11468
8866
10708
296
8352
3685
6603
18826
14057
12707
12927
7010
11497
19450
9896
12719
7753
9078
9435
19587
15469
9152
4884
17057
18162
15501
16352
13985
13926
8535
9765
9105
8036
7946
19342
726
1579
12468
1814
14448
6395
5311
9360
891
1899
7099
1649
6993
7625
2580
18299
8845
12943
4931
2086
7243
7678
16448
5677
5900
3290
8469
1011
9109
7330
1454
496
14262
14666
8429
8411
18088
10327
9306
9430
18800
1270
7767
2161
10272
12473
81
5596
10429
7279
11154
8332
6587
4063
10036
2729
2692
417
13968
12946
4759
3065
3253
16909
19053
12528
12596
13039
15735
4273
19351
18404
18308
1149
722
14620
10239
7756
11345
19058
9268
4225
11153
1690
13491
2856
6924
18727
11661
4526
15788
7382
12316
3197
480
3674
3487
19827
5548
19813
16130
13758
12986
7695
7580
7798
4527
10438
13298
7703
6553
10259
16889
3129
3172
12517
1657
15726
13676
19420
5996
9047
11020
5939
12806
16451
10421
7179
13935
13797
17818
19153
10795
14897
9896
10251
5371
10547
8787
14084
13085
10829
15948
19729
19726
8651
559
8447
7663
18883
12536
9947
12069
1006
15189
19486
12922
1534
16503
13939
15330
3068
13570
679
13688
12319
7652
4875
7302
7882
7458
14408
19331
9314
16014
17601
1879
6666
8981
12350
3547
19806
14133
19546
13915
2025
1291
9706
15549
15587
18346
3719
15323
19690
13160
4443
12971
8315
17778
7653
7649
4013
15552
13736
12682
8395
5891
13910
16953
4300
2491
4244
3359
5841
3173
4267
11315
10586
15026
19211
17969
5445
19059
1723
6559
11748
3567
5409
9706
6425
18295
10538
14703
12497
5521
16279
14453
1243
13968
18885
12696
5092
9317
7255
2017
2064
4239
15074
7888
5910
4269
6485
6748
18136
15636
13314
16177
18366
15005
10734
12312
17070
1046
1649
1524
4810
8920
5001
5864
19527
7416
322
15415
15589
5559
2810
10019
1839
15156
18420
5495
11345
11906
188
5952
15825
10388
19441
8150
14220
9044
1236
19704
10446
2803
19884
19445
16781
14106
12531
5991
13922
13663
18112
16378
19781
4148
8114
2219
6628
474
7733
6763
13823
19379
11124
7459
8355
7092
7548
10833
226
14681
16617
9392
14987
9394
7599
10614
7403
9211
519
10006
8416
4938
4916
16230
6710
13473
2993
11644
4032
5220
12793
13105
8372
9956
3570
14471
10243
8314
19414
19239
5491
14159
12032
1411
19580
9016
15984
1402
6331
1151
12923
18841
13750
7452
466
18559
15117
2210
2412
2649
7801
12406
5427
14508
16804
9883
11433
12786
548
10153
7188
4411
17205
14844
11245
12756
19442
18568
10113
9445
17392
12617
15970
12917
10999
2585
17421
3368
11262
8283
13080
16552
10530
8117
6872
14689
2402
14778
10252
7846
12858
7205
19178
17394
9211
7330
16548
16713
355
2822
3063
2493
1726
18751
12176
13516
3352
18373
18970
15110
14589
17808
8424
236
3856
19395
7675
9908
11492
8518
19441
16841
730
13202
8299
5839
18392
9478
17146
16325
4674
2966
15365
1699
2360
12739
11737
19171
18028
12869
9869
16156
18462
11684
4016
16169
14998
16071
3858
19624
12893
7235
9420
4830
18776
2677
1228
8855
19745
7627
12289
19116
17572
12573
14208
14973
10292
3801
1745
11582
10984
13340
19225
1999
11445
5820
13124
10114
1608
7266
12910
5153
18720
4981
879
14024
15558
17489
10209
9902
14795
16567
13135
2305
4124
13758
5276
2063
19172
9511
76
65
10814
9102
371
5538
11893
15484
4600
14717
19451
19962
13350
7588
15778
19104
7055
11693
7546
14379
9213
11575
7752
12908
15575
13866
10271
2653
6348
7804
19741
15087
10623
1072
14501
9248
591
6874
10260
7624
8193
10781
10146
3186
7628
19125
9368
2567
13665
14864
3112
17253
19925
15734
16781
1807
9901
426
10976
11423
7877
12649
8403
1623
5085
12592
4238
10484
9824
1114
19301
19331
2066
774
16210
14254
1429
2711
19316
12463
16312
8117
16643
5221
13149
14576
9486
740
14405
1829
5907
6887
6267
9466
4475
8449
13401
7267
7056
7984
4635
11687
1179
2387
18814
9212
18174
12402
13620
6990
3019
18300
10152
63
3647
16174
9096
17993
17023
18511
5555
16319
18669
14745
13313
17618
10759
6321
9801
18510
13500
9048
5747
36
4107
15706
13563
15139
635
7299
6110
4032
14481
9873
9733
3860
433
4229
14731
8228
3380
16595
3180
6844
10849
2169
108
12501
10091
4749
7489
7222
17480
718
16254
18806
6954
5757
8796
2431
9563
16708
6247
2478
8345
12340
17443
10871
17612
14733
250
3526
2464
5846
13987
5280
3268
17068
2511
3176
3325
11895
1651
8797
6119
216
7981
19648
15146
18527
4918
5972
11253
794
3715
8766
5465
15463
2263
8364
10884
14762
16136
9074
6585
3770
10092
14127
8265
10997
2976
1806
5168
1460
2996
617
1454
12026
13943
8167
9952
13926
251
19046
15226
9351
7141
3892
1700
13583
14163
4951
16462
6720
11114
6125
10033
8803
9530
15181
5796
18872
1232
14028
19576
12008
5017
17244
14160
13334
16238
15375
1888
17268
5825
7673
7969
5553
13441
8243
12717
10704
19885
11004
9310
17428
3507
4634
11486
15287
8132
3102
8554
11386
1206
4646
11240
18807
14485
572
14530
15058
39
16155
17374
2254
11482
13457
6843
9915
18765
9152
266
16301
1656
1279
16966
8425
2552
19614
9490
9080
15259
12999
12782
446
17860
6143
5686
5412
10268
10379
13591
18641
6678
15184
2349
7383
12188
3251
17662
17258
155
9343
8909
15436
4456
12516
17949
12835
15821
3708
5954
9291
9844
7626
1765
8520
16495
18876
12756
5876
5378
6319
10659
17495
5518
16337
8195
14805
250
16513
17853
2817
832
10802
9772
14863
17169
1487
1140
15078
6598
14425
13666
12404
7716
14956
4066
14396
17515
10432
11415
3051
6395
19242
9147
15977
4932
1186
14611
11658
12200
19488
14221
3236
15247
8608
14745
10875
5927
1668
6241
9975
15606
3001
18983
9943
5566
5233
19033
17439
13643
6671
1587
17645
8828
6786
6098
11242
5707
14760
11152
4795
7131
2484
11713
17655
6685
11115
12169
11251
15935
3880
6967
6457
19858
17919
17730
3000
3382
2174
7871
148
7076
18287
956
9598
9975
16538
8220
8990
13560
5799
12080
7052
16037
3970
4078
9087
17598
15511
18512
15293
19947
12029
13419
3504
12333
11951
6282
1114
9056
19061
10343
1919
11913
9985
8806
1153
13954
15093
12462
14793
12319
17922
805
16897
2492
19660
13767
9535
16005
15273
578
2555
2529
13768
976
17857
4188
7374
16658
9090
19696
5339
10438
165
12879
5195
16581
14139
1520
4825
13084
10256
17843
7998
14948
573
10931
183
9952
5403
12743
4741
1011
12370
18260
589
12827
303
5907
1184
19630
16276
6746
14453
2383
18985
12842
18801
11021
19760
13941
8425
6105
10166
18281
830
2753
7621
4254
10088
12270
13943
11256
4654
3382
15718
9368
12144
5375
222
3813
6600
9969
6483
8883
2181
1975
7087
13102
12695
370
4484
14373
19145
14713
2719
469
9415
1872
7005
7281
10017
16324
1752
8235
17640
577
19642
11778
822
18224
2227
4584
5514
10641
17669
8718
15408
5424
15963
2478
3007
7623
13850
5044
6236
19344
7088
18891
5853
7877
5801
19520
5639
12087
16193
4917
15480
13703
499
17060
13249
16099
240
7821
18987
10080
2252
13502
7611
2705
16370
9983
10160
19682
3319
12887
11496
10483
17580
1854
19715
8660
10253
10143
14335
9594
630
12873
19970
17947
13270
4564
4886
9931
10843
6635
17871
18292
9901
10713
3016
11115
471
2772
7884
18005
8799
1921
4656
15318
10807
12930
5309
10321
16684
515
11339
10241
828
17757
4745
8018
16997
3908
4122
6237
5944
7220
9593
19807
16491
7507
2077
3349
4302
18498
18583
10709
13398
14086
6232
3468
19317
13133
10864
1776
13835
10687
2705
5377
16918
17539
17874
4993
5476
6026
18639
8364
8361
16444
14126
7222
19052
10590
13724
8480
2940
17533
11446
16983
11968
16698
1924
13737
9995
7537
9439
19908
5998
6151
3252
493
6536
16943
14464
1114
1241
13497
18587
7789
3092
10201
7185
15245
4178
17263
19883
18402
18819
5944
15949
18477
8224
13073
10008
66
12700
7235
17039
13443
18521
10447
19447
17658
19062
5302
17464
16818
5734
14022
16480
5650
16892
7997
10599
728
13506
12155
14061
19886
15593
18344
10815
4780
18843
17887
152
266
8140
6550
10820
63
18575
14379
8224
18011
19141
7084
2941
6525
9136
15075
16740
13266
837
1020
10035
5099
6048
8085
13957
3033
1234
11489
17424
9512
13653
17464
1704
309
13280
15583
1665
4141
9237
9199
6130
740
14008
14085
6260
7727
7323
1574
18185
11934
19444
13740
8954
4537
10416
16145
4505
9814
13280
5046
19621
6036
17394
7633
16108
8696
5979
9906
14155
7585
18832
18288
12656
13066
19283
6516
18144
9659
14826
7553
18997
13740
13580
17087
4383
4440
6741
14371
7756
4538
2393
11228
9858
6374
5813
29
16904
15430
8929
8290
901
5071
18177
12801
7552
224
8443
1294
3654
5271
19395
7210
5579
10576
15473
713
17287
3386
11060
7647
8609
760
6976
9831
1610
12561
10499
6096
19392
6612
9302
5700
4275
17803
271
7573
16773
2939
883
5575
5386
6422
19976
14420
16462
7805
2920
7776
8278
6805
16689
15130
5502
6468
4474
14027
13666
18504
7232
11294
10584
9045
12159
3500
19803
15177
4348
19234
19715
3950
6367
6546
4175
619
766
14451
1188
15335
14644
6774
11439
1211
3600
14438
4230
14771
906
6843
7981
7809
2128
17819
6933
1277
18623
18573
8702
11581
493
4572
1565
7437
13347
12004
18745
18156
3145
2268
6800
14147
8633
15231
10102
19778
13845
15129
5917
12856
15316
13931
2928
18574
8471
8603
12473
2081
1594
18588
17635
14491
7686
19221
15865
5741
12164
5296
4365
19019
8396
321
6741
228
14203
7601
6960
4956
13091
12582
7175
3879
11516
19857
9294
9572
1592
6995
15561
3476
6101
1836
11115
4183
16171
2146
19482
15329
18213
11051
10703
1149
7244
13880
19129
446
10687
11358
5185
6078
3743
4001
10632
14165
4743
4190
16268
18808
4184
15958
4265
17547
16242
6739
2205
15684
19488
16792
16164
12766
8234
2569
15042
19286
16653
16660
3647
5702
19976
12858
4012
17532
16877
1054
6020
9814
11960
15593
16397
3580
2491
14712
7518
2393
8791
11331
4795
3159
10824
5194
12251
19927
14936
19997
1738
14346
5203
19528
8075
3311
16506
18554
1557
1098
3057
15569
3391
7805
8019
2308
6070
1861
16581
18541
7754
16339
2312
8080
6057
4773
12808
17132
8387
16513
12593
10173
4589
15149
5730
13163
2369
17614
153
7858
1282
16155
7374
3759
4061
10846
3708
2276
19562
8007
14202
14281
13907
4108
5639
17487
13324
15392
2436
8466
12448
9102
12187
890
2604
14323
7485
4590
15076
758
4810
10422
14740
4869
8777
14315
18402
15085
16696
2365
5774
4373
13309
17088
3867
5720
9306
13620
4519
8957
7551
7216
8470
18325
90
14955
14925
3856
13673
518
1082
2524
13520
13305
18929
19835
5638
9624
8530
1439
19210
15586
9478
16197
15347
4775
18375
1004
12549
11955
15039
19504
14943
19898
10441
11751
17233
11490
5748
10232
18634
15368
16966
17619
5648
19728
15325
4944
16297
9100
6897
8968
246
12712
789
18858
32
4240
4380
15067
4202
18207
888
19149
15398
18181
1149
18555
9123
8788
15556
3806
6628
15271
15116
10255
8716
10542
16220
9530
15030
5499
16259
923
4513
2819
3615
8407
9000
13713
16988
1145
8367
6893
7317
18376
377
9444
14134
18818
14455
7124
5890
2360
1211
12182
7216
16197
11466
13641
5584
3019
8528
17943
16364
5548
15086
13766
14089
17186
12846
8029
77
17115
183
17104
8186
6933
6588
13195
15160
7570
4686
14999
14194
14168
1746
8427
15542
5608
14285
12307
5344
1112
2140
7125
12016
5903
7265
8774
5399
5405
5143
17832
10897
8565
966
5310
18253
17032
13938
14094
8680
2398
11150
6161
13142
15379
12270
9722
4578
12556
9914
10816
8878
3285
12286
1674
691
17273
11678
4822
716
16061
14439
11814
14286
10937
12641
6312
5231
5268
7744
18945
16520
379
10554
12885
16277
12445
2899
17557
7737
14502
12468
11557
7230
7350
19450
12105
17754
13470
12106
3499
6989
7574
12290
5708
9927
16350
11403
11237
14662
9679
3498
19480
8861
2236
17878
11800
2705
16843
5477
11954
19805
18186
5791
9398
789
11695
3699
17830
19463
2609
1736
9081
4253
6108
10219
10540
9215
15957
4328
2727
9270
3627
1300
6280
9195
18518
6855
18670
17294
12271
1767
9923
4499
8459
14719
3110
18134
1748
8078
5397
5471
8134
10492
8244
15681
8451
9064
9532
3420
17812
12636
12707
4642
15773
8258
1315
18871
13948
17840
17610
17105
4957
14942
1598
16927
17981
12025
16747
358
9785
15471
12490
6279
4722
7147
13231
15036
15391
2651
5199
4961
5807
12236
9932
3055
3226
17847
1631
17507
19202
437
13729
16958
8331
2670
12886
13733
12564
10031
12534
5385
9650
11450
15865
10177
3208
1559
1375
11219
15652
19401
5913
11058
3160
1051
13879
12800
12532
2777
10575
10165
2749
16346
18439
3128
19852
9979
5919
7338
8325
13448
6558
13986
14002
13299
8695
11634
12028
12647
6999
2921
11270
10965
4558
13074
7814
7277
3832
9178
13984
11978
5831
1327
13632
13316
1839
16995
15860
10889
15085
15152
13540
5925
5013
1333
12015
19741
9143
6335
4163
16476
18860
4963
13528
13253
291
6471
10730
647
10659
15584
1874
4750
5820
13878
8096
15670
12238
17764
14934
763
4373
1948
548
10540
8656
6600
13115
15773
11052
7658
6000
11036
9970
15556
16688
10971
10506
4692
18682
2988
18379
13559
18878
14571
5600
13007
10672
16757
15576
671
15624
12022
5961
11667
7769
14944
19714
8092
7531
10903
16812
15353
17240
2890
2013
11729
14976
16316
4153
9885
1834
19904
15588
1987
4759
4515
2089
2396
996
15395
3744
10487
8220
446
7167
16151
17175
6789
18752
3735
5716
16271
14091
12814
16238
19562
18496
11086
11966
3884
1603
18630
14860
11623
2212
12551
12723
19643
6889
5347
2385
3302
923
3345
6183
7671
17002
6029
9299
13824
5886
11549
3624
5993
5691
2095
7335
288
19791
7134
5916
8910
12220
15315
6519
3334
7997
3399
11845
7351
10454
7239
5066
33
828
12912
17277
12516
2846
18394
9921
10611
13711
13713
14044
11976
10577
222
2805
6961
8800
9189
207
14312
14840
5928
13692
16448
7971
8
19168
12923
13603
15755
484
19033
19961
19353
1522
11082
1199
10400
17940
4517
936
4280
14852
1073
12482
5953
6671
4384
11077
4904
15275
4828
3243
15977
12945
10169
9772
1550
19513
17514
17796
9621
13778
6608
3651
15599
3322
269
2322
2373
14112
19127
5021
15061
17779
296
16161
11483
4071
6129
9363
5611
1860
6319
5482
14234
5610
15062
12522
12572
485
9578
2766
16039
40
8364
10001
5207
12425
8305
19769
13996
14490
9775
13761
14093
19519
18960
5698
15535
1681
4297
16093
8753
15886
12037
15367
6015
2266
9498
2865
11126
4246
18717
13715
9351
16987
6801
6485
15893
691
5050
13818
17432
8501
14608
6697
15108
7931
9711
10457
10467
17217
1227
16792
10431
3708
17825
17944
17820
17109
6345
9975
5858
5441
13799
16009
12984
17758
13537
9988
1003
16876
12011
10728
14351
10661
1406
10057
5117
19770
4711
11322
19802
16332
12411
9560
7864
10756
2408
19696
2325
19824
4423
14062
13185
16826
7278
2947
2622
5542
10946
3154
3840
4519
10249
12247
6227
2463
11837
10580
2876
15154
7069
18106
11672
9669
2174
8144
6304
665
7550
11107
9326
13822
10073
17386
5209
13621
9172
9269
10780
10214
1239
6866
10038
8666
11768
15547
14090
6134
1330
12063
15462
3669
13781
1963
19040
6241
19734
13941
17885
6734
19655
10181
18923
4563
12674
8897
5006
3942
18079
1395
1784
19506
12004
3513
13617
14871
19612
3272
9655
19391
1920
14302
7614
14520
4850
15203
8536
3315
15337
507
3024
3064
3943
7371
7825
5316
19334
421
5475
5120
14672
18801
15317
13951
7566
16506
5686
564
2392
499
15901
13005
716
2052
16489
19952
18394
13397
8771
14640
3931
18069
14592
2604
3713
775
1538
11108
16234
18250
6269
2457
4942
10372
16855
5536
9496
7882
5865
17059
10226
1806
9986
9364
12280
16518
15403
19311
12047
3125
14565
9515
3502
12312
10286
14748
12186
16143
10627
936
14672
15462
3584
19395
9564
19998
7490
1898
13766
6493
10957
9209
5100
16079
19241
12905
10154
7544
10407
7210
13878
13783
12546
12088
19208
4920
2113
2685
11318
6326
11096
15587
1886
6794
12494
8244
4765
18101
11578
17872
6237
12647
19047
7594
10891
6953
17622
14368
10533
13997
7618
18549
10546
18671
6174
15148
268
6632
3259
3939
19417
13776
1414
5482
5624
17101
2030
8670
278
636
18371
12583
192
13339
10842
18346
12274
10992
9837
10443
622
4730
7839
19651
6857
146
13085
5082
4415
15709
19360
3234
2215
6961
5551
19536
3616
14113
6690
12278
10667
1191
1345
10241
14099
1101
15498
18221
583
13273
14162
11840
2664
18674
6659
18026
11485
9587
11043
6743
8068
17963
18933
19630
18147
3469
89
5929
6684
11131
17742
9425
12671
8811
18936
17429
346
5331
8285
5543
19500
7990
12809
10387
887
16458
18065
9053
3411
357
5140
17590
12863
12197
2781
15034
19794
5273
16134
19306
4976
12271
5559
4001
3352
11610
140
16788
5274
12639
3668
10859
17702
2013
19222
3607
16831
9270
3534
8719
18863
12062
7380
3755
16276
11808
8925
18748
2360
2439
18268
3526
2430
18448
16449
1275
600
11657
6113
853
3830
17926
3766
5359
12152
19680
5757
16576
14885
1130
1117
15862
15444
7794
2919
16075
14952
2607
5561
11622
888
9005
9117
15441
6956
8755
9327
12883
17028
10925
12987
11337
7154
8123
7748
18053
2120
16085
2626
15715
8908
10169
7171
4228
4072
4435
14097
11817
15645
583
19540
718
56
14590
10959
11392
19901
4331
12549
14876
18240
6873
14334
2214
19506
3827
14853
3427
11960
18895
8297
5395
6360
5208
18083
11214
17965
14198
9367
16378
19001
2108
16659
4646
7290
11822
18484
7559
6645
11277
4232
8204
1647
17217
6607
2847
13531
11842
923
12443
2733
9474
3862
5541
9869
8506
6530
7368
9576
4624
13659
17841
5408
12322
8153
11043
16579
4914
2930
4792
8249
2413
14364
3446
8727
1497
19760
13961
14864
1147
10442
12258
12715
9027
13325
4748
9008
2997
14083
9862
2684
17108
9058
7042
19221
556
12778
6618
11959
19580
2219
1897
5164
10783
12420
9613
10650
17494
14502
10967
6838
2355
7639
19980
8502
2148
17042
18044
16804
16634
18219
2140
7023
3894
18672
10498
13180
4751
5100
12157
16281
13986
2213
7854
9298
14838
3941
5319
1820
3370
17301
7294
19119
10718
10245
18093
1361
7163
16489
2058
11053
9216
6750
19422
9827
7242
10122
16132
249
4798
13824
11745
19663
11158
16803
4378
8143
6183
16258
16022
1379
1963
16738
12497
5633
7087
9625
12985
17826
2235
15830
18345
14832
1977
6655
14848
11805
2468
5618
15389
2128
1231
15533
7065
14971
1486
13704
18369
2664
14405
11424
8111
11666
9036
19375
12132
11695
667
13559
16772
15531
12600
7518
8718
1808
18714
18322
9718
5441
14104
4493
32
6950
8243
212
18619
18530
13853
18970
17272
896
5541
15458
19878
8300
16385
5089
4172
15966
11478
6338
1538
13296
6406
12931
16972
9937
5910
796
9779
19475
10523
19616
11810
18110
17601
19484
4730
10567
7928
28
9042
3547
17499
11277
13103
10870
4318
7453
2716
16208
18259
11518
18630
6455
9913
1514
11671
18072
11810
11361
16557
16790
18848
8013
12086
10653
7691
12039
11113
15344
13201
7442
12196
18014
1818
15108
8702
17939
10871
4517
3657
11627
15271
2801
10246
3714
230
3191
9796
3655
18962
18020
15670
18351
12922
13626
4336
7717
8998
8249
1886
6559
14589
2368
17761
7916
6167
7532
15815
8201
15808
10879
4934
1715
18054
6748
8084
7382
1183
6575
6982
17924
4889
2666
14659
4194
7103
13321
11333
8188
11077
11863
6539
7033
12081
6506
15901
9417
3046
4489
8478
11226
5006
12973
1447
14506
9027
8229
9574
7959
5786
1268
14162
5843
16108
13494
1449
11411
15683
15040
1416
14534
9469
868
10246
17186
12480
12211
17965
13881
17467
17246
13974
11787
564
2005
1857
14870
1107
5680
17646
9257
10890
18796
11483
16246
4863
8108
1498
12837
14616
8257
5805
11717
19778
16517
9185
5085
18718
513
19684
2721
13545
16111
3365
2016
18470
6457
16391
9498
1289
14752
10785
9775
18435
4793
6997
2131
1093
13170
19115
10846
17939
19410
10537
9951
6024
16798
9201
14480
13151
14007
16151
5060
68
8513
861
3229
15768
5887
10190
4763
3067
3546
11091
3663
14425
15361
18037
13037
1588
14729
12048
19136
1897
1398
17551
7703
10882
19954
18538
12509
5719
11993
5113
7462
13218
2712
8212
8550
19742
9706
9417
1148
9627
19745
10040
1579
5312
4678
6414
4872
5309
15928
1180
3407
3885
18864
9588
9361
68
5157
9440
13513
8667
13323
13119
15660
5429
5751
7804
2494
10252
19133
13036
11489
11549
410
10244
9384
19405
14894
7253
18057
2263
16449
2565
17073
10739
2278
7755
6802
12260
14172
8295
17239
5437
19729
18907
1049
13297
12578
15498
12042
13143
12254
17228
14030
566
841
10571
15657
275
10107
4349
7827
4884
6504
10910
12328
16559
1307
3849
1149
6932
10171
16531
19373
18707
10384
8836
19185
15276
14942
8402
9390
12338
14128
12764
3751
14298
4336
14432
11763
19654
5203
19162
10026
3912
15282
1754
19098
693
3346
14529
4662
15720
12005
18167
7405
16240
586
16843
2104
17464
4847
9672
2541
5712
8119
4209
2161
4221
3734
15897
18859
11514
6201
13633
8115
10440
15810
10639
2729
15258
18769
19175
2945
11830
9407
9065
12476
5064
11812
7270
883
5545
18040
13792
10285
3175
17814
1950
5487
146
5597
10985
147
99
7216
10277
19441
9608
7933
9071
15225
7408
14715
14320
2691
19312
13516
14715
15614
19696
2114
4105
133
15765
6526
17806
19472
10539
979
8887
12966
10638
6313
4771
18319
3733
11646
7867
9896
13308
4871
13839
14288
12909
17620
15279
1503
5802
2929
11363
2775
18810
11528
19431
978
12046
10980
15046
19515
19118
15985
10769
11768
12644
18015
16508
12709
12581
902
8982
16892
4535
3427
7716
19408
13636
9696
7064
3386
7834
3313
8627
17802
17723
4315
4660
6911
7560
559
1979
17425
19237
16628
3071
14859
8009
17347
2441
16215
18533
12779
12203
8146
6158
17781
2560
8606
9897
3203
2624
3478
10674
9713
17088
540
2024
9725
17317
14350
17976
7074
9315
17112
6885
13888
8822
2659
1905
11352
10972
1130
4459
5619
14413
14061
17685
13282
4760
8574
7632
15968
4827
11161
15078
660
11966
2993
18900
3251
17901
9861
13618
19266
13648
4882
3329
8089
16489
17634
19088
13379
13898
19074
14762
8449
19504
12401
11039
174
15776
5460
5965
2813
1180
9830
15052
11327
18241
5101
435
4642
16896
10184
6954
2387
5944
11908
15053
7747
5293
13646
1945
10823
11751
899
10710
2329
11785
6563
14337
7324
11371
18115
10453
19293
7831
7618
6166
13078
797
1267
17433
12748
11731
8921
883
19640
2445
10066
19485
834
8693
14570
19329
13704
13318
7056
19779
5919
13899
8709
12783
19537
6895
11985
1275
1220
13600
3023
12056
6524
5190
1097
3323
11606
19418
15230
10466
2709
14308
6624
101
7194
19893
18618
15163
2252
7645
12398
710
17655
7690
13117
10396
7568
3007
13696
16178
9207
13164
5139
5255
8277
12495
18993
17643
2533
13735
17147
9099
4015
15889
15953
10969
19727
4578
10051
2428
13684
17247
3329
11633
2149
17819
19663
6973
3614
6638
4404
12016
18168
16751
6898
663
13094
12078
9040
10687
14747
8912
6226
15425
18057
17288
2794
19726
12261
15663
11176
15160
6119
16639
14797
3098
6029
7250
11165
8581
318
6866
19379
15625
8204
14396
334
3356
4179
1142
6729
14762
7294
15145
6697
4697
19080
15549
18895
18231
8768
13520
18093
7586
16134
15859
14229
3092
19635
11969
2765
18825
2549
2365
17151
18703
14903
359
6509
14441
18879
2202
5154
18623
15152
2501
18627
18982
11472
8228
18500
17064
10340
9978
375
14927
6296
5389
1663
10739
19227
286
10562
16349
11878
16612
9501
7447
15613
15748
11218
9619
4430
16527
19933
6645
17463
14776
13028
18301
132
13040
14508
7701
8918
19552
840
4979
2687
9859
9517
11051
16809
5949
15937
3925
16406
19131
11953
16310
13378
9416
17122
13774
7205
13482
6591
15613
15349
13495
18961
12370
745
9751
4301
15826
9592
5527
15622
15009
7807
8679
7620
3760
8577
13009
12781
7556
13417
3542
2271
3679
14955
9895
14367
11917
10248
14205
15980
7340
17392
6581
13645
15033
19202
9900
9065
5971
17903
16786
8917
12142
16189
1678
11655
18743
18407
16398
19466
1631
8193
13545
10538
11686
19194
4660
463
10885
6074
9309
9319
11479
3755
10695
2684
1189
7284
10786
4549
6349
8543
19494
18839
19054
5500
19916
5788
12691
3487
14249
8316
16793
7557
3944
15224
4415
12340
1251
278
9961
1408
12670
13046
16977
1609
3648
8706
4650
3842
4462
16260
1362
18925
10470
1746
15860
13889
14197
14245
1559
18638
4981
1576
19399
9559
11239
5547
15518
13565
19497
950
7662
6365
308
13403
19150
8272
3316
15652
14718
6833
1796
11500
18904
9563
5414
234
12853
5520
16061
18023
19673
10070
14375
6768
6397
18715
3034
648
10711
250
11001
14101
15816
17206
3346
5306
17154
227
16632
5125
11923
3428
18969
10431
8978
4046
16123
2433
1189
6124
7415
422
5549
18780
1874
3963
9902
6583
17012
18706
6975
16205
551
7414
13322
1902
2542
953
1793
6214
7647
2857
734
9344
8095
3042
11572
6635
18776
4989
7127
13914
761
8773
19781
11492
2410
8778
11792
14220
4139
10159
10153
6812
2216
9181
1674
17386
16891
16347
15359
15261
4990
17237
12242
4360
13803
5145
14098
1204
530
10849
2464
16861
11702
4874
13302
12179
16516
9187
2580
12704
5073
6273
14792
19113
8175
207
5817
430
2860
19459
3697
19723
17320
8076
12996
7873
12304
13095
1729
9711
9756
1809
3924
16281
9345
6199
18645
17483
5011
8873
15729
9175
7163
4653
9682
14106
4945
4207
9358
4924
14999
19830
18537
13270
15473
16370
14632
1710
3588
8242
6355
19294
938
5746
12390
18675
9935
14065
629
3665
10220
18976
18937
3636
1949
2678
3739
2225
11521
7457
7803
19963
2574
7096
15581
12929
2734
4427
15185
7444
13274
5756
12094
17959
19697
486
8395
6447
2837
8795
17354
13802
18114
10989
8160
11292
3244
4354
8533
5620
6676
5866
3573
7021
2182
7436
2976
5264
11538
11452
12020
12727
7845
14954
3061
7948
9636
12372
14743
6064
1637
4667
6024
3672
8745
8850
13212
1170
13018
499
17525
5381
1821
6829
7983
19830
979
5176
16358
16487
3154
3144
19269
4954
17531
11167
4044
2291
13912
9565
18909
2395
5716
2803
8259
2625
9494
438
16895
14747
11387
9646
5584
4618
4784
14990
14174
8763
12105
5950
13348
17642
15425
14995
13240
15713
16206
17473
19799
19039
14976
8295
11762
15891
5174
11016
3759
11239
7548
8250
14910
17210
18181
4983
12505
3910
5634
7121
4310
11552
17212
5155
16620
2909
18899
11362
18560
16209
9075
19602
1835
11379
5392
1141
13353
18653
3519
5246
12641
4784
10480
4900
11052
8724
11307
9298
12228
5180
7878
18331
3946
10408
13888
5130
3476
4740
3037
1880
9713
7118
6303
10839
11930
19093
11421
7307
16791
4285
18178
18072
11531
9950
4421
13335
9534
12108
225
1378
6053
7954
9008
15503
9039
8056
19241
19385
16814
12931
3378
6361
16961
12123
4548
6452
15034
6824
5786
17646
2832
2166
6069
14108
14691
7383
9392
9975
4488
5799
7290
5004
19792
1451
6421
18417
12697
15699
266
16626
9904
14302
2439
6217
16577
13181
16215
7980
7006
14512
18748
1664
12552
7148
5227
8940
10780
14654
8451
19880
4701
16873
11372
9396
3034
1643
10793
8229
6459
12733
249
15354
1614
9018
9807
15181
16552
5815
10252
15429
13626
16528
1878
18472
5330
10148
14199
365
2762
11510
5077
3887
6482
10421
19337
8606
10581
2389
15902
17968
4970
3676
3016
1909
9082
11033
12319
16552
12008
16142
13366
9185
17154
7566
13916
519
18435
9697
18319
17763
7106
16389
19767
6959
1754
4271
10758
8718
11415
7887
19434
12405
1530
17777
16749
13671
12617
16256
17898
7038
10550
14277
6443
14437
12266
749
13795
17635
19342
2376
10213
18225
19766
18030
14880
12973
10635
18300
5079
3047
3475
15548
9281
6168
5150
5987
19290
11123
14512
14707
5956
12660
14758
13121
6910
11668
6023
7089
4798
19391
10472
7037
17198
19068
12412
5525
13153
715
9239
7328
9169
18926
3261
2080
2710
5822
17675
4116
4900
2366
4545
12279
9570
7468
10827
1765
15234
9652
16267
9054
6018
15871
3013
4387
13726
11688
6247
765
17296
4559
14674
12126
7334
1415
8553
18111
18333
3018
12405
13352
14271
12844
6706
9198
4215
6220
16250
7798
14797
19111
4876
9944
7522
18663
5049
6463
18953
729
12555
11212
19616
18109
14449
14138
13738
10486
6763
18717
6347
9600
3599
17924
2335
18465
10710
4445
13815
3512
6343
5175
6705
8754
5917
13731
9299
124
13239
14420
6659
6611
18012
6821
1766
6167
232
15482
12435
18782
3704
8030
4275
12964
3022
107
280
2048
8513
18761
12279
4978
10757
173
8931
5753
10418
2595
2024
289
4340
17030
18400
13241
2254
9996
13589
10627
9675
13599
9108
19204
14467
1510
18282
6203
7366
3330
15358
15055
10088
3476
6122
5088
1545
1020
1335
11296
13343
13980
15253
10171
15683
13851
7252
2737
18325
4293
14914
4676
14477
6735
6785
16716
5535
9593
8227
136
1770
12493
17605
8048
5949
17123
16229
4166
3910
11015
13122
4106
825
11698
12975
15404
14553
980
19379
17212
3622
3444
10912
4446
14627
19342
11245
11738
770
2651
12754
6607
6927
6159
11648
17384
16374
7867
571
12006
18514
16274
16182
6460
17714
3849
105
3578
2058
5016
7824
12993
10068
6301
6755
10998
17121
2079
7949
13298
7808
11792
1772
14613
18760
11372
8133
13338
16294
16414
8897
5318
8350
9794
10055
19930
17280
197
12695
11912
2249
16072
6145
3
10195
1284
8672
18671
9914
19047
13942
12823
11979
2044
10852
15677
13323
12105
230
4460
16065
4754
7434
8105
18945
8123
7243
1736
11222
1898
10158
507
16555
14411
16024
997
13399
4045
7818
8365
5763
14890
1274
16750
8760
6660
1135
5963
2634
4106
18009
10656
12507
5370
15562
9523
12173
2720
13781
12713
14536
12445
2017
11222
8996
5187
9194
3148
9044
8156
17845
9076
10479
11146
9998
14363
14684
19338
10208
15619
10201
12306
2352
17915
1096
8985
19798
19145
13527
7446
17464
15075
16106
13664
9253
6845
4007
5044
7115
9468
12446
14549
822
11529
13779
2350
19974
11746
9482
2163
1323
16746
15597
9222
16736
3649
445
14677
12449
12526
14642
4384
16746
8824
16977
15768
4077
6708
9513
5891
7536
17177
4874
17628
10369
17359
2659
19608
4950
19078
18582
11331
3589
9539
9786
12393
15037
10837
5100
272
7584
17830
7636
18626
15517
16333
8815
5033
7822
832
3550
17811
5291
1318
14794
11894
15976
9578
6546
13932
14514
4044
17652
2367
3074
14226
8436
9984
10715
3868
19691
11472
7078
1685
1870
16674
14919
9221
11002
2008
7131
2276
11673
5513
16336
14504
16660
773
19010
18463
15798
17871
14670
4120
12088
297
5012
17660
5166
7182
5678
2106
17869
16792
7751
7168
8887
1217
3738
17734
7909
13703
17576
18020
495
9321
6837
4483
7291
9486
17184
10609
8448
8901
5469
6734
5846
14854
14225
7460
2781
8184
15114
2451
13414
1100
9400
11018
8001
11302
11243
15378
6564
18075
9098
16292
244
16182
11021
9723
5331
9301
9912
17060
17479
9105
2677
15602
14275
18747
1101
8110
13492
18849
13762
7051
3434
5103
14732
9207
16417
7923
2382
15118
7339
4377
15220
8777
16283
11445
12332
16596
2769
9471
10110
6365
13629
4855
5544
3047
2642
7306
2139
6366
9832
10478
14636
14341
14669
1543
1272
14572
12714
14188
18935
6110
430
3907
7739
18326
13177
777
11333
14321
14119
15022
15236
18590
6967
8317
15916
1330
12310
4985
18895
16857
10093
610
1754
2663
4
8279
14223
10092
17553
8086
10330
9413
9825
11231
9778
19663
418
3670
15278
2583
14027
6823
19265
15085
2120
2468
19795
9015
10853
18506
13246
13346
19862
9410
17218
9907
12674
16195
13061
15995
16938
756
3115
12489
19545
12143
7021
7609
3529
738
7129
16906
16175
11151
230
12974
3205
786
2130
10810
4275
6051
19163
7485
17145
5905
16886
1966
5274
8591
19087
8861
6216
12907
12925
7948
7369
5753
15425
14519
14947
18126
3419
1166
13321
11528
6953
4323
1474
1259
11229
16222
16818
9446
10938
18639
11815
15220
7563
6523
9986
927
7648
12791
18528
255
5926
5683
709
6015
3585
11597
1220
9248
17096
7046
11340
4536
19454
178
1842
13298
1928
15209
11127
2393
15088
3898
1367
19311
12917
11871
5486
15575
15917
11628
12230
11699
11800
321
97
1031
16994
17663
6335
6460
1908
2391
877
5313
10424
8318
8362
11692
6503
14525
5047
14398
16944
19300
15579
7749
776
11071
16016
9627
2505
2304
749
171
2697
6396
10225
11796
7767
850
16777
4518
12723
15557
11934
553
11211
13995
5054
7100
2574
12831
6885
1691
18223
10161
6407
3898
4696
13021
15261
14191
17224
13016
7082
2572
14539
7078
2249
8713
17332
2345
8245
4928
9145
1492
18900
11186
11691
3582
1089
10887
16049
14738
14741
6547
12800
5443
19761
8308
19609
9693
16970
19447
13631
16855
2481
12378
12531
18052
16350
14860
19054
3880
12217
8433
6010
1928
19460
4450
13709
7546
7688
3665
4580
7260
10523
12649
888
8544
1419
13972
799
10405
19434
5655
8065
14049
2357
8632
8085
8346
8258
1472
15576
1044
18758
10267
10826
16356
12865
17403
12869
8099
10311
12893
5242
11423
16267
12643
1290
1035
15786
7872
17085
8471
5777
10867
12291
602
6635
19371
16293
12779
19819
6664
19879
3856
6483
3426
4444
14541
10463
4419
1318
6174
1617
6767
10025
14656
19738
9700
7594
15785
13377
11548
12617
4088
16467
19183
5464
1767
9895
12374
12119
14205
15148
4490
16334
3168
19570
17547
10438
14151
9106
1533
7812
13198
17019
8108
3
12803
9498
15056
15149
1021
16549
11723
4757
8652
1028
5711
14292
4747
1372
14942
1727
9938
19065
9929
193
13512
15576
11193
13242
16406
11407
18412
6196
14775
3705
2775
18269
14667
1153
12267
1030
6603
10314
6322
12471
5302
18456
5592
1452
1642
11231
11814
16049
4335
8551
19753
7893
12589
7736
12465
12302
12382
5224
10838
11977
6461
6846
9845
8843
1725
5762
11897
3978
13943
5987
16756
2561
5500
18724
10796
436
18921
15748
1299
15968
12984
6216
3790
11197
15442
14280
13143
4852
8962
19059
8094
16375
14277
11039
17258
16097
10366
4017
3997
2604
4486
13573
6678
8168
1696
5563
7216
18782
4426
14174
4008
17858
16560
1522
6652
13230
17979
3993
9134
13889
18279
9506
9928
15891
1778
17168
15577
2995
14703
17058
19005
13824
15483
6852
12411
14304
10759
5873
8713
320
2675
15458
746
10729
19004
17656
19863
9979
15181
7170
1883
15721
5041
17195
7479
19217
19976
8964
15335
17013
11927
1289
17500
12955
7034
15571
7016
15645
7957
4058
15097
10382
11336
292
6652
19274
19136
2382
17155
19225
5002
19029
7841
12576
2627
5857
6609
15075
18540
16880
6263
18523
10105
16187
2846
10512
14663
6567
10753
8531
18861
13930
19653
27
7884
311
14499
2042
19168
4680
16516
16827
17913
6759
12549
1274
5443
18809
9657
19423
10656
2599
18222
11449
12984
16107
19047
14323
11271
1171
15049
11702
3828
8117
15314
16891
962
16144
1539
10091
17600
762
7294
3957
1179
5387
7370
3307
4499
2341
12307
19801
6346
735
18479
34
10905
11436
17019
10105
5565
8717
164
3002
12975
5168
3074
5987
1105
5442
1727
2674
15491
18584
5813
8988
8790
19030
19764
5446
1016
987
15363
13508
8750
17641
1759
9644
10592
1044
543
16534
17165
18215
951
12114
19263
8749
15291
16998
19802
4354
19867
14211
3342
13623
12397
9507
716
11100
15529
16353
12438
3341
7853
15892
4142
1884
9217
13673
5520
19479
4277
413
9948
17077
15366
18324
18443
6178
4991
12601
4163
4260
9244
1938
8645
4906
4202
16158
516
3408
10795
15598
12816
18001
5173
4094
13168
1002
16666
17327
7055
10055
6050
6594
9357
15180
17428
15250
17909
13762
6420
10447
14639
13020
230
3091
18636
7717
13104
258
4031
18823
15998
2211
3723
3578
5727
9141
19447
17096
2541
12784
6975
16345
3914
13274
16196
19744
12933
610
12547
3233
8764
6172
98
5949
8732
3577
14663
17628
6691
12418
1027
12821
2439
13874
8716
12605
847
19854
12104
14249
3359
11361
6309
4962
9233
18392
7909
837
8799
9302
5847
9459
15837
15605
6785
15900
17506
12666
5273
3779
1480
13875
2515
1293
13385
16592
84
9388
15913
2396
262
17475
16211
18006
11908
19445
11963
4240
16469
7822
14083
4227
8821
1261
13273
16109
1103
2124
4606
10920
18215
9838
12065
17192
13715
19140
5193
15825
10922
7292
12050
15283
12277
8903
4974
19011
12034
5574
12653
18583
4567
80
11127
17725
7843
4193
5462
16184
11696
3650
913
2265
2229
15282
8851
15894
3528
14990
12843
16329
5137
19970
15372
18152
12473
10092
2868
13948
6977
7657
1353
6688
2063
3134
14719
5336
17699
19269
18231
4331
9000
15218
354
15775
18439
577
13475
18064
1525
4126
7378
10764
16172
6481
8572
1518
6263
8868
16712
15413
16806
16242
10548
14464
6274
6349
3134
17352
5210
15532
18304
9690
16796
14896
10130
17007
10720
12689
17395
3466
16990
1065
5058
9710
16512
3197
17478
12057
9937
4996
13070
11105
4277
6933
16627
16970
15090
6033
2745
15521
3596
3850
4180
5592
15823
10607
936
5405
14853
7317
14536
4505
5351
1283
6528
13155
14128
2298
12526
9822
12622
18495
13387
8310
2033
6855
15496
3570
2310
8350
18963
9302
4701
15635
13785
14073
4805
5636
2469
17597
4634
14977
13447
5424
11253
17183
18640
19742
6882
4220
12505
6385
6415
9610
67
2470
5920
10459
1337
19405
14719
3047
6289
2685
7376
892
1522
465
6243
8578
10000
7715
7843
7465
14450
17924
15371
14034
9941
15733
13048
13176
8745
4101
3290
17785
15193
13703
5284
2980
3016
8782
16931
2401
19159
7976
7371
3895
17763
19893
18796
13086
19883
899
4579
19234
19023
552
12462
16624
17875
5370
14264
13920
16995
14414
11122
15807
11954
5515
10338
536
5531
9610
17973
3807
3784
13677
10672
12794
15856
4793
3492
172
15994
18289
8160
16190
16864
10864
5856
19404
592
4483
18243
11466
6092
11745
14587
6737
18833
18759
7454
6923
18164
18804
7385
4758
12552
8382
17411
19544
3325
18800
10991
8671
17954
18849
8380
15891
12491
19473
11303
9243
4109
8322
3104
10281
19718
19377
6138
8707
10970
2383
18683
12463
14969
19553
13203
12410
10364
11600
16522
1061
13421
4494
8210
2732
5670
12806
11932
6100
9522
11582
13734
11665
12209
6284
17682
18321
18743
17970
1841
16969
12403
6583
158
2393
12908
12388
18376
18366
10823
9655
5543
3413
4390
15623
9648
1927
5675
854
6947
149
12731
1100
15138
15105
13565
1685
3580
5014
16513
15257
9191
4758
189
18291
10251
19998
13139
817
8251
9687
15183
3912
17407
12636
15563
19536
9837
13923
15669
19555
15639
12426
4009
12366
13469
16896
4312
305
11331
7725
5674
16601
14109
6942
11999
2711
11078
10097
14545
11581
12849
5241
4917
5972
5206
12367
1985
5981
15086
17077
18023
8994
2010
7144
8927
9048
7389
16321
7843
3988
3691
15816
16180
12967
12889
9655
6523
8951
19763
17414
12297
4187
3852
4631
13279
6962
8528
17024
458
4225
5398
10993
15142
4615
241
16289
8163
3231
8262
2106
19109
11122
471
6845
1061
17174
5086
2707
16533
8999
7637
8817
4897
14943
19090
13287
16017
1077
12241
8293
8715
1136
19337
2410
17557
15079
7456
10731
12088
4502
10682
16157
11680
2302
19437
16703
19039
4730
7568
18118
3698
4442
18258
8678
6364
2974
5382
7546
4718
3217
12252
19857
1288
9343
3659
6485
19161
660
13387
17113
4001
9234
17695
15262
3768
12750
4271
10946
11944
17544
595
4006
17109
2886
9708
3642
12317
7212
1581
3079
17435
8185
10198
8952
11461
5537
353
8678
19765
15778
19829
18591
19236
6214
13464
19986
5266
11797
6850
19258
10051
17619
460
6469
739
18461
13959
5791
5674
7131
14569
3296
19227
13027
16867
12782
18854
16970
9390
14864
7629
17607
8067
3249
14660
7878
14409
17997
9138
1830
18217
1915
15860
5520
2270
10487
4608
276
13225
10763
7302
16226
865
5689
18227
17281
4550
11496
14031
14447
19830
9352
9191
4214
15961
9187
4997
8839
7671
16227
14779
7958
12234
6682
10142
8818
9422
10577
6767
3071
7828
16145
6165
17458
1174
17224
4326
4616
2725
16152
10629
8099
18398
13698
6052
11491
1243
15274
16843
4605
6277
9351
8433
3482
10631
8649
7623
4238
4030
5991
11700
2162
6605
12933
9019
641
9741
18590
1497
4140
9826
10548
10730
9659
11944
15441
4715
5153
3532
3288
2202
12058
17175
13581
19225
6084
13317
9566
12914
2743
9460
11085
1300
7073
3416
13627
5948
12482
9227
11986
975
4034
13890
12495
16131
2922
7259
10218
11678
18694
17969
195
11478
17428
18546
2059
19543
4425
1160
7404
9731
6433
12180
2934
16851
15680
10649
13383
19100
6922
13204
5174
4429
4860
16585
14493
10837
8005
10296
19328
10337
2884
5935
11806
9763
11551
4569
14739
19150
6269
5780
10823
14142
961
13696
18711
884
8931
4243
15102
10911
6252
14186
15295
18934
6958
570
11026
514
12031
15589
681
8793
19344
6311
7517
12453
12494
15952
17178
9187
2547
15468
9411
2726
3530
11006
19364
11804
13374
16779
9459
937
6173
13747
5313
18287
6702
14842
9026
13999
13484
18468
6007
16745
126
1952
1844
2400
6421
17787
13683
1657
18369
13525
6933
8545
4656
14417
14000
3918
13316
14661
7801
5822
7984
10994
18575
3292
15887
10701
17538
1761
13121
12188
638
18582
17026
19644
8920
2744
8649
12223
4083
13397
14554
7315
17647
13778
1736
17405
19632
12815
12555
10661
2822
9762
7417
7595
13054
12160
8101
17463
676
9242
13009
558
16851
13924
5840
8801
17307
337
10109
479
2030
10938
14225
13386
18343
2877
17317
5863
12567
15458
2213
7983
7629
19865
14381
13059
10178
9887
1059
3388
15198
19744
13072
15488
7882
3414
11292
13520
5203
4975
9413
6719
9623
7149
9116
9662
8976
8870
7420
13714
4218
17260
7208
10374
5987
4711
9087
17372
12526
9374
4031
9055
9475
10421
3059
8149
17271
9137
6906
9040
15827
854
1398
15043
15460
15121
1741
18162
8894
5457
19968
10754
12205
1168
16934
12943
10266
5104
14756
2141
3159
8129
3115
15014
7207
3359
6478
19633
7245
13112
15550
2372
7791
6666
11140
2928
1702
15723
18234
14923
18149
1442
6918
11451
3172
14803
16468
910
15976
11673
10351
967
1232
16587
15132
5651
19711
11521
9139
1721
18657
15823
10459
17327
3899
18864
2689
2121
14580
18622
7989
12205
7098
2846
10145
8546
12658
10297
14694
14471
13056
9252
5173
10912
17486
7425
8550
16266
15773
3294
10489
13232
13606
11067
13159
9142
14796
18026
7747
10707
3904
13455
6675
603
7311
871
2789
5978
5868
15012
9296
16061
15510
11638
13608
13323
2245
16614
317
3665
9015
3932
12369
19450
13265
11648
17396
3613
13876
16637
5534
16272
11422
3522
18760
1691
11034
14850
13543
5543
6309
16859
6918
5622
638
8659
799
12908
11529
8991
6901
3722
10239
10046
15985
3483
16630
18689
15383
2056
16105
15374
4357
17414
2788
9626
3400
11375
6286
2931
15450
2062
19922
9408
18300
148
13900
19968
6699
15367
2029
15695
4066
1402
9995
19111
10765
15032
12584
10979
2885
16314
15390
4447
19788
14584
6596
91
10791
13916
15103
11262
8467
12274
7079
15383
12229
4763
15956
17503
15522
19617
2438
5051
11672
9637
4238
17565
15191
11348
12893
12393
1072
13240
14918
15349
14664
8331
7858
9034
1880
6534
16609
11048
10309
6711
6424
15365
19063
11729
2763
5622
16280
12093
15399
1798
12747
7951
17500
7555
11302
19123
9446
12056
11693
38
5112
17525
4620
12417
4900
939
14897
3856
13096
15859
13764
11778
10232
3918
7524
16504
11363
8007
16128
14016
8517
16117
2990
11707
7402
14045
16555
19386
12442
17172
3728
15560
1957
18273
1933
1505
2571
3361
9701
12960
2824
17636
15813
9269
17019
5525
11202
7158
7922
19544
13742
6956
17876
10059
18199
8398
15722
1518
13020
2636
9163
2239
4173
13282
10946
3935
8542
11948
5246
15120
13671
824
19478
12256
9691
2454
8503
10655
899
19885
6859
17803
11031
15015
2376
1069
15768
2797
6226
3740
14061
8621
9102
16352
16663
19415
15172
2417
14547
807
15183
11678
17996
5341
12805
14473
1467
12425
7326
2575
12220
18817
15875
8422
1230
18133
12468
11967
3174
16313
3637
6762
17264
18241
18870
14169
11524
18924
14430
5245
481
19735
5267
15052
10089
14962
3337
7972
14968
880
17381
2410
897
12888
19372
11979
15335
14584
4172
3556
11478
17113
3015
15932
2172
6445
1560
3214
3655
7749
1188
10949
6939
19903
7934
19169
10992
4605
10870
13974
6758
5073
4895
3187
11334
7796
7643
13952
13975
18390
7494
17216
19450
783
284
17910
10722
10900
16840
14724
5491
12806
394
7983
9750
740
2243
8798
7030
2080
672
3873
3930
2831
9409
5775
18559
11514
13765
10503
3153
370
12948
9304
4487
1760
14920
13980
6968
1658
1849
19999
509
3730
4132
11678
11557
17129
663
17578
6447
10784
3579
3275
19239
11503
9983
5569
10560
9358
8829
3014
17194
16816
6955
15536
2385
8016
12032
19314
17618
6596
1888
3010
4506
5102
15782
13429
6236
10418
4942
10566
19471
19265
988
9110
2
11571
8588
1070
13085
5300
10295
19264
7317
1941
1694
1643
19307
17443
5654
11644
8323
10549
145
2162
12956
18526
16197
9466
17968
15875
16283
16697
1481
1511
11030
9096
10686
7841
8861
16985
4009
18383
10695
5112
17543
9572
1122
5901
3563
6556
3328
16830
8095
10225
13567
11954
1560
8966
4787
3600
2196
10560
12723
357
10419
11541
1404
3332
11023
17052
8262
12615
19226
5380
13793
10260
7987
641
1451
4284
16868
8193
11761
2077
11099
17404
9535
11910
10978
17162
2758
16858
19357
12110
8105
15694
7552
17648
10820
941
9706
7657
18298
10428
802
9367
7578
13431
18189
16144
18732
16537
19881
16116
3901
2267
15882
10619
17861
948
4878
12781
9361
9214
3326
17808
9202
1689
4931
18364
16962
745
13603
2379
14638
18971
9367
9132
8356
1765
14186
15894
16314
426
19120
7546
12504
8669
10912
7825
5348
13469
17584
17172
13000
8319
4395
16587
19842
12778
3634
3485
2120
1435
17964
12934
693
4904
15243
16390
5205
450
1149
19222
12105
17715
6251
1910
3223
3335
3090
7554
18385
1032
5851
3331
2656
4801
10617
8481
3181
4836
5983
13046
16427
4966
4859
4830
10149
12328
17331
4651
2944
2097
17883
18645
300
11959
18895
6446
5260
14109
3507
2003
9984
15606
17669
7230
6859
3624
3676
9720
16518
12939
14783
3373
2272
18512
2724
1496
1200
14751
13443
9533
8985
11768
7831
2773
3864
10875
977
8964
15885
17220
5112
18598
16612
2062
16001
14472
9471
7544
16774
3508
482
8260
1254
12836
3610
444
14010
13207
4202
12464
5807
8033
596
6202
17349
15836
3233
13091
6339
6653
877
5758
15988
6210
10418
8721
3202
9383
5583
5685
10701
12791
4532
1203
19848
95
18221
17710
14897
12511
10217
2687
12491
11130
1445
5307
17786
10093
4826
12306
16634
14620
16000
11408
9948
7944
13949
7014
4029
2941
1519
14211
6373
18727
10353
27
11769
7460
7693
18186
4990
12565
5662
11474
17515
11566
5857
13951
13065
269
376
13132
16938
19655
19002
8287
12610
13310
13915
7439
9319
14094
11443
2118
1089
6535
17101
12193
15501
11445
10350
14292
5300
19387
18688
1898
16195
12255
12347
8842
1895
12766
15247
9622
16454
10080
15343
10029
8573
4134
13789
13680
1906
4384
17935
9122
8565
4347
4539
6472
2264
1976
11781
7120
2695
1495
11777
4141
4454
946
4870
13952
3719
2310
16498
1139
7076
5420
19860
5472
15006
10663
16410
18574
8627
13365
7415
10427
17142
5928
8848
5205
9422
15951
14788
9122
15340
13453
7830
12671
1610
10795
10648
19141
2941
5129
17238
18088
5143
2031
19580
12858
14332
7074
18116
1741
9150
16403
5888
4661
15415
17073
12800
15435
4354
7006
19649
18126
17303
7743
18835
14499
15361
3533
9220
10974
7710
10633
11790
4985
16594
7725
17754
11009
4392
2461
18288
18256
14535
4892
477
1268
1580
16954
6719
6543
2506
9387
5551
11800
7802
18675
2603
6302
16481
16926
16447
10381
16157
16812
8783
7977
8843
19657
8228
5239
15000
9467
5969
14395
4385
5460
12097
18364
14666
3144
7456
14052
3320
3544
7874
4388
3276
140
211
724
14076
16448
6907
2519
8143
11285
13293
1469
11572
5672
3726
4834
14559
10272
7293
1715
4674
12417
3107
10993
13125
15101
15447
879
16577
5034
16654
7414
19486
815
5150
3559
2183
9496
2062
15232
13383
12681
12444
6488
16962
7150
1770
6212
19538
16465
933
14556
11453
17285
3380
6200
15311
17824
2490
10163
12153
421
1703
18194
3750
13215
16961
10814
3414
18409
9771
9836
12505
15658
2639
8158
1545
1663
4525
9411
10372
6385
12480
2233
9701
8069
16649
19443
9214
2066
1243
13653
11125
17549
17154
3260
10040
14784
4560
4059
285
1433
7558
11328
10842
14494
379
3156
5725
16191
10732
7554
8330
3524
11424
11951
1840
69
7287
12295
14886
15672
14510
17337
167
9989
16306
13112
2182
4598
12287
11074
14416
8842
15475
16318
1373
15849
3763
13438
338
5681
10746
16932
2583
1582
18010
2753
304
73
5456
9720
3418
18775
11785
16962
7427
3154
13194
4714
3718
8454
8481
6552
11779
17953
7302
7819
6071
11725
6637
895
18172
282
970
16431
7167
3284
5409
13844
9914
16692
14474
2283
6862
4563
30
16340
12511
16472
8928
8023
12204
8754
3946
14561
17449
3298
2163
7628
8027
7280
7066
13820
10639
16030
13970
5670
