5002 5002
0 2
0 5000
1 3
1 5001
2 0
2 4
3 1
3 5
4 2
4 6
5 3
5 7
6 4
6 8
7 5
7 9
8 6
8 10
9 7
9 11
10 8
10 12
11 9
11 13
12 10
12 14
13 11
13 15
14 12
14 16
15 13
15 17
16 14
16 18
17 15
17 19
18 16
18 20
19 17
19 21
20 18
20 22
21 19
21 23
22 20
22 24
23 21
23 25
24 22
24 26
25 23
25 27
26 24
26 28
27 25
27 29
28 26
28 30
29 27
29 31
30 28
30 32
31 29
31 33
32 30
32 34
33 31
33 35
34 32
34 36
35 33
35 37
36 34
36 38
37 35
37 39
38 36
38 40
39 37
39 41
40 38
40 42
41 39
41 43
42 40
42 44
43 41
43 45
44 42
44 46
45 43
45 47
46 44
46 48
47 45
47 49
48 46
48 50
49 47
49 51
50 48
50 52
51 49
51 53
52 50
52 54
53 51
53 55
54 52
54 56
55 53
55 57
56 54
56 58
57 55
57 59
58 56
58 60
59 57
59 61
60 58
60 62
61 59
61 63
62 60
62 64
63 61
63 65
64 62
64 66
65 63
65 67
66 64
66 68
67 65
67 69
68 66
68 70
69 67
69 71
70 68
70 72
71 69
71 73
72 70
72 74
73 71
73 75
74 72
74 76
75 73
75 77
76 74
76 78
77 75
77 79
78 76
78 80
79 77
79 81
80 78
80 82
81 79
81 83
82 80
82 84
83 81
83 85
84 82
84 86
85 83
85 87
86 84
86 88
87 85
87 89
88 86
88 90
89 87
89 91
90 88
90 92
91 89
91 93
92 90
92 94
93 91
93 95
94 92
94 96
95 93
95 97
96 94
96 98
97 95
97 99
98 96
98 100
99 97
99 101
100 98
100 102
101 99
101 103
102 100
102 104
103 101
103 105
104 102
104 106
105 103
105 107
106 104
106 108
107 105
107 109
108 106
108 110
109 107
109 111
110 108
110 112
111 109
111 113
112 110
112 114
113 111
113 115
114 112
114 116
115 113
115 117
116 114
116 118
117 115
117 119
118 116
118 120
119 117
119 121
120 118
120 122
121 119
121 123
122 120
122 124
123 121
123 125
124 122
124 126
125 123
125 127
126 124
126 128
127 125
127 129
128 126
128 130
129 127
129 131
130 128
130 132
131 129
131 133
132 130
132 134
133 131
133 135
134 132
134 136
135 133
135 137
136 134
136 138
137 135
137 139
138 136
138 140
139 137
139 141
140 138
140 142
141 139
141 143
142 140
142 144
143 141
143 145
144 142
144 146
145 143
145 147
146 144
146 148
147 145
147 149
148 146
148 150
149 147
149 151
150 148
150 152
151 149
151 153
152 150
152 154
153 151
153 155
154 152
154 156
155 153
155 157
156 154
156 158
157 155
157 159
158 156
158 160
159 157
159 161
160 158
160 162
161 159
161 163
162 160
162 164
163 161
163 165
164 162
164 166
165 163
165 167
166 164
166 168
167 165
167 169
168 166
168 170
169 167
169 171
170 168
170 172
171 169
171 173
172 170
172 174
173 171
173 175
174 172
174 176
175 173
175 177
176 174
176 178
177 175
177 179
178 176
178 180
179 177
179 181
180 178
180 182
181 179
181 183
182 180
182 184
183 181
183 185
184 182
184 186
185 183
185 187
186 184
186 188
187 185
187 189
188 186
188 190
189 187
189 191
190 188
190 192
191 189
191 193
192 190
192 194
193 191
193 195
194 192
194 196
195 193
195 197
196 194
196 198
197 195
197 199
198 196
198 200
199 197
199 201
200 198
200 202
201 199
201 203
202 200
202 204
203 201
203 205
204 202
204 206
205 203
205 207
206 204
206 208
207 205
207 209
208 206
208 210
209 207
209 211
210 208
210 212
211 209
211 213
212 210
212 214
213 211
213 215
214 212
214 216
215 213
215 217
216 214
216 218
217 215
217 219
218 216
218 220
219 217
219 221
220 218
220 222
221 219
221 223
222 220
222 224
223 221
223 225
224 222
224 226
225 223
225 227
226 224
226 228
227 225
227 229
228 226
228 230
229 227
229 231
230 228
230 232
231 229
231 233
232 230
232 234
233 231
233 235
234 232
234 236
235 233
235 237
236 234
236 238
237 235
237 239
238 236
238 240
239 237
239 241
240 238
240 242
241 239
241 243
242 240
242 244
243 241
243 245
244 242
244 246
245 243
245 247
246 244
246 248
247 245
247 249
248 246
248 250
249 247
249 251
250 248
250 252
251 249
251 253
252 250
252 254
253 251
253 255
254 252
254 256
255 253
255 257
256 254
256 258
257 255
257 259
258 256
258 260
259 257
259 261
260 258
260 262
261 259
261 263
262 260
262 264
263 261
263 265
264 262
264 266
265 263
265 267
266 264
266 268
267 265
267 269
268 266
268 270
269 267
269 271
270 268
270 272
271 269
271 273
272 270
272 274
273 271
273 275
274 272
274 276
275 273
275 277
276 274
276 278
277 275
277 279
278 276
278 280
279 277
279 281
280 278
280 282
281 279
281 283
282 280
282 284
283 281
283 285
284 282
284 286
285 283
285 287
286 284
286 288
287 285
287 289
288 286
288 290
289 287
289 291
290 288
290 292
291 289
291 293
292 290
292 294
293 291
293 295
294 292
294 296
295 293
295 297
296 294
296 298
297 295
297 299
298 296
298 300
299 297
299 301
300 298
300 302
301 299
301 303
302 300
302 304
303 301
303 305
304 302
304 306
305 303
305 307
306 304
306 308
307 305
307 309
308 306
308 310
309 307
309 311
310 308
310 312
311 309
311 313
312 310
312 314
313 311
313 315
314 312
314 316
315 313
315 317
316 314
316 318
317 315
317 319
318 316
318 320
319 317
319 321
320 318
320 322
321 319
321 323
322 320
322 324
323 321
323 325
324 322
324 326
325 323
325 327
326 324
326 328
327 325
327 329
328 326
328 330
329 327
329 331
330 328
330 332
331 329
331 333
332 330
332 334
333 331
333 335
334 332
334 336
335 333
335 337
336 334
336 338
337 335
337 339
338 336
338 340
339 337
339 341
340 338
340 342
341 339
341 343
342 340
342 344
343 341
343 345
344 342
344 346
345 343
345 347
346 344
346 348
347 345
347 349
348 346
348 350
349 347
349 351
350 348
350 352
351 349
351 353
352 350
352 354
353 351
353 355
354 352
354 356
355 353
355 357
356 354
356 358
357 355
357 359
358 356
358 360
359 357
359 361
360 358
360 362
361 359
361 363
362 360
362 364
363 361
363 365
364 362
364 366
365 363
365 367
366 364
366 368
367 365
367 369
368 366
368 370
369 367
369 371
370 368
370 372
371 369
371 373
372 370
372 374
373 371
373 375
374 372
374 376
375 373
375 377
376 374
376 378
377 375
377 379
378 376
378 380
379 377
379 381
380 378
380 382
381 379
381 383
382 380
382 384
383 381
383 385
384 382
384 386
385 383
385 387
386 384
386 388
387 385
387 389
388 386
388 390
389 387
389 391
390 388
390 392
391 389
391 393
392 390
392 394
393 391
393 395
394 392
394 396
395 393
395 397
396 394
396 398
397 395
397 399
398 396
398 400
399 397
399 401
400 398
400 402
401 399
401 403
402 400
402 404
403 401
403 405
404 402
404 406
405 403
405 407
406 404
406 408
407 405
407 409
408 406
408 410
409 407
409 411
410 408
410 412
411 409
411 413
412 410
412 414
413 411
413 415
414 412
414 416
415 413
415 417
416 414
416 418
417 415
417 419
418 416
418 420
419 417
419 421
420 418
420 422
421 419
421 423
422 420
422 424
423 421
423 425
424 422
424 426
425 423
425 427
426 424
426 428
427 425
427 429
428 426
428 430
429 427
429 431
430 428
430 432
431 429
431 433
432 430
432 434
433 431
433 435
434 432
434 436
435 433
435 437
436 434
436 438
437 435
437 439
438 436
438 440
439 437
439 441
440 438
440 442
441 439
441 443
442 440
442 444
443 441
443 445
444 442
444 446
445 443
445 447
446 444
446 448
447 445
447 449
448 446
448 450
449 447
449 451
450 448
450 452
451 449
451 453
452 450
452 454
453 451
453 455
454 452
454 456
455 453
455 457
456 454
456 458
457 455
457 459
458 456
458 460
459 457
459 461
460 458
460 462
461 459
461 463
462 460
462 464
463 461
463 465
464 462
464 466
465 463
465 467
466 464
466 468
467 465
467 469
468 466
468 470
469 467
469 471
470 468
470 472
471 469
471 473
472 470
472 474
473 471
473 475
474 472
474 476
475 473
475 477
476 474
476 478
477 475
477 479
478 476
478 480
479 477
479 481
480 478
480 482
481 479
481 483
482 480
482 484
483 481
483 485
484 482
484 486
485 483
485 487
486 484
486 488
487 485
487 489
488 486
488 490
489 487
489 491
490 488
490 492
491 489
491 493
492 490
492 494
493 491
493 495
494 492
494 496
495 493
495 497
496 494
496 498
497 495
497 499
498 496
498 500
499 497
499 501
500 498
500 502
501 499
501 503
502 500
502 504
503 501
503 505
504 502
504 506
505 503
505 507
506 504
506 508
507 505
507 509
508 506
508 510
509 507
509 511
510 508
510 512
511 509
511 513
512 510
512 514
513 511
513 515
514 512
514 516
515 513
515 517
516 514
516 518
517 515
517 519
518 516
518 520
519 517
519 521
520 518
520 522
521 519
521 523
522 520
522 524
523 521
523 525
524 522
524 526
525 523
525 527
526 524
526 528
527 525
527 529
528 526
528 530
529 527
529 531
530 528
530 532
531 529
531 533
532 530
532 534
533 531
533 535
534 532
534 536
535 533
535 537
536 534
536 538
537 535
537 539
538 536
538 540
539 537
539 541
540 538
540 542
541 539
541 543
542 540
542 544
543 541
543 545
544 542
544 546
545 543
545 547
546 544
546 548
547 545
547 549
548 546
548 550
549 547
549 551
550 548
550 552
551 549
551 553
552 550
552 554
553 551
553 555
554 552
554 556
555 553
555 557
556 554
556 558
557 555
557 559
558 556
558 560
559 557
559 561
560 558
560 562
561 559
561 563
562 560
562 564
563 561
563 565
564 562
564 566
565 563
565 567
566 564
566 568
567 565
567 569
568 566
568 570
569 567
569 571
570 568
570 572
571 569
571 573
572 570
572 574
573 571
573 575
574 572
574 576
575 573
575 577
576 574
576 578
577 575
577 579
578 576
578 580
579 577
579 581
580 578
580 582
581 579
581 583
582 580
582 584
583 581
583 585
584 582
584 586
585 583
585 587
586 584
586 588
587 585
587 589
588 586
588 590
589 587
589 591
590 588
590 592
591 589
591 593
592 590
592 594
593 591
593 595
594 592
594 596
595 593
595 597
596 594
596 598
597 595
597 599
598 596
598 600
599 597
599 601
600 598
600 602
601 599
601 603
602 600
602 604
603 601
603 605
604 602
604 606
605 603
605 607
606 604
606 608
607 605
607 609
608 606
608 610
609 607
609 611
610 608
610 612
611 609
611 613
612 610
612 614
613 611
613 615
614 612
614 616
615 613
615 617
616 614
616 618
617 615
617 619
618 616
618 620
619 617
619 621
620 618
620 622
621 619
621 623
622 620
622 624
623 621
623 625
624 622
624 626
625 623
625 627
626 624
626 628
627 625
627 629
628 626
628 630
629 627
629 631
630 628
630 632
631 629
631 633
632 630
632 634
633 631
633 635
634 632
634 636
635 633
635 637
636 634
636 638
637 635
637 639
638 636
638 640
639 637
639 641
640 638
640 642
641 639
641 643
642 640
642 644
643 641
643 645
644 642
644 646
645 643
645 647
646 644
646 648
647 645
647 649
648 646
648 650
649 647
649 651
650 648
650 652
651 649
651 653
652 650
652 654
653 651
653 655
654 652
654 656
655 653
655 657
656 654
656 658
657 655
657 659
658 656
658 660
659 657
659 661
660 658
660 662
661 659
661 663
662 660
662 664
663 661
663 665
664 662
664 666
665 663
665 667
666 664
666 668
667 665
667 669
668 666
668 670
669 667
669 671
670 668
670 672
671 669
671 673
672 670
672 674
673 671
673 675
674 672
674 676
675 673
675 677
676 674
676 678
677 675
677 679
678 676
678 680
679 677
679 681
680 678
680 682
681 679
681 683
682 680
682 684
683 681
683 685
684 682
684 686
685 683
685 687
686 684
686 688
687 685
687 689
688 686
688 690
689 687
689 691
690 688
690 692
691 689
691 693
692 690
692 694
693 691
693 695
694 692
694 696
695 693
695 697
696 694
696 698
697 695
697 699
698 696
698 700
699 697
699 701
700 698
700 702
701 699
701 703
702 700
702 704
703 701
703 705
704 702
704 706
705 703
705 707
706 704
706 708
707 705
707 709
708 706
708 710
709 707
709 711
710 708
710 712
711 709
711 713
712 710
712 714
713 711
713 715
714 712
714 716
715 713
715 717
716 714
716 718
717 715
717 719
718 716
718 720
719 717
719 721
720 718
720 722
721 719
721 723
722 720
722 724
723 721
723 725
724 722
724 726
725 723
725 727
726 724
726 728
727 725
727 729
728 726
728 730
729 727
729 731
730 728
730 732
731 729
731 733
732 730
732 734
733 731
733 735
734 732
734 736
735 733
735 737
736 734
736 738
737 735
737 739
738 736
738 740
739 737
739 741
740 738
740 742
741 739
741 743
742 740
742 744
743 741
743 745
744 742
744 746
745 743
745 747
746 744
746 748
747 745
747 749
748 746
748 750
749 747
749 751
750 748
750 752
751 749
751 753
752 750
752 754
753 751
753 755
754 752
754 756
755 753
755 757
756 754
756 758
757 755
757 759
758 756
758 760
759 757
759 761
760 758
760 762
761 759
761 763
762 760
762 764
763 761
763 765
764 762
764 766
765 763
765 767
766 764
766 768
767 765
767 769
768 766
768 770
769 767
769 771
770 768
770 772
771 769
771 773
772 770
772 774
773 771
773 775
774 772
774 776
775 773
775 777
776 774
776 778
777 775
777 779
778 776
778 780
779 777
779 781
780 778
780 782
781 779
781 783
782 780
782 784
783 781
783 785
784 782
784 786
785 783
785 787
786 784
786 788
787 785
787 789
788 786
788 790
789 787
789 791
790 788
790 792
791 789
791 793
792 790
792 794
793 791
793 795
794 792
794 796
795 793
795 797
796 794
796 798
797 795
797 799
798 796
798 800
799 797
799 801
800 798
800 802
801 799
801 803
802 800
802 804
803 801
803 805
804 802
804 806
805 803
805 807
806 804
806 808
807 805
807 809
808 806
808 810
809 807
809 811
810 808
810 812
811 809
811 813
812 810
812 814
813 811
813 815
814 812
814 816
815 813
815 817
816 814
816 818
817 815
817 819
818 816
818 820
819 817
819 821
820 818
820 822
821 819
821 823
822 820
822 824
823 821
823 825
824 822
824 826
825 823
825 827
826 824
826 828
827 825
827 829
828 826
828 830
829 827
829 831
830 828
830 832
831 829
831 833
832 830
832 834
833 831
833 835
834 832
834 836
835 833
835 837
836 834
836 838
837 835
837 839
838 836
838 840
839 837
839 841
840 838
840 842
841 839
841 843
842 840
842 844
843 841
843 845
844 842
844 846
845 843
845 847
846 844
846 848
847 845
847 849
848 846
848 850
849 847
849 851
850 848
850 852
851 849
851 853
852 850
852 854
853 851
853 855
854 852
854 856
855 853
855 857
856 854
856 858
857 855
857 859
858 856
858 860
859 857
859 861
860 858
860 862
861 859
861 863
862 860
862 864
863 861
863 865
864 862
864 866
865 863
865 867
866 864
866 868
867 865
867 869
868 866
868 870
869 867
869 871
870 868
870 872
871 869
871 873
872 870
872 874
873 871
873 875
874 872
874 876
875 873
875 877
876 874
876 878
877 875
877 879
878 876
878 880
879 877
879 881
880 878
880 882
881 879
881 883
882 880
882 884
883 881
883 885
884 882
884 886
885 883
885 887
886 884
886 888
887 885
887 889
888 886
888 890
889 887
889 891
890 888
890 892
891 889
891 893
892 890
892 894
893 891
893 895
894 892
894 896
895 893
895 897
896 894
896 898
897 895
897 899
898 896
898 900
899 897
899 901
900 898
900 902
901 899
901 903
902 900
902 904
903 901
903 905
904 902
904 906
905 903
905 907
906 904
906 908
907 905
907 909
908 906
908 910
909 907
909 911
910 908
910 912
911 909
911 913
912 910
912 914
913 911
913 915
914 912
914 916
915 913
915 917
916 914
916 918
917 915
917 919
918 916
918 920
919 917
919 921
920 918
920 922
921 919
921 923
922 920
922 924
923 921
923 925
924 922
924 926
925 923
925 927
926 924
926 928
927 925
927 929
928 926
928 930
929 927
929 931
930 928
930 932
931 929
931 933
932 930
932 934
933 931
933 935
934 932
934 936
935 933
935 937
936 934
936 938
937 935
937 939
938 936
938 940
939 937
939 941
940 938
940 942
941 939
941 943
942 940
942 944
943 941
943 945
944 942
944 946
945 943
945 947
946 944
946 948
947 945
947 949
948 946
948 950
949 947
949 951
950 948
950 952
951 949
951 953
952 950
952 954
953 951
953 955
954 952
954 956
955 953
955 957
956 954
956 958
957 955
957 959
958 956
958 960
959 957
959 961
960 958
960 962
961 959
961 963
962 960
962 964
963 961
963 965
964 962
964 966
965 963
965 967
966 964
966 968
967 965
967 969
968 966
968 970
969 967
969 971
970 968
970 972
971 969
971 973
972 970
972 974
973 971
973 975
974 972
974 976
975 973
975 977
976 974
976 978
977 975
977 979
978 976
978 980
979 977
979 981
980 978
980 982
981 979
981 983
982 980
982 984
983 981
983 985
984 982
984 986
985 983
985 987
986 984
986 988
987 985
987 989
988 986
988 990
989 987
989 991
990 988
990 992
991 989
991 993
992 990
992 994
993 991
993 995
994 992
994 996
995 993
995 997
996 994
996 998
997 995
997 999
998 996
998 1000
999 997
999 1001
1000 998
1000 1002
1001 999
1001 1003
1002 1000
1002 1004
1003 1001
1003 1005
1004 1002
1004 1006
1005 1003
1005 1007
1006 1004
1006 1008
1007 1005
1007 1009
1008 1006
1008 1010
1009 1007
1009 1011
1010 1008
1010 1012
1011 1009
1011 1013
1012 1010
1012 1014
1013 1011
1013 1015
1014 1012
1014 1016
1015 1013
1015 1017
1016 1014
1016 1018
1017 1015
1017 1019
1018 1016
1018 1020
1019 1017
1019 1021
1020 1018
1020 1022
1021 1019
1021 1023
1022 1020
1022 1024
1023 1021
1023 1025
1024 1022
1024 1026
1025 1023
1025 1027
1026 1024
1026 1028
1027 1025
1027 1029
1028 1026
1028 1030
1029 1027
1029 1031
1030 1028
1030 1032
1031 1029
1031 1033
1032 1030
1032 1034
1033 1031
1033 1035
1034 1032
1034 1036
1035 1033
1035 1037
1036 1034
1036 1038
1037 1035
1037 1039
1038 1036
1038 1040
1039 1037
1039 1041
1040 1038
1040 1042
1041 1039
1041 1043
1042 1040
1042 1044
1043 1041
1043 1045
1044 1042
1044 1046
1045 1043
1045 1047
1046 1044
1046 1048
1047 1045
1047 1049
1048 1046
1048 1050
1049 1047
1049 1051
1050 1048
1050 1052
1051 1049
1051 1053
1052 1050
1052 1054
1053 1051
1053 1055
1054 1052
1054 1056
1055 1053
1055 1057
1056 1054
1056 1058
1057 1055
1057 1059
1058 1056
1058 1060
1059 1057
1059 1061
1060 1058
1060 1062
1061 1059
1061 1063
1062 1060
1062 1064
1063 1061
1063 1065
1064 1062
1064 1066
1065 1063
1065 1067
1066 1064
1066 1068
1067 1065
1067 1069
1068 1066
1068 1070
1069 1067
1069 1071
1070 1068
1070 1072
1071 1069
1071 1073
1072 1070
1072 1074
1073 1071
1073 1075
1074 1072
1074 1076
1075 1073
1075 1077
1076 1074
1076 1078
1077 1075
1077 1079
1078 1076
1078 1080
1079 1077
1079 1081
1080 1078
1080 1082
1081 1079
1081 1083
1082 1080
1082 1084
1083 1081
1083 1085
1084 1082
1084 1086
1085 1083
1085 1087
1086 1084
1086 1088
1087 1085
1087 1089
1088 1086
1088 1090
1089 1087
1089 1091
1090 1088
1090 1092
1091 1089
1091 1093
1092 1090
1092 1094
1093 1091
1093 1095
1094 1092
1094 1096
1095 1093
1095 1097
1096 1094
1096 1098
1097 1095
1097 1099
1098 1096
1098 1100
1099 1097
1099 1101
1100 1098
1100 1102
1101 1099
1101 1103
1102 1100
1102 1104
1103 1101
1103 1105
1104 1102
1104 1106
1105 1103
1105 1107
1106 1104
1106 1108
1107 1105
1107 1109
1108 1106
1108 1110
1109 1107
1109 1111
1110 1108
1110 1112
1111 1109
1111 1113
1112 1110
1112 1114
1113 1111
1113 1115
1114 1112
1114 1116
1115 1113
1115 1117
1116 1114
1116 1118
1117 1115
1117 1119
1118 1116
1118 1120
1119 1117
1119 1121
1120 1118
1120 1122
1121 1119
1121 1123
1122 1120
1122 1124
1123 1121
1123 1125
1124 1122
1124 1126
1125 1123
1125 1127
1126 1124
1126 1128
1127 1125
1127 1129
1128 1126
1128 1130
1129 1127
1129 1131
1130 1128
1130 1132
1131 1129
1131 1133
1132 1130
1132 1134
1133 1131
1133 1135
1134 1132
1134 1136
1135 1133
1135 1137
1136 1134
1136 1138
1137 1135
1137 1139
1138 1136
1138 1140
1139 1137
1139 1141
1140 1138
1140 1142
1141 1139
1141 1143
1142 1140
1142 1144
1143 1141
1143 1145
1144 1142
1144 1146
1145 1143
1145 1147
1146 1144
1146 1148
1147 1145
1147 1149
1148 1146
1148 1150
1149 1147
1149 1151
1150 1148
1150 1152
1151 1149
1151 1153
1152 1150
1152 1154
1153 1151
1153 1155
1154 1152
1154 1156
1155 1153
1155 1157
1156 1154
1156 1158
1157 1155
1157 1159
1158 1156
1158 1160
1159 1157
1159 1161
1160 1158
1160 1162
1161 1159
1161 1163
1162 1160
1162 1164
1163 1161
1163 1165
1164 1162
1164 1166
1165 1163
1165 1167
1166 1164
1166 1168
1167 1165
1167 1169
1168 1166
1168 1170
1169 1167
1169 1171
1170 1168
1170 1172
1171 1169
1171 1173
1172 1170
1172 1174
1173 1171
1173 1175
1174 1172
1174 1176
1175 1173
1175 1177
1176 1174
1176 1178
1177 1175
1177 1179
1178 1176
1178 1180
1179 1177
1179 1181
1180 1178
1180 1182
1181 1179
1181 1183
1182 1180
1182 1184
1183 1181
1183 1185
1184 1182
1184 1186
1185 1183
1185 1187
1186 1184
1186 1188
1187 1185
1187 1189
1188 1186
1188 1190
1189 1187
1189 1191
1190 1188
1190 1192
1191 1189
1191 1193
1192 1190
1192 1194
1193 1191
1193 1195
1194 1192
1194 1196
1195 1193
1195 1197
1196 1194
1196 1198
1197 1195
1197 1199
1198 1196
1198 1200
1199 1197
1199 1201
1200 1198
1200 1202
1201 1199
1201 1203
1202 1200
1202 1204
1203 1201
1203 1205
1204 1202
1204 1206
1205 1203
1205 1207
1206 1204
1206 1208
1207 1205
1207 1209
1208 1206
1208 1210
1209 1207
1209 1211
1210 1208
1210 1212
1211 1209
1211 1213
1212 1210
1212 1214
1213 1211
1213 1215
1214 1212
1214 1216
1215 1213
1215 1217
1216 1214
1216 1218
1217 1215
1217 1219
1218 1216
1218 1220
1219 1217
1219 1221
1220 1218
1220 1222
1221 1219
1221 1223
1222 1220
1222 1224
1223 1221
1223 1225
1224 1222
1224 1226
1225 1223
1225 1227
1226 1224
1226 1228
1227 1225
1227 1229
1228 1226
1228 1230
1229 1227
1229 1231
1230 1228
1230 1232
1231 1229
1231 1233
1232 1230
1232 1234
1233 1231
1233 1235
1234 1232
1234 1236
1235 1233
1235 1237
1236 1234
1236 1238
1237 1235
1237 1239
1238 1236
1238 1240
1239 1237
1239 1241
1240 1238
1240 1242
1241 1239
1241 1243
1242 1240
1242 1244
1243 1241
1243 1245
1244 1242
1244 1246
1245 1243
1245 1247
1246 1244
1246 1248
1247 1245
1247 1249
1248 1246
1248 1250
1249 1247
1249 1251
1250 1248
1250 1252
1251 1249
1251 1253
1252 1250
1252 1254
1253 1251
1253 1255
1254 1252
1254 1256
1255 1253
1255 1257
1256 1254
1256 1258
1257 1255
1257 1259
1258 1256
1258 1260
1259 1257
1259 1261
1260 1258
1260 1262
1261 1259
1261 1263
1262 1260
1262 1264
1263 1261
1263 1265
1264 1262
1264 1266
1265 1263
1265 1267
1266 1264
1266 1268
1267 1265
1267 1269
1268 1266
1268 1270
1269 1267
1269 1271
1270 1268
1270 1272
1271 1269
1271 1273
1272 1270
1272 1274
1273 1271
1273 1275
1274 1272
1274 1276
1275 1273
1275 1277
1276 1274
1276 1278
1277 1275
1277 1279
1278 1276
1278 1280
1279 1277
1279 1281
1280 1278
1280 1282
1281 1279
1281 1283
1282 1280
1282 1284
1283 1281
1283 1285
1284 1282
1284 1286
1285 1283
1285 1287
1286 1284
1286 1288
1287 1285
1287 1289
1288 1286
1288 1290
1289 1287
1289 1291
1290 1288
1290 1292
1291 1289
1291 1293
1292 1290
1292 1294
1293 1291
1293 1295
1294 1292
1294 1296
1295 1293
1295 1297
1296 1294
1296 1298
1297 1295
1297 1299
1298 1296
1298 1300
1299 1297
1299 1301
1300 1298
1300 1302
1301 1299
1301 1303
1302 1300
1302 1304
1303 1301
1303 1305
1304 1302
1304 1306
1305 1303
1305 1307
1306 1304
1306 1308
1307 1305
1307 1309
1308 1306
1308 1310
1309 1307
1309 1311
1310 1308
1310 1312
1311 1309
1311 1313
1312 1310
1312 1314
1313 1311
1313 1315
1314 1312
1314 1316
1315 1313
1315 1317
1316 1314
1316 1318
1317 1315
1317 1319
1318 1316
1318 1320
1319 1317
1319 1321
1320 1318
1320 1322
1321 1319
1321 1323
1322 1320
1322 1324
1323 1321
1323 1325
1324 1322
1324 1326
1325 1323
1325 1327
1326 1324
1326 1328
1327 1325
1327 1329
1328 1326
1328 1330
1329 1327
1329 1331
1330 1328
1330 1332
1331 1329
1331 1333
1332 1330
1332 1334
1333 1331
1333 1335
1334 1332
1334 1336
1335 1333
1335 1337
1336 1334
1336 1338
1337 1335
1337 1339
1338 1336
1338 1340
1339 1337
1339 1341
1340 1338
1340 1342
1341 1339
1341 1343
1342 1340
1342 1344
1343 1341
1343 1345
1344 1342
1344 1346
1345 1343
1345 1347
1346 1344
1346 1348
1347 1345
1347 1349
1348 1346
1348 1350
1349 1347
1349 1351
1350 1348
1350 1352
1351 1349
1351 1353
1352 1350
1352 1354
1353 1351
1353 1355
1354 1352
1354 1356
1355 1353
1355 1357
1356 1354
1356 1358
1357 1355
1357 1359
1358 1356
1358 1360
1359 1357
1359 1361
1360 1358
1360 1362
1361 1359
1361 1363
1362 1360
1362 1364
1363 1361
1363 1365
1364 1362
1364 1366
1365 1363
1365 1367
1366 1364
1366 1368
1367 1365
1367 1369
1368 1366
1368 1370
1369 1367
1369 1371
1370 1368
1370 1372
1371 1369
1371 1373
1372 1370
1372 1374
1373 1371
1373 1375
1374 1372
1374 1376
1375 1373
1375 1377
1376 1374
1376 1378
1377 1375
1377 1379
1378 1376
1378 1380
1379 1377
1379 1381
1380 1378
1380 1382
1381 1379
1381 1383
1382 1380
1382 1384
1383 1381
1383 1385
1384 1382
1384 1386
1385 1383
1385 1387
1386 1384
1386 1388
1387 1385
1387 1389
1388 1386
1388 1390
1389 1387
1389 1391
1390 1388
1390 1392
1391 1389
1391 1393
1392 1390
1392 1394
1393 1391
1393 1395
1394 1392
1394 1396
1395 1393
1395 1397
1396 1394
1396 1398
1397 1395
1397 1399
1398 1396
1398 1400
1399 1397
1399 1401
1400 1398
1400 1402
1401 1399
1401 1403
1402 1400
1402 1404
1403 1401
1403 1405
1404 1402
1404 1406
1405 1403
1405 1407
1406 1404
1406 1408
1407 1405
1407 1409
1408 1406
1408 1410
1409 1407
1409 1411
1410 1408
1410 1412
1411 1409
1411 1413
1412 1410
1412 1414
1413 1411
1413 1415
1414 1412
1414 1416
1415 1413
1415 1417
1416 1414
1416 1418
1417 1415
1417 1419
1418 1416
1418 1420
1419 1417
1419 1421
1420 1418
1420 1422
1421 1419
1421 1423
1422 1420
1422 1424
1423 1421
1423 1425
1424 1422
1424 1426
1425 1423
1425 1427
1426 1424
1426 1428
1427 1425
1427 1429
1428 1426
1428 1430
1429 1427
1429 1431
1430 1428
1430 1432
1431 1429
1431 1433
1432 1430
1432 1434
1433 1431
1433 1435
1434 1432
1434 1436
1435 1433
1435 1437
1436 1434
1436 1438
1437 1435
1437 1439
1438 1436
1438 1440
1439 1437
1439 1441
1440 1438
1440 1442
1441 1439
1441 1443
1442 1440
1442 1444
1443 1441
1443 1445
1444 1442
1444 1446
1445 1443
1445 1447
1446 1444
1446 1448
1447 1445
1447 1449
1448 1446
1448 1450
1449 1447
1449 1451
1450 1448
1450 1452
1451 1449
1451 1453
1452 1450
1452 1454
1453 1451
1453 1455
1454 1452
1454 1456
1455 1453
1455 1457
1456 1454
1456 1458
1457 1455
1457 1459
1458 1456
1458 1460
1459 1457
1459 1461
1460 1458
1460 1462
1461 1459
1461 1463
1462 1460
1462 1464
1463 1461
1463 1465
1464 1462
1464 1466
1465 1463
1465 1467
1466 1464
1466 1468
1467 1465
1467 1469
1468 1466
1468 1470
1469 1467
1469 1471
1470 1468
1470 1472
1471 1469
1471 1473
1472 1470
1472 1474
1473 1471
1473 1475
1474 1472
1474 1476
1475 1473
1475 1477
1476 1474
1476 1478
1477 1475
1477 1479
1478 1476
1478 1480
1479 1477
1479 1481
1480 1478
1480 1482
1481 1479
1481 1483
1482 1480
1482 1484
1483 1481
1483 1485
1484 1482
1484 1486
1485 1483
1485 1487
1486 1484
1486 1488
1487 1485
1487 1489
1488 1486
1488 1490
1489 1487
1489 1491
1490 1488
1490 1492
1491 1489
1491 1493
1492 1490
1492 1494
1493 1491
1493 1495
1494 1492
1494 1496
1495 1493
1495 1497
1496 1494
1496 1498
1497 1495
1497 1499
1498 1496
1498 1500
1499 1497
1499 1501
1500 1498
1500 1502
1501 1499
1501 1503
1502 1500
1502 1504
1503 1501
1503 1505
1504 1502
1504 1506
1505 1503
1505 1507
1506 1504
1506 1508
1507 1505
1507 1509
1508 1506
1508 1510
1509 1507
1509 1511
1510 1508
1510 1512
1511 1509
1511 1513
1512 1510
1512 1514
1513 1511
1513 1515
1514 1512
1514 1516
1515 1513
1515 1517
1516 1514
1516 1518
1517 1515
1517 1519
1518 1516
1518 1520
1519 1517
1519 1521
1520 1518
1520 1522
1521 1519
1521 1523
1522 1520
1522 1524
1523 1521
1523 1525
1524 1522
1524 1526
1525 1523
1525 1527
1526 1524
1526 1528
1527 1525
1527 1529
1528 1526
1528 1530
1529 1527
1529 1531
1530 1528
1530 1532
1531 1529
1531 1533
1532 1530
1532 1534
1533 1531
1533 1535
1534 1532
1534 1536
1535 1533
1535 1537
1536 1534
1536 1538
1537 1535
1537 1539
1538 1536
1538 1540
1539 1537
1539 1541
1540 1538
1540 1542
1541 1539
1541 1543
1542 1540
1542 1544
1543 1541
1543 1545
1544 1542
1544 1546
1545 1543
1545 1547
1546 1544
1546 1548
1547 1545
1547 1549
1548 1546
1548 1550
1549 1547
1549 1551
1550 1548
1550 1552
1551 1549
1551 1553
1552 1550
1552 1554
1553 1551
1553 1555
1554 1552
1554 1556
1555 1553
1555 1557
1556 1554
1556 1558
1557 1555
1557 1559
1558 1556
1558 1560
1559 1557
1559 1561
1560 1558
1560 1562
1561 1559
1561 1563
1562 1560
1562 1564
1563 1561
1563 1565
1564 1562
1564 1566
1565 1563
1565 1567
1566 1564
1566 1568
1567 1565
1567 1569
1568 1566
1568 1570
1569 1567
1569 1571
1570 1568
1570 1572
1571 1569
1571 1573
1572 1570
1572 1574
1573 1571
1573 1575
1574 1572
1574 1576
1575 1573
1575 1577
1576 1574
1576 1578
1577 1575
1577 1579
1578 1576
1578 1580
1579 1577
1579 1581
1580 1578
1580 1582
1581 1579
1581 1583
1582 1580
1582 1584
1583 1581
1583 1585
1584 1582
1584 1586
1585 1583
1585 1587
1586 1584
1586 1588
1587 1585
1587 1589
1588 1586
1588 1590
1589 1587
1589 1591
1590 1588
1590 1592
1591 1589
1591 1593
1592 1590
1592 1594
1593 1591
1593 1595
1594 1592
1594 1596
1595 1593
1595 1597
1596 1594
1596 1598
1597 1595
1597 1599
1598 1596
1598 1600
1599 1597
1599 1601
1600 1598
1600 1602
1601 1599
1601 1603
1602 1600
1602 1604
1603 1601
1603 1605
1604 1602
1604 1606
1605 1603
1605 1607
1606 1604
1606 1608
1607 1605
1607 1609
1608 1606
1608 1610
1609 1607
1609 1611
1610 1608
1610 1612
1611 1609
1611 1613
1612 1610
1612 1614
1613 1611
1613 1615
1614 1612
1614 1616
1615 1613
1615 1617
1616 1614
1616 1618
1617 1615
1617 1619
1618 1616
1618 1620
1619 1617
1619 1621
1620 1618
1620 1622
1621 1619
1621 1623
1622 1620
1622 1624
1623 1621
1623 1625
1624 1622
1624 1626
1625 1623
1625 1627
1626 1624
1626 1628
1627 1625
1627 1629
1628 1626
1628 1630
1629 1627
1629 1631
1630 1628
1630 1632
1631 1629
1631 1633
1632 1630
1632 1634
1633 1631
1633 1635
1634 1632
1634 1636
1635 1633
1635 1637
1636 1634
1636 1638
1637 1635
1637 1639
1638 1636
1638 1640
1639 1637
1639 1641
1640 1638
1640 1642
1641 1639
1641 1643
1642 1640
1642 1644
1643 1641
1643 1645
1644 1642
1644 1646
1645 1643
1645 1647
1646 1644
1646 1648
1647 1645
1647 1649
1648 1646
1648 1650
1649 1647
1649 1651
1650 1648
1650 1652
1651 1649
1651 1653
1652 1650
1652 1654
1653 1651
1653 1655
1654 1652
1654 1656
1655 1653
1655 1657
1656 1654
1656 1658
1657 1655
1657 1659
1658 1656
1658 1660
1659 1657
1659 1661
1660 1658
1660 1662
1661 1659
1661 1663
1662 1660
1662 1664
1663 1661
1663 1665
1664 1662
1664 1666
1665 1663
1665 1667
1666 1664
1666 1668
1667 1665
1667 1669
1668 1666
1668 1670
1669 1667
1669 1671
1670 1668
1670 1672
1671 1669
1671 1673
1672 1670
1672 1674
1673 1671
1673 1675
1674 1672
1674 1676
1675 1673
1675 1677
1676 1674
1676 1678
1677 1675
1677 1679
1678 1676
1678 1680
1679 1677
1679 1681
1680 1678
1680 1682
1681 1679
1681 1683
1682 1680
1682 1684
1683 1681
1683 1685
1684 1682
1684 1686
1685 1683
1685 1687
1686 1684
1686 1688
1687 1685
1687 1689
1688 1686
1688 1690
1689 1687
1689 1691
1690 1688
1690 1692
1691 1689
1691 1693
1692 1690
1692 1694
1693 1691
1693 1695
1694 1692
1694 1696
1695 1693
1695 1697
1696 1694
1696 1698
1697 1695
1697 1699
1698 1696
1698 1700
1699 1697
1699 1701
1700 1698
1700 1702
1701 1699
1701 1703
1702 1700
1702 1704
1703 1701
1703 1705
1704 1702
1704 1706
1705 1703
1705 1707
1706 1704
1706 1708
1707 1705
1707 1709
1708 1706
1708 1710
1709 1707
1709 1711
1710 1708
1710 1712
1711 1709
1711 1713
1712 1710
1712 1714
1713 1711
1713 1715
1714 1712
1714 1716
1715 1713
1715 1717
1716 1714
1716 1718
1717 1715
1717 1719
1718 1716
1718 1720
1719 1717
1719 1721
1720 1718
1720 1722
1721 1719
1721 1723
1722 1720
1722 1724
1723 1721
1723 1725
1724 1722
1724 1726
1725 1723
1725 1727
1726 1724
1726 1728
1727 1725
1727 1729
1728 1726
1728 1730
1729 1727
1729 1731
1730 1728
1730 1732
1731 1729
1731 1733
1732 1730
1732 1734
1733 1731
1733 1735
1734 1732
1734 1736
1735 1733
1735 1737
1736 1734
1736 1738
1737 1735
1737 1739
1738 1736
1738 1740
1739 1737
1739 1741
1740 1738
1740 1742
1741 1739
1741 1743
1742 1740
1742 1744
1743 1741
1743 1745
1744 1742
1744 1746
1745 1743
1745 1747
1746 1744
1746 1748
1747 1745
1747 1749
1748 1746
1748 1750
1749 1747
1749 1751
1750 1748
1750 1752
1751 1749
1751 1753
1752 1750
1752 1754
1753 1751
1753 1755
1754 1752
1754 1756
1755 1753
1755 1757
1756 1754
1756 1758
1757 1755
1757 1759
1758 1756
1758 1760
1759 1757
1759 1761
1760 1758
1760 1762
1761 1759
1761 1763
1762 1760
1762 1764
1763 1761
1763 1765
1764 1762
1764 1766
1765 1763
1765 1767
1766 1764
1766 1768
1767 1765
1767 1769
1768 1766
1768 1770
1769 1767
1769 1771
1770 1768
1770 1772
1771 1769
1771 1773
1772 1770
1772 1774
1773 1771
1773 1775
1774 1772
1774 1776
1775 1773
1775 1777
1776 1774
1776 1778
1777 1775
1777 1779
1778 1776
1778 1780
1779 1777
1779 1781
1780 1778
1780 1782
1781 1779
1781 1783
1782 1780
1782 1784
1783 1781
1783 1785
1784 1782
1784 1786
1785 1783
1785 1787
1786 1784
1786 1788
1787 1785
1787 1789
1788 1786
1788 1790
1789 1787
1789 1791
1790 1788
1790 1792
1791 1789
1791 1793
1792 1790
1792 1794
1793 1791
1793 1795
1794 1792
1794 1796
1795 1793
1795 1797
1796 1794
1796 1798
1797 1795
1797 1799
1798 1796
1798 1800
1799 1797
1799 1801
1800 1798
1800 1802
1801 1799
1801 1803
1802 1800
1802 1804
1803 1801
1803 1805
1804 1802
1804 1806
1805 1803
1805 1807
1806 1804
1806 1808
1807 1805
1807 1809
1808 1806
1808 1810
1809 1807
1809 1811
1810 1808
1810 1812
1811 1809
1811 1813
1812 1810
1812 1814
1813 1811
1813 1815
1814 1812
1814 1816
1815 1813
1815 1817
1816 1814
1816 1818
1817 1815
1817 1819
1818 1816
1818 1820
1819 1817
1819 1821
1820 1818
1820 1822
1821 1819
1821 1823
1822 1820
1822 1824
1823 1821
1823 1825
1824 1822
1824 1826
1825 1823
1825 1827
1826 1824
1826 1828
1827 1825
1827 1829
1828 1826
1828 1830
1829 1827
1829 1831
1830 1828
1830 1832
1831 1829
1831 1833
1832 1830
1832 1834
1833 1831
1833 1835
1834 1832
1834 1836
1835 1833
1835 1837
1836 1834
1836 1838
1837 1835
1837 1839
1838 1836
1838 1840
1839 1837
1839 1841
1840 1838
1840 1842
1841 1839
1841 1843
1842 1840
1842 1844
1843 1841
1843 1845
1844 1842
1844 1846
1845 1843
1845 1847
1846 1844
1846 1848
1847 1845
1847 1849
1848 1846
1848 1850
1849 1847
1849 1851
1850 1848
1850 1852
1851 1849
1851 1853
1852 1850
1852 1854
1853 1851
1853 1855
1854 1852
1854 1856
1855 1853
1855 1857
1856 1854
1856 1858
1857 1855
1857 1859
1858 1856
1858 1860
1859 1857
1859 1861
1860 1858
1860 1862
1861 1859
1861 1863
1862 1860
1862 1864
1863 1861
1863 1865
1864 1862
1864 1866
1865 1863
1865 1867
1866 1864
1866 1868
1867 1865
1867 1869
1868 1866
1868 1870
1869 1867
1869 1871
1870 1868
1870 1872
1871 1869
1871 1873
1872 1870
1872 1874
1873 1871
1873 1875
1874 1872
1874 1876
1875 1873
1875 1877
1876 1874
1876 1878
1877 1875
1877 1879
1878 1876
1878 1880
1879 1877
1879 1881
1880 1878
1880 1882
1881 1879
1881 1883
1882 1880
1882 1884
1883 1881
1883 1885
1884 1882
1884 1886
1885 1883
1885 1887
1886 1884
1886 1888
1887 1885
1887 1889
1888 1886
1888 1890
1889 1887
1889 1891
1890 1888
1890 1892
1891 1889
1891 1893
1892 1890
1892 1894
1893 1891
1893 1895
1894 1892
1894 1896
1895 1893
1895 1897
1896 1894
1896 1898
1897 1895
1897 1899
1898 1896
1898 1900
1899 1897
1899 1901
1900 1898
1900 1902
1901 1899
1901 1903
1902 1900
1902 1904
1903 1901
1903 1905
1904 1902
1904 1906
1905 1903
1905 1907
1906 1904
1906 1908
1907 1905
1907 1909
1908 1906
1908 1910
1909 1907
1909 1911
1910 1908
1910 1912
1911 1909
1911 1913
1912 1910
1912 1914
1913 1911
1913 1915
1914 1912
1914 1916
1915 1913
1915 1917
1916 1914
1916 1918
1917 1915
1917 1919
1918 1916
1918 1920
1919 1917
1919 1921
1920 1918
1920 1922
1921 1919
1921 1923
1922 1920
1922 1924
1923 1921
1923 1925
1924 1922
1924 1926
1925 1923
1925 1927
1926 1924
1926 1928
1927 1925
1927 1929
1928 1926
1928 1930
1929 1927
1929 1931
1930 1928
1930 1932
1931 1929
1931 1933
1932 1930
1932 1934
1933 1931
1933 1935
1934 1932
1934 1936
1935 1933
1935 1937
1936 1934
1936 1938
1937 1935
1937 1939
1938 1936
1938 1940
1939 1937
1939 1941
1940 1938
1940 1942
1941 1939
1941 1943
1942 1940
1942 1944
1943 1941
1943 1945
1944 1942
1944 1946
1945 1943
1945 1947
1946 1944
1946 1948
1947 1945
1947 1949
1948 1946
1948 1950
1949 1947
1949 1951
1950 1948
1950 1952
1951 1949
1951 1953
1952 1950
1952 1954
1953 1951
1953 1955
1954 1952
1954 1956
1955 1953
1955 1957
1956 1954
1956 1958
1957 1955
1957 1959
1958 1956
1958 1960
1959 1957
1959 1961
1960 1958
1960 1962
1961 1959
1961 1963
1962 1960
1962 1964
1963 1961
1963 1965
1964 1962
1964 1966
1965 1963
1965 1967
1966 1964
1966 1968
1967 1965
1967 1969
1968 1966
1968 1970
1969 1967
1969 1971
1970 1968
1970 1972
1971 1969
1971 1973
1972 1970
1972 1974
1973 1971
1973 1975
1974 1972
1974 1976
1975 1973
1975 1977
1976 1974
1976 1978
1977 1975
1977 1979
1978 1976
1978 1980
1979 1977
1979 1981
1980 1978
1980 1982
1981 1979
1981 1983
1982 1980
1982 1984
1983 1981
1983 1985
1984 1982
1984 1986
1985 1983
1985 1987
1986 1984
1986 1988
1987 1985
1987 1989
1988 1986
1988 1990
1989 1987
1989 1991
1990 1988
1990 1992
1991 1989
1991 1993
1992 1990
1992 1994
1993 1991
1993 1995
1994 1992
1994 1996
1995 1993
1995 1997
1996 1994
1996 1998
1997 1995
1997 1999
1998 1996
1998 2000
1999 1997
1999 2001
2000 1998
2000 2002
2001 1999
2001 2003
2002 2000
2002 2004
2003 2001
2003 2005
2004 2002
2004 2006
2005 2003
2005 2007
2006 2004
2006 2008
2007 2005
2007 2009
2008 2006
2008 2010
2009 2007
2009 2011
2010 2008
2010 2012
2011 2009
2011 2013
2012 2010
2012 2014
2013 2011
2013 2015
2014 2012
2014 2016
2015 2013
2015 2017
2016 2014
2016 2018
2017 2015
2017 2019
2018 2016
2018 2020
2019 2017
2019 2021
2020 2018
2020 2022
2021 2019
2021 2023
2022 2020
2022 2024
2023 2021
2023 2025
2024 2022
2024 2026
2025 2023
2025 2027
2026 2024
2026 2028
2027 2025
2027 2029
2028 2026
2028 2030
2029 2027
2029 2031
2030 2028
2030 2032
2031 2029
2031 2033
2032 2030
2032 2034
2033 2031
2033 2035
2034 2032
2034 2036
2035 2033
2035 2037
2036 2034
2036 2038
2037 2035
2037 2039
2038 2036
2038 2040
2039 2037
2039 2041
2040 2038
2040 2042
2041 2039
2041 2043
2042 2040
2042 2044
2043 2041
2043 2045
2044 2042
2044 2046
2045 2043
2045 2047
2046 2044
2046 2048
2047 2045
2047 2049
2048 2046
2048 2050
2049 2047
2049 2051
2050 2048
2050 2052
2051 2049
2051 2053
2052 2050
2052 2054
2053 2051
2053 2055
2054 2052
2054 2056
2055 2053
2055 2057
2056 2054
2056 2058
2057 2055
2057 2059
2058 2056
2058 2060
2059 2057
2059 2061
2060 2058
2060 2062
2061 2059
2061 2063
2062 2060
2062 2064
2063 2061
2063 2065
2064 2062
2064 2066
2065 2063
2065 2067
2066 2064
2066 2068
2067 2065
2067 2069
2068 2066
2068 2070
2069 2067
2069 2071
2070 2068
2070 2072
2071 2069
2071 2073
2072 2070
2072 2074
2073 2071
2073 2075
2074 2072
2074 2076
2075 2073
2075 2077
2076 2074
2076 2078
2077 2075
2077 2079
2078 2076
2078 2080
2079 2077
2079 2081
2080 2078
2080 2082
2081 2079
2081 2083
2082 2080
2082 2084
2083 2081
2083 2085
2084 2082
2084 2086
2085 2083
2085 2087
2086 2084
2086 2088
2087 2085
2087 2089
2088 2086
2088 2090
2089 2087
2089 2091
2090 2088
2090 2092
2091 2089
2091 2093
2092 2090
2092 2094
2093 2091
2093 2095
2094 2092
2094 2096
2095 2093
2095 2097
2096 2094
2096 2098
2097 2095
2097 2099
2098 2096
2098 2100
2099 2097
2099 2101
2100 2098
2100 2102
2101 2099
2101 2103
2102 2100
2102 2104
2103 2101
2103 2105
2104 2102
2104 2106
2105 2103
2105 2107
2106 2104
2106 2108
2107 2105
2107 2109
2108 2106
2108 2110
2109 2107
2109 2111
2110 2108
2110 2112
2111 2109
2111 2113
2112 2110
2112 2114
2113 2111
2113 2115
2114 2112
2114 2116
2115 2113
2115 2117
2116 2114
2116 2118
2117 2115
2117 2119
2118 2116
2118 2120
2119 2117
2119 2121
2120 2118
2120 2122
2121 2119
2121 2123
2122 2120
2122 2124
2123 2121
2123 2125
2124 2122
2124 2126
2125 2123
2125 2127
2126 2124
2126 2128
2127 2125
2127 2129
2128 2126
2128 2130
2129 2127
2129 2131
2130 2128
2130 2132
2131 2129
2131 2133
2132 2130
2132 2134
2133 2131
2133 2135
2134 2132
2134 2136
2135 2133
2135 2137
2136 2134
2136 2138
2137 2135
2137 2139
2138 2136
2138 2140
2139 2137
2139 2141
2140 2138
2140 2142
2141 2139
2141 2143
2142 2140
2142 2144
2143 2141
2143 2145
2144 2142
2144 2146
2145 2143
2145 2147
2146 2144
2146 2148
2147 2145
2147 2149
2148 2146
2148 2150
2149 2147
2149 2151
2150 2148
2150 2152
2151 2149
2151 2153
2152 2150
2152 2154
2153 2151
2153 2155
2154 2152
2154 2156
2155 2153
2155 2157
2156 2154
2156 2158
2157 2155
2157 2159
2158 2156
2158 2160
2159 2157
2159 2161
2160 2158
2160 2162
2161 2159
2161 2163
2162 2160
2162 2164
2163 2161
2163 2165
2164 2162
2164 2166
2165 2163
2165 2167
2166 2164
2166 2168
2167 2165
2167 2169
2168 2166
2168 2170
2169 2167
2169 2171
2170 2168
2170 2172
2171 2169
2171 2173
2172 2170
2172 2174
2173 2171
2173 2175
2174 2172
2174 2176
2175 2173
2175 2177
2176 2174
2176 2178
2177 2175
2177 2179
2178 2176
2178 2180
2179 2177
2179 2181
2180 2178
2180 2182
2181 2179
2181 2183
2182 2180
2182 2184
2183 2181
2183 2185
2184 2182
2184 2186
2185 2183
2185 2187
2186 2184
2186 2188
2187 2185
2187 2189
2188 2186
2188 2190
2189 2187
2189 2191
2190 2188
2190 2192
2191 2189
2191 2193
2192 2190
2192 2194
2193 2191
2193 2195
2194 2192
2194 2196
2195 2193
2195 2197
2196 2194
2196 2198
2197 2195
2197 2199
2198 2196
2198 2200
2199 2197
2199 2201
2200 2198
2200 2202
2201 2199
2201 2203
2202 2200
2202 2204
2203 2201
2203 2205
2204 2202
2204 2206
2205 2203
2205 2207
2206 2204
2206 2208
2207 2205
2207 2209
2208 2206
2208 2210
2209 2207
2209 2211
2210 2208
2210 2212
2211 2209
2211 2213
2212 2210
2212 2214
2213 2211
2213 2215
2214 2212
2214 2216
2215 2213
2215 2217
2216 2214
2216 2218
2217 2215
2217 2219
2218 2216
2218 2220
2219 2217
2219 2221
2220 2218
2220 2222
2221 2219
2221 2223
2222 2220
2222 2224
2223 2221
2223 2225
2224 2222
2224 2226
2225 2223
2225 2227
2226 2224
2226 2228
2227 2225
2227 2229
2228 2226
2228 2230
2229 2227
2229 2231
2230 2228
2230 2232
2231 2229
2231 2233
2232 2230
2232 2234
2233 2231
2233 2235
2234 2232
2234 2236
2235 2233
2235 2237
2236 2234
2236 2238
2237 2235
2237 2239
2238 2236
2238 2240
2239 2237
2239 2241
2240 2238
2240 2242
2241 2239
2241 2243
2242 2240
2242 2244
2243 2241
2243 2245
2244 2242
2244 2246
2245 2243
2245 2247
2246 2244
2246 2248
2247 2245
2247 2249
2248 2246
2248 2250
2249 2247
2249 2251
2250 2248
2250 2252
2251 2249
2251 2253
2252 2250
2252 2254
2253 2251
2253 2255
2254 2252
2254 2256
2255 2253
2255 2257
2256 2254
2256 2258
2257 2255
2257 2259
2258 2256
2258 2260
2259 2257
2259 2261
2260 2258
2260 2262
2261 2259
2261 2263
2262 2260
2262 2264
2263 2261
2263 2265
2264 2262
2264 2266
2265 2263
2265 2267
2266 2264
2266 2268
2267 2265
2267 2269
2268 2266
2268 2270
2269 2267
2269 2271
2270 2268
2270 2272
2271 2269
2271 2273
2272 2270
2272 2274
2273 2271
2273 2275
2274 2272
2274 2276
2275 2273
2275 2277
2276 2274
2276 2278
2277 2275
2277 2279
2278 2276
2278 2280
2279 2277
2279 2281
2280 2278
2280 2282
2281 2279
2281 2283
2282 2280
2282 2284
2283 2281
2283 2285
2284 2282
2284 2286
2285 2283
2285 2287
2286 2284
2286 2288
2287 2285
2287 2289
2288 2286
2288 2290
2289 2287
2289 2291
2290 2288
2290 2292
2291 2289
2291 2293
2292 2290
2292 2294
2293 2291
2293 2295
2294 2292
2294 2296
2295 2293
2295 2297
2296 2294
2296 2298
2297 2295
2297 2299
2298 2296
2298 2300
2299 2297
2299 2301
2300 2298
2300 2302
2301 2299
2301 2303
2302 2300
2302 2304
2303 2301
2303 2305
2304 2302
2304 2306
2305 2303
2305 2307
2306 2304
2306 2308
2307 2305
2307 2309
2308 2306
2308 2310
2309 2307
2309 2311
2310 2308
2310 2312
2311 2309
2311 2313
2312 2310
2312 2314
2313 2311
2313 2315
2314 2312
2314 2316
2315 2313
2315 2317
2316 2314
2316 2318
2317 2315
2317 2319
2318 2316
2318 2320
2319 2317
2319 2321
2320 2318
2320 2322
2321 2319
2321 2323
2322 2320
2322 2324
2323 2321
2323 2325
2324 2322
2324 2326
2325 2323
2325 2327
2326 2324
2326 2328
2327 2325
2327 2329
2328 2326
2328 2330
2329 2327
2329 2331
2330 2328
2330 2332
2331 2329
2331 2333
2332 2330
2332 2334
2333 2331
2333 2335
2334 2332
2334 2336
2335 2333
2335 2337
2336 2334
2336 2338
2337 2335
2337 2339
2338 2336
2338 2340
2339 2337
2339 2341
2340 2338
2340 2342
2341 2339
2341 2343
2342 2340
2342 2344
2343 2341
2343 2345
2344 2342
2344 2346
2345 2343
2345 2347
2346 2344
2346 2348
2347 2345
2347 2349
2348 2346
2348 2350
2349 2347
2349 2351
2350 2348
2350 2352
2351 2349
2351 2353
2352 2350
2352 2354
2353 2351
2353 2355
2354 2352
2354 2356
2355 2353
2355 2357
2356 2354
2356 2358
2357 2355
2357 2359
2358 2356
2358 2360
2359 2357
2359 2361
2360 2358
2360 2362
2361 2359
2361 2363
2362 2360
2362 2364
2363 2361
2363 2365
2364 2362
2364 2366
2365 2363
2365 2367
2366 2364
2366 2368
2367 2365
2367 2369
2368 2366
2368 2370
2369 2367
2369 2371
2370 2368
2370 2372
2371 2369
2371 2373
2372 2370
2372 2374
2373 2371
2373 2375
2374 2372
2374 2376
2375 2373
2375 2377
2376 2374
2376 2378
2377 2375
2377 2379
2378 2376
2378 2380
2379 2377
2379 2381
2380 2378
2380 2382
2381 2379
2381 2383
2382 2380
2382 2384
2383 2381
2383 2385
2384 2382
2384 2386
2385 2383
2385 2387
2386 2384
2386 2388
2387 2385
2387 2389
2388 2386
2388 2390
2389 2387
2389 2391
2390 2388
2390 2392
2391 2389
2391 2393
2392 2390
2392 2394
2393 2391
2393 2395
2394 2392
2394 2396
2395 2393
2395 2397
2396 2394
2396 2398
2397 2395
2397 2399
2398 2396
2398 2400
2399 2397
2399 2401
2400 2398
2400 2402
2401 2399
2401 2403
2402 2400
2402 2404
2403 2401
2403 2405
2404 2402
2404 2406
2405 2403
2405 2407
2406 2404
2406 2408
2407 2405
2407 2409
2408 2406
2408 2410
2409 2407
2409 2411
2410 2408
2410 2412
2411 2409
2411 2413
2412 2410
2412 2414
2413 2411
2413 2415
2414 2412
2414 2416
2415 2413
2415 2417
2416 2414
2416 2418
2417 2415
2417 2419
2418 2416
2418 2420
2419 2417
2419 2421
2420 2418
2420 2422
2421 2419
2421 2423
2422 2420
2422 2424
2423 2421
2423 2425
2424 2422
2424 2426
2425 2423
2425 2427
2426 2424
2426 2428
2427 2425
2427 2429
2428 2426
2428 2430
2429 2427
2429 2431
2430 2428
2430 2432
2431 2429
2431 2433
2432 2430
2432 2434
2433 2431
2433 2435
2434 2432
2434 2436
2435 2433
2435 2437
2436 2434
2436 2438
2437 2435
2437 2439
2438 2436
2438 2440
2439 2437
2439 2441
2440 2438
2440 2442
2441 2439
2441 2443
2442 2440
2442 2444
2443 2441
2443 2445
2444 2442
2444 2446
2445 2443
2445 2447
2446 2444
2446 2448
2447 2445
2447 2449
2448 2446
2448 2450
2449 2447
2449 2451
2450 2448
2450 2452
2451 2449
2451 2453
2452 2450
2452 2454
2453 2451
2453 2455
2454 2452
2454 2456
2455 2453
2455 2457
2456 2454
2456 2458
2457 2455
2457 2459
2458 2456
2458 2460
2459 2457
2459 2461
2460 2458
2460 2462
2461 2459
2461 2463
2462 2460
2462 2464
2463 2461
2463 2465
2464 2462
2464 2466
2465 2463
2465 2467
2466 2464
2466 2468
2467 2465
2467 2469
2468 2466
2468 2470
2469 2467
2469 2471
2470 2468
2470 2472
2471 2469
2471 2473
2472 2470
2472 2474
2473 2471
2473 2475
2474 2472
2474 2476
2475 2473
2475 2477
2476 2474
2476 2478
2477 2475
2477 2479
2478 2476
2478 2480
2479 2477
2479 2481
2480 2478
2480 2482
2481 2479
2481 2483
2482 2480
2482 2484
2483 2481
2483 2485
2484 2482
2484 2486
2485 2483
2485 2487
2486 2484
2486 2488
2487 2485
2487 2489
2488 2486
2488 2490
2489 2487
2489 2491
2490 2488
2490 2492
2491 2489
2491 2493
2492 2490
2492 2494
2493 2491
2493 2495
2494 2492
2494 2496
2495 2493
2495 2497
2496 2494
2496 2498
2497 2495
2497 2499
2498 2496
2498 2500
2499 2497
2499 2501
2500 2498
2500 2502
2501 2499
2501 2503
2502 2500
2502 2504
2503 2501
2503 2505
2504 2502
2504 2506
2505 2503
2505 2507
2506 2504
2506 2508
2507 2505
2507 2509
2508 2506
2508 2510
2509 2507
2509 2511
2510 2508
2510 2512
2511 2509
2511 2513
2512 2510
2512 2514
2513 2511
2513 2515
2514 2512
2514 2516
2515 2513
2515 2517
2516 2514
2516 2518
2517 2515
2517 2519
2518 2516
2518 2520
2519 2517
2519 2521
2520 2518
2520 2522
2521 2519
2521 2523
2522 2520
2522 2524
2523 2521
2523 2525
2524 2522
2524 2526
2525 2523
2525 2527
2526 2524
2526 2528
2527 2525
2527 2529
2528 2526
2528 2530
2529 2527
2529 2531
2530 2528
2530 2532
2531 2529
2531 2533
2532 2530
2532 2534
2533 2531
2533 2535
2534 2532
2534 2536
2535 2533
2535 2537
2536 2534
2536 2538
2537 2535
2537 2539
2538 2536
2538 2540
2539 2537
2539 2541
2540 2538
2540 2542
2541 2539
2541 2543
2542 2540
2542 2544
2543 2541
2543 2545
2544 2542
2544 2546
2545 2543
2545 2547
2546 2544
2546 2548
2547 2545
2547 2549
2548 2546
2548 2550
2549 2547
2549 2551
2550 2548
2550 2552
2551 2549
2551 2553
2552 2550
2552 2554
2553 2551
2553 2555
2554 2552
2554 2556
2555 2553
2555 2557
2556 2554
2556 2558
2557 2555
2557 2559
2558 2556
2558 2560
2559 2557
2559 2561
2560 2558
2560 2562
2561 2559
2561 2563
2562 2560
2562 2564
2563 2561
2563 2565
2564 2562
2564 2566
2565 2563
2565 2567
2566 2564
2566 2568
2567 2565
2567 2569
2568 2566
2568 2570
2569 2567
2569 2571
2570 2568
2570 2572
2571 2569
2571 2573
2572 2570
2572 2574
2573 2571
2573 2575
2574 2572
2574 2576
2575 2573
2575 2577
2576 2574
2576 2578
2577 2575
2577 2579
2578 2576
2578 2580
2579 2577
2579 2581
2580 2578
2580 2582
2581 2579
2581 2583
2582 2580
2582 2584
2583 2581
2583 2585
2584 2582
2584 2586
2585 2583
2585 2587
2586 2584
2586 2588
2587 2585
2587 2589
2588 2586
2588 2590
2589 2587
2589 2591
2590 2588
2590 2592
2591 2589
2591 2593
2592 2590
2592 2594
2593 2591
2593 2595
2594 2592
2594 2596
2595 2593
2595 2597
2596 2594
2596 2598
2597 2595
2597 2599
2598 2596
2598 2600
2599 2597
2599 2601
2600 2598
2600 2602
2601 2599
2601 2603
2602 2600
2602 2604
2603 2601
2603 2605
2604 2602
2604 2606
2605 2603
2605 2607
2606 2604
2606 2608
2607 2605
2607 2609
2608 2606
2608 2610
2609 2607
2609 2611
2610 2608
2610 2612
2611 2609
2611 2613
2612 2610
2612 2614
2613 2611
2613 2615
2614 2612
2614 2616
2615 2613
2615 2617
2616 2614
2616 2618
2617 2615
2617 2619
2618 2616
2618 2620
2619 2617
2619 2621
2620 2618
2620 2622
2621 2619
2621 2623
2622 2620
2622 2624
2623 2621
2623 2625
2624 2622
2624 2626
2625 2623
2625 2627
2626 2624
2626 2628
2627 2625
2627 2629
2628 2626
2628 2630
2629 2627
2629 2631
2630 2628
2630 2632
2631 2629
2631 2633
2632 2630
2632 2634
2633 2631
2633 2635
2634 2632
2634 2636
2635 2633
2635 2637
2636 2634
2636 2638
2637 2635
2637 2639
2638 2636
2638 2640
2639 2637
2639 2641
2640 2638
2640 2642
2641 2639
2641 2643
2642 2640
2642 2644
2643 2641
2643 2645
2644 2642
2644 2646
2645 2643
2645 2647
2646 2644
2646 2648
2647 2645
2647 2649
2648 2646
2648 2650
2649 2647
2649 2651
2650 2648
2650 2652
2651 2649
2651 2653
2652 2650
2652 2654
2653 2651
2653 2655
2654 2652
2654 2656
2655 2653
2655 2657
2656 2654
2656 2658
2657 2655
2657 2659
2658 2656
2658 2660
2659 2657
2659 2661
2660 2658
2660 2662
2661 2659
2661 2663
2662 2660
2662 2664
2663 2661
2663 2665
2664 2662
2664 2666
2665 2663
2665 2667
2666 2664
2666 2668
2667 2665
2667 2669
2668 2666
2668 2670
2669 2667
2669 2671
2670 2668
2670 2672
2671 2669
2671 2673
2672 2670
2672 2674
2673 2671
2673 2675
2674 2672
2674 2676
2675 2673
2675 2677
2676 2674
2676 2678
2677 2675
2677 2679
2678 2676
2678 2680
2679 2677
2679 2681
2680 2678
2680 2682
2681 2679
2681 2683
2682 2680
2682 2684
2683 2681
2683 2685
2684 2682
2684 2686
2685 2683
2685 2687
2686 2684
2686 2688
2687 2685
2687 2689
2688 2686
2688 2690
2689 2687
2689 2691
2690 2688
2690 2692
2691 2689
2691 2693
2692 2690
2692 2694
2693 2691
2693 2695
2694 2692
2694 2696
2695 2693
2695 2697
2696 2694
2696 2698
2697 2695
2697 2699
2698 2696
2698 2700
2699 2697
2699 2701
2700 2698
2700 2702
2701 2699
2701 2703
2702 2700
2702 2704
2703 2701
2703 2705
2704 2702
2704 2706
2705 2703
2705 2707
2706 2704
2706 2708
2707 2705
2707 2709
2708 2706
2708 2710
2709 2707
2709 2711
2710 2708
2710 2712
2711 2709
2711 2713
2712 2710
2712 2714
2713 2711
2713 2715
2714 2712
2714 2716
2715 2713
2715 2717
2716 2714
2716 2718
2717 2715
2717 2719
2718 2716
2718 2720
2719 2717
2719 2721
2720 2718
2720 2722
2721 2719
2721 2723
2722 2720
2722 2724
2723 2721
2723 2725
2724 2722
2724 2726
2725 2723
2725 2727
2726 2724
2726 2728
2727 2725
2727 2729
2728 2726
2728 2730
2729 2727
2729 2731
2730 2728
2730 2732
2731 2729
2731 2733
2732 2730
2732 2734
2733 2731
2733 2735
2734 2732
2734 2736
2735 2733
2735 2737
2736 2734
2736 2738
2737 2735
2737 2739
2738 2736
2738 2740
2739 2737
2739 2741
2740 2738
2740 2742
2741 2739
2741 2743
2742 2740
2742 2744
2743 2741
2743 2745
2744 2742
2744 2746
2745 2743
2745 2747
2746 2744
2746 2748
2747 2745
2747 2749
2748 2746
2748 2750
2749 2747
2749 2751
2750 2748
2750 2752
2751 2749
2751 2753
2752 2750
2752 2754
2753 2751
2753 2755
2754 2752
2754 2756
2755 2753
2755 2757
2756 2754
2756 2758
2757 2755
2757 2759
2758 2756
2758 2760
2759 2757
2759 2761
2760 2758
2760 2762
2761 2759
2761 2763
2762 2760
2762 2764
2763 2761
2763 2765
2764 2762
2764 2766
2765 2763
2765 2767
2766 2764
2766 2768
2767 2765
2767 2769
2768 2766
2768 2770
2769 2767
2769 2771
2770 2768
2770 2772
2771 2769
2771 2773
2772 2770
2772 2774
2773 2771
2773 2775
2774 2772
2774 2776
2775 2773
2775 2777
2776 2774
2776 2778
2777 2775
2777 2779
2778 2776
2778 2780
2779 2777
2779 2781
2780 2778
2780 2782
2781 2779
2781 2783
2782 2780
2782 2784
2783 2781
2783 2785
2784 2782
2784 2786
2785 2783
2785 2787
2786 2784
2786 2788
2787 2785
2787 2789
2788 2786
2788 2790
2789 2787
2789 2791
2790 2788
2790 2792
2791 2789
2791 2793
2792 2790
2792 2794
2793 2791
2793 2795
2794 2792
2794 2796
2795 2793
2795 2797
2796 2794
2796 2798
2797 2795
2797 2799
2798 2796
2798 2800
2799 2797
2799 2801
2800 2798
2800 2802
2801 2799
2801 2803
2802 2800
2802 2804
2803 2801
2803 2805
2804 2802
2804 2806
2805 2803
2805 2807
2806 2804
2806 2808
2807 2805
2807 2809
2808 2806
2808 2810
2809 2807
2809 2811
2810 2808
2810 2812
2811 2809
2811 2813
2812 2810
2812 2814
2813 2811
2813 2815
2814 2812
2814 2816
2815 2813
2815 2817
2816 2814
2816 2818
2817 2815
2817 2819
2818 2816
2818 2820
2819 2817
2819 2821
2820 2818
2820 2822
2821 2819
2821 2823
2822 2820
2822 2824
2823 2821
2823 2825
2824 2822
2824 2826
2825 2823
2825 2827
2826 2824
2826 2828
2827 2825
2827 2829
2828 2826
2828 2830
2829 2827
2829 2831
2830 2828
2830 2832
2831 2829
2831 2833
2832 2830
2832 2834
2833 2831
2833 2835
2834 2832
2834 2836
2835 2833
2835 2837
2836 2834
2836 2838
2837 2835
2837 2839
2838 2836
2838 2840
2839 2837
2839 2841
2840 2838
2840 2842
2841 2839
2841 2843
2842 2840
2842 2844
2843 2841
2843 2845
2844 2842
2844 2846
2845 2843
2845 2847
2846 2844
2846 2848
2847 2845
2847 2849
2848 2846
2848 2850
2849 2847
2849 2851
2850 2848
2850 2852
2851 2849
2851 2853
2852 2850
2852 2854
2853 2851
2853 2855
2854 2852
2854 2856
2855 2853
2855 2857
2856 2854
2856 2858
2857 2855
2857 2859
2858 2856
2858 2860
2859 2857
2859 2861
2860 2858
2860 2862
2861 2859
2861 2863
2862 2860
2862 2864
2863 2861
2863 2865
2864 2862
2864 2866
2865 2863
2865 2867
2866 2864
2866 2868
2867 2865
2867 2869
2868 2866
2868 2870
2869 2867
2869 2871
2870 2868
2870 2872
2871 2869
2871 2873
2872 2870
2872 2874
2873 2871
2873 2875
2874 2872
2874 2876
2875 2873
2875 2877
2876 2874
2876 2878
2877 2875
2877 2879
2878 2876
2878 2880
2879 2877
2879 2881
2880 2878
2880 2882
2881 2879
2881 2883
2882 2880
2882 2884
2883 2881
2883 2885
2884 2882
2884 2886
2885 2883
2885 2887
2886 2884
2886 2888
2887 2885
2887 2889
2888 2886
2888 2890
2889 2887
2889 2891
2890 2888
2890 2892
2891 2889
2891 2893
2892 2890
2892 2894
2893 2891
2893 2895
2894 2892
2894 2896
2895 2893
2895 2897
2896 2894
2896 2898
2897 2895
2897 2899
2898 2896
2898 2900
2899 2897
2899 2901
2900 2898
2900 2902
2901 2899
2901 2903
2902 2900
2902 2904
2903 2901
2903 2905
2904 2902
2904 2906
2905 2903
2905 2907
2906 2904
2906 2908
2907 2905
2907 2909
2908 2906
2908 2910
2909 2907
2909 2911
2910 2908
2910 2912
2911 2909
2911 2913
2912 2910
2912 2914
2913 2911
2913 2915
2914 2912
2914 2916
2915 2913
2915 2917
2916 2914
2916 2918
2917 2915
2917 2919
2918 2916
2918 2920
2919 2917
2919 2921
2920 2918
2920 2922
2921 2919
2921 2923
2922 2920
2922 2924
2923 2921
2923 2925
2924 2922
2924 2926
2925 2923
2925 2927
2926 2924
2926 2928
2927 2925
2927 2929
2928 2926
2928 2930
2929 2927
2929 2931
2930 2928
2930 2932
2931 2929
2931 2933
2932 2930
2932 2934
2933 2931
2933 2935
2934 2932
2934 2936
2935 2933
2935 2937
2936 2934
2936 2938
2937 2935
2937 2939
2938 2936
2938 2940
2939 2937
2939 2941
2940 2938
2940 2942
2941 2939
2941 2943
2942 2940
2942 2944
2943 2941
2943 2945
2944 2942
2944 2946
2945 2943
2945 2947
2946 2944
2946 2948
2947 2945
2947 2949
2948 2946
2948 2950
2949 2947
2949 2951
2950 2948
2950 2952
2951 2949
2951 2953
2952 2950
2952 2954
2953 2951
2953 2955
2954 2952
2954 2956
2955 2953
2955 2957
2956 2954
2956 2958
2957 2955
2957 2959
2958 2956
2958 2960
2959 2957
2959 2961
2960 2958
2960 2962
2961 2959
2961 2963
2962 2960
2962 2964
2963 2961
2963 2965
2964 2962
2964 2966
2965 2963
2965 2967
2966 2964
2966 2968
2967 2965
2967 2969
2968 2966
2968 2970
2969 2967
2969 2971
2970 2968
2970 2972
2971 2969
2971 2973
2972 2970
2972 2974
2973 2971
2973 2975
2974 2972
2974 2976
2975 2973
2975 2977
2976 2974
2976 2978
2977 2975
2977 2979
2978 2976
2978 2980
2979 2977
2979 2981
2980 2978
2980 2982
2981 2979
2981 2983
2982 2980
2982 2984
2983 2981
2983 2985
2984 2982
2984 2986
2985 2983
2985 2987
2986 2984
2986 2988
2987 2985
2987 2989
2988 2986
2988 2990
2989 2987
2989 2991
2990 2988
2990 2992
2991 2989
2991 2993
2992 2990
2992 2994
2993 2991
2993 2995
2994 2992
2994 2996
2995 2993
2995 2997
2996 2994
2996 2998
2997 2995
2997 2999
2998 2996
2998 3000
2999 2997
2999 3001
3000 2998
3000 3002
3001 2999
3001 3003
3002 3000
3002 3004
3003 3001
3003 3005
3004 3002
3004 3006
3005 3003
3005 3007
3006 3004
3006 3008
3007 3005
3007 3009
3008 3006
3008 3010
3009 3007
3009 3011
3010 3008
3010 3012
3011 3009
3011 3013
3012 3010
3012 3014
3013 3011
3013 3015
3014 3012
3014 3016
3015 3013
3015 3017
3016 3014
3016 3018
3017 3015
3017 3019
3018 3016
3018 3020
3019 3017
3019 3021
3020 3018
3020 3022
3021 3019
3021 3023
3022 3020
3022 3024
3023 3021
3023 3025
3024 3022
3024 3026
3025 3023
3025 3027
3026 3024
3026 3028
3027 3025
3027 3029
3028 3026
3028 3030
3029 3027
3029 3031
3030 3028
3030 3032
3031 3029
3031 3033
3032 3030
3032 3034
3033 3031
3033 3035
3034 3032
3034 3036
3035 3033
3035 3037
3036 3034
3036 3038
3037 3035
3037 3039
3038 3036
3038 3040
3039 3037
3039 3041
3040 3038
3040 3042
3041 3039
3041 3043
3042 3040
3042 3044
3043 3041
3043 3045
3044 3042
3044 3046
3045 3043
3045 3047
3046 3044
3046 3048
3047 3045
3047 3049
3048 3046
3048 3050
3049 3047
3049 3051
3050 3048
3050 3052
3051 3049
3051 3053
3052 3050
3052 3054
3053 3051
3053 3055
3054 3052
3054 3056
3055 3053
3055 3057
3056 3054
3056 3058
3057 3055
3057 3059
3058 3056
3058 3060
3059 3057
3059 3061
3060 3058
3060 3062
3061 3059
3061 3063
3062 3060
3062 3064
3063 3061
3063 3065
3064 3062
3064 3066
3065 3063
3065 3067
3066 3064
3066 3068
3067 3065
3067 3069
3068 3066
3068 3070
3069 3067
3069 3071
3070 3068
3070 3072
3071 3069
3071 3073
3072 3070
3072 3074
3073 3071
3073 3075
3074 3072
3074 3076
3075 3073
3075 3077
3076 3074
3076 3078
3077 3075
3077 3079
3078 3076
3078 3080
3079 3077
3079 3081
3080 3078
3080 3082
3081 3079
3081 3083
3082 3080
3082 3084
3083 3081
3083 3085
3084 3082
3084 3086
3085 3083
3085 3087
3086 3084
3086 3088
3087 3085
3087 3089
3088 3086
3088 3090
3089 3087
3089 3091
3090 3088
3090 3092
3091 3089
3091 3093
3092 3090
3092 3094
3093 3091
3093 3095
3094 3092
3094 3096
3095 3093
3095 3097
3096 3094
3096 3098
3097 3095
3097 3099
3098 3096
3098 3100
3099 3097
3099 3101
3100 3098
3100 3102
3101 3099
3101 3103
3102 3100
3102 3104
3103 3101
3103 3105
3104 3102
3104 3106
3105 3103
3105 3107
3106 3104
3106 3108
3107 3105
3107 3109
3108 3106
3108 3110
3109 3107
3109 3111
3110 3108
3110 3112
3111 3109
3111 3113
3112 3110
3112 3114
3113 3111
3113 3115
3114 3112
3114 3116
3115 3113
3115 3117
3116 3114
3116 3118
3117 3115
3117 3119
3118 3116
3118 3120
3119 3117
3119 3121
3120 3118
3120 3122
3121 3119
3121 3123
3122 3120
3122 3124
3123 3121
3123 3125
3124 3122
3124 3126
3125 3123
3125 3127
3126 3124
3126 3128
3127 3125
3127 3129
3128 3126
3128 3130
3129 3127
3129 3131
3130 3128
3130 3132
3131 3129
3131 3133
3132 3130
3132 3134
3133 3131
3133 3135
3134 3132
3134 3136
3135 3133
3135 3137
3136 3134
3136 3138
3137 3135
3137 3139
3138 3136
3138 3140
3139 3137
3139 3141
3140 3138
3140 3142
3141 3139
3141 3143
3142 3140
3142 3144
3143 3141
3143 3145
3144 3142
3144 3146
3145 3143
3145 3147
3146 3144
3146 3148
3147 3145
3147 3149
3148 3146
3148 3150
3149 3147
3149 3151
3150 3148
3150 3152
3151 3149
3151 3153
3152 3150
3152 3154
3153 3151
3153 3155
3154 3152
3154 3156
3155 3153
3155 3157
3156 3154
3156 3158
3157 3155
3157 3159
3158 3156
3158 3160
3159 3157
3159 3161
3160 3158
3160 3162
3161 3159
3161 3163
3162 3160
3162 3164
3163 3161
3163 3165
3164 3162
3164 3166
3165 3163
3165 3167
3166 3164
3166 3168
3167 3165
3167 3169
3168 3166
3168 3170
3169 3167
3169 3171
3170 3168
3170 3172
3171 3169
3171 3173
3172 3170
3172 3174
3173 3171
3173 3175
3174 3172
3174 3176
3175 3173
3175 3177
3176 3174
3176 3178
3177 3175
3177 3179
3178 3176
3178 3180
3179 3177
3179 3181
3180 3178
3180 3182
3181 3179
3181 3183
3182 3180
3182 3184
3183 3181
3183 3185
3184 3182
3184 3186
3185 3183
3185 3187
3186 3184
3186 3188
3187 3185
3187 3189
3188 3186
3188 3190
3189 3187
3189 3191
3190 3188
3190 3192
3191 3189
3191 3193
3192 3190
3192 3194
3193 3191
3193 3195
3194 3192
3194 3196
3195 3193
3195 3197
3196 3194
3196 3198
3197 3195
3197 3199
3198 3196
3198 3200
3199 3197
3199 3201
3200 3198
3200 3202
3201 3199
3201 3203
3202 3200
3202 3204
3203 3201
3203 3205
3204 3202
3204 3206
3205 3203
3205 3207
3206 3204
3206 3208
3207 3205
3207 3209
3208 3206
3208 3210
3209 3207
3209 3211
3210 3208
3210 3212
3211 3209
3211 3213
3212 3210
3212 3214
3213 3211
3213 3215
3214 3212
3214 3216
3215 3213
3215 3217
3216 3214
3216 3218
3217 3215
3217 3219
3218 3216
3218 3220
3219 3217
3219 3221
3220 3218
3220 3222
3221 3219
3221 3223
3222 3220
3222 3224
3223 3221
3223 3225
3224 3222
3224 3226
3225 3223
3225 3227
3226 3224
3226 3228
3227 3225
3227 3229
3228 3226
3228 3230
3229 3227
3229 3231
3230 3228
3230 3232
3231 3229
3231 3233
3232 3230
3232 3234
3233 3231
3233 3235
3234 3232
3234 3236
3235 3233
3235 3237
3236 3234
3236 3238
3237 3235
3237 3239
3238 3236
3238 3240
3239 3237
3239 3241
3240 3238
3240 3242
3241 3239
3241 3243
3242 3240
3242 3244
3243 3241
3243 3245
3244 3242
3244 3246
3245 3243
3245 3247
3246 3244
3246 3248
3247 3245
3247 3249
3248 3246
3248 3250
3249 3247
3249 3251
3250 3248
3250 3252
3251 3249
3251 3253
3252 3250
3252 3254
3253 3251
3253 3255
3254 3252
3254 3256
3255 3253
3255 3257
3256 3254
3256 3258
3257 3255
3257 3259
3258 3256
3258 3260
3259 3257
3259 3261
3260 3258
3260 3262
3261 3259
3261 3263
3262 3260
3262 3264
3263 3261
3263 3265
3264 3262
3264 3266
3265 3263
3265 3267
3266 3264
3266 3268
3267 3265
3267 3269
3268 3266
3268 3270
3269 3267
3269 3271
3270 3268
3270 3272
3271 3269
3271 3273
3272 3270
3272 3274
3273 3271
3273 3275
3274 3272
3274 3276
3275 3273
3275 3277
3276 3274
3276 3278
3277 3275
3277 3279
3278 3276
3278 3280
3279 3277
3279 3281
3280 3278
3280 3282
3281 3279
3281 3283
3282 3280
3282 3284
3283 3281
3283 3285
3284 3282
3284 3286
3285 3283
3285 3287
3286 3284
3286 3288
3287 3285
3287 3289
3288 3286
3288 3290
3289 3287
3289 3291
3290 3288
3290 3292
3291 3289
3291 3293
3292 3290
3292 3294
3293 3291
3293 3295
3294 3292
3294 3296
3295 3293
3295 3297
3296 3294
3296 3298
3297 3295
3297 3299
3298 3296
3298 3300
3299 3297
3299 3301
3300 3298
3300 3302
3301 3299
3301 3303
3302 3300
3302 3304
3303 3301
3303 3305
3304 3302
3304 3306
3305 3303
3305 3307
3306 3304
3306 3308
3307 3305
3307 3309
3308 3306
3308 3310
3309 3307
3309 3311
3310 3308
3310 3312
3311 3309
3311 3313
3312 3310
3312 3314
3313 3311
3313 3315
3314 3312
3314 3316
3315 3313
3315 3317
3316 3314
3316 3318
3317 3315
3317 3319
3318 3316
3318 3320
3319 3317
3319 3321
3320 3318
3320 3322
3321 3319
3321 3323
3322 3320
3322 3324
3323 3321
3323 3325
3324 3322
3324 3326
3325 3323
3325 3327
3326 3324
3326 3328
3327 3325
3327 3329
3328 3326
3328 3330
3329 3327
3329 3331
3330 3328
3330 3332
3331 3329
3331 3333
3332 3330
3332 3334
3333 3331
3333 3335
3334 3332
3334 3336
3335 3333
3335 3337
3336 3334
3336 3338
3337 3335
3337 3339
3338 3336
3338 3340
3339 3337
3339 3341
3340 3338
3340 3342
3341 3339
3341 3343
3342 3340
3342 3344
3343 3341
3343 3345
3344 3342
3344 3346
3345 3343
3345 3347
3346 3344
3346 3348
3347 3345
3347 3349
3348 3346
3348 3350
3349 3347
3349 3351
3350 3348
3350 3352
3351 3349
3351 3353
3352 3350
3352 3354
3353 3351
3353 3355
3354 3352
3354 3356
3355 3353
3355 3357
3356 3354
3356 3358
3357 3355
3357 3359
3358 3356
3358 3360
3359 3357
3359 3361
3360 3358
3360 3362
3361 3359
3361 3363
3362 3360
3362 3364
3363 3361
3363 3365
3364 3362
3364 3366
3365 3363
3365 3367
3366 3364
3366 3368
3367 3365
3367 3369
3368 3366
3368 3370
3369 3367
3369 3371
3370 3368
3370 3372
3371 3369
3371 3373
3372 3370
3372 3374
3373 3371
3373 3375
3374 3372
3374 3376
3375 3373
3375 3377
3376 3374
3376 3378
3377 3375
3377 3379
3378 3376
3378 3380
3379 3377
3379 3381
3380 3378
3380 3382
3381 3379
3381 3383
3382 3380
3382 3384
3383 3381
3383 3385
3384 3382
3384 3386
3385 3383
3385 3387
3386 3384
3386 3388
3387 3385
3387 3389
3388 3386
3388 3390
3389 3387
3389 3391
3390 3388
3390 3392
3391 3389
3391 3393
3392 3390
3392 3394
3393 3391
3393 3395
3394 3392
3394 3396
3395 3393
3395 3397
3396 3394
3396 3398
3397 3395
3397 3399
3398 3396
3398 3400
3399 3397
3399 3401
3400 3398
3400 3402
3401 3399
3401 3403
3402 3400
3402 3404
3403 3401
3403 3405
3404 3402
3404 3406
3405 3403
3405 3407
3406 3404
3406 3408
3407 3405
3407 3409
3408 3406
3408 3410
3409 3407
3409 3411
3410 3408
3410 3412
3411 3409
3411 3413
3412 3410
3412 3414
3413 3411
3413 3415
3414 3412
3414 3416
3415 3413
3415 3417
3416 3414
3416 3418
3417 3415
3417 3419
3418 3416
3418 3420
3419 3417
3419 3421
3420 3418
3420 3422
3421 3419
3421 3423
3422 3420
3422 3424
3423 3421
3423 3425
3424 3422
3424 3426
3425 3423
3425 3427
3426 3424
3426 3428
3427 3425
3427 3429
3428 3426
3428 3430
3429 3427
3429 3431
3430 3428
3430 3432
3431 3429
3431 3433
3432 3430
3432 3434
3433 3431
3433 3435
3434 3432
3434 3436
3435 3433
3435 3437
3436 3434
3436 3438
3437 3435
3437 3439
3438 3436
3438 3440
3439 3437
3439 3441
3440 3438
3440 3442
3441 3439
3441 3443
3442 3440
3442 3444
3443 3441
3443 3445
3444 3442
3444 3446
3445 3443
3445 3447
3446 3444
3446 3448
3447 3445
3447 3449
3448 3446
3448 3450
3449 3447
3449 3451
3450 3448
3450 3452
3451 3449
3451 3453
3452 3450
3452 3454
3453 3451
3453 3455
3454 3452
3454 3456
3455 3453
3455 3457
3456 3454
3456 3458
3457 3455
3457 3459
3458 3456
3458 3460
3459 3457
3459 3461
3460 3458
3460 3462
3461 3459
3461 3463
3462 3460
3462 3464
3463 3461
3463 3465
3464 3462
3464 3466
3465 3463
3465 3467
3466 3464
3466 3468
3467 3465
3467 3469
3468 3466
3468 3470
3469 3467
3469 3471
3470 3468
3470 3472
3471 3469
3471 3473
3472 3470
3472 3474
3473 3471
3473 3475
3474 3472
3474 3476
3475 3473
3475 3477
3476 3474
3476 3478
3477 3475
3477 3479
3478 3476
3478 3480
3479 3477
3479 3481
3480 3478
3480 3482
3481 3479
3481 3483
3482 3480
3482 3484
3483 3481
3483 3485
3484 3482
3484 3486
3485 3483
3485 3487
3486 3484
3486 3488
3487 3485
3487 3489
3488 3486
3488 3490
3489 3487
3489 3491
3490 3488
3490 3492
3491 3489
3491 3493
3492 3490
3492 3494
3493 3491
3493 3495
3494 3492
3494 3496
3495 3493
3495 3497
3496 3494
3496 3498
3497 3495
3497 3499
3498 3496
3498 3500
3499 3497
3499 3501
3500 3498
3500 3502
3501 3499
3501 3503
3502 3500
3502 3504
3503 3501
3503 3505
3504 3502
3504 3506
3505 3503
3505 3507
3506 3504
3506 3508
3507 3505
3507 3509
3508 3506
3508 3510
3509 3507
3509 3511
3510 3508
3510 3512
3511 3509
3511 3513
3512 3510
3512 3514
3513 3511
3513 3515
3514 3512
3514 3516
3515 3513
3515 3517
3516 3514
3516 3518
3517 3515
3517 3519
3518 3516
3518 3520
3519 3517
3519 3521
3520 3518
3520 3522
3521 3519
3521 3523
3522 3520
3522 3524
3523 3521
3523 3525
3524 3522
3524 3526
3525 3523
3525 3527
3526 3524
3526 3528
3527 3525
3527 3529
3528 3526
3528 3530
3529 3527
3529 3531
3530 3528
3530 3532
3531 3529
3531 3533
3532 3530
3532 3534
3533 3531
3533 3535
3534 3532
3534 3536
3535 3533
3535 3537
3536 3534
3536 3538
3537 3535
3537 3539
3538 3536
3538 3540
3539 3537
3539 3541
3540 3538
3540 3542
3541 3539
3541 3543
3542 3540
3542 3544
3543 3541
3543 3545
3544 3542
3544 3546
3545 3543
3545 3547
3546 3544
3546 3548
3547 3545
3547 3549
3548 3546
3548 3550
3549 3547
3549 3551
3550 3548
3550 3552
3551 3549
3551 3553
3552 3550
3552 3554
3553 3551
3553 3555
3554 3552
3554 3556
3555 3553
3555 3557
3556 3554
3556 3558
3557 3555
3557 3559
3558 3556
3558 3560
3559 3557
3559 3561
3560 3558
3560 3562
3561 3559
3561 3563
3562 3560
3562 3564
3563 3561
3563 3565
3564 3562
3564 3566
3565 3563
3565 3567
3566 3564
3566 3568
3567 3565
3567 3569
3568 3566
3568 3570
3569 3567
3569 3571
3570 3568
3570 3572
3571 3569
3571 3573
3572 3570
3572 3574
3573 3571
3573 3575
3574 3572
3574 3576
3575 3573
3575 3577
3576 3574
3576 3578
3577 3575
3577 3579
3578 3576
3578 3580
3579 3577
3579 3581
3580 3578
3580 3582
3581 3579
3581 3583
3582 3580
3582 3584
3583 3581
3583 3585
3584 3582
3584 3586
3585 3583
3585 3587
3586 3584
3586 3588
3587 3585
3587 3589
3588 3586
3588 3590
3589 3587
3589 3591
3590 3588
3590 3592
3591 3589
3591 3593
3592 3590
3592 3594
3593 3591
3593 3595
3594 3592
3594 3596
3595 3593
3595 3597
3596 3594
3596 3598
3597 3595
3597 3599
3598 3596
3598 3600
3599 3597
3599 3601
3600 3598
3600 3602
3601 3599
3601 3603
3602 3600
3602 3604
3603 3601
3603 3605
3604 3602
3604 3606
3605 3603
3605 3607
3606 3604
3606 3608
3607 3605
3607 3609
3608 3606
3608 3610
3609 3607
3609 3611
3610 3608
3610 3612
3611 3609
3611 3613
3612 3610
3612 3614
3613 3611
3613 3615
3614 3612
3614 3616
3615 3613
3615 3617
3616 3614
3616 3618
3617 3615
3617 3619
3618 3616
3618 3620
3619 3617
3619 3621
3620 3618
3620 3622
3621 3619
3621 3623
3622 3620
3622 3624
3623 3621
3623 3625
3624 3622
3624 3626
3625 3623
3625 3627
3626 3624
3626 3628
3627 3625
3627 3629
3628 3626
3628 3630
3629 3627
3629 3631
3630 3628
3630 3632
3631 3629
3631 3633
3632 3630
3632 3634
3633 3631
3633 3635
3634 3632
3634 3636
3635 3633
3635 3637
3636 3634
3636 3638
3637 3635
3637 3639
3638 3636
3638 3640
3639 3637
3639 3641
3640 3638
3640 3642
3641 3639
3641 3643
3642 3640
3642 3644
3643 3641
3643 3645
3644 3642
3644 3646
3645 3643
3645 3647
3646 3644
3646 3648
3647 3645
3647 3649
3648 3646
3648 3650
3649 3647
3649 3651
3650 3648
3650 3652
3651 3649
3651 3653
3652 3650
3652 3654
3653 3651
3653 3655
3654 3652
3654 3656
3655 3653
3655 3657
3656 3654
3656 3658
3657 3655
3657 3659
3658 3656
3658 3660
3659 3657
3659 3661
3660 3658
3660 3662
3661 3659
3661 3663
3662 3660
3662 3664
3663 3661
3663 3665
3664 3662
3664 3666
3665 3663
3665 3667
3666 3664
3666 3668
3667 3665
3667 3669
3668 3666
3668 3670
3669 3667
3669 3671
3670 3668
3670 3672
3671 3669
3671 3673
3672 3670
3672 3674
3673 3671
3673 3675
3674 3672
3674 3676
3675 3673
3675 3677
3676 3674
3676 3678
3677 3675
3677 3679
3678 3676
3678 3680
3679 3677
3679 3681
3680 3678
3680 3682
3681 3679
3681 3683
3682 3680
3682 3684
3683 3681
3683 3685
3684 3682
3684 3686
3685 3683
3685 3687
3686 3684
3686 3688
3687 3685
3687 3689
3688 3686
3688 3690
3689 3687
3689 3691
3690 3688
3690 3692
3691 3689
3691 3693
3692 3690
3692 3694
3693 3691
3693 3695
3694 3692
3694 3696
3695 3693
3695 3697
3696 3694
3696 3698
3697 3695
3697 3699
3698 3696
3698 3700
3699 3697
3699 3701
3700 3698
3700 3702
3701 3699
3701 3703
3702 3700
3702 3704
3703 3701
3703 3705
3704 3702
3704 3706
3705 3703
3705 3707
3706 3704
3706 3708
3707 3705
3707 3709
3708 3706
3708 3710
3709 3707
3709 3711
3710 3708
3710 3712
3711 3709
3711 3713
3712 3710
3712 3714
3713 3711
3713 3715
3714 3712
3714 3716
3715 3713
3715 3717
3716 3714
3716 3718
3717 3715
3717 3719
3718 3716
3718 3720
3719 3717
3719 3721
3720 3718
3720 3722
3721 3719
3721 3723
3722 3720
3722 3724
3723 3721
3723 3725
3724 3722
3724 3726
3725 3723
3725 3727
3726 3724
3726 3728
3727 3725
3727 3729
3728 3726
3728 3730
3729 3727
3729 3731
3730 3728
3730 3732
3731 3729
3731 3733
3732 3730
3732 3734
3733 3731
3733 3735
3734 3732
3734 3736
3735 3733
3735 3737
3736 3734
3736 3738
3737 3735
3737 3739
3738 3736
3738 3740
3739 3737
3739 3741
3740 3738
3740 3742
3741 3739
3741 3743
3742 3740
3742 3744
3743 3741
3743 3745
3744 3742
3744 3746
3745 3743
3745 3747
3746 3744
3746 3748
3747 3745
3747 3749
3748 3746
3748 3750
3749 3747
3749 3751
3750 3748
3750 3752
3751 3749
3751 3753
3752 3750
3752 3754
3753 3751
3753 3755
3754 3752
3754 3756
3755 3753
3755 3757
3756 3754
3756 3758
3757 3755
3757 3759
3758 3756
3758 3760
3759 3757
3759 3761
3760 3758
3760 3762
3761 3759
3761 3763
3762 3760
3762 3764
3763 3761
3763 3765
3764 3762
3764 3766
3765 3763
3765 3767
3766 3764
3766 3768
3767 3765
3767 3769
3768 3766
3768 3770
3769 3767
3769 3771
3770 3768
3770 3772
3771 3769
3771 3773
3772 3770
3772 3774
3773 3771
3773 3775
3774 3772
3774 3776
3775 3773
3775 3777
3776 3774
3776 3778
3777 3775
3777 3779
3778 3776
3778 3780
3779 3777
3779 3781
3780 3778
3780 3782
3781 3779
3781 3783
3782 3780
3782 3784
3783 3781
3783 3785
3784 3782
3784 3786
3785 3783
3785 3787
3786 3784
3786 3788
3787 3785
3787 3789
3788 3786
3788 3790
3789 3787
3789 3791
3790 3788
3790 3792
3791 3789
3791 3793
3792 3790
3792 3794
3793 3791
3793 3795
3794 3792
3794 3796
3795 3793
3795 3797
3796 3794
3796 3798
3797 3795
3797 3799
3798 3796
3798 3800
3799 3797
3799 3801
3800 3798
3800 3802
3801 3799
3801 3803
3802 3800
3802 3804
3803 3801
3803 3805
3804 3802
3804 3806
3805 3803
3805 3807
3806 3804
3806 3808
3807 3805
3807 3809
3808 3806
3808 3810
3809 3807
3809 3811
3810 3808
3810 3812
3811 3809
3811 3813
3812 3810
3812 3814
3813 3811
3813 3815
3814 3812
3814 3816
3815 3813
3815 3817
3816 3814
3816 3818
3817 3815
3817 3819
3818 3816
3818 3820
3819 3817
3819 3821
3820 3818
3820 3822
3821 3819
3821 3823
3822 3820
3822 3824
3823 3821
3823 3825
3824 3822
3824 3826
3825 3823
3825 3827
3826 3824
3826 3828
3827 3825
3827 3829
3828 3826
3828 3830
3829 3827
3829 3831
3830 3828
3830 3832
3831 3829
3831 3833
3832 3830
3832 3834
3833 3831
3833 3835
3834 3832
3834 3836
3835 3833
3835 3837
3836 3834
3836 3838
3837 3835
3837 3839
3838 3836
3838 3840
3839 3837
3839 3841
3840 3838
3840 3842
3841 3839
3841 3843
3842 3840
3842 3844
3843 3841
3843 3845
3844 3842
3844 3846
3845 3843
3845 3847
3846 3844
3846 3848
3847 3845
3847 3849
3848 3846
3848 3850
3849 3847
3849 3851
3850 3848
3850 3852
3851 3849
3851 3853
3852 3850
3852 3854
3853 3851
3853 3855
3854 3852
3854 3856
3855 3853
3855 3857
3856 3854
3856 3858
3857 3855
3857 3859
3858 3856
3858 3860
3859 3857
3859 3861
3860 3858
3860 3862
3861 3859
3861 3863
3862 3860
3862 3864
3863 3861
3863 3865
3864 3862
3864 3866
3865 3863
3865 3867
3866 3864
3866 3868
3867 3865
3867 3869
3868 3866
3868 3870
3869 3867
3869 3871
3870 3868
3870 3872
3871 3869
3871 3873
3872 3870
3872 3874
3873 3871
3873 3875
3874 3872
3874 3876
3875 3873
3875 3877
3876 3874
3876 3878
3877 3875
3877 3879
3878 3876
3878 3880
3879 3877
3879 3881
3880 3878
3880 3882
3881 3879
3881 3883
3882 3880
3882 3884
3883 3881
3883 3885
3884 3882
3884 3886
3885 3883
3885 3887
3886 3884
3886 3888
3887 3885
3887 3889
3888 3886
3888 3890
3889 3887
3889 3891
3890 3888
3890 3892
3891 3889
3891 3893
3892 3890
3892 3894
3893 3891
3893 3895
3894 3892
3894 3896
3895 3893
3895 3897
3896 3894
3896 3898
3897 3895
3897 3899
3898 3896
3898 3900
3899 3897
3899 3901
3900 3898
3900 3902
3901 3899
3901 3903
3902 3900
3902 3904
3903 3901
3903 3905
3904 3902
3904 3906
3905 3903
3905 3907
3906 3904
3906 3908
3907 3905
3907 3909
3908 3906
3908 3910
3909 3907
3909 3911
3910 3908
3910 3912
3911 3909
3911 3913
3912 3910
3912 3914
3913 3911
3913 3915
3914 3912
3914 3916
3915 3913
3915 3917
3916 3914
3916 3918
3917 3915
3917 3919
3918 3916
3918 3920
3919 3917
3919 3921
3920 3918
3920 3922
3921 3919
3921 3923
3922 3920
3922 3924
3923 3921
3923 3925
3924 3922
3924 3926
3925 3923
3925 3927
3926 3924
3926 3928
3927 3925
3927 3929
3928 3926
3928 3930
3929 3927
3929 3931
3930 3928
3930 3932
3931 3929
3931 3933
3932 3930
3932 3934
3933 3931
3933 3935
3934 3932
3934 3936
3935 3933
3935 3937
3936 3934
3936 3938
3937 3935
3937 3939
3938 3936
3938 3940
3939 3937
3939 3941
3940 3938
3940 3942
3941 3939
3941 3943
3942 3940
3942 3944
3943 3941
3943 3945
3944 3942
3944 3946
3945 3943
3945 3947
3946 3944
3946 3948
3947 3945
3947 3949
3948 3946
3948 3950
3949 3947
3949 3951
3950 3948
3950 3952
3951 3949
3951 3953
3952 3950
3952 3954
3953 3951
3953 3955
3954 3952
3954 3956
3955 3953
3955 3957
3956 3954
3956 3958
3957 3955
3957 3959
3958 3956
3958 3960
3959 3957
3959 3961
3960 3958
3960 3962
3961 3959
3961 3963
3962 3960
3962 3964
3963 3961
3963 3965
3964 3962
3964 3966
3965 3963
3965 3967
3966 3964
3966 3968
3967 3965
3967 3969
3968 3966
3968 3970
3969 3967
3969 3971
3970 3968
3970 3972
3971 3969
3971 3973
3972 3970
3972 3974
3973 3971
3973 3975
3974 3972
3974 3976
3975 3973
3975 3977
3976 3974
3976 3978
3977 3975
3977 3979
3978 3976
3978 3980
3979 3977
3979 3981
3980 3978
3980 3982
3981 3979
3981 3983
3982 3980
3982 3984
3983 3981
3983 3985
3984 3982
3984 3986
3985 3983
3985 3987
3986 3984
3986 3988
3987 3985
3987 3989
3988 3986
3988 3990
3989 3987
3989 3991
3990 3988
3990 3992
3991 3989
3991 3993
3992 3990
3992 3994
3993 3991
3993 3995
3994 3992
3994 3996
3995 3993
3995 3997
3996 3994
3996 3998
3997 3995
3997 3999
3998 3996
3998 4000
3999 3997
3999 4001
4000 3998
4000 4002
4001 3999
4001 4003
4002 4000
4002 4004
4003 4001
4003 4005
4004 4002
4004 4006
4005 4003
4005 4007
4006 4004
4006 4008
4007 4005
4007 4009
4008 4006
4008 4010
4009 4007
4009 4011
4010 4008
4010 4012
4011 4009
4011 4013
4012 4010
4012 4014
4013 4011
4013 4015
4014 4012
4014 4016
4015 4013
4015 4017
4016 4014
4016 4018
4017 4015
4017 4019
4018 4016
4018 4020
4019 4017
4019 4021
4020 4018
4020 4022
4021 4019
4021 4023
4022 4020
4022 4024
4023 4021
4023 4025
4024 4022
4024 4026
4025 4023
4025 4027
4026 4024
4026 4028
4027 4025
4027 4029
4028 4026
4028 4030
4029 4027
4029 4031
4030 4028
4030 4032
4031 4029
4031 4033
4032 4030
4032 4034
4033 4031
4033 4035
4034 4032
4034 4036
4035 4033
4035 4037
4036 4034
4036 4038
4037 4035
4037 4039
4038 4036
4038 4040
4039 4037
4039 4041
4040 4038
4040 4042
4041 4039
4041 4043
4042 4040
4042 4044
4043 4041
4043 4045
4044 4042
4044 4046
4045 4043
4045 4047
4046 4044
4046 4048
4047 4045
4047 4049
4048 4046
4048 4050
4049 4047
4049 4051
4050 4048
4050 4052
4051 4049
4051 4053
4052 4050
4052 4054
4053 4051
4053 4055
4054 4052
4054 4056
4055 4053
4055 4057
4056 4054
4056 4058
4057 4055
4057 4059
4058 4056
4058 4060
4059 4057
4059 4061
4060 4058
4060 4062
4061 4059
4061 4063
4062 4060
4062 4064
4063 4061
4063 4065
4064 4062
4064 4066
4065 4063
4065 4067
4066 4064
4066 4068
4067 4065
4067 4069
4068 4066
4068 4070
4069 4067
4069 4071
4070 4068
4070 4072
4071 4069
4071 4073
4072 4070
4072 4074
4073 4071
4073 4075
4074 4072
4074 4076
4075 4073
4075 4077
4076 4074
4076 4078
4077 4075
4077 4079
4078 4076
4078 4080
4079 4077
4079 4081
4080 4078
4080 4082
4081 4079
4081 4083
4082 4080
4082 4084
4083 4081
4083 4085
4084 4082
4084 4086
4085 4083
4085 4087
4086 4084
4086 4088
4087 4085
4087 4089
4088 4086
4088 4090
4089 4087
4089 4091
4090 4088
4090 4092
4091 4089
4091 4093
4092 4090
4092 4094
4093 4091
4093 4095
4094 4092
4094 4096
4095 4093
4095 4097
4096 4094
4096 4098
4097 4095
4097 4099
4098 4096
4098 4100
4099 4097
4099 4101
4100 4098
4100 4102
4101 4099
4101 4103
4102 4100
4102 4104
4103 4101
4103 4105
4104 4102
4104 4106
4105 4103
4105 4107
4106 4104
4106 4108
4107 4105
4107 4109
4108 4106
4108 4110
4109 4107
4109 4111
4110 4108
4110 4112
4111 4109
4111 4113
4112 4110
4112 4114
4113 4111
4113 4115
4114 4112
4114 4116
4115 4113
4115 4117
4116 4114
4116 4118
4117 4115
4117 4119
4118 4116
4118 4120
4119 4117
4119 4121
4120 4118
4120 4122
4121 4119
4121 4123
4122 4120
4122 4124
4123 4121
4123 4125
4124 4122
4124 4126
4125 4123
4125 4127
4126 4124
4126 4128
4127 4125
4127 4129
4128 4126
4128 4130
4129 4127
4129 4131
4130 4128
4130 4132
4131 4129
4131 4133
4132 4130
4132 4134
4133 4131
4133 4135
4134 4132
4134 4136
4135 4133
4135 4137
4136 4134
4136 4138
4137 4135
4137 4139
4138 4136
4138 4140
4139 4137
4139 4141
4140 4138
4140 4142
4141 4139
4141 4143
4142 4140
4142 4144
4143 4141
4143 4145
4144 4142
4144 4146
4145 4143
4145 4147
4146 4144
4146 4148
4147 4145
4147 4149
4148 4146
4148 4150
4149 4147
4149 4151
4150 4148
4150 4152
4151 4149
4151 4153
4152 4150
4152 4154
4153 4151
4153 4155
4154 4152
4154 4156
4155 4153
4155 4157
4156 4154
4156 4158
4157 4155
4157 4159
4158 4156
4158 4160
4159 4157
4159 4161
4160 4158
4160 4162
4161 4159
4161 4163
4162 4160
4162 4164
4163 4161
4163 4165
4164 4162
4164 4166
4165 4163
4165 4167
4166 4164
4166 4168
4167 4165
4167 4169
4168 4166
4168 4170
4169 4167
4169 4171
4170 4168
4170 4172
4171 4169
4171 4173
4172 4170
4172 4174
4173 4171
4173 4175
4174 4172
4174 4176
4175 4173
4175 4177
4176 4174
4176 4178
4177 4175
4177 4179
4178 4176
4178 4180
4179 4177
4179 4181
4180 4178
4180 4182
4181 4179
4181 4183
4182 4180
4182 4184
4183 4181
4183 4185
4184 4182
4184 4186
4185 4183
4185 4187
4186 4184
4186 4188
4187 4185
4187 4189
4188 4186
4188 4190
4189 4187
4189 4191
4190 4188
4190 4192
4191 4189
4191 4193
4192 4190
4192 4194
4193 4191
4193 4195
4194 4192
4194 4196
4195 4193
4195 4197
4196 4194
4196 4198
4197 4195
4197 4199
4198 4196
4198 4200
4199 4197
4199 4201
4200 4198
4200 4202
4201 4199
4201 4203
4202 4200
4202 4204
4203 4201
4203 4205
4204 4202
4204 4206
4205 4203
4205 4207
4206 4204
4206 4208
4207 4205
4207 4209
4208 4206
4208 4210
4209 4207
4209 4211
4210 4208
4210 4212
4211 4209
4211 4213
4212 4210
4212 4214
4213 4211
4213 4215
4214 4212
4214 4216
4215 4213
4215 4217
4216 4214
4216 4218
4217 4215
4217 4219
4218 4216
4218 4220
4219 4217
4219 4221
4220 4218
4220 4222
4221 4219
4221 4223
4222 4220
4222 4224
4223 4221
4223 4225
4224 4222
4224 4226
4225 4223
4225 4227
4226 4224
4226 4228
4227 4225
4227 4229
4228 4226
4228 4230
4229 4227
4229 4231
4230 4228
4230 4232
4231 4229
4231 4233
4232 4230
4232 4234
4233 4231
4233 4235
4234 4232
4234 4236
4235 4233
4235 4237
4236 4234
4236 4238
4237 4235
4237 4239
4238 4236
4238 4240
4239 4237
4239 4241
4240 4238
4240 4242
4241 4239
4241 4243
4242 4240
4242 4244
4243 4241
4243 4245
4244 4242
4244 4246
4245 4243
4245 4247
4246 4244
4246 4248
4247 4245
4247 4249
4248 4246
4248 4250
4249 4247
4249 4251
4250 4248
4250 4252
4251 4249
4251 4253
4252 4250
4252 4254
4253 4251
4253 4255
4254 4252
4254 4256
4255 4253
4255 4257
4256 4254
4256 4258
4257 4255
4257 4259
4258 4256
4258 4260
4259 4257
4259 4261
4260 4258
4260 4262
4261 4259
4261 4263
4262 4260
4262 4264
4263 4261
4263 4265
4264 4262
4264 4266
4265 4263
4265 4267
4266 4264
4266 4268
4267 4265
4267 4269
4268 4266
4268 4270
4269 4267
4269 4271
4270 4268
4270 4272
4271 4269
4271 4273
4272 4270
4272 4274
4273 4271
4273 4275
4274 4272
4274 4276
4275 4273
4275 4277
4276 4274
4276 4278
4277 4275
4277 4279
4278 4276
4278 4280
4279 4277
4279 4281
4280 4278
4280 4282
4281 4279
4281 4283
4282 4280
4282 4284
4283 4281
4283 4285
4284 4282
4284 4286
4285 4283
4285 4287
4286 4284
4286 4288
4287 4285
4287 4289
4288 4286
4288 4290
4289 4287
4289 4291
4290 4288
4290 4292
4291 4289
4291 4293
4292 4290
4292 4294
4293 4291
4293 4295
4294 4292
4294 4296
4295 4293
4295 4297
4296 4294
4296 4298
4297 4295
4297 4299
4298 4296
4298 4300
4299 4297
4299 4301
4300 4298
4300 4302
4301 4299
4301 4303
4302 4300
4302 4304
4303 4301
4303 4305
4304 4302
4304 4306
4305 4303
4305 4307
4306 4304
4306 4308
4307 4305
4307 4309
4308 4306
4308 4310
4309 4307
4309 4311
4310 4308
4310 4312
4311 4309
4311 4313
4312 4310
4312 4314
4313 4311
4313 4315
4314 4312
4314 4316
4315 4313
4315 4317
4316 4314
4316 4318
4317 4315
4317 4319
4318 4316
4318 4320
4319 4317
4319 4321
4320 4318
4320 4322
4321 4319
4321 4323
4322 4320
4322 4324
4323 4321
4323 4325
4324 4322
4324 4326
4325 4323
4325 4327
4326 4324
4326 4328
4327 4325
4327 4329
4328 4326
4328 4330
4329 4327
4329 4331
4330 4328
4330 4332
4331 4329
4331 4333
4332 4330
4332 4334
4333 4331
4333 4335
4334 4332
4334 4336
4335 4333
4335 4337
4336 4334
4336 4338
4337 4335
4337 4339
4338 4336
4338 4340
4339 4337
4339 4341
4340 4338
4340 4342
4341 4339
4341 4343
4342 4340
4342 4344
4343 4341
4343 4345
4344 4342
4344 4346
4345 4343
4345 4347
4346 4344
4346 4348
4347 4345
4347 4349
4348 4346
4348 4350
4349 4347
4349 4351
4350 4348
4350 4352
4351 4349
4351 4353
4352 4350
4352 4354
4353 4351
4353 4355
4354 4352
4354 4356
4355 4353
4355 4357
4356 4354
4356 4358
4357 4355
4357 4359
4358 4356
4358 4360
4359 4357
4359 4361
4360 4358
4360 4362
4361 4359
4361 4363
4362 4360
4362 4364
4363 4361
4363 4365
4364 4362
4364 4366
4365 4363
4365 4367
4366 4364
4366 4368
4367 4365
4367 4369
4368 4366
4368 4370
4369 4367
4369 4371
4370 4368
4370 4372
4371 4369
4371 4373
4372 4370
4372 4374
4373 4371
4373 4375
4374 4372
4374 4376
4375 4373
4375 4377
4376 4374
4376 4378
4377 4375
4377 4379
4378 4376
4378 4380
4379 4377
4379 4381
4380 4378
4380 4382
4381 4379
4381 4383
4382 4380
4382 4384
4383 4381
4383 4385
4384 4382
4384 4386
4385 4383
4385 4387
4386 4384
4386 4388
4387 4385
4387 4389
4388 4386
4388 4390
4389 4387
4389 4391
4390 4388
4390 4392
4391 4389
4391 4393
4392 4390
4392 4394
4393 4391
4393 4395
4394 4392
4394 4396
4395 4393
4395 4397
4396 4394
4396 4398
4397 4395
4397 4399
4398 4396
4398 4400
4399 4397
4399 4401
4400 4398
4400 4402
4401 4399
4401 4403
4402 4400
4402 4404
4403 4401
4403 4405
4404 4402
4404 4406
4405 4403
4405 4407
4406 4404
4406 4408
4407 4405
4407 4409
4408 4406
4408 4410
4409 4407
4409 4411
4410 4408
4410 4412
4411 4409
4411 4413
4412 4410
4412 4414
4413 4411
4413 4415
4414 4412
4414 4416
4415 4413
4415 4417
4416 4414
4416 4418
4417 4415
4417 4419
4418 4416
4418 4420
4419 4417
4419 4421
4420 4418
4420 4422
4421 4419
4421 4423
4422 4420
4422 4424
4423 4421
4423 4425
4424 4422
4424 4426
4425 4423
4425 4427
4426 4424
4426 4428
4427 4425
4427 4429
4428 4426
4428 4430
4429 4427
4429 4431
4430 4428
4430 4432
4431 4429
4431 4433
4432 4430
4432 4434
4433 4431
4433 4435
4434 4432
4434 4436
4435 4433
4435 4437
4436 4434
4436 4438
4437 4435
4437 4439
4438 4436
4438 4440
4439 4437
4439 4441
4440 4438
4440 4442
4441 4439
4441 4443
4442 4440
4442 4444
4443 4441
4443 4445
4444 4442
4444 4446
4445 4443
4445 4447
4446 4444
4446 4448
4447 4445
4447 4449
4448 4446
4448 4450
4449 4447
4449 4451
4450 4448
4450 4452
4451 4449
4451 4453
4452 4450
4452 4454
4453 4451
4453 4455
4454 4452
4454 4456
4455 4453
4455 4457
4456 4454
4456 4458
4457 4455
4457 4459
4458 4456
4458 4460
4459 4457
4459 4461
4460 4458
4460 4462
4461 4459
4461 4463
4462 4460
4462 4464
4463 4461
4463 4465
4464 4462
4464 4466
4465 4463
4465 4467
4466 4464
4466 4468
4467 4465
4467 4469
4468 4466
4468 4470
4469 4467
4469 4471
4470 4468
4470 4472
4471 4469
4471 4473
4472 4470
4472 4474
4473 4471
4473 4475
4474 4472
4474 4476
4475 4473
4475 4477
4476 4474
4476 4478
4477 4475
4477 4479
4478 4476
4478 4480
4479 4477
4479 4481
4480 4478
4480 4482
4481 4479
4481 4483
4482 4480
4482 4484
4483 4481
4483 4485
4484 4482
4484 4486
4485 4483
4485 4487
4486 4484
4486 4488
4487 4485
4487 4489
4488 4486
4488 4490
4489 4487
4489 4491
4490 4488
4490 4492
4491 4489
4491 4493
4492 4490
4492 4494
4493 4491
4493 4495
4494 4492
4494 4496
4495 4493
4495 4497
4496 4494
4496 4498
4497 4495
4497 4499
4498 4496
4498 4500
4499 4497
4499 4501
4500 4498
4500 4502
4501 4499
4501 4503
4502 4500
4502 4504
4503 4501
4503 4505
4504 4502
4504 4506
4505 4503
4505 4507
4506 4504
4506 4508
4507 4505
4507 4509
4508 4506
4508 4510
4509 4507
4509 4511
4510 4508
4510 4512
4511 4509
4511 4513
4512 4510
4512 4514
4513 4511
4513 4515
4514 4512
4514 4516
4515 4513
4515 4517
4516 4514
4516 4518
4517 4515
4517 4519
4518 4516
4518 4520
4519 4517
4519 4521
4520 4518
4520 4522
4521 4519
4521 4523
4522 4520
4522 4524
4523 4521
4523 4525
4524 4522
4524 4526
4525 4523
4525 4527
4526 4524
4526 4528
4527 4525
4527 4529
4528 4526
4528 4530
4529 4527
4529 4531
4530 4528
4530 4532
4531 4529
4531 4533
4532 4530
4532 4534
4533 4531
4533 4535
4534 4532
4534 4536
4535 4533
4535 4537
4536 4534
4536 4538
4537 4535
4537 4539
4538 4536
4538 4540
4539 4537
4539 4541
4540 4538
4540 4542
4541 4539
4541 4543
4542 4540
4542 4544
4543 4541
4543 4545
4544 4542
4544 4546
4545 4543
4545 4547
4546 4544
4546 4548
4547 4545
4547 4549
4548 4546
4548 4550
4549 4547
4549 4551
4550 4548
4550 4552
4551 4549
4551 4553
4552 4550
4552 4554
4553 4551
4553 4555
4554 4552
4554 4556
4555 4553
4555 4557
4556 4554
4556 4558
4557 4555
4557 4559
4558 4556
4558 4560
4559 4557
4559 4561
4560 4558
4560 4562
4561 4559
4561 4563
4562 4560
4562 4564
4563 4561
4563 4565
4564 4562
4564 4566
4565 4563
4565 4567
4566 4564
4566 4568
4567 4565
4567 4569
4568 4566
4568 4570
4569 4567
4569 4571
4570 4568
4570 4572
4571 4569
4571 4573
4572 4570
4572 4574
4573 4571
4573 4575
4574 4572
4574 4576
4575 4573
4575 4577
4576 4574
4576 4578
4577 4575
4577 4579
4578 4576
4578 4580
4579 4577
4579 4581
4580 4578
4580 4582
4581 4579
4581 4583
4582 4580
4582 4584
4583 4581
4583 4585
4584 4582
4584 4586
4585 4583
4585 4587
4586 4584
4586 4588
4587 4585
4587 4589
4588 4586
4588 4590
4589 4587
4589 4591
4590 4588
4590 4592
4591 4589
4591 4593
4592 4590
4592 4594
4593 4591
4593 4595
4594 4592
4594 4596
4595 4593
4595 4597
4596 4594
4596 4598
4597 4595
4597 4599
4598 4596
4598 4600
4599 4597
4599 4601
4600 4598
4600 4602
4601 4599
4601 4603
4602 4600
4602 4604
4603 4601
4603 4605
4604 4602
4604 4606
4605 4603
4605 4607
4606 4604
4606 4608
4607 4605
4607 4609
4608 4606
4608 4610
4609 4607
4609 4611
4610 4608
4610 4612
4611 4609
4611 4613
4612 4610
4612 4614
4613 4611
4613 4615
4614 4612
4614 4616
4615 4613
4615 4617
4616 4614
4616 4618
4617 4615
4617 4619
4618 4616
4618 4620
4619 4617
4619 4621
4620 4618
4620 4622
4621 4619
4621 4623
4622 4620
4622 4624
4623 4621
4623 4625
4624 4622
4624 4626
4625 4623
4625 4627
4626 4624
4626 4628
4627 4625
4627 4629
4628 4626
4628 4630
4629 4627
4629 4631
4630 4628
4630 4632
4631 4629
4631 4633
4632 4630
4632 4634
4633 4631
4633 4635
4634 4632
4634 4636
4635 4633
4635 4637
4636 4634
4636 4638
4637 4635
4637 4639
4638 4636
4638 4640
4639 4637
4639 4641
4640 4638
4640 4642
4641 4639
4641 4643
4642 4640
4642 4644
4643 4641
4643 4645
4644 4642
4644 4646
4645 4643
4645 4647
4646 4644
4646 4648
4647 4645
4647 4649
4648 4646
4648 4650
4649 4647
4649 4651
4650 4648
4650 4652
4651 4649
4651 4653
4652 4650
4652 4654
4653 4651
4653 4655
4654 4652
4654 4656
4655 4653
4655 4657
4656 4654
4656 4658
4657 4655
4657 4659
4658 4656
4658 4660
4659 4657
4659 4661
4660 4658
4660 4662
4661 4659
4661 4663
4662 4660
4662 4664
4663 4661
4663 4665
4664 4662
4664 4666
4665 4663
4665 4667
4666 4664
4666 4668
4667 4665
4667 4669
4668 4666
4668 4670
4669 4667
4669 4671
4670 4668
4670 4672
4671 4669
4671 4673
4672 4670
4672 4674
4673 4671
4673 4675
4674 4672
4674 4676
4675 4673
4675 4677
4676 4674
4676 4678
4677 4675
4677 4679
4678 4676
4678 4680
4679 4677
4679 4681
4680 4678
4680 4682
4681 4679
4681 4683
4682 4680
4682 4684
4683 4681
4683 4685
4684 4682
4684 4686
4685 4683
4685 4687
4686 4684
4686 4688
4687 4685
4687 4689
4688 4686
4688 4690
4689 4687
4689 4691
4690 4688
4690 4692
4691 4689
4691 4693
4692 4690
4692 4694
4693 4691
4693 4695
4694 4692
4694 4696
4695 4693
4695 4697
4696 4694
4696 4698
4697 4695
4697 4699
4698 4696
4698 4700
4699 4697
4699 4701
4700 4698
4700 4702
4701 4699
4701 4703
4702 4700
4702 4704
4703 4701
4703 4705
4704 4702
4704 4706
4705 4703
4705 4707
4706 4704
4706 4708
4707 4705
4707 4709
4708 4706
4708 4710
4709 4707
4709 4711
4710 4708
4710 4712
4711 4709
4711 4713
4712 4710
4712 4714
4713 4711
4713 4715
4714 4712
4714 4716
4715 4713
4715 4717
4716 4714
4716 4718
4717 4715
4717 4719
4718 4716
4718 4720
4719 4717
4719 4721
4720 4718
4720 4722
4721 4719
4721 4723
4722 4720
4722 4724
4723 4721
4723 4725
4724 4722
4724 4726
4725 4723
4725 4727
4726 4724
4726 4728
4727 4725
4727 4729
4728 4726
4728 4730
4729 4727
4729 4731
4730 4728
4730 4732
4731 4729
4731 4733
4732 4730
4732 4734
4733 4731
4733 4735
4734 4732
4734 4736
4735 4733
4735 4737
4736 4734
4736 4738
4737 4735
4737 4739
4738 4736
4738 4740
4739 4737
4739 4741
4740 4738
4740 4742
4741 4739
4741 4743
4742 4740
4742 4744
4743 4741
4743 4745
4744 4742
4744 4746
4745 4743
4745 4747
4746 4744
4746 4748
4747 4745
4747 4749
4748 4746
4748 4750
4749 4747
4749 4751
4750 4748
4750 4752
4751 4749
4751 4753
4752 4750
4752 4754
4753 4751
4753 4755
4754 4752
4754 4756
4755 4753
4755 4757
4756 4754
4756 4758
4757 4755
4757 4759
4758 4756
4758 4760
4759 4757
4759 4761
4760 4758
4760 4762
4761 4759
4761 4763
4762 4760
4762 4764
4763 4761
4763 4765
4764 4762
4764 4766
4765 4763
4765 4767
4766 4764
4766 4768
4767 4765
4767 4769
4768 4766
4768 4770
4769 4767
4769 4771
4770 4768
4770 4772
4771 4769
4771 4773
4772 4770
4772 4774
4773 4771
4773 4775
4774 4772
4774 4776
4775 4773
4775 4777
4776 4774
4776 4778
4777 4775
4777 4779
4778 4776
4778 4780
4779 4777
4779 4781
4780 4778
4780 4782
4781 4779
4781 4783
4782 4780
4782 4784
4783 4781
4783 4785
4784 4782
4784 4786
4785 4783
4785 4787
4786 4784
4786 4788
4787 4785
4787 4789
4788 4786
4788 4790
4789 4787
4789 4791
4790 4788
4790 4792
4791 4789
4791 4793
4792 4790
4792 4794
4793 4791
4793 4795
4794 4792
4794 4796
4795 4793
4795 4797
4796 4794
4796 4798
4797 4795
4797 4799
4798 4796
4798 4800
4799 4797
4799 4801
4800 4798
4800 4802
4801 4799
4801 4803
4802 4800
4802 4804
4803 4801
4803 4805
4804 4802
4804 4806
4805 4803
4805 4807
4806 4804
4806 4808
4807 4805
4807 4809
4808 4806
4808 4810
4809 4807
4809 4811
4810 4808
4810 4812
4811 4809
4811 4813
4812 4810
4812 4814
4813 4811
4813 4815
4814 4812
4814 4816
4815 4813
4815 4817
4816 4814
4816 4818
4817 4815
4817 4819
4818 4816
4818 4820
4819 4817
4819 4821
4820 4818
4820 4822
4821 4819
4821 4823
4822 4820
4822 4824
4823 4821
4823 4825
4824 4822
4824 4826
4825 4823
4825 4827
4826 4824
4826 4828
4827 4825
4827 4829
4828 4826
4828 4830
4829 4827
4829 4831
4830 4828
4830 4832
4831 4829
4831 4833
4832 4830
4832 4834
4833 4831
4833 4835
4834 4832
4834 4836
4835 4833
4835 4837
4836 4834
4836 4838
4837 4835
4837 4839
4838 4836
4838 4840
4839 4837
4839 4841
4840 4838
4840 4842
4841 4839
4841 4843
4842 4840
4842 4844
4843 4841
4843 4845
4844 4842
4844 4846
4845 4843
4845 4847
4846 4844
4846 4848
4847 4845
4847 4849
4848 4846
4848 4850
4849 4847
4849 4851
4850 4848
4850 4852
4851 4849
4851 4853
4852 4850
4852 4854
4853 4851
4853 4855
4854 4852
4854 4856
4855 4853
4855 4857
4856 4854
4856 4858
4857 4855
4857 4859
4858 4856
4858 4860
4859 4857
4859 4861
4860 4858
4860 4862
4861 4859
4861 4863
4862 4860
4862 4864
4863 4861
4863 4865
4864 4862
4864 4866
4865 4863
4865 4867
4866 4864
4866 4868
4867 4865
4867 4869
4868 4866
4868 4870
4869 4867
4869 4871
4870 4868
4870 4872
4871 4869
4871 4873
4872 4870
4872 4874
4873 4871
4873 4875
4874 4872
4874 4876
4875 4873
4875 4877
4876 4874
4876 4878
4877 4875
4877 4879
4878 4876
4878 4880
4879 4877
4879 4881
4880 4878
4880 4882
4881 4879
4881 4883
4882 4880
4882 4884
4883 4881
4883 4885
4884 4882
4884 4886
4885 4883
4885 4887
4886 4884
4886 4888
4887 4885
4887 4889
4888 4886
4888 4890
4889 4887
4889 4891
4890 4888
4890 4892
4891 4889
4891 4893
4892 4890
4892 4894
4893 4891
4893 4895
4894 4892
4894 4896
4895 4893
4895 4897
4896 4894
4896 4898
4897 4895
4897 4899
4898 4896
4898 4900
4899 4897
4899 4901
4900 4898
4900 4902
4901 4899
4901 4903
4902 4900
4902 4904
4903 4901
4903 4905
4904 4902
4904 4906
4905 4903
4905 4907
4906 4904
4906 4908
4907 4905
4907 4909
4908 4906
4908 4910
4909 4907
4909 4911
4910 4908
4910 4912
4911 4909
4911 4913
4912 4910
4912 4914
4913 4911
4913 4915
4914 4912
4914 4916
4915 4913
4915 4917
4916 4914
4916 4918
4917 4915
4917 4919
4918 4916
4918 4920
4919 4917
4919 4921
4920 4918
4920 4922
4921 4919
4921 4923
4922 4920
4922 4924
4923 4921
4923 4925
4924 4922
4924 4926
4925 4923
4925 4927
4926 4924
4926 4928
4927 4925
4927 4929
4928 4926
4928 4930
4929 4927
4929 4931
4930 4928
4930 4932
4931 4929
4931 4933
4932 4930
4932 4934
4933 4931
4933 4935
4934 4932
4934 4936
4935 4933
4935 4937
4936 4934
4936 4938
4937 4935
4937 4939
4938 4936
4938 4940
4939 4937
4939 4941
4940 4938
4940 4942
4941 4939
4941 4943
4942 4940
4942 4944
4943 4941
4943 4945
4944 4942
4944 4946
4945 4943
4945 4947
4946 4944
4946 4948
4947 4945
4947 4949
4948 4946
4948 4950
4949 4947
4949 4951
4950 4948
4950 4952
4951 4949
4951 4953
4952 4950
4952 4954
4953 4951
4953 4955
4954 4952
4954 4956
4955 4953
4955 4957
4956 4954
4956 4958
4957 4955
4957 4959
4958 4956
4958 4960
4959 4957
4959 4961
4960 4958
4960 4962
4961 4959
4961 4963
4962 4960
4962 4964
4963 4961
4963 4965
4964 4962
4964 4966
4965 4963
4965 4967
4966 4964
4966 4968
4967 4965
4967 4969
4968 4966
4968 4970
4969 4967
4969 4971
4970 4968
4970 4972
4971 4969
4971 4973
4972 4970
4972 4974
4973 4971
4973 4975
4974 4972
4974 4976
4975 4973
4975 4977
4976 4974
4976 4978
4977 4975
4977 4979
4978 4976
4978 4980
4979 4977
4979 4981
4980 4978
4980 4982
4981 4979
4981 4983
4982 4980
4982 4984
4983 4981
4983 4985
4984 4982
4984 4986
4985 4983
4985 4987
4986 4984
4986 4988
4987 4985
4987 4989
4988 4986
4988 4990
4989 4987
4989 4991
4990 4988
4990 4992
4991 4989
4991 4993
4992 4990
4992 4994
4993 4991
4993 4995
4994 4992
4994 4996
4995 4993
4995 4997
4996 4994
4996 4998
4997 4995
4997 4999
4998 4996
4998 5000
4999 4997
4999 5001
5000 4998
5000 0
5001 4999
5001 1
2
