49
732
328
494
247
848
890
509
482
770
146
124
765
35
650
611
733
909
753
673
40
695
88
925
488
600
141
932
500
761
108
531
248
164
177
978
605
859
163
115
132
446
242
247
347
373
569
60
202
198
415
756
199
971
959
388
117
35
415
583
595
715
981
679
593
601
389
568
382
445
72
977
821
900
239
351
69
499
117
480
575
92
482
89
443
384
819
429
547
705
175
698
697
707
837
977
604
919
337
194
910
58
485
202
649
32
708
186
479
73
522
373
409
214
543
133
863
283
314
947
630
800
898
257
280
997
864
958
334
33
432
93
872
935
783
234
700
518
862
163
765
764
572
862
11
470
178
45
272
598
31
34
291
562
404
800
725
285
522
817
433
628
567
294
905
151
168
6
683
129
456
941
834
622
383
296
889
137
854
99
794
111
206
295
525
131
600
179
116
575
255
230
227
347
474
311
117
262
461
169
745
558
311
446
828
717
455
150
648
314
503
516
65
729
411
269
544
393
995
878
569
855
699
626
607
148
715
453
536
616
603
823
347
329
143
248
13
492
8
652
170
46
682
948
553
184
386
321
369
765
24
205
263
362
434
368
426
225
489
572
53
65
804
845
843
45
786
16
930
455
142
751
29
281
931
535
709
744
614
702
619
118
259
404
988
138
640
453
838
878
870
551
242
309
765
895
831
599
31
162
862
706
741
579
869
383
845
624
371
46
525
657
698
270
506
934
810
701
185
4
665
769
110
228
793
977
315
671
386
306
64
34
151
554
313
258
493
299
813
837
44
124
546
53
178
266
350
617
77
238
25
449
71
403
974
822
463
223
632
963
937
540
657
52
999
449
998
26
816
521
814
537
151
328
193
830
336
590
902
463
491
561
276
385
594
371
290
912
415
309
602
423
327
566
319
108
603
773
272
527
101
591
773
255
151
893
494
497
422
501
811
502
798
467
62
767
744
43
133
872
183
214
635
766
400
607
406
206
238
641
875
828
581
319
325
44
919
63
557
737
795
260
356
48
675
806
683
256
716
840
171
488
25
414
273
772
536
153
513
590
966
505
139
317
86
686
603
837
364
266
530
306
832
822
691
82
414
952
336
367
955
910
346
861
146
753
606
710
948
433
109
887
589
425
373
263
235
807
971
860
290
258
890
265
715
128
516
792
611
563
191
296
431
200
171
563
126
68
648
135
446
802
37
263
584
541
347
253
904
447
832
230
205
324
879
218
879
510
268
94
846
637
101
88
6
283
452
702
40
369
2
540
101
690
798
120
395
162
66
652
754
618
630
247
560
555
982
0
736
988
366
728
178
673
958
178
212
290
433
970
557
782
479
488
474
986
627
760
178
107
358
638
260
539
794
163
808
426
787
599
483
93
343
402
876
308
607
283
579
954
525
763
777
870
373
543
51
177
425
865
968
499
212
802
442
151
296
950
185
567
938
75
411
877
27
31
960
232
482
718
521
335
437
989
936
829
543
38
243
857
595
368
762
744
582
834
168
466
675
3
735
6
776
401
956
338
197
381
33
467
621
711
569
21
452
132
558
719
825
40
990
807
790
737
204
485
594
370
971
823
919
328
46
369
415
541
954
542
410
334
229
863
986
923
111
479
463
763
470
25
127
402
129
694
805
624
594
583
322
710
270
99
457
824
465
213
924
98
42
174
293
624
382
834
870
350
784
994
98
904
326
29
196
359
815
627
85
9
40
760
748
779
982
409
469
998
565
359
476
500
743
557
546
301
137
439
614
210
119
825
840
701
576
225
910
563
12
562
377
55
505
990
162
37
421
415
790
727
494
890
649
455
221
264
118
794
817
458
45
165
792
529
709
975
953
408
456
963
332
222
350
984
186
308
690
871
537
175
601
848
688
570
416
648
369
907
957
875
580
824
294
275
128
390
230
307
812
638
166
522
644
748
952
135
727
661
854
517
661
141
353
91
302
979
222
651
38
457
362
804
684
683
167
695
202
363
311
691
574
183
356
437
31
264
842
47
468
7
316
939
606
982
835
853
821
9
797
483
776
343
266
385
454
473
106
597
554
77
3
164
732
87
814
431
873
245
808
254
52
862
358
54
854
910
658
362
217
24
667
220
115
129
577
550
950
29
309
290
444
160
878
922
248
75
592
900
871
736
959
510
437
268
546
450
43
249
107
918
398
141
738
123
492
434
41
855
160
299
323
969
477
455
45
889
582
965
502
361
243
549
307
908
777
927
667
154
73
730
593
885
264
170
400
51
70
567
233
856
943
391
199
334
64
623
260
244
460
891
748
113
524
15
199
372
68
161
957
362
786
342
825
866
938
165
776
992
125
100
883
988
920
93
895
286
849
444
902
641
92
208
838
969
283
427
184
34
148
32
667
879
652
480
287
819
553
665
5
47
54
324
859
441
759
449
462
205
84
225
824
730
315
376
225
12
990
269
793
50
19
63
803
964
122
894
430
402
81
507
333
59
291
484
142
713
464
328
376
253
854
787
525
493
533
423
647
847
392
544
815
128
22
874
496
909
160
689
530
381
958
797
755
57
379
888
624
337
471
637
585
605
418
790
906
356
813
730
597
749
661
601
893
367
441
726
366
727
115
728
440
686
236
268
50
396
823
611
76
877
279
292
228
294
588
101
234
581
89
747
263
842
545
996
96
53
840
613
169
29
334
613
524
402
566
925
800
8
701
914
238
681
301
369
559
870
465
341
338
674
915
336
538
291
521
92
739
405
7
93
261
260
477
701
785
61
25
67
840
650
168
249
907
25
949
416
869
729
244
170
181
888
96
796
672
51
712
518
715
634
161
376
814
119
109
187
771
691
993
482
222
14
708
555
71
305
771
597
154
369
993
215
960
635
348
51
590
46
275
358
611
313
363
788
552
338
337
508
671
456
761
846
334
726
533
221
285
973
50
997
914
213
668
929
950
223
882
289
441
609
380
791
264
47
409
677
479
410
437
580
945
64
607
939
396
977
480
330
930
57
639
810
729
574
506
492
324
88
87
106
267
583
369
414
230
46
518
573
183
443
933
647
444
343
181
181
356
24
352
800
281
648
958
234
635
794
430
883
142
529
832
643
161
805
797
822
448
123
992
89
428
599
494
24
365
177
368
225
217
225
761
280
999
512
227
56
148
397
60
171
199
888
46
630
296
78
765
172
826
234
177
838
26
148
99
340
631
905
276
978
9
703
712
305
79
899
218
184
385
177
681
208
35
687
48
601
618
751
84
836
257
679
462
846
941
38
968
78
279
141
172
220
295
591
88
901
38
767
886
231
660
85
48
781
575
460
432
23
245
267
318
962
721
205
707
647
785
248
1
27
568
231
261
3
920
100
533
857
335
510
524
327
874
490
565
343
871
1
708
412
460
670
479
665
5
938
163
748
378
614
147
455
223
124
516
403
998
219
532
936
551
85
792
462
335
30
948
433
54
83
206
541
2
605
428
366
218
337
483
410
165
669
577
173
328
601
938
352
142
407
879
208
745
480
270
286
831
541
258
680
225
118
26
340
781
691
95
924
675
685
919
171
396
64
976
50
182
200
126
415
820
228
708
378
514
163
593
333
15
786
826
552
139
983
262
663
759
509
599
512
60
780
851
388
300
660
154
578
221
798
426
754
228
967
663
725
638
514
350
574
401
705
736
925
409
808
900
552
326
310
933
582
835
568
155
98
593
140
373
888
954
359
340
935
610
827
50
491
16
545
25
38
90
806
961
810
982
733
769
797
429
986
559
330
449
158
826
904
808
644
876
305
441
982
406
673
667
189
75
233
956
179
238
543
271
246
752
604
135
588
697
513
600
62
160
199
813
370
110
418
963
337
60
329
309
537
204
716
705
320
229
578
751
62
89
423
570
237
225
678
207
288
824
657
746
997
700
826
25
360
993
612
928
230
631
523
202
531
324
677
473
552
821
931
733
572
557
248
304
198
720
957
35
332
73
103
833
460
600
782
433
492
375
74
545
591
755
300
173
623
496
286
439
394
662
240
249
483
487
432
222
829
834
485
886
446
18
64
568
966
319
56
650
762
382
289
156
777
708
608
802
323
814
69
752
105
76
764
600
949
35
170
438
391
634
922
445
480
181
481
35
135
893
388
959
398
400
891
107
480
884
514
852
377
239
564
350
82
403
261
893
71
221
514
278
551
900
143
836
56
158
341
798
260
934
581
333
196
378
878
324
751
601
751
880
702
74
785
759
592
487
404
973
565
961
13
193
569
957
896
806
816
771
624
725
600
751
616
712
623
440
437
737
794
134
282
449
486
194
927
213
151
477
40
859
411
18
589
50
682
7
435
7
717
14
230
748
232
3
665
131
589
646
508
832
997
792
1
764
406
114
499
342
476
312
907
204
77
197
952
391
950
472
850
268
395
820
123
399
623
294
683
946
992
591
135
531
861
746
557
260
256
959
111
124
74
357
9
723
495
990
337
458
655
940
218
721
102
617
220
410
873
5
555
186
221
745
955
368
574
80
341
854
640
661
337
237
598
294
408
885
21
520
148
497
339
357
262
273
962
457
139
257
515
890
629
183
856
918
658
122
947
654
867
317
132
527
43
955
243
1
538
221
314
537
341
823
510
433
475
232
778
184
590
824
736
796
748
572
485
530
242
669
720
832
500
86
135
523
515
220
613
978
363
768
980
163
168
512
43
91
109
628
940
873
784
139
221
612
677
854
80
955
46
836
506
435
292
661
924
971
572
314
225
219
521
385
829
939
145
511
22
728
455
678
819
425
317
286
301
112
556
688
965
707
874
5
636
146
558
845
393
676
178
875
235
2
422
653
779
973
789
426
804
819
222
964
730
908
545
614
132
139
620
623
512
368
442
995
650
90
111
58
504
817
234
882
341
586
758
720
736
676
927
612
928
792
790
634
38
757
129
837
127
745
194
94
21
643
962
122
689
973
986
953
623
152
262
443
85
295
726
781
993
78
835
705
367
731
506
588
876
250
143
552
762
206
594
210
440
923
223
358
876
753
68
398
848
155
340
81
855
574
130
216
554
901
429
109
932
457
863
772
782
197
993
291
399
927
711
622
44
155
635
251
720
402
377
412
464
951
158
594
230
602
78
895
615
926
801
212
763
845
769
809
481
491
130
43
676
279
342
15
830
678
372
893
168
306
732
231
507
296
682
705
318
647
37
59
628
876
51
618
401
707
107
597
985
168
758
962
901
923
418
384
867
737
989
520
72
15
899
509
389
402
995
458
444
34
300
458
629
773
872
107
345
615
170
676
962
151
217
733
293
765
873
934
133
776
82
640
789
20
991
399
290
648
38
57
291
974
103
112
334
627
666
851
200
46
841
683
136
741
648
49
792
347
941
173
897
582
671
793
779
589
15
435
662
599
885
978
159
239
689
488
554
843
423
414
193
299
414
317
822
262
813
920
43
976
730
511
523
809
785
655
508
175
237
693
444
203
806
641
861
585
847
799
199
961
234
768
208
258
395
5
15
29
46
8
5603
1
32
13
32
2973
44
4
12
16
4538
11
24
46
21
2920
26
13
41
41
6190
