13
732
328
494
247
848
890
509
482
770
146
124
765
35
650
611
733
909
753
673
40
695
88
925
488
600
141
932
500
761
108
531
248
164
177
978
605
859
163
115
132
446
242
247
347
373
569
60
202
198
415
756
199
971
959
388
117
35
415
583
595
715
981
679
593
601
389
568
382
445
72
977
821
900
239
351
69
499
117
480
575
92
482
89
443
384
819
429
547
705
175
698
697
707
837
977
604
919
337
194
910
58
485
202
649
32
708
186
479
73
522
373
409
214
543
133
863
283
314
947
630
800
898
257
280
997
864
958
334
33
432
93
872
935
783
234
700
518
862
163
765
764
572
862
11
470
178
45
272
598
31
34
291
562
404
800
725
285
522
817
433
628
567
294
905
151
168
6
683
129
5
11
1
2
10
1415
7
0
2
2
1006
8
12
7
1
424
4
4
6
5
408
2
3
1
7
1005
