11
732
328
494
247
848
890
509
482
770
146
124
765
35
650
611
733
909
753
673
40
695
88
925
488
600
141
932
500
761
108
531
248
164
177
978
605
859
163
115
132
446
242
247
347
373
569
60
202
198
415
756
199
971
959
388
117
35
415
583
595
715
981
679
593
601
389
568
382
445
72
977
821
900
239
351
69
499
117
480
575
92
482
89
443
384
819
429
547
705
175
698
697
707
837
977
604
919
337
194
910
58
485
202
649
32
708
186
479
73
522
373
409
214
543
133
863
283
314
947
630
800
5
3
10
4
3
727
8
2
10
5
1265
10
9
6
8
1305
6
1
9
2
529
10
2
10
2
0
