32
732
328
494
247
848
890
509
482
770
146
124
765
35
650
611
733
909
753
673
40
695
88
925
488
600
141
932
500
761
108
531
248
164
177
978
605
859
163
115
132
446
242
247
347
373
569
60
202
198
415
756
199
971
959
388
117
35
415
583
595
715
981
679
593
601
389
568
382
445
72
977
821
900
239
351
69
499
117
480
575
92
482
89
443
384
819
429
547
705
175
698
697
707
837
977
604
919
337
194
910
58
485
202
649
32
708
186
479
73
522
373
409
214
543
133
863
283
314
947
630
800
898
257
280
997
864
958
334
33
432
93
872
935
783
234
700
518
862
163
765
764
572
862
11
470
178
45
272
598
31
34
291
562
404
800
725
285
522
817
433
628
567
294
905
151
168
6
683
129
456
941
834
622
383
296
889
137
854
99
794
111
206
295
525
131
600
179
116
575
255
230
227
347
474
311
117
262
461
169
745
558
311
446
828
717
455
150
648
314
503
516
65
729
411
269
544
393
995
878
569
855
699
626
607
148
715
453
536
616
603
823
347
329
143
248
13
492
8
652
170
46
682
948
553
184
386
321
369
765
24
205
263
362
434
368
426
225
489
572
53
65
804
845
843
45
786
16
930
455
142
751
29
281
931
535
709
744
614
702
619
118
259
404
988
138
640
453
838
878
870
551
242
309
765
895
831
599
31
162
862
706
741
579
869
383
845
624
371
46
525
657
698
270
506
934
810
701
185
4
665
769
110
228
793
977
315
671
386
306
64
34
151
554
313
258
493
299
813
837
44
124
546
53
178
266
350
617
77
238
25
449
71
403
974
822
463
223
632
963
937
540
657
52
999
449
998
26
816
521
814
537
151
328
193
830
336
590
902
463
491
561
276
385
594
371
290
912
415
309
602
423
327
566
319
108
603
773
272
527
101
591
773
255
151
893
494
497
422
501
811
502
798
467
62
767
744
43
133
872
183
214
635
766
400
607
406
206
238
641
875
828
581
319
325
44
919
63
557
737
795
260
356
48
675
806
683
256
716
840
171
488
25
414
273
772
536
153
513
590
966
505
139
317
86
686
603
837
364
266
530
306
832
822
691
82
414
952
336
367
955
910
346
861
146
753
606
710
948
433
109
887
589
425
373
263
235
807
971
860
290
258
890
265
715
128
516
792
611
563
191
296
431
200
171
563
126
68
648
135
446
802
37
263
584
541
347
253
904
447
832
230
205
324
879
218
879
510
268
94
846
637
101
88
6
283
452
702
40
369
2
540
101
690
798
120
395
162
66
652
754
618
630
247
560
555
982
0
736
988
366
728
178
673
958
178
212
290
433
970
557
782
479
488
474
986
627
760
178
107
358
638
260
539
794
163
808
426
787
599
483
93
343
402
876
308
607
283
579
954
525
763
777
870
373
543
51
177
425
865
968
499
212
802
442
151
296
950
185
567
938
75
411
877
27
31
960
232
482
718
521
335
437
989
936
829
543
38
243
857
595
368
762
744
582
834
168
466
675
3
735
6
776
401
956
338
197
381
33
467
621
711
569
21
452
132
558
719
825
40
990
807
790
737
204
485
594
370
971
823
919
328
46
369
415
541
954
542
410
334
229
863
986
923
111
479
463
763
470
25
127
402
129
694
805
624
594
583
322
710
270
99
457
824
465
213
924
98
42
174
293
624
382
834
870
350
784
994
98
904
326
29
196
359
815
627
85
9
40
760
748
779
982
409
469
998
565
359
476
500
743
557
546
301
137
439
614
210
119
825
840
701
576
225
910
563
12
562
377
55
505
990
162
37
421
415
790
727
494
890
649
455
221
264
118
794
817
458
45
165
792
529
709
975
953
408
456
963
332
222
350
984
186
308
690
871
537
175
601
848
688
570
416
648
369
907
957
875
580
824
294
275
128
390
230
307
812
638
166
522
644
748
952
135
727
661
854
517
661
141
353
91
302
979
222
651
38
457
362
804
684
683
167
695
202
363
311
691
574
183
356
437
31
264
842
47
468
7
316
939
606
982
835
853
821
9
797
483
776
343
266
385
454
473
106
597
554
77
3
164
732
87
814
431
873
245
808
254
52
862
358
54
854
910
658
362
217
24
667
220
115
129
577
550
950
29
309
290
444
160
878
922
248
75
592
900
871
736
959
510
437
268
546
450
43
249
107
918
398
141
738
123
492
434
41
855
160
299
323
969
477
455
45
889
582
965
502
361
243
549
307
908
777
927
667
154
73
730
593
885
264
170
400
51
70
567
233
856
943
391
199
334
64
623
260
244
460
891
748
113
524
15
199
372
68
161
957
362
786
342
825
866
938
165
776
992
125
100
883
988
920
93
895
286
849
5
21
30
0
30
1844
6
8
12
9
1311
29
30
26
20
3076
3
5
7
1
1576
9
9
26
19
4087
