20
0
12
0
19
0
0
0
0
0
0
0
0
0
0
4
0
16
0
7
0
0
0
0
0
0
0
0
0
0
0
0
0
0
0
0
0
0
0
0
0
8
0
17
0
0
0
0
0
0
0
0
0
0
0
0
0
1
0
0
0
0
0
0
19
0
0
0
0
0
0
0
0
0
0
5
0
0
0
0
0
0
12
0
0
4
0
0
0
0
0
0
0
0
0
0
0
6
9
0
0
0
0
0
0
0
0
0
0
0
0
0
0
0
15
19
0
0
0
19
2
0
0
0
0
0
0
0
0
0
0
0
0
0
13
0
0
0
0
13
0
0
0
16
0
0
0
0
0
0
0
0
0
0
0
0
7
0
0
0
0
0
1
0
0
11
0
0
0
0
0
0
0
0
0
18
11
0
19
0
0
0
0
0
0
0
0
0
0
0
0
0
0
0
0
0
0
0
13
0
12
0
0
0
0
6
0
0
0
0
0
0
0
0
0
0
0
0
0
0
0
0
0
0
19
0
0
0
0
0
0
0
0
0
0
18
9
0
0
0
0
0
0
0
0
9
0
0
0
0
0
0
0
0
0
0
17
0
0
0
0
0
0
0
0
17
11
0
0
6
0
0
0
0
0
9
0
0
0
3
0
18
0
0
0
0
0
0
0
0
4
0
12
0
0
0
0
3
0
14
0
0
0
0
0
0
0
0
0
0
7
0
0
0
0
0
0
0
0
0
0
0
0
0
0
0
0
0
0
0
0
8
0
0
19
0
5
0
0
5
9
0
0
0
0
0
0
0
0
5
0
0
0
0
1
0
0
0
0
0
0
0
0
0
0
0
0
1
0
0
0
0
3
0
0
9
0
4
0
0
9
0
0
0
6
3
0
0
0
0
0
0
12
0
14
0
0
0
0
0
0
0
3
1
2
3
1
