100
141
70
15
285
186
45
148
204
65
689
204
14
49
138
147
289
731
37
211
131
10
203
137
801
591
176
782
41
201
73
1123
912
857
134
21
192
219
476
856
195
123
55
844
105
356
49
11
445
228
661
79
164
1206
480
142
108
366
179
836
221
1116
550
11
1123
216
229
47
510
35
3
26
212
172
294
252
102
195
156
71
131
21
564
193
314
234
541
148
1084
21
437
124
103
290
175
524
652
87
133
123
154
726
182
152
563
116
33
58
605
181
15
209
158
5
156
1203
167
748
214
683
90
179
168
560
136
1000
172
115
635
129
573
316
231
204
129
488
397
52
175
62
199
722
114
548
56
12
716
226
226
818
55
871
123
0
155
246
94
44
977
174
172
177
17
46
43
70
128
113
172
1026
74
102
86
142
1
12
16
31
724
47
647
219
548
421
65
196
1058
57
563
52
866
435
1043
41
821
45
118
854
104
547
42
456
222
127
108
173
61
182
19
36
192
220
1050
187
66
331
50
63
177
109
82
211
204
509
52
140
101
745
154
378
155
978
126
713
225
194
68
560
512
32
1075
197
1036
59
528
926
83
223
177
233
84
10
322
197
173
164
1003
694
26
66
104
228
303
194
96
908
560
157
18
1
24
24
929
1192
29
687
203
192
153
204
162
186
176
188
189
162
43
184
353
7
78
9
233
1110
58
88
188
907
8
66
138
226
175
228
178
163
81
148
769
314
427
126
97
155
183
155
83
102
89
201
81
44
15
229
207
107
226
182
186
157
1047
228
104
102
1163
134
205
225
118
26
165
230
29
945
2
183
27
876
194
185
311
143
202
7
951
133
0
183
82
146
218
227
47
63
28
5
179
633
50
78
335
382
6
1058
691
205
1145
30
231
205
87
28
1177
39
86
66
128
195
1155
166
126
103
108
179
215
167
159
451
1207
461
192
182
688
114
138
217
1057
386
51
207
143
644
91
801
31
31
132
1199
49
958
412
117
142
892
1205
207
139
104
71
956
0
10
862
157
105
175
76
903
971
117
882
153
103
976
92
214
217
113
24
0
62
1142
163
810
19
43
20
1101
167
139
122
112
156
232
149
32
914
922
173
20
129
220
812
829
927
25
656
10
1160
940
1107
1028
191
103
325
31
47
95
212
23
167
62
71
787
184
144
214
209
199
74
15
400
1212
145
144
416
295
91
198
185
42
152
35
223
57
782
948
119
928
101
31
44
23
1115
558
946
1145
248
1233
10
84
359
471
183
119
987
74
374
360
290
138
943
217
137
197
178
214
93
193
1
953
155
8
1020
788
721
931
176
990
178
115
130
42
225
1010
38
949
310
326
76
144
458
228
184
908
235
950
327
136
10
969
79
173
43
939
55
881
995
94
232
991
57
723
101
115
64
139
75
76
206
904
141
905
560
436
188
123
142
617
207
117
224
211
961
162
215
61
405
209
4
531
40
60
117
41
443
1217
84
42
1024
207
171
793
168
970
62
23
32
138
539
182
119
87
190
575
153
63
157
1052
151
134
41
959
107
13
86
152
60
127
226
695
20
1071
113
187
75
91
58
315
46
57
164
569
90
233
226
165
40
29
196
998
75
807
27
36
81
674
168
63
20
501
212
46
1191
1098
117
660
189
644
711
590
72
152
207
186
1011
135
855
213
59
546
208
29
563
492
106
80
131
159
111
55
156
207
28
155
621
5
1149
479
1111
25
225
258
657
24
3
49
52
9
26
323
140
131
153
63
661
793
87
70
759
69
691
873
222
70
93
134
34
97
879
147
27
22
20
97
29
203
28
315
225
1044
681
20
45
81
55
919
131
303
144
158
167
115
29
490
228
64
215
1112
178
140
186
806
194
800
844
222
80
379
198
6
216
1150
969
870
177
103
194
625
1180
0
3
204
173
424
415
992
96
178
126
143
521
156
22
347
869
29
77
205
434
79
41
88
26
1033
23
163
204
141
27
73
180
126
683
60
75
182
179
789
192
165
186
657
148
12
175
79
231
3
216
135
151
55
1134
595
736
147
778
666
634
1067
245
164
8
576
168
1130
188
216
176
48
923
460
147
97
50
80
101
424
63
733
1015
158
80
147
227
209
136
178
194
122
15
181
115
88
1170
197
642
18
196
58
38
109
62
43
1001
95
206
940
472
639
215
494
816
67
15
315
914
85
1220
473
167
597
19
171
843
615
227
307
5
41
103
753
1037
824
11
242
17
55
202
213
577
1021
50
193
154
471
230
511
121
159
147
156
189
155
31
209
112
39
44
178
422
134
209
803
30
77
215
153
1230
69
153
149
1026
457
69
867
121
153
100
164
46
148
129
1087
152
134
102
40
1014
182
508
536
571
881
87
609
207
368
31
776
11
293
84
1205
445
27
1086
213
1185
1093
233
184
124
226
730
87
168
167
235
38
1
843
259
422
18
209
79
36
13
202
585
192
86
776
177
18
577
151
38
15
230
143
61
709
183
1099
210
70
318
39
16
189
198
54
1077
5
14
104
151
587
1045
209
195
695
2
764
21
11
17
173
14
174
52
115
76
58
7
33
65
102
252
56
736
204
71
183
54
187
119
1182
93
70
122
1199
28
219
148
227
497
180
228
129
5
161
172
169
431
191
169
614
80
2
20
56
187
679
142
54
298
266
1029
569
155
517
0
175
128
198
94
732
723
1113
259
163
54
83
196
65
896
100
211
5
113
1081
133
550
129
18
690
148
9
305
1132
130
172
152
203
781
47
458
621
215
201
2
203
792
215
78
1102
152
609
181
91
1066
882
93
51
154
51
761
435
135
12
672
36
202
80
11
439
269
630
18
946
16
206
271
60
22
119
137
37
165
164
110
111
657
138
73
34
176
7
952
153
225
302
15
233
28
900
1098
392
39
163
46
207
1235
118
69
19
763
1003
321
345
83
235
76
121
126
121
102
90
1201
219
112
568
73
642
18
168
175
42
62
155
187
55
203
50
160
837
54
203
34
1185
1036
194
4
153
229
648
418
103
58
23
143
22
235
84
943
186
50
531
145
408
186
10
134
23
107
22
80
668
32
179
167
74
27
832
139
62
123
148
67
172
558
842
51
691
219
137
35
45
129
88
705
72
181
699
194
958
40
99
113
165
694
157
126
83
103
3
108
2
829
29
155
164
99
226
98
40
911
84
61
827
181
610
36
92
377
193
89
4
260
29
53
110
528
32
1043
118
886
0
1063
186
135
812
776
44
40
138
91
1029
103
335
169
73
112
693
208
159
149
35
10
133
993
189
655
41
66
209
175
169
794
61
109
64
701
143
60
210
108
40
122
200
79
140
208
737
76
1181
158
85
61
119
25
37
114
89
211
184
156
678
136
63
70
804
364
170
1007
332
670
120
77
159
159
522
19
898
856
528
644
218
1135
10
226
545
74
768
1211
663
745
222
146
36
96
220
198
200
6
82
157
190
638
1185
218
175
74
232
1208
229
231
395
204
229
50
782
218
63
189
127
164
985
1153
1215
12
708
789
1156
158
17
106
166
72
200
21
213
160
28
71
112
232
21
152
337
65
580
42
602
166
94
1182
172
1005
537
1212
187
191
328
153
40
11
127
16
137
126
1200
1145
380
37
187
119
668
109
206
6
70
157
97
93
716
91
139
94
117
63
182
204
1070
18
126
139
126
439
706
52
451
37
705
940
30
694
1230
728
203
29
901
343
1038
89
19
74
1174
1232
32
191
193
1032
60
63
233
116
205
99
40
168
598
190
216
40
988
724
628
1116
1191
108
5
6
948
35
437
1086
154
153
147
981
203
1171
199
138
15
59
18
1051
405
34
196
44
188
202
225
203
135
171
172
50
205
482
10
43
229
180
135
1167
14
95
222
170
7
697
193
224
103
70
71
122
318
206
112
1229
234
0
224
138
183
124
36
68
39
145
198
160
2
483
92
384
131
142
17
31
12
93
211
54
13
59
135
49
157
104
139
166
970
133
435
93
81
795
234
122
155
103
197
82
193
209
213
205
49
192
164
204
314
99
115
40
59
566
366
165
88
157
109
911
827
103
12
1076
100
1108
180
620
964
176
40
79
225
125
640
2
72
95
201
1161
49
15
142
1222
15
199
12
904
201
1008
234
180
57
168
149
4
376
1019
41
214
15
62
969
56
214
62
203
1027
993
137
129
199
90
225
177
8
264
215
137
896
58
332
103
162
684
31
97
143
48
97
365
840
138
78
146
54
13
118
241
92
26
721
29
8
23
210
158
190
718
200
61
835
29
111
570
235
124
28
156
31
87
12
116
55
146
37
762
164
104
232
134
198
177
199
99
146
766
876
199
57
97
156
145
451
137
133
185
444
81
183
50
595
198
142
147
53
88
221
153
177
44
148
82
383
157
263
137
24
194
69
147
91
313
474
799
155
902
0
38
170
340
96
1136
19
114
278
64
652
87
144
167
139
202
191
113
73
54
22
178
18
103
340
74
166
726
1189
5
47
80
165
1103
12
179
416
152
895
12
119
65
515
127
121
152
74
73
135
56
387
196
202
486
80
85
625
196
81
0
771
78
595
20
137
31
190
92
85
12
15
42
147
453
230
56
148
953
268
125
134
125
1221
63
141
137
210
80
192
50
56
792
179
154
435
1080
1074
158
144
146
205
10
55
50
90
43
1145
182
173
716
302
14
166
82
219
52
117
127
121
48
137
686
191
341
50
81
0
46
730
100
506
117
58
20
208
751
170
117
1032
1097
36
87
413
64
125
38
157
1085
156
153
75
201
804
810
127
1078
46
99
432
4
148
218
192
133
482
225
80
193
180
366
195
149
94
53
11
1107
110
288
232
428
209
133
206
892
82
1104
50
341
148
152
193
80
940
146
279
22
48
861
205
60
149
211
19
207
1145
197
710
223
513
114
198
360
616
113
29
40
37
66
225
673
69
780
90
153
1102
38
493
236
1072
948
1182
464
727
2
230
53
163
9
721
201
170
0
225
85
629
228
1180
176
43
1023
9
123
88
1164
771
167
198
56
196
108
123
111
163
153
136
192
230
213
1151
28
188
19
13
72
19
195
81
126
471
2
203
895
81
201
1073
235
72
62
652
70
83
148
215
1008
1148
0
167
226
58
158
1229
119
119
207
27
103
46
86
58
35
18
57
733
22
169
224
671
72
77
70
197
495
102
654
6
645
53
199
104
107
66
192
45
44
426
576
58
1214
1089
182
458
51
37
29
189
952
221
477
173
765
86
852
231
203
1169
57
126
184
362
636
203
95
78
179
663
601
197
146
92
811
820
71
983
130
1136
291
183
122
113
70
1212
165
104
134
292
66
840
113
1097
123
84
142
24
158
126
107
127
100
101
177
124
276
216
178
111
0
184
625
355
70
33
181
157
909
297
218
211
17
227
26
462
1181
233
45
92
632
822
133
62
271
160
1
178
128
123
85
801
182
7
69
218
34
378
165
205
139
91
235
212
434
139
80
161
106
199
5
861
757
415
411
938
189
1088
575
74
3
742
74
85
519
1111
41
50
9
102
90
26
84
1032
997
27
215
1118
159
1206
335
433
1106
593
357
31
231
209
78
0
33
44
601
102
20
75
754
123
1131
121
99
19
868
146
197
1134
164
212
510
54
148
49
174
1087
280
51
233
144
591
193
1090
224
49
124
230
2
135
188
213
39
90
126
48
779
212
192
5
208
492
176
65
206
33
86
212
601
12
98
131
41
89
164
377
264
234
835
3
330
203
202
19
111
482
181
104
192
680
40
227
167
9
209
107
1198
204
102
714
95
156
109
213
130
64
361
551
168
47
203
190
78
204
78
52
207
127
130
207
501
70
226
145
125
76
125
0
846
8
224
1047
169
66
125
166
1227
784
653
209
685
222
70
29
394
143
721
189
132
105
217
829
42
12
466
74
99
47
518
80
98
57
227
130
232
61
479
38
380
1157
1234
1
165
211
39
154
582
74
78
76
220
869
1226
387
200
308
108
42
78
36
46
976
42
239
89
1205
190
1225
223
89
89
84
529
69
222
88
6
35
166
67
157
1166
177
97
126
232
213
97
121
26
76
174
184
18
78
42
13
895
141
294
1054
1215
183
199
315
52
82
2
195
19
639
101
82
112
30
139
147
623
135
23
83
152
187
1061
196
84
39
130
183
205
196
12
1050
196
1104
56
486
190
143
66
906
62
39
136
305
953
35
1170
223
646
148
158
224
130
794
1081
39
52
52
212
196
57
18
907
17
749
490
142
276
135
64
170
7
29
760
1216
106
153
76
14
765
1160
1086
170
967
918
5
178
39
716
224
62
1110
172
202
152
166
20
44
208
176
59
177
560
986
154
85
97
10
1032
193
119
701
1045
152
1188
24
210
140
228
977
31
57
10
170
15
1221
533
741
135
98
208
190
43
26
39
292
83
142
15
135
110
742
205
223
226
82
202
199
477
164
192
278
333
138
203
681
13
176
212
738
1
392
189
146
137
112
47
900
146
1055
902
203
91
159
768
235
65
180
230
248
143
1079
52
609
14
20
1057
194
1177
71
40
157
38
26
156
88
591
93
28
41
21
172
571
205
112
125
36
61
88
62
563
15
8
179
194
98
122
373
108
229
109
31
225
735
858
216
115
41
227
171
138
161
159
174
80
113
135
66
90
214
569
45
189
961
717
330
53
77
682
186
228
966
296
171
759
110
201
223
39
91
783
101
438
195
544
7
219
863
18
28
397
168
114
203
604
128
148
98
45
78
692
60
25
9
443
815
194
4
40
762
17
152
230
14
1018
104
148
677
951
271
455
686
200
237
230
82
1064
158
74
310
122
109
1178
138
112
1062
588
234
83
152
929
172
364
167
44
8
0
38
231
1090
160
141
948
136
117
164
109
857
897
226
956
210
128
142
979
111
87
69
48
71
16
118
66
1159
204
20
126
134
166
170
174
220
130
430
24
806
23
217
207
772
83
100
637
234
151
2
211
637
28
87
232
11
175
146
637
30
89
63
66
113
942
177
207
194
1153
108
223
164
618
176
100
235
3
1184
41
62
52
131
302
1223
990
158
79
727
82
920
1068
1069
223
992
877
155
123
725
160
396
30
173
138
767
475
197
477
158
316
78
40
7
165
219
140
969
133
880
185
223
175
220
114
80
106
91
1228
277
189
700
211
147
447
0
119
89
44
352
812
1077
33
871
1234
83
232
57
25
204
5
68
77
892
225
162
195
120
194
205
698
216
181
905
262
85
186
209
148
896
47
138
63
80
12
465
195
96
228
157
62
154
106
730
658
477
36
131
883
27
28
36
235
27
177
548
8
215
126
132
107
415
94
141
77
76
224
130
184
577
120
923
181
121
72
186
225
182
1192
49
195
43
558
230
419
822
162
181
17
86
235
853
230
5
179
127
806
107
226
96
975
58
107
1191
116
167
232
860
151
126
1010
66
205
94
18
185
174
125
93
85
130
149
161
180
60
176
957
491
38
71
216
93
174
151
18
482
250
210
1220
145
536
75
788
105
111
2
819
715
140
968
121
90
61
160
52
614
193
244
156
1149
977
39
235
824
804
712
130
90
91
129
134
23
13
173
68
10
484
326
205
219
117
563
1046
222
495
71
588
197
189
95
196
105
1107
31
232
149
1029
965
851
73
179
40
597
116
189
30
16
149
371
130
68
150
174
874
228
11
1
174
129
15
196
1118
565
1219
120
211
37
152
237
1182
138
81
174
71
81
507
28
135
78
54
150
622
120
766
117
926
739
23
86
1057
916
223
451
78
144
1047
609
52
60
234
444
916
338
32
208
43
1050
143
918
549
1
822
192
175
154
264
92
121
223
469
1046
824
67
133
88
9
355
202
669
56
192
649
514
158
98
889
354
782
196
26
155
131
953
27
734
191
8
133
2
5
16
561
33
232
456
281
213
153
4
46
191
116
405
111
196
491
52
8
170
62
119
19
1167
40
27
23
722
308
308
619
19
489
15
147
151
351
126
127
293
541
186
993
1205
165
587
18
212
173
7
85
166
117
112
223
370
94
77
981
121
204
44
764
1223
789
34
1091
100
191
17
203
131
885
8
170
10
62
215
140
60
419
524
173
225
41
465
892
121
876
80
1089
172
233
222
287
134
253
67
362
228
43
189
142
5
697
748
57
186
1107
147
80
579
157
33
38
215
25
68
232
14
223
485
43
114
810
673
56
81
109
341
622
0
399
226
218
99
197
146
90
50
504
89
1218
112
108
167
14
424
201
332
989
175
77
111
231
155
147
397
103
206
161
116
585
231
19
801
109
179
6
344
25
144
229
215
515
46
1118
191
36
1140
161
97
133
63
503
41
21
807
88
958
52
399
18
388
98
476
195
92
1086
54
66
1059
14
66
158
903
1013
166
221
648
91
159
73
111
495
422
734
173
845
66
1034
157
124
82
486
13
101
13
36
1165
93
113
11
40
198
474
67
308
817
109
135
229
97
1102
74
170
587
200
153
46
960
160
27
164
821
253
191
968
110
65
88
171
1166
190
228
621
55
890
693
126
176
143
54
380
214
891
98
118
1169
109
191
333
181
461
269
201
65
203
84
111
181
1216
197
14
113
1187
116
292
219
193
87
125
345
129
297
24
132
120
95
96
117
193
890
132
19
750
131
55
727
288
1025
672
110
354
689
178
454
627
85
156
433
539
208
1
7
1078
696
917
1112
120
236
166
108
5
201
100
128
825
92
105
103
541
30
249
914
56
134
403
5
114
191
57
89
176
654
111
536
153
51
832
7
107
133
850
84
219
89
122
43
220
1174
117
221
116
83
380
135
424
243
85
51
68
92
919
151
4
804
69
336
160
1058
127
99
109
198
31
135
153
964
1073
220
234
136
86
761
586
25
232
171
152
124
76
195
37
185
158
39
136
226
177
153
158
94
40
114
942
523
221
107
174
143
105
200
183
19
129
435
136
178
9
217
195
174
25
265
206
39
151
477
18
1057
606
1004
44
113
981
15
226
8
152
770
982
99
157
1
179
29
8
212
145
216
228
0
225
131
402
752
181
532
548
114
1144
103
428
10
1184
189
220
378
78
70
32
3
161
207
64
288
722
151
69
470
189
29
123
11
178
192
933
138
192
982
419
48
305
230
55
25
423
321
36
947
232
643
117
18
1219
434
535
994
104
154
218
191
220
79
180
183
250
234
105
79
802
580
135
17
701
996
47
1043
910
49
105
230
90
105
156
1024
568
14
411
214
90
485
1
221
226
989
73
45
229
156
754
261
127
1038
12
1132
380
167
128
127
323
197
235
1095
135
255
227
151
121
90
1185
12
2
523
65
6
943
1207
76
337
23
542
64
105
27
232
638
1153
134
186
51
9
36
197
923
91
759
129
60
200
184
283
7
572
210
842
234
17
251
454
572
164
45
800
907
112
26
134
109
40
59
1177
462
117
308
65
179
192
6
195
258
36
31
63
111
186
41
57
140
447
31
744
65
221
169
214
96
589
228
453
533
61
780
112
1203
535
391
58
965
364
408
153
121
2
1165
135
64
886
27
33
27
30
841
910
479
1215
173
972
129
71
69
231
611
81
207
287
908
3
569
254
747
10
217
175
81
50
382
160
66
508
600
592
63
95
1043
213
114
28
228
14
228
184
658
122
217
106
146
1079
151
186
699
27
123
50
22
18
646
20
694
653
469
697
156
415
97
19
380
744
190
1055
126
133
180
39
158
220
849
106
235
30
1087
498
155
44
404
56
757
356
28
88
33
325
45
168
1228
271
35
24
156
2
280
0
259
163
233
221
224
1127
881
191
492
622
77
709
215
28
182
100
116
531
1000
190
899
618
162
20
146
55
171
120
523
165
194
132
55
1222
395
168
1130
594
63
67
764
194
83
46
157
229
1
135
446
50
96
1090
1033
747
117
99
108
383
40
222
1057
429
238
53
71
49
478
9
235
1065
138
49
448
129
234
953
47
471
226
259
807
56
94
97
213
45
868
376
292
94
1226
794
655
0
1123
1129
77
1004
134
577
175
917
42
149
454
134
3
22
1084
1032
135
822
11
16
93
113
449
30
301
139
384
235
229
1012
215
99
1185
114
139
135
187
135
843
140
156
43
271
162
88
1077
208
57
57
1166
610
83
37
4
104
919
151
69
815
195
29
76
927
139
72
230
48
1194
966
150
657
336
74
148
244
170
371
178
47
519
93
233
84
1222
182
513
238
81
554
216
85
167
391
235
73
498
72
228
43
718
709
160
22
3
166
66
299
574
867
214
1149
61
206
202
66
29
816
224
67
3
38
126
190
132
365
227
219
90
98
212
62
101
122
76
79
151
46
7
406
463
224
99
123
470
16
37
30
1205
99
633
519
1120
231
33
1159
212
1097
170
132
62
820
150
1013
1093
84
102
135
27
4
1049
216
43
78
183
119
200
167
115
678
485
1172
24
46
742
385
227
738
201
609
1063
0
38
776
223
10
212
99
15
118
127
619
150
201
200
154
89
23
150
143
70
197
164
1029
86
153
204
61
79
209
54
695
66
940
634
33
1209
50
104
95
413
92
391
131
213
81
513
74
973
146
868
200
99
495
92
1108
897
182
447
189
125
26
507
110
75
74
74
222
73
270
116
216
130
53
211
96
670
93
1186
16
87
112
143
15
87
212
1172
88
99
919
173
531
49
155
1044
62
1234
639
34
409
104
80
96
219
52
133
180
114
129
23
307
226
227
153
233
46
905
1036
193
77
123
119
147
126
147
75
13
103
43
252
191
230
81
202
801
186
569
60
136
118
1083
128
1068
46
194
845
124
447
81
687
29
1223
208
758
14
1090
1180
1002
226
1226
218
88
43
23
136
603
1141
19
96
155
1009
962
58
141
90
123
554
168
14
17
231
269
105
62
108
232
157
519
722
833
224
881
104
119
220
57
201
63
182
833
21
217
1029
24
212
73
591
145
73
67
117
156
123
847
218
1050
191
109
195
25
151
230
777
186
108
65
281
73
144
162
174
796
568
181
206
27
1131
1180
1073
436
1097
572
120
192
685
100
142
144
835
201
170
388
149
206
7
1152
209
170
338
509
125
84
27
260
658
45
323
659
97
38
231
764
816
413
67
81
201
8
31
226
1129
85
773
217
54
162
285
82
101
54
87
203
153
218
896
209
1109
172
188
180
101
403
541
26
129
93
202
1179
372
14
560
922
778
975
1
575
37
217
31
82
227
1141
20
786
62
134
149
199
99
174
58
182
67
47
95
292
24
0
45
63
600
125
1097
991
44
17
192
201
694
223
721
167
791
80
294
426
150
158
210
778
98
32
587
213
179
91
153
84
153
122
1165
187
163
238
418
457
441
134
1023
185
434
135
907
74
58
85
727
571
376
0
175
999
88
24
133
105
130
33
159
129
21
171
672
117
92
94
56
624
152
390
259
162
71
116
193
669
886
218
893
453
180
730
180
80
952
108
122
199
1186
63
121
819
222
211
520
440
307
221
141
140
833
41
231
4
1227
59
1200
86
141
230
62
17
558
123
114
103
190
170
1128
14
465
128
216
70
830
150
224
164
8
200
131
245
76
207
90
11
288
41
226
155
105
989
1220
21
170
103
235
587
38
28
106
177
277
1099
1107
174
1091
113
48
857
187
218
36
116
305
469
106
84
4
223
225
574
160
119
98
15
76
655
65
28
449
17
696
58
4
182
221
163
103
35
108
163
97
174
1066
35
57
33
578
29
94
223
1040
66
21
912
140
713
25
37
419
82
225
453
1066
32
689
5
800
186
229
159
864
686
176
234
172
188
82
89
90
636
758
503
891
223
488
1209
162
9
147
967
185
157
92
164
712
191
200
982
235
65
81
39
16
1023
610
157
42
1222
654
171
1191
39
92
2
202
525
69
156
33
170
180
3
263
30
124
162
51
128
1133
86
830
6
232
102
40
116
1061
232
80
21
179
1145
83
48
16
728
77
104
64
535
107
120
427
155
189
123
679
92
217
101
417
1114
458
71
156
53
57
215
43
1
39
165
87
90
796
394
979
209
388
984
58
168
22
152
27
906
364
1086
96
40
1060
20
890
144
573
70
474
82
54
207
807
1085
525
218
109
178
224
1
151
1221
424
26
185
113
61
148
2
160
6
66
19
48
230
19
234
1210
905
86
27
890
230
16
49
457
91
72
33
149
1
561
198
520
947
124
463
197
99
825
112
561
545
211
36
419
1085
16
147
11
52
20
46
254
27
66
45
4
10
112
212
824
142
159
195
31
83
224
171
256
962
152
23
1145
1024
65
36
148
160
178
155
343
0
234
134
228
164
5
212
29
121
164
228
221
51
125
205
92
515
413
61
182
9
116
248
340
38
36
557
209
919
993
205
174
88
25
173
186
110
197
52
226
28
1110
118
210
408
205
150
89
3
183
125
1060
137
441
28
111
169
36
165
146
147
9
493
125
1000
46
950
971
19
106
683
146
371
61
99
953
58
165
158
129
587
822
179
36
300
83
534
109
708
37
662
885
1178
6
67
1030
20
199
22
1035
740
145
224
182
206
1001
22
648
23
515
1055
816
1231
222
95
372
55
182
25
109
1132
100
10
159
1025
153
128
407
60
34
235
198
218
1057
134
240
497
102
155
142
165
86
50
1230
699
468
485
899
495
450
11
609
59
1051
84
157
33
208
22
154
885
58
826
1
107
1157
139
13
1125
204
54
179
822
70
16
751
20
182
166
73
899
591
155
20
95
820
196
1
613
605
7
153
113
155
176
238
665
135
83
1062
40
71
807
71
116
756
979
136
732
158
417
209
27
218
65
434
70
26
142
77
521
1219
857
191
66
49
224
107
119
82
376
54
140
1068
114
7
50
558
393
39
1129
70
65
34
599
917
98
484
70
137
86
136
857
849
70
100
235
209
186
902
145
151
19
12
144
49
187
653
152
681
1213
114
398
12
48
193
135
50
4
376
22
5
45
94
105
189
37
60
887
525
1230
697
475
120
145
154
500
212
203
167
50
790
983
147
995
339
181
759
59
64
69
671
1178
106
221
55
29
979
610
227
72
211
12
135
538
22
468
107
1016
1100
184
1191
49
56
47
208
204
99
976
449
71
231
1007
170
182
349
1120
47
969
1173
93
94
114
821
96
12
56
106
114
812
36
181
504
227
199
754
145
92
209
76
234
157
156
719
200
180
94
1140
33
175
146
52
1063
507
3
45
190
4
234
51
46
547
76
1227
98
202
10
106
34
75
215
119
65
173
32
152
179
61
174
1001
144
233
51
113
362
472
44
74
59
220
25
308
228
629
193
82
30
108
12
1163
48
41
112
106
507
304
57
95
156
173
31
1155
381
215
383
866
212
728
138
88
985
658
52
3
1128
1147
37
470
168
745
1015
1022
85
111
154
187
118
50
154
158
503
740
124
770
20
40
356
193
175
891
203
151
62
103
143
235
710
175
146
184
28
1134
402
33
124
99
71
337
204
83
1115
715
156
218
228
654
153
176
13
41
369
209
69
171
221
112
202
540
118
11
235
967
351
65
633
437
0
531
213
15
688
135
24
1189
208
515
137
35
229
79
114
130
725
22
539
229
10
168
73
27
225
98
1080
26
39
32
1212
859
31
257
63
71
294
2
585
151
105
164
598
45
226
105
340
104
407
2
5
187
1201
59
1072
170
41
192
97
231
166
153
196
110
197
11
201
985
150
225
38
211
41
59
43
128
170
1138
109
108
215
149
15
163
762
381
180
47
0
693
62
213
103
30
171
26
332
40
235
135
184
327
0
44
151
678
824
233
576
122
130
740
138
1120
17
232
25
86
143
128
121
98
87
180
197
126
91
71
473
128
1210
214
1109
75
281
1127
59
116
58
182
172
570
212
13
194
26
104
1058
231
590
751
979
112
25
188
192
786
997
546
877
225
224
264
1199
203
239
71
158
57
73
427
41
522
220
610
104
861
494
18
41
1122
486
311
3
169
88
34
174
50
139
106
100
234
14
15
0
136
90
889
71
73
573
37
1217
134
30
872
36
221
1210
45
77
0
604
175
88
36
97
120
56
7
1089
66
88
194
227
13
91
79
84
195
128
3
16
51
10
200
39
54
45
132
121
188
58
52
738
35
1086
394
70
917
136
66
1133
134
186
176
128
1140
79
372
769
133
243
496
399
1088
24
97
223
184
107
69
763
231
653
50
7
131
66
621
478
307
188
96
153
118
152
0
148
219
316
875
1046
35
35
166
1096
102
943
535
70
186
50
132
185
226
180
1198
127
255
446
139
25
1169
834
203
99
715
448
922
162
218
50
148
81
186
700
115
33
157
828
72
169
1024
46
53
221
197
145
216
126
1147
232
182
255
212
17
193
177
711
113
362
240
353
9
799
1004
144
1074
406
565
15
229
187
26
7
1064
49
201
32
123
468
944
596
498
236
229
486
53
433
566
160
459
49
714
193
193
244
1006
135
89
75
40
17
1204
148
294
14
774
170
883
15
1193
147
197
321
202
1192
65
136
22
47
158
692
574
1069
638
960
139
224
78
45
561
1014
34
588
1192
343
42
48
670
406
85
131
25
20
174
133
39
126
109
867
177
123
54
185
142
1160
201
56
1069
334
18
28
667
59
179
158
73
316
145
235
926
160
118
11
487
82
165
70
133
223
187
42
228
873
8
22
55
81
120
171
205
193
518
67
34
422
827
185
223
955
3
202
152
511
162
346
145
347
200
51
368
849
509
232
793
222
113
219
534
1160
177
55
234
991
144
234
465
335
50
224
214
341
432
61
11
341
25
26
116
222
54
200
133
121
1030
179
114
216
222
1136
709
197
2
203
1180
399
217
138
38
235
1213
131
322
68
8
164
60
185
23
118
17
235
378
114
658
560
666
206
1073
61
58
174
78
200
46
919
159
1145
254
297
48
225
34
222
163
50
219
80
1045
124
129
82
606
114
219
231
609
201
193
53
157
991
0
155
184
125
81
168
127
26
17
296
691
92
11
709
158
334
189
103
59
80
721
103
345
192
218
105
608
1168
192
845
1062
8
114
201
127
1160
227
28
141
780
160
216
483
1082
159
904
53
116
191
659
87
46
1073
315
213
139
196
126
65
121
85
8
100
231
671
990
175
194
1112
432
103
477
218
24
301
234
342
756
254
80
4
143
11
103
1052
652
166
405
105
1124
971
240
62
244
12
1028
1048
1176
172
61
16
273
1003
527
47
131
163
141
108
12
880
150
51
255
861
126
154
340
88
188
134
166
130
181
821
23
28
204
115
278
482
183
108
530
43
180
1183
179
747
1205
413
1035
115
182
622
499
224
170
119
949
108
82
90
204
90
1120
176
907
118
173
173
44
506
199
230
18
137
627
26
676
32
55
186
131
411
177
72
203
700
905
159
134
1084
194
112
370
111
186
214
151
28
293
191
170
22
117
200
811
172
260
284
56
221
4
141
55
60
189
17
139
817
830
318
127
878
40
162
24
1094
193
59
71
216
350
560
1
224
209
137
1012
748
123
146
124
404
286
168
71
411
360
242
815
27
186
104
160
964
0
159
123
161
23
55
235
117
166
987
879
1135
103
545
62
69
128
227
73
517
211
26
235
74
33
9
348
235
875
98
249
164
779
43
469
78
11
1159
152
147
800
94
362
907
728
820
91
1172
1100
194
101
1150
70
526
168
103
191
48
112
671
222
19
163
45
139
43
396
64
209
17
1116
658
800
160
40
232
174
2
200
19
261
381
42
152
143
1166
168
117
145
213
169
77
124
138
116
203
46
889
311
223
209
203
861
119
98
1066
1043
166
87
127
258
140
425
191
219
120
158
218
1153
680
136
170
126
100
208
157
26
986
27
231
90
63
83
39
73
44
154
226
110
806
146
208
64
182
215
8
52
44
68
8
182
148
157
438
83
80
49
163
984
182
713
167
617
64
128
159
1014
119
84
1161
97
74
15
0
198
20
615
152
217
194
55
205
42
49
152
113
248
29
157
72
809
632
282
35
264
90
10
10
1199
26
101
68
200
180
166
30
119
48
457
176
194
173
1097
98
119
863
126
231
877
107
111
985
119
410
133
98
259
150
915
44
148
455
16
894
208
58
99
124
6
142
189
518
951
445
208
669
805
46
202
152
215
142
448
52
110
162
723
220
231
490
41
901
125
1129
88
27
195
518
1046
33
852
500
1019
152
77
230
118
100
338
123
371
341
660
134
290
107
104
91
58
189
1206
84
126
158
38
232
451
234
15
199
1207
205
206
791
191
37
170
208
554
90
211
324
375
40
174
132
98
204
1066
1105
143
194
154
43
9
193
1052
540
76
402
130
133
327
184
713
648
98
740
172
200
148
551
133
39
29
123
128
455
201
189
193
216
231
73
122
611
186
216
309
430
31
208
462
88
188
195
123
169
51
1151
134
640
148
147
378
7
38
4
1198
118
214
5
143
96
85
160
201
136
69
141
943
32
580
25
454
161
40
796
170
112
881
233
156
10
362
418
112
648
184
157
812
235
92
152
98
1077
113
173
77
326
71
290
37
720
828
109
1090
1082
74
69
117
224
250
1195
154
24
231
137
14
202
1068
57
86
73
681
954
17
492
159
818
1022
153
74
34
467
60
445
129
490
77
1162
120
140
1117
221
603
464
152
29
174
596
169
1019
121
64
124
20
843
680
51
151
562
150
750
964
53
37
342
217
120
1199
116
64
103
123
155
14
199
39
81
330
151
18
62
396
623
58
253
446
40
211
52
201
5
90
231
1176
91
151
53
1175
54
223
13
185
165
166
126
874
81
109
159
105
82
32
87
430
528
861
146
137
279
78
206
601
55
123
2
217
100
793
473
27
115
308
115
163
174
81
214
219
175
880
207
2
677
35
154
899
181
95
169
218
682
10
108
932
540
191
374
1033
145
660
134
529
127
1116
198
503
207
33
48
39
144
2
171
69
139
1053
226
198
1160
822
48
70
760
213
148
936
745
144
111
672
456
10
81
221
910
1
118
174
1106
516
1042
812
888
217
228
1178
156
144
195
188
895
201
305
640
601
37
622
219
836
165
53
220
135
89
76
219
164
10
184
115
192
64
138
612
3
32
771
225
93
18
105
103
293
140
23
827
109
933
8
488
115
386
56
326
881
204
1141
163
1146
35
54
14
530
148
935
1030
373
191
187
903
168
473
784
12
306
95
138
221
228
61
79
923
21
635
744
95
138
175
182
42
222
208
154
887
1207
156
197
134
26
234
176
810
223
568
660
68
138
46
174
69
1174
645
1204
352
642
213
377
117
18
162
133
634
198
210
239
18
78
88
896
60
647
26
1086
900
56
183
109
1117
473
94
211
16
60
165
629
223
106
190
220
114
133
173
209
1161
129
219
112
91
113
304
132
84
102
73
13
188
217
766
996
209
28
81
178
120
1164
209
932
64
29
648
232
97
7
0
34
130
71
653
183
542
311
36
18
443
381
85
157
1025
781
126
719
783
333
141
37
118
1080
209
184
716
631
189
217
26
49
348
12
61
1100
590
475
656
785
377
104
255
123
93
1082
142
112
1125
172
15
350
165
114
1139
1038
14
425
221
133
599
126
109
169
191
128
354
76
356
365
60
837
137
872
210
152
112
49
160
494
1149
190
41
486
4
1152
946
424
63
55
117
161
117
585
94
5
3
136
9
563
238
631
861
460
250
184
55
380
432
188
744
375
1069
25
350
137
16
150
226
209
119
31
159
53
919
1218
185
0
111
118
779
174
0
6
377
195
79
94
26
155
152
141
374
1099
477
145
1148
75
313
27
17
174
476
1163
1175
1120
673
19
211
102
971
72
1126
583
150
119
71
149
184
37
87
746
749
235
159
23
349
254
213
76
513
208
43
85
157
49
5
418
191
9
170
367
139
144
940
176
1053
153
63
218
641
25
1198
55
33
170
198
246
33
69
83
192
781
498
954
799
614
883
109
207
90
1009
232
215
171
65
124
24
1015
151
94
98
146
223
263
108
121
18
438
203
41
84
188
311
238
1229
195
817
436
235
171
71
552
222
8
14
1039
219
97
655
894
1019
74
393
39
681
206
8
42
911
113
80
149
853
211
6
106
130
6
97
417
696
876
126
891
11
54
1
143
38
145
821
96
173
228
79
61
332
440
1106
59
114
786
192
742
527
88
227
63
155
8
189
599
1170
546
36
174
1178
90
62
136
119
575
194
191
175
41
212
174
741
664
44
172
1229
1
147
782
798
75
556
164
162
168
140
4
189
231
82
877
986
976
635
113
16
20
86
22
202
180
73
204
43
97
61
169
142
199
22
131
70
33
168
85
534
206
86
18
233
146
75
224
184
129
1055
69
15
190
14
1025
202
149
76
62
245
217
82
494
52
114
175
168
95
812
731
162
231
153
23
100
951
91
686
179
122
51
806
134
226
83
88
200
140
104
3
124
381
203
109
659
74
956
207
745
77
210
225
215
149
560
748
174
33
162
857
1198
169
520
120
183
111
41
98
40
179
13
145
150
151
139
1079
64
226
79
843
898
148
217
26
165
141
120
3
16
473
119
275
65
166
1190
509
25
69
6
35
103
115
208
18
20
5
302
41
174
627
545
126
19
885
815
299
138
321
18
397
86
6
131
1085
81
99
947
177
78
112
65
99
126
144
170
110
194
28
142
818
167
66
165
988
581
142
59
154
740
94
42
747
173
184
60
57
205
190
670
13
39
780
34
886
186
170
133
17
217
201
213
150
1
33
23
433
1030
145
161
141
26
209
9
220
119
139
100
88
80
210
27
695
129
46
121
124
58
233
23
39
207
118
85
13
63
14
323
29
136
137
125
67
731
917
26
1128
342
403
1069
227
140
167
679
865
126
112
138
217
182
157
434
1133
206
1009
208
227
761
199
174
60
425
6
68
404
33
198
129
231
209
592
181
88
96
197
84
950
28
176
665
58
822
111
80
481
765
1173
161
100
899
50
2
410
199
220
140
396
860
44
170
141
755
299
1031
373
964
193
123
230
130
44
91
233
14
1145
120
977
16
98
196
312
417
126
16
168
217
91
343
223
22
147
53
234
38
46
171
173
173
57
49
209
164
194
79
60
554
57
114
104
355
116
393
180
143
75
825
20
87
192
39
141
64
455
170
231
198
711
545
452
169
651
1
79
214
77
4
22
751
202
167
178
698
1207
900
106
166
117
188
824
130
41
602
974
1023
37
145
50
205
165
114
134
166
217
711
752
181
389
860
399
83
160
357
1227
22
695
506
4
197
1052
125
199
36
168
59
931
9
43
987
329
168
75
580
1112
206
33
31
25
579
202
202
179
108
455
362
887
1
69
777
913
43
1052
72
1161
18
124
34
1063
108
59
150
123
256
223
501
1024
183
1130
173
148
106
233
1186
210
981
1075
112
983
1097
43
71
85
550
998
221
38
9
1
95
185
131
135
0
99
655
197
40
28
852
540
89
23
116
192
109
596
146
736
17
33
216
631
783
140
957
65
1020
54
204
179
626
87
46
45
180
115
919
427
252
26
81
91
171
101
79
185
85
330
691
127
52
1031
44
232
229
58
28
316
146
390
447
470
1012
44
229
512
34
779
75
782
795
220
210
1164
200
38
154
750
1215
198
200
198
229
287
16
14
81
216
183
85
45
592
86
606
103
212
44
917
834
133
1143
15
20
73
1163
1089
142
166
89
177
48
882
213
431
84
39
76
725
67
132
619
71
1211
66
217
139
85
28
460
210
772
146
87
33
36
97
1129
824
139
57
168
29
611
117
131
241
129
86
144
561
7
88
1170
94
59
235
792
218
73
458
95
184
144
359
47
179
109
448
230
199
218
91
268
114
200
19
1072
972
193
148
117
31
153
390
106
262
1033
111
119
157
103
171
431
928
427
210
140
799
124
106
1200
228
839
141
231
60
27
1200
6
736
70
109
1097
37
762
204
65
228
29
102
23
230
1043
104
147
172
151
129
140
16
98
164
226
98
26
61
427
160
40
132
180
225
118
226
22
61
1069
85
161
90
131
52
354
212
189
84
66
194
82
191
153
54
58
724
536
997
163
177
42
564
563
1039
286
1067
99
925
194
45
21
205
489
138
35
393
126
95
1169
43
74
93
11
84
18
958
880
108
554
181
227
1060
202
198
188
106
140
159
159
116
47
475
760
785
205
491
54
825
114
423
340
157
223
49
810
772
107
306
983
23
156
158
816
166
82
356
1048
35
198
7
21
186
188
218
1169
147
58
113
106
445
170
124
224
142
119
78
155
56
128
184
986
329
78
97
356
7
90
184
289
192
132
205
761
34
61
26
116
24
122
76
113
171
102
23
407
178
47
372
198
66
29
978
110
226
77
1196
217
507
858
205
205
764
171
40
204
554
94
892
98
45
234
4
78
213
550
322
144
118
432
48
7
56
118
94
196
10
203
1061
629
646
102
55
47
175
1225
192
1116
85
20
1030
753
173
111
229
152
22
103
387
167
40
76
232
195
152
179
1039
145
17
102
19
115
1181
47
222
891
233
32
161
1083
252
209
1165
223
124
212
107
477
1234
155
221
184
54
221
66
172
600
201
61
139
48
201
1058
211
54
163
123
229
90
883
83
47
61
299
126
862
110
217
487
73
105
144
40
223
26
158
81
492
115
71
44
24
85
387
326
137
95
0
172
41
1035
90
175
186
193
4
980
176
135
41
91
1106
135
84
56
4
194
91
17
302
161
184
648
75
922
326
667
786
915
33
235
176
330
185
91
987
169
694
1058
184
323
1051
17
113
225
129
9
812
1173
140
1114
102
382
86
106
28
178
82
201
108
14
158
154
696
73
172
105
222
208
728
718
210
98
36
108
175
73
90
123
1225
235
97
212
184
406
136
204
687
49
177
165
1157
820
183
719
227
42
231
135
167
118
170
88
118
105
113
496
23
217
1023
222
5
169
59
727
64
222
906
76
172
99
1152
1
20
9
80
45
152
219
51
99
642
683
57
98
1128
70
1107
209
204
192
85
7
151
657
784
123
138
112
113
53
31
196
24
43
200
1073
133
1168
750
195
194
220
20
67
115
465
137
163
216
83
64
205
1202
165
47
129
930
129
851
1226
23
1095
97
776
684
58
107
865
811
92
11
986
114
94
1179
38
57
938
223
591
150
19
86
762
95
1223
925
63
319
168
85
1223
118
54
156
44
99
466
133
139
60
670
1163
72
114
297
89
196
164
31
12
74
1072
99
562
151
29
307
77
89
145
519
878
67
8
178
42
114
227
91
228
1
210
120
52
186
162
194
733
862
107
1210
131
172
330
49
153
18
27
0
295
498
67
188
13
62
1151
87
158
1032
691
949
69
134
48
180
147
122
754
763
2
2
505
714
960
709
124
191
621
816
101
162
12
178
81
142
2
160
174
102
28
193
939
40
165
421
46
576
93
202
58
98
334
134
8
1071
963
138
418
199
172
134
775
998
142
49
76
89
169
157
33
285
136
112
60
437
2
225
56
62
8
228
1046
681
193
221
107
401
68
173
116
816
128
2
165
742
1083
1107
134
74
66
61
216
42
130
123
216
214
202
487
10
833
946
226
179
974
185
87
203
464
727
844
23
122
119
102
1227
199
102
149
889
187
201
301
87
64
714
94
113
5
104
72
1000
53
730
887
195
668
667
984
202
156
1104
233
1129
178
36
149
969
558
87
61
43
22
235
904
11
222
137
227
1013
29
8
180
315
114
532
183
932
907
68
72
41
62
92
366
40
74
35
731
132
894
166
629
150
185
182
169
166
26
137
887
174
122
962
28
829
1025
392
1070
193
231
158
59
333
160
514
154
795
663
228
76
146
99
163
148
9
446
140
166
38
76
1104
63
59
8
454
27
640
164
438
1137
218
153
343
142
393
1008
49
121
766
894
91
160
37
365
110
13
232
20
428
126
186
94
393
210
176
687
4
832
147
941
31
242
831
51
166
883
48
121
491
192
121
158
125
380
60
428
184
702
271
175
430
181
181
277
220
83
21
55
809
1221
13
218
121
307
32
39
19
128
712
375
35
141
864
7
212
198
787
1152
111
131
558
231
26
120
33
66
833
200
430
21
95
13
220
201
1142
102
1093
44
146
212
1101
174
45
85
204
85
234
192
114
1217
185
1094
26
140
144
137
446
220
1152
24
0
67
216
21
124
29
380
1193
935
197
359
143
593
66
2
221
59
68
394
48
97
196
393
192
1121
271
40
578
2
230
106
179
193
703
155
123
215
74
145
351
28
172
907
9
217
172
1144
368
1195
76
104
204
1033
216
234
226
225
166
883
117
630
190
21
90
3
1068
76
976
98
128
140
108
230
160
1068
354
77
222
813
566
926
129
68
183
200
120
31
18
224
51
235
60
31
111
147
371
217
1089
79
1021
202
588
69
80
52
98
104
183
198
50
339
107
10
32
74
149
312
62
33
970
228
173
58
366
139
181
66
40
3
93
1052
9
98
108
1
60
214
560
126
878
795
1038
164
59
82
143
66
1139
263
73
85
897
112
80
231
155
164
233
204
67
109
1129
196
1215
949
858
638
94
108
491
149
109
1096
200
343
1146
170
172
153
767
171
725
191
599
0
900
58
771
57
105
164
646
139
434
233
53
221
156
229
52
606
1080
111
46
153
215
268
260
50
94
125
138
1223
95
164
116
21
205
539
334
14
163
910
176
209
628
161
982
149
192
55
1120
588
550
752
111
146
891
191
334
231
225
104
201
75
169
171
100
393
287
190
213
203
149
590
57
219
36
1158
139
17
13
383
1232
47
193
38
131
335
597
120
34
111
613
137
51
624
68
11
812
186
210
1143
934
1048
745
29
29
6
125
210
198
74
171
177
147
65
948
150
450
212
683
96
74
96
34
20
176
432
105
26
318
70
535
55
435
814
226
49
1121
297
50
40
628
650
898
629
893
176
990
517
204
214
678
153
161
141
761
221
1004
424
79
11
960
63
1205
628
107
7
60
72
583
807
93
80
586
1023
95
155
70
519
140
217
370
139
31
129
191
85
188
820
103
673
46
15
217
1148
35
428
182
169
87
156
701
54
1033
79
611
159
96
171
171
882
51
636
706
757
125
79
108
190
201
469
205
38
98
76
193
185
211
210
96
375
47
159
665
89
179
11
94
96
399
89
162
213
352
41
150
207
672
183
44
195
995
0
70
27
111
199
148
226
128
94
233
909
813
1108
13
397
173
181
101
341
578
62
1
96
121
196
137
145
87
785
212
197
45
586
203
348
397
209
162
231
518
188
37
1059
167
79
608
68
1144
138
951
562
179
80
822
135
980
885
94
79
9
545
250
58
473
170
895
137
52
881
1019
4
22
48
212
205
191
185
30
55
1165
1121
133
131
57
133
23
183
24
180
43
173
179
159
12
187
139
791
45
1174
213
1198
223
778
90
74
283
91
68
12
195
235
30
86
213
141
836
52
1023
218
573
706
67
627
134
231
40
97
1181
195
1135
199
75
390
127
184
235
175
236
100
90
53
38
57
43
82
78
37
37
35
57
94
91
41
38
9
55
64
2
14
76
80
91
49
69
46
78
38
47
95
43
73
54
95
60
94
81
31
12
94
0
28
99
71
0
28
76
45
70
64
38
77
60
25
24
4
17
6
96
53
20
66
31
37
53
25
83
68
12
45
65
37
18
79
90
6
86
1
31
54
17
15
17
72
79
6
79
44
99
49
10
82
33
2
93
95
70
73
7
28
20
48
51
7
5
35
20
9
83
61
46
78
94
64
32
78
2
93
47
33
91
75
88
47
6
94
98
26
95
17
73
59
10
57
51
51
83
61
52
66
2
22
61
73
99
97
93
53
44
80
69
61
37
70
26
74
20
66
46
43
10
90
47
63
5
7
8
65
58
49
22
55
84
14
94
28
6
32
46
76
1
62
97
43
64
16
45
73
59
15
64
69
93
56
95
5
50
14
28
46
1353
false
false
false
false
false
false
false
false
false
false
false
false
false
false
false
false
false
false
false
false
false
false
false
false
false
false
false
false
false
false
false
false
false
false
false
false
false
false
false
false
false
false
false
false
false
false
false
false
false
false
false
false
false
false
false
false
false
false
false
false
false
false
false
false
false
false
false
false
false
false
false
false
false
false
false
false
false
false
false
false
false
false
false
false
false
false
false
false
false
false
false
false
false
false
false
false
false
false
false
false
