100
1040
628
295
211
521
313
932
55
344
21
159
269
163
215
206
9
316
165
738
1204
11
236
17
165
1053
16
674
337
164
285
328
66
247
14
297
428
194
99
238
104
169
724
350
94
344
814
598
69
56
17
328
779
289
220
260
180
340
42
263
363
30
144
261
83
0
58
260
116
201
315
181
112
1362
128
329
4
17
480
173
295
43
1345
76
496
89
842
354
366
528
162
196
53
1049
138
132
255
1254
7
323
67
122
140
391
555
126
47
70
222
327
1090
212
102
435
121
94
843
216
85
365
10
276
104
326
142
222
50
280
318
52
1340
490
824
801
321
406
57
866
138
218
317
1104
1020
1172
11
7
134
860
176
183
71
46
1360
1102
292
833
230
97
225
1337
268
1034
235
109
364
647
20
311
1055
261
1333
338
984
360
1046
1357
11
36
364
155
539
659
655
734
142
401
259
128
9
255
317
330
1165
118
250
332
362
313
88
343
65
462
712
321
251
498
896
21
179
62
175
1320
23
1178
1255
183
289
826
138
366
947
281
310
127
108
300
308
285
1188
70
780
186
261
1151
711
86
280
313
341
217
587
1303
72
120
316
197
1182
705
18
578
158
106
245
432
220
130
563
122
135
29
103
119
1107
90
174
335
8
358
111
332
355
101
341
738
628
92
105
196
1318
57
88
54
660
163
165
602
283
1256
6
2
531
961
94
60
971
294
1258
998
365
587
31
382
287
52
1207
1115
16
1130
120
585
574
63
82
257
174
702
315
202
584
259
279
227
612
207
798
748
242
926
616
997
178
43
109
335
371
1146
1241
572
92
188
236
229
1174
159
426
59
0
338
1104
283
1351
146
512
811
313
439
86
167
151
904
305
232
299
192
208
172
1286
55
1332
1309
34
231
261
63
95
725
84
14
1299
568
228
297
287
50
1121
217
109
1208
1326
361
995
1167
151
27
502
570
967
517
12
999
714
1068
441
511
249
185
574
323
34
91
316
182
1107
151
1301
47
7
761
205
350
112
259
167
1251
454
31
95
45
250
62
352
132
281
73
59
234
150
286
346
365
41
157
114
29
1354
301
205
354
261
1299
152
837
807
279
304
335
208
345
264
220
88
0
928
120
284
61
219
105
72
664
974
44
364
130
69
1295
535
270
611
112
504
331
200
301
316
1271
74
64
1333
38
489
132
121
285
635
263
128
116
70
262
159
507
65
42
346
830
1233
208
220
348
1187
575
143
109
793
65
1168
52
322
54
15
91
102
111
2
135
330
5
1198
243
167
831
80
129
432
924
51
1095
74
199
1347
1064
272
166
588
281
775
1140
191
1011
310
1039
110
488
344
150
144
90
39
142
63
76
88
342
260
251
132
155
135
998
633
291
87
270
115
297
25
38
1361
343
39
321
878
215
307
325
38
1165
514
131
558
134
78
292
644
94
287
208
8
286
316
118
320
142
153
214
169
1356
225
43
110
876
190
883
34
341
292
274
9
91
39
580
44
343
853
582
177
1043
413
181
280
1305
298
244
101
244
137
234
220
343
938
540
204
262
266
800
92
138
951
134
224
120
649
329
343
276
172
351
250
347
592
407
91
124
92
226
744
353
1125
98
47
85
355
283
326
6
117
968
569
345
61
43
510
100
221
49
747
317
90
243
325
56
242
284
220
219
1307
206
110
159
3
93
859
15
676
1211
193
191
590
827
299
212
266
322
962
1
105
97
349
328
14
172
38
681
224
493
195
34
169
276
326
20
1315
90
194
232
724
350
147
257
307
561
1092
167
338
245
75
1326
409
465
235
322
1109
498
228
170
351
69
751
73
231
1346
225
86
112
657
820
233
1246
169
548
147
393
602
59
94
641
44
263
299
481
242
968
176
162
1039
539
155
307
73
673
103
87
253
220
230
235
263
1173
124
79
72
202
330
1100
99
87
229
167
127
334
80
614
8
1157
1271
893
683
1056
497
1316
82
94
247
450
304
98
37
354
1126
1221
2
285
558
950
904
359
281
489
8
903
68
438
65
19
1180
1130
573
28
1366
299
982
1212
1087
845
284
54
234
166
1176
16
1145
20
56
226
236
41
545
99
625
539
237
217
601
1151
1267
219
69
1127
351
187
281
28
765
332
219
282
146
75
731
1344
58
161
41
324
238
164
270
138
354
158
194
829
49
1349
263
341
315
1291
216
366
263
1062
170
336
492
87
178
167
93
130
1017
105
106
86
1
12
9
260
703
1056
133
1356
226
153
47
289
40
1014
452
176
143
333
90
265
1153
550
31
210
657
1019
91
366
331
38
23
857
160
351
496
4
241
4
41
221
500
1225
249
151
262
844
345
201
366
1062
796
324
175
527
790
364
38
162
900
280
197
1139
128
447
468
170
500
624
250
309
146
573
93
74
1211
313
308
176
329
630
334
145
344
208
784
331
336
314
800
23
286
186
870
136
1344
117
1334
231
197
756
282
943
842
435
135
104
8
771
984
248
277
364
112
482
1255
31
208
243
1068
980
560
539
1136
232
148
295
11
1312
323
62
123
278
159
703
138
69
739
34
301
57
292
1141
105
316
1069
281
71
980
127
276
196
78
125
198
34
14
1058
299
246
255
126
984
269
1224
331
231
38
283
357
75
120
339
339
91
270
323
1327
813
1190
243
286
903
328
322
348
976
235
1319
88
242
358
45
240
347
1016
202
5
210
830
252
439
226
56
60
86
101
87
716
13
109
281
220
1273
327
240
207
1330
286
164
491
995
25
172
0
286
924
329
1189
1161
192
602
203
71
122
523
248
1291
359
195
820
18
47
75
311
290
1240
196
122
655
134
828
585
113
279
677
262
176
710
1049
108
117
253
711
21
1072
85
786
335
337
686
161
333
713
391
131
259
1301
284
50
346
510
33
340
307
173
1028
132
99
154
1225
43
364
153
115
38
254
121
134
344
176
24
17
253
231
1152
341
243
188
114
111
222
1001
354
1085
138
179
2
933
127
88
624
851
295
63
1103
277
1092
894
207
71
366
111
99
246
1021
324
1250
444
330
42
72
242
277
408
58
272
241
271
149
1338
448
50
282
998
94
1289
1003
345
72
279
929
337
71
270
713
9
1154
33
217
1107
149
317
32
324
443
151
455
125
209
99
71
316
566
23
113
144
177
256
1141
123
1102
1145
193
164
228
321
65
1361
266
42
903
466
23
667
254
352
144
280
1284
270
604
94
1240
84
806
108
349
1291
804
920
42
488
920
103
363
218
955
17
72
290
657
132
72
295
351
126
97
460
1048
361
221
291
241
137
243
10
343
817
236
309
92
130
102
122
35
287
160
179
641
402
331
238
112
137
106
1127
326
512
317
178
206
700
192
576
267
872
963
149
1319
784
75
284
126
1351
336
18
210
250
877
304
636
228
1120
160
755
61
1339
146
9
208
298
1327
47
570
754
300
106
272
675
471
43
828
121
80
355
322
296
256
305
160
265
186
34
1289
112
328
807
918
249
171
347
1014
1233
42
339
137
32
264
952
194
38
295
145
655
10
1263
62
122
883
180
1141
190
59
267
254
204
1206
16
226
692
1248
128
266
201
275
95
799
250
191
122
524
1332
125
112
970
1328
1148
675
1
297
141
204
95
50
102
121
50
960
152
666
600
696
127
85
324
248
65
109
273
152
271
128
162
274
304
326
115
55
119
1230
23
282
1141
45
1070
249
468
205
267
198
351
31
157
70
215
110
662
59
1362
345
259
342
1087
8
293
99
332
101
204
1268
440
810
660
12
169
871
633
358
387
1165
1240
39
1045
143
206
44
242
94
344
746
809
361
327
72
580
223
422
6
234
868
192
161
1355
225
312
879
364
209
181
37
309
252
67
306
864
219
142
173
224
358
441
184
26
1250
206
158
88
221
141
66
181
137
937
80
67
346
884
24
596
211
190
1250
81
334
247
297
364
49
140
127
1078
50
78
239
73
1202
553
225
432
877
460
533
253
613
411
625
115
181
100
960
289
1334
782
1234
347
238
1301
138
860
67
250
273
864
222
1201
198
299
2
177
736
1326
25
358
1317
144
1335
352
104
321
714
105
108
268
464
293
362
328
50
193
252
249
67
113
254
1182
36
74
321
57
284
179
160
211
1007
1279
358
43
694
947
1138
343
198
63
137
283
1023
1077
42
292
58
91
189
231
284
60
346
1103
8
356
81
138
355
236
355
153
224
39
288
78
11
330
556
150
707
42
838
188
101
174
133
1082
1188
178
38
81
684
1172
275
107
217
174
920
728
152
299
314
1140
275
160
201
329
703
286
324
104
287
280
68
156
178
91
1335
607
253
261
488
257
167
51
416
1162
237
1133
135
240
190
261
98
181
888
133
1340
1015
27
1264
154
998
676
784
796
341
379
106
73
35
180
267
97
136
347
91
296
996
686
195
300
29
514
102
712
296
180
203
347
771
31
1065
1295
778
585
478
236
282
352
121
15
150
331
125
1174
1226
354
198
150
48
184
143
520
392
839
319
65
117
80
279
321
919
20
75
1273
346
7
318
739
825
282
1182
136
482
184
71
337
312
936
135
84
340
93
1233
160
870
109
130
277
183
237
4
1130
24
246
519
1314
48
563
252
132
9
67
218
1255
1252
359
361
36
335
322
141
152
57
264
330
0
1355
950
1262
734
356
343
61
540
44
159
1220
152
1288
102
232
201
165
1312
436
167
317
1215
561
123
626
48
1225
1267
300
195
227
267
1048
34
435
396
254
65
113
253
709
340
282
25
656
8
724
493
307
472
1349
273
761
104
11
336
356
449
1032
571
225
72
1114
341
155
249
293
65
276
292
1
124
68
135
139
329
412
1307
170
89
315
1355
194
735
283
7
748
1033
254
1150
743
641
59
52
108
278
236
116
423
1091
122
946
304
155
147
274
18
610
189
3
47
246
248
243
254
977
16
258
189
1090
349
696
205
195
652
282
733
296
266
249
80
214
687
39
1111
790
205
240
180
131
47
207
1068
329
758
345
1231
142
1100
288
645
500
199
758
1305
744
119
159
1362
285
149
431
293
207
182
50
49
311
39
862
297
267
889
1364
325
104
715
82
23
999
34
1080
302
103
573
144
157
96
181
295
636
283
11
346
82
384
1080
176
1342
1151
218
319
254
9
104
32
54
851
846
57
843
299
202
136
193
228
489
80
1008
583
283
145
284
190
888
967
285
34
1157
219
204
928
128
102
246
1139
46
209
76
348
344
82
149
21
56
31
316
897
316
1273
284
154
125
194
632
161
313
429
849
772
124
240
619
59
405
798
222
165
1098
105
72
501
83
45
101
1005
1201
982
152
116
207
1303
354
209
172
95
753
213
1275
282
308
2
1305
211
205
494
318
156
275
135
23
828
342
218
37
312
178
170
268
733
3
153
1041
143
248
358
132
787
736
1
345
68
53
251
202
279
627
12
202
280
123
493
205
189
184
332
318
461
212
632
126
320
324
281
730
897
1122
374
138
246
892
20
595
214
256
216
178
242
35
212
347
338
680
799
743
913
81
1071
150
331
192
140
1229
56
297
186
1322
41
67
155
11
167
320
551
129
32
276
558
68
795
824
512
220
953
930
751
341
207
66
585
0
659
866
387
179
290
30
89
38
212
43
1303
529
1027
1186
1279
208
779
318
1310
154
315
109
104
360
1306
101
57
1000
510
25
144
254
256
132
180
85
65
364
1189
78
364
60
368
1353
288
169
168
41
1162
48
154
865
1066
70
48
1021
55
318
1114
1320
329
255
68
266
70
632
27
272
73
193
340
1036
306
107
220
579
753
1062
1244
1177
64
292
1304
157
842
181
1149
172
88
64
413
197
860
713
298
88
337
1329
562
1202
356
269
51
97
27
185
53
1321
358
327
593
1024
239
144
256
497
287
121
337
315
360
1149
1229
828
186
49
959
450
195
395
7
203
81
286
667
170
12
908
39
316
190
9
945
1327
44
618
186
574
219
88
274
51
250
88
296
574
212
124
436
140
190
1182
867
403
58
42
250
1247
152
350
483
196
133
677
257
227
568
1218
365
253
288
308
95
64
129
255
96
113
23
267
1315
1293
8
954
197
896
172
1253
189
362
923
57
65
15
164
99
583
108
154
1170
207
218
35
728
1222
288
16
104
231
1140
137
175
292
653
1193
203
180
83
573
1336
314
113
38
275
200
312
24
328
173
1245
1188
6
337
53
335
264
193
251
179
233
282
250
70
18
283
183
361
311
73
314
622
143
320
714
310
46
114
436
247
147
1206
70
147
147
633
322
797
173
912
85
140
213
219
76
26
565
1293
321
278
18
84
254
105
187
183
1073
90
848
178
54
3
36
346
168
184
1131
1320
325
30
3
176
1260
248
303
167
186
165
315
350
600
6
186
988
171
365
68
220
1272
245
48
134
1152
1357
202
161
345
280
84
105
71
102
57
1218
1
359
1139
54
877
73
194
107
228
746
85
305
116
355
562
573
669
21
179
799
170
785
260
1171
60
331
120
776
68
640
526
83
366
390
1354
28
790
36
80
344
204
464
978
200
1345
1282
141
269
39
230
124
1084
182
350
1314
60
47
336
97
321
954
62
156
436
286
1336
207
126
216
252
147
45
262
923
1262
194
700
193
181
110
223
996
150
62
957
1058
327
575
326
237
189
155
123
208
246
126
267
207
293
339
1183
1018
65
248
322
385
7
123
296
1197
385
883
20
1045
187
347
45
88
327
1228
391
142
356
49
1047
248
569
292
361
95
624
208
366
595
79
38
807
50
310
1014
101
249
37
138
1026
141
155
178
42
132
70
116
222
156
747
44
324
245
564
218
53
601
305
27
726
7
265
97
299
1123
1256
1328
302
350
511
612
884
286
1025
556
319
359
280
64
84
124
55
72
192
347
201
92
215
321
139
548
252
218
249
75
42
204
80
110
98
223
534
900
80
88
274
351
224
134
301
124
954
332
731
288
405
50
245
1172
1235
191
304
467
672
1077
42
87
10
629
1186
255
40
125
258
213
171
343
582
1049
476
786
305
1262
361
1339
434
210
997
884
34
871
154
1166
863
358
422
342
108
267
1347
30
1157
286
226
357
43
249
179
726
758
197
184
1279
674
765
1366
15
1321
1022
1112
251
0
359
959
160
224
172
1064
1231
69
636
42
1248
609
537
275
584
578
311
233
146
314
123
204
195
983
147
275
104
1273
585
318
1016
207
209
1
229
1097
795
319
1281
172
165
137
940
1070
342
30
183
270
324
516
1077
1225
225
169
130
350
298
725
155
147
1321
857
164
141
198
225
130
334
308
205
97
282
174
122
499
207
277
350
27
1341
66
440
60
250
43
38
83
1295
291
155
737
274
238
629
203
341
61
708
90
33
299
120
350
137
363
1081
1143
201
225
129
145
146
904
715
327
102
47
6
249
224
849
65
379
192
305
145
330
782
94
47
254
85
666
305
346
756
396
250
16
338
350
280
176
161
1343
1333
191
919
1291
377
263
308
6
316
513
1198
277
347
55
871
326
184
172
121
157
203
297
18
1131
1011
255
104
106
134
733
43
86
144
161
336
78
249
784
191
341
1331
174
1036
255
259
310
363
84
897
223
1202
1235
5
171
362
295
168
77
150
311
83
81
787
667
886
109
1013
215
1240
17
445
1246
194
363
274
366
41
864
1145
329
280
605
1202
785
26
203
95
177
138
363
194
28
172
110
83
78
119
214
1150
915
218
1044
68
72
253
281
1212
1220
347
40
32
336
1024
1261
972
1260
386
1077
334
346
332
359
800
93
458
160
1060
236
684
47
235
609
1253
322
37
209
358
358
128
350
160
148
85
42
126
115
277
317
300
290
67
291
224
421
838
228
201
937
960
293
538
23
270
84
287
104
766
263
169
204
189
329
39
890
164
71
354
77
319
191
138
906
351
392
70
501
493
76
9
81
97
216
188
40
277
103
822
361
356
670
1338
148
177
65
316
72
1066
343
323
17
375
844
16
144
283
964
242
240
541
86
223
364
290
76
60
776
329
30
255
223
350
320
12
175
123
25
197
401
315
50
158
220
282
165
657
991
113
272
206
459
120
152
1177
103
468
214
118
360
255
123
22
516
281
297
182
76
846
123
128
46
123
131
0
284
525
315
230
244
162
319
321
23
245
212
0
21
210
261
133
276
215
631
256
83
205
1112
231
174
204
11
392
553
94
88
227
361
247
109
129
485
1118
192
274
349
131
115
759
43
239
149
674
319
68
51
7
442
96
173
196
234
171
59
6
70
95
1209
323
323
239
818
1112
34
1109
642
166
1215
175
333
1023
245
70
93
301
80
62
103
854
1353
258
252
1043
146
374
442
101
211
273
291
271
216
330
599
161
755
289
1361
247
6
567
224
35
190
790
150
212
512
239
5
987
10
219
289
693
7
1169
1151
204
973
1278
198
177
339
222
1305
746
1134
174
239
1068
168
271
159
392
327
1339
276
97
888
253
132
126
480
101
1163
407
678
94
184
1244
286
229
485
207
331
134
386
330
48
89
12
200
96
66
54
28
25
121
781
164
332
21
338
303
276
86
523
1271
29
227
311
256
1118
253
74
1260
150
82
345
116
1085
851
316
84
266
165
40
18
1001
1125
177
163
859
317
312
964
503
119
344
66
970
309
330
280
260
60
73
152
344
1110
35
847
553
257
82
209
262
364
864
275
266
145
252
7
132
164
217
67
367
300
601
224
135
23
333
317
775
258
12
2
225
55
79
123
190
84
3
1331
59
16
700
14
364
348
220
295
259
1306
324
352
324
1213
90
57
261
1301
258
538
86
230
664
21
676
624
84
472
151
764
11
100
114
181
337
251
337
193
860
13
76
420
372
215
145
866
1224
137
311
446
262
653
1025
229
169
697
307
586
26
183
26
38
340
35
249
27
191
910
1013
439
1051
1191
181
201
185
492
471
152
134
298
1314
745
82
668
1319
45
999
284
533
758
180
311
126
713
5
329
241
187
174
1026
858
712
100
217
202
279
329
104
831
460
67
85
1147
76
184
32
107
1181
68
212
1275
123
235
965
183
178
12
83
254
814
181
310
999
300
416
383
537
295
144
133
119
433
277
123
239
1121
705
174
16
294
1310
338
878
241
863
202
214
124
873
634
481
302
247
253
290
192
176
233
305
155
208
116
6
178
266
108
358
438
723
50
142
764
1108
12
71
239
123
557
662
694
132
103
102
105
4
47
154
135
342
324
205
3
83
316
640
99
237
758
350
337
73
110
676
167
1269
152
848
267
187
909
320
254
322
380
675
69
276
145
584
15
111
127
83
519
759
440
262
172
302
87
262
324
91
24
834
43
760
30
1151
218
569
262
109
58
196
61
722
213
43
44
217
350
156
349
701
272
1359
69
353
487
99
508
218
220
129
249
112
233
210
77
202
96
285
1088
164
167
76
50
160
130
164
128
924
146
793
263
179
1019
1060
1278
281
322
745
555
303
656
102
1184
188
289
186
366
337
330
82
245
182
963
23
177
949
68
15
78
97
160
245
287
153
306
159
737
358
592
981
984
474
187
998
591
273
242
93
165
159
715
37
154
50
253
1294
10
49
1077
133
402
736
395
167
225
753
126
122
325
360
295
298
124
451
10
157
210
466
1220
1240
191
35
134
184
197
120
148
137
852
127
598
209
842
935
20
840
1197
197
230
482
210
1135
134
1067
27
1121
338
242
23
897
58
1238
134
79
341
827
252
62
668
187
40
196
464
372
109
1189
194
101
276
840
1034
1200
519
363
38
97
172
731
164
876
776
91
8
9
6
14
543
273
306
463
232
198
131
320
294
157
900
240
255
431
1004
309
213
820
943
255
409
1321
1204
1313
668
358
56
218
429
46
125
5
189
149
50
139
261
147
170
70
250
270
1309
21
354
226
810
0
1124
29
57
523
590
1031
55
348
1245
68
143
189
160
1187
193
50
183
111
299
754
68
143
220
294
106
27
148
625
247
173
345
674
879
104
50
1013
424
340
260
244
607
214
244
1212
68
985
176
181
156
1204
311
392
246
232
5
843
267
903
52
1168
636
1254
192
63
731
139
42
407
1343
1066
177
88
9
103
659
483
95
218
98
119
6
149
531
1366
106
486
609
620
1076
211
972
111
334
329
1231
345
164
1114
88
346
38
1007
99
1225
1206
283
359
9
248
56
28
532
136
1133
196
148
481
93
308
108
147
246
216
175
1029
42
70
118
702
232
133
83
358
886
165
55
143
142
462
168
610
471
312
154
566
875
293
515
290
231
130
215
2
180
160
99
173
189
204
280
10
209
1145
1006
82
118
351
66
18
217
1253
93
409
275
318
320
1046
283
1343
29
5
116
364
3
161
327
346
280
89
188
1028
834
1301
251
0
50
896
842
176
205
104
717
168
250
194
125
1007
898
543
1169
415
86
68
1322
268
982
87
57
271
238
366
1336
740
28
277
1226
82
307
736
181
360
2
850
46
340
583
534
817
303
999
245
762
150
180
800
150
113
189
89
186
111
356
0
644
329
25
295
223
1077
197
686
918
925
138
708
190
13
951
1277
107
104
72
255
304
79
114
145
347
318
218
1250
362
1047
14
54
954
204
326
174
269
26
279
19
83
1110
115
767
1092
278
344
1008
191
149
363
80
240
38
1164
150
1231
916
513
179
169
301
236
1084
250
1215
92
394
51
190
118
1010
971
172
1049
1003
134
981
799
2
240
1336
289
117
1183
812
12
347
816
161
321
818
100
231
1004
1099
1012
238
17
264
177
343
45
257
344
1029
210
521
188
303
863
862
681
194
540
1300
984
155
594
340
858
60
40
22
314
60
1036
1135
151
248
185
40
855
102
738
866
50
126
267
1015
288
100
229
897
1263
544
98
323
1255
287
281
153
62
772
10
249
76
282
196
2
887
279
61
326
67
358
83
11
51
223
916
45
441
216
352
5
268
47
256
361
237
203
302
54
614
173
591
178
16
159
269
519
306
156
30
57
641
121
152
139
356
150
464
1135
141
142
193
1014
1056
138
118
1015
25
860
6
1071
471
148
184
392
1008
40
137
336
215
757
21
71
19
0
128
85
1013
266
671
1345
189
1187
150
365
123
116
235
137
600
105
356
780
228
469
10
21
45
142
181
43
268
637
247
324
213
310
225
84
1117
261
611
1140
5
268
1122
118
585
10
1085
127
263
37
568
90
94
26
227
94
690
900
136
263
28
1052
202
188
355
1136
111
78
133
166
23
293
298
945
216
700
633
315
459
691
296
309
1224
256
1079
326
463
279
1352
121
30
492
292
738
92
298
58
44
896
59
3
201
186
177
23
416
115
44
201
187
179
143
336
103
136
146
273
1013
418
167
1260
1347
945
97
286
230
215
89
281
240
524
779
275
149
298
1195
26
218
51
42
165
829
262
242
114
669
209
41
292
146
832
51
183
1267
330
58
160
28
266
1176
570
328
176
23
308
257
142
356
306
70
16
600
296
108
51
746
348
219
341
1095
20
233
1163
350
149
107
341
206
1023
165
202
156
351
93
359
173
282
1245
305
288
873
897
448
339
574
214
933
173
736
367
178
102
150
77
337
1332
258
130
909
1187
298
214
138
908
293
274
985
1037
85
29
167
11
31
61
45
935
128
218
15
147
34
72
1193
255
216
348
24
610
1122
453
45
107
291
34
1044
1168
701
274
279
280
260
124
491
285
53
251
265
348
230
865
83
86
1022
965
1058
145
248
14
1283
176
1229
244
135
151
1034
126
797
716
1194
364
165
253
508
1276
175
89
812
79
21
265
269
1073
236
258
982
829
1307
1290
1119
77
289
349
314
123
214
341
66
219
730
235
1126
1307
1
186
45
328
74
324
351
1130
123
17
1
277
441
135
165
122
500
254
584
17
178
308
516
1212
112
1204
198
934
899
87
151
121
251
111
485
26
342
143
618
351
116
682
24
1032
53
23
150
782
316
1295
262
97
728
150
76
274
345
1109
70
412
194
345
455
246
324
222
565
11
19
1166
790
89
1202
235
24
54
146
1286
35
111
702
585
391
246
632
350
1333
162
18
211
79
48
1266
474
179
366
290
286
349
308
36
228
293
170
1237
246
257
571
28
264
281
78
81
222
98
272
52
294
359
367
204
90
253
41
241
35
325
331
358
279
674
98
903
1080
192
264
364
897
363
84
194
159
900
1355
205
91
332
160
300
331
26
1350
28
671
14
47
202
62
715
275
10
499
220
290
357
185
78
62
108
107
197
723
530
325
641
245
3
127
294
562
147
1116
1283
90
1288
8
201
262
247
330
1347
549
337
266
600
260
1222
353
241
212
103
628
238
125
235
345
940
827
6
788
24
459
463
320
1047
70
210
160
314
46
112
352
505
275
6
170
205
1251
932
196
911
251
364
197
208
511
66
128
312
182
343
64
204
281
635
285
1241
463
53
260
1325
29
70
180
253
8
31
894
203
879
407
897
112
1180
1082
61
401
424
438
66
581
226
50
1352
480
228
1251
190
263
930
816
245
229
30
1113
792
223
116
88
129
321
257
613
239
347
252
269
299
1125
696
307
184
35
295
265
286
166
282
1223
103
623
352
97
503
79
1152
198
937
865
321
154
260
574
88
759
873
53
181
132
64
724
263
939
43
93
1273
125
100
1266
278
10
56
170
182
18
662
316
447
147
345
72
1056
16
1175
94
241
137
196
936
777
231
1101
988
120
920
134
181
73
37
248
19
301
139
162
202
544
610
890
894
47
952
486
126
97
162
121
654
308
269
1068
49
1052
286
233
172
47
122
82
349
202
1209
40
1035
100
1093
193
83
98
318
307
8
1202
651
356
246
129
235
594
69
360
149
464
191
618
130
148
123
114
303
542
17
313
331
1000
104
142
175
1030
333
83
149
402
202
258
143
156
529
2
182
279
8
1189
922
49
1231
771
91
637
1138
65
168
187
324
577
550
273
1158
338
187
31
211
349
1285
257
329
299
701
264
760
222
347
520
239
475
769
229
233
34
263
720
1299
238
42
320
179
467
233
357
228
42
355
29
0
239
343
36
297
427
21
257
218
1098
1366
272
171
55
988
353
86
1262
166
287
228
116
1268
444
161
95
1260
638
465
1032
88
155
1294
904
1253
1221
136
245
117
132
633
70
1261
100
623
31
180
129
16
74
722
262
10
944
1193
324
1044
1208
1191
349
337
32
189
191
749
504
321
63
859
917
270
1305
208
1202
54
75
672
67
639
342
1323
278
934
151
267
213
98
944
333
100
150
321
1140
122
341
233
962
239
302
82
1363
317
418
59
19
22
43
171
292
6
30
341
1031
199
232
209
21
352
193
51
339
330
162
62
94
225
345
607
853
425
1257
87
1030
867
346
200
126
141
123
238
35
49
482
1121
301
143
830
69
146
241
1298
197
509
787
928
15
1088
151
226
5
575
667
336
536
1218
489
613
1126
580
482
898
52
262
154
159
308
51
368
349
11
161
348
1200
229
304
160
204
59
30
27
232
102
229
183
53
243
245
258
128
153
343
305
91
329
32
867
300
154
270
978
1007
305
116
227
1098
21
27
236
298
113
72
49
1231
23
40
228
67
5
34
1282
449
1148
242
326
506
248
323
1226
229
1122
1245
527
219
290
1246
675
38
131
1364
302
159
35
278
1147
1045
77
1048
625
396
1326
255
173
252
115
1061
231
329
291
341
233
40
186
123
340
244
1299
402
718
1322
268
164
1168
352
277
100
757
71
251
66
226
359
981
127
4
19
119
914
157
12
204
360
814
358
23
123
18
106
199
8
204
83
1321
259
145
135
328
535
157
154
185
185
696
243
1137
769
87
218
47
109
25
681
206
866
722
81
248
43
53
109
97
298
97
209
96
58
38
297
145
558
230
202
172
96
112
258
56
133
246
498
342
40
163
49
212
138
98
855
1049
116
298
1001
283
351
665
192
46
238
127
252
1275
808
158
283
244
247
963
183
825
183
1161
162
1075
652
361
313
209
734
36
747
30
167
25
277
672
300
92
380
735
44
895
69
249
229
158
985
696
983
110
1038
362
23
416
58
286
213
49
747
535
1167
278
157
190
279
280
138
275
605
19
21
296
302
350
965
542
6
488
270
859
197
794
1283
269
450
65
308
1025
225
753
271
12
254
1314
473
197
595
18
334
217
311
836
300
345
48
16
34
349
491
184
92
30
253
907
93
175
109
771
549
634
1110
140
77
141
21
163
1250
674
744
1288
935
517
285
1033
804
671
45
897
614
295
797
285
314
6
353
256
85
1173
544
331
269
202
183
253
73
104
671
234
164
45
32
169
909
352
90
276
105
1130
67
27
216
141
248
325
297
160
297
290
121
124
21
359
1156
169
326
157
446
245
30
338
400
103
74
231
1291
1149
244
97
214
1349
205
232
76
78
44
237
341
35
696
855
92
794
257
218
701
246
98
163
455
492
476
288
534
195
879
163
87
251
950
12
174
72
364
399
305
93
617
254
295
678
32
948
1241
405
95
106
1219
53
171
388
664
106
882
449
204
1357
62
130
559
132
359
51
706
245
117
96
843
988
60
453
1047
256
206
206
342
268
87
896
112
21
203
208
283
1170
938
868
261
882
513
106
37
34
259
305
319
1270
1021
1011
1296
258
1065
117
252
318
464
823
390
181
507
293
361
266
319
938
220
217
146
172
1326
94
77
192
540
159
86
345
73
950
294
649
1070
351
1128
1154
346
342
1162
549
252
118
261
87
191
331
306
651
259
226
824
148
218
1233
733
386
48
306
648
977
275
342
254
264
1147
166
363
511
342
1257
40
711
362
144
140
119
1106
158
964
742
340
10
1
1098
275
215
675
132
218
110
724
438
1297
24
1339
216
185
1179
852
90
11
129
247
1299
348
252
255
231
107
602
270
860
4
716
727
131
916
215
345
1171
1272
116
189
110
312
343
148
86
161
79
266
180
223
53
667
318
290
374
859
154
268
165
183
77
263
915
136
25
139
309
787
840
1111
319
1306
1007
1150
106
74
285
161
18
425
180
17
93
725
1134
157
219
231
222
267
343
118
341
468
752
1078
117
362
127
19
624
1110
59
245
1130
291
703
135
12
126
29
267
652
79
174
102
325
1119
226
1047
1364
81
38
467
316
148
208
589
60
177
276
177
92
297
187
61
265
174
861
233
81
261
249
927
93
1184
156
524
241
258
18
1109
290
72
92
326
176
101
147
686
98
774
295
266
1147
119
135
325
78
91
1221
104
951
336
339
333
1165
557
89
138
184
53
54
255
671
1028
262
1355
5
277
221
46
184
969
310
164
548
261
366
135
270
600
364
1268
82
535
106
191
172
38
407
1083
392
174
196
346
293
1055
95
3
251
225
47
454
87
101
655
399
234
264
909
1218
172
533
238
652
300
909
77
321
340
64
256
612
198
469
623
111
1326
76
1348
635
808
285
770
693
110
587
697
62
138
300
75
12
31
172
112
125
367
139
1192
296
400
345
1299
21
977
112
636
26
73
433
166
60
1136
250
127
132
205
930
2
85
354
1332
251
130
3
113
94
1223
269
227
243
1314
250
295
223
800
165
206
25
0
498
239
49
253
263
204
304
190
158
217
1256
776
83
328
134
82
791
156
22
9
436
506
157
1323
72
112
68
1355
239
263
123
1298
217
170
65
132
346
22
137
1152
969
90
107
84
1252
612
24
78
364
196
216
106
156
166
231
46
241
189
765
353
436
773
833
301
92
1091
71
99
227
190
280
277
120
368
306
419
67
412
1143
268
330
523
691
39
149
584
149
256
254
0
333
1139
526
345
114
316
468
204
962
856
191
648
20
220
3
310
25
43
1152
781
447
100
284
3
285
1030
890
163
1296
335
223
281
964
937
803
21
296
1189
314
344
250
944
248
30
46
1014
1090
1275
179
27
80
1093
241
135
78
22
156
106
182
87
367
675
89
1329
513
76
145
0
283
357
159
326
14
101
342
927
160
1244
942
395
822
72
585
1118
137
129
171
103
134
18
94
391
245
346
308
264
313
101
1023
463
259
317
1
63
1042
906
171
563
499
580
300
276
256
202
46
91
1310
192
130
29
166
51
241
237
925
843
988
401
1063
9
303
202
222
115
354
252
236
119
176
911
290
863
304
181
215
159
181
88
24
206
1233
1033
312
687
895
1319
876
289
219
330
231
1076
366
63
73
17
199
926
1164
709
447
208
4
136
53
299
296
167
210
729
320
166
277
158
173
746
160
152
520
268
327
223
98
207
516
355
310
495
135
255
875
339
829
358
1159
315
296
247
536
44
205
255
85
409
1140
809
936
270
62
599
43
1344
1314
107
115
699
157
171
272
67
174
827
1331
221
799
73
187
257
1363
176
848
173
421
30
217
270
188
77
689
1060
253
233
1215
307
989
221
752
256
54
33
96
1204
5
568
167
56
924
927
1147
950
331
341
295
657
1046
732
719
261
262
1107
220
794
60
856
442
215
847
0
286
338
1070
235
1045
323
313
233
355
1036
129
256
39
443
1008
382
238
303
36
175
364
361
321
242
200
157
303
808
1162
1160
1296
223
47
918
1231
115
173
58
983
111
955
332
280
665
102
321
84
311
19
343
121
719
61
975
647
46
1178
768
146
159
146
444
1176
248
308
142
203
601
253
356
657
249
225
1345
245
533
500
258
254
337
1321
1285
1203
228
1256
299
560
100
190
314
129
291
1298
1331
23
361
827
291
241
125
293
123
282
475
773
812
221
63
465
255
203
355
314
908
216
121
702
348
319
54
549
1207
201
254
33
191
256
280
97
1353
830
265
288
105
88
28
178
910
124
71
619
259
1141
299
1012
1275
120
789
139
262
1047
165
103
164
257
1292
345
261
159
142
1063
878
249
191
139
397
1279
117
183
342
81
1004
177
676
37
17
349
281
226
339
225
144
138
263
51
391
233
31
234
954
269
856
234
191
105
295
75
263
604
667
366
252
765
38
122
742
847
182
241
1201
332
314
32
94
49
337
1103
259
803
159
151
342
282
100
265
266
344
36
312
241
120
1113
182
719
220
43
376
204
228
237
187
306
1180
1004
195
359
320
301
1210
145
328
297
996
882
640
317
838
386
65
13
505
510
141
171
842
1025
684
110
927
544
128
146
1127
180
928
113
202
208
713
58
446
299
72
96
242
36
350
270
26
205
267
353
807
98
254
251
439
53
297
58
1123
263
107
1290
303
389
624
83
394
1257
134
101
280
238
258
313
157
58
310
221
710
499
1136
69
167
134
946
202
901
55
200
32
916
194
169
704
348
115
100
63
8
1153
125
412
537
1040
150
323
25
1194
500
245
201
108
744
838
370
1170
451
61
317
296
272
49
295
262
1212
81
158
1209
336
124
745
443
288
206
143
98
226
63
71
153
214
1043
361
917
158
745
248
347
45
779
1067
791
623
139
981
24
479
360
17
1056
214
1002
58
207
20
1313
92
215
49
139
958
332
121
647
989
787
1355
46
1009
187
4
249
346
350
2
754
284
137
961
217
1030
95
229
298
138
477
20
278
168
237
17
923
985
861
325
329
738
276
240
591
42
1146
237
294
212
1222
144
79
134
41
891
84
226
568
248
293
42
477
331
50
143
318
622
134
264
334
429
240
1280
227
50
176
59
547
121
120
1249
202
1
305
132
52
843
500
339
239
1321
1204
199
640
729
72
284
365
170
295
81
183
1201
222
305
156
359
710
101
471
137
1285
90
231
317
613
215
508
18
252
9
1241
623
791
92
296
709
1123
109
86
1098
321
256
247
716
410
81
280
209
978
764
246
68
342
691
15
298
166
57
182
59
838
562
46
456
67
296
1003
721
1044
218
23
58
199
504
360
1247
186
344
1262
652
678
103
295
571
49
14
88
123
327
40
665
79
307
464
252
155
165
83
259
212
609
555
267
1274
107
131
121
309
1336
124
162
1109
841
473
31
81
104
251
301
343
210
245
196
257
752
98
198
183
331
589
727
115
922
1067
528
161
59
590
318
155
154
124
54
722
340
62
99
511
244
979
1039
341
1304
1
91
1232
959
1119
1093
323
886
315
212
862
306
956
363
212
129
255
417
664
191
899
289
83
1089
342
776
115
640
1237
221
252
338
625
112
166
1298
1152
213
403
175
1291
151
319
1337
342
275
867
330
159
74
527
302
21
10
28
179
498
122
314
55
1312
52
674
30
233
1
250
147
326
181
280
759
55
347
853
147
102
85
1209
360
78
872
107
31
183
300
121
28
1007
34
298
317
185
267
216
1334
371
117
176
338
77
243
599
259
254
968
1076
279
283
17
1282
171
191
128
361
1351
176
314
1196
283
167
162
207
1031
283
72
41
581
312
346
74
1197
61
55
261
94
84
58
1185
1150
1365
129
35
659
316
180
248
25
305
46
297
82
8
308
440
268
210
315
317
709
48
796
74
124
104
833
87
404
148
209
886
752
1244
995
160
670
267
751
746
34
74
112
1336
1280
269
855
327
25
203
1125
358
305
188
183
1207
497
194
316
677
246
74
791
201
364
214
363
545
334
1097
92
6
328
767
99
954
628
179
874
488
136
163
396
274
103
749
422
429
312
176
159
142
1246
42
635
1100
207
1342
150
72
50
700
36
414
163
668
229
1024
26
226
186
100
90
264
150
230
804
2
300
786
630
34
184
1208
30
4
64
163
116
21
269
88
283
251
282
197
26
353
86
203
128
1347
307
1252
84
303
683
44
340
358
78
24
150
332
280
298
107
489
110
129
279
159
274
740
126
697
270
307
185
1304
152
789
163
868
317
159
108
23
29
318
246
255
294
1178
33
259
332
1080
901
230
27
663
6
291
89
302
947
427
508
493
69
1256
793
1308
553
360
271
105
116
339
143
312
317
601
277
228
45
164
153
909
252
142
170
219
1058
269
491
510
583
125
2
204
262
310
652
16
4
190
1288
68
1001
1189
107
12
152
345
502
144
13
215
667
157
1304
784
33
621
40
461
843
1252
1204
1126
662
280
337
90
4
184
109
135
151
1257
354
116
245
338
72
317
252
94
132
150
81
168
168
137
1007
204
90
1109
304
380
784
7
36
149
1307
1007
362
295
172
247
334
1142
222
141
500
60
895
103
255
1142
129
179
79
118
135
731
240
783
144
222
1166
201
67
330
356
1144
466
161
262
334
236
391
1013
1250
1272
76
435
245
936
1143
28
310
117
163
1333
114
187
93
279
341
1093
617
432
1127
1290
225
133
284
1165
529
459
321
358
211
971
1053
614
35
47
298
205
1253
158
764
142
658
292
96
113
220
288
678
105
876
801
96
1311
58
337
218
180
928
284
129
338
175
68
322
823
741
184
98
1362
199
771
196
198
1037
267
208
161
2
903
161
97
91
560
320
884
849
31
162
416
337
315
272
126
228
207
513
668
64
269
67
475
364
60
247
307
466
91
281
620
848
230
54
1120
351
83
281
150
285
791
589
511
792
318
26
584
287
338
338
822
209
694
409
248
98
18
1041
1192
107
1082
802
538
90
212
22
351
133
266
434
311
45
322
178
303
71
62
103
391
245
253
129
167
134
316
1350
175
308
185
190
206
694
6
277
585
785
364
272
1219
189
171
28
326
1097
1035
54
36
750
161
551
997
44
230
793
109
310
216
1206
141
785
78
52
238
8
76
695
743
1169
247
278
176
470
276
42
98
972
636
2
142
282
210
97
1316
571
612
26
163
185
235
108
222
782
91
1046
164
86
684
45
178
1134
243
248
236
13
589
350
295
931
16
217
19
20
611
501
304
527
449
1156
406
45
45
296
60
101
336
283
276
256
61
193
322
249
119
169
268
1060
27
250
340
242
304
70
135
147
1103
181
1154
360
224
286
452
232
71
425
226
24
497
186
410
86
125
104
2
303
282
1222
110
528
100
174
295
224
62
1010
939
998
39
151
193
177
53
351
686
235
305
256
309
322
68
1227
175
52
194
41
97
176
240
353
180
365
230
279
386
274
172
964
10
169
195
805
880
809
7
341
59
309
345
63
110
397
219
7
747
413
116
183
210
734
954
326
76
12
237
490
343
234
1266
262
1320
171
1088
55
96
111
866
226
101
275
217
348
317
295
238
469
482
92
70
174
335
94
52
362
277
716
1028
222
179
190
361
181
81
290
195
1275
337
118
80
276
359
113
298
255
40
246
300
229
336
82
197
130
985
38
100
1140
21
315
209
55
261
240
17
756
50
62
202
1314
227
641
363
62
189
343
204
287
76
43
1021
92
396
740
1327
871
513
1019
133
310
59
284
116
1272
1116
177
310
547
215
238
960
321
534
118
243
275
241
360
1169
196
118
12
276
270
360
200
1039
62
260
100
625
1347
636
142
86
766
105
339
70
18
322
153
249
922
1062
135
197
919
787
651
349
319
1318
1026
349
1183
830
1161
813
85
51
259
1143
269
1281
156
159
109
56
212
222
717
162
329
205
116
344
608
501
335
434
35
366
244
657
161
329
94
108
917
80
138
65
34
243
60
316
249
55
146
229
56
74
736
191
135
301
356
135
347
1335
225
24
163
73
635
16
364
146
438
312
140
875
858
785
204
151
809
880
78
334
514
253
104
351
193
327
958
87
1030
1198
342
307
289
66
77
63
740
265
946
227
1188
74
270
13
1126
268
1157
265
366
208
198
280
973
183
1318
203
271
274
195
301
76
41
248
182
27
149
348
1350
198
284
9
64
1066
197
117
209
271
1082
140
1313
367
687
547
144
38
113
920
190
942
145
965
109
140
126
995
160
1025
26
50
9
1303
886
277
1125
1087
455
801
181
269
546
222
128
283
352
241
0
289
125
60
75
927
1009
434
1001
309
39
1087
279
170
64
222
1300
6
19
126
9
746
17
971
359
1327
5
198
99
228
40
297
254
274
290
313
352
1334
1103
350
265
335
217
263
342
209
307
49
1
734
974
24
208
709
84
107
105
260
322
331
55
254
1120
66
150
1317
926
15
55
219
521
236
1154
245
236
360
648
364
544
906
142
186
922
335
237
199
843
206
881
83
21
96
1220
110
190
585
35
259
1238
366
324
286
157
366
128
117
61
952
481
259
174
67
334
386
1190
37
289
1024
318
639
822
285
202
343
438
19
156
67
343
119
291
316
234
63
32
946
117
130
379
1248
223
989
1285
1014
362
318
116
320
261
122
215
909
817
322
846
244
283
106
108
317
358
69
316
41
287
11
53
7
2
112
145
917
260
1073
1213
281
13
105
165
79
442
30
140
75
358
563
1248
79
330
982
249
1112
360
1280
782
238
314
161
30
202
142
158
1253
117
228
1141
285
301
1354
20
152
170
65
184
573
182
1362
200
253
348
801
253
472
170
604
14
364
354
218
292
425
332
782
189
262
336
190
54
184
914
1291
919
146
1077
11
71
201
215
623
339
220
1283
1067
111
272
1317
42
720
346
159
555
311
362
269
11
99
85
74
138
149
16
50
309
132
491
361
89
1161
89
199
186
1262
1356
335
192
318
1194
32
1315
884
640
440
176
20
7
205
93
64
1234
566
1196
108
43
192
85
841
148
236
82
11
310
1334
81
1360
494
974
130
209
143
470
251
79
346
930
156
216
646
36
382
363
316
152
1356
92
182
472
258
714
1117
262
174
728
111
755
549
366
1072
365
1240
160
844
271
1233
196
270
770
290
26
14
725
90
210
210
342
207
419
269
767
67
252
237
163
619
283
1150
505
331
208
40
34
611
90
83
293
200
26
1226
1119
36
343
130
632
137
96
1120
316
271
87
500
1127
291
128
347
966
281
358
108
1312
31
102
302
221
273
90
34
26
1329
170
820
1041
351
1265
1215
258
925
1302
326
333
4
72
35
27
99
1345
330
98
233
612
493
212
308
307
1
611
7
77
6
470
157
194
146
1176
1349
196
253
1305
114
199
346
11
281
435
176
1026
469
279
450
868
357
931
462
105
73
128
953
509
74
8
746
825
192
914
175
165
128
8
355
109
309
83
342
300
148
120
180
42
251
161
203
49
338
930
326
309
275
361
1251
476
351
310
192
168
502
460
4
160
68
336
98
349
199
238
810
769
47
290
214
1122
12
138
1149
304
133
294
1054
291
701
590
726
856
66
249
109
300
244
70
946
39
121
221
790
127
140
206
146
660
1039
246
29
297
317
1099
158
297
1305
232
31
1325
448
761
172
158
850
121
130
1152
247
168
69
343
222
70
603
146
434
358
102
844
1192
910
9
161
25
103
265
31
308
70
726
365
88
298
1068
92
988
621
328
169
0
126
75
33
141
129
435
283
522
187
96
1129
137
1262
1013
60
589
29
357
269
652
387
117
314
904
160
147
283
880
360
347
355
45
1294
361
258
22
362
951
80
984
148
320
113
335
259
182
791
345
1260
1140
260
295
638
927
30
1285
361
210
108
1030
7
48
641
35
226
314
1209
1168
76
487
303
65
710
39
140
171
25
917
44
157
203
1187
663
488
93
268
100
170
136
342
329
281
231
244
100
161
51
47
130
334
174
357
303
327
12
1164
269
212
962
708
218
130
101
320
211
49
107
920
70
201
527
62
283
135
340
184
15
533
73
127
182
307
41
252
133
286
306
203
82
79
351
197
271
303
53
975
108
220
56
187
222
1129
119
139
212
79
105
172
215
271
357
254
888
74
997
6
1104
1013
149
40
363
84
21
229
322
93
1005
329
79
262
98
351
1055
238
327
244
275
1036
791
67
199
166
872
318
528
256
1
119
282
682
123
186
1090
354
341
217
1157
5
138
344
689
345
80
213
256
186
1090
100
1228
581
131
28
153
75
1066
38
203
110
20
903
90
18
471
602
24
162
322
34
315
255
27
155
424
398
151
218
25
46
1137
142
98
1208
36
283
256
650
111
521
363
266
985
202
302
210
244
365
993
1111
210
1291
1358
119
218
1235
196
461
1133
254
129
1261
313
140
48
355
143
235
229
196
325
788
74
64
1321
154
24
237
1259
216
668
113
305
109
34
327
1065
212
338
149
358
346
356
2
488
187
1073
972
34
51
974
144
578
6
185
939
104
277
206
116
1294
121
1092
1222
363
132
299
316
854
125
68
247
603
118
71
150
1121
1244
207
1190
353
564
171
60
173
311
327
259
162
348
1185
150
90
360
177
353
301
352
356
3
150
302
70
1057
428
1289
379
970
365
57
241
240
203
1206
1230
745
280
686
295
1006
99
27
689
250
982
169
217
336
225
279
221
165
148
107
408
141
56
221
222
1130
107
996
326
113
307
723
380
50
462
1058
273
611
353
93
335
306
245
1036
174
361
166
913
947
1283
10
76
830
294
339
97
1326
649
311
78
177
242
109
202
296
251
183
314
30
197
178
352
1317
869
254
289
102
788
69
107
570
1019
664
1007
210
991
1003
152
246
662
325
718
138
37
252
515
1364
362
585
120
317
452
297
116
248
111
105
43
201
309
94
123
337
222
276
227
235
64
204
42
191
342
1122
221
237
102
275
1061
153
242
99
118
1076
760
86
105
89
86
340
8
81
28
1029
167
323
478
203
54
315
308
999
801
44
84
934
246
200
227
804
327
1047
253
133
302
279
1301
218
313
411
563
71
559
310
71
67
21
16
363
184
165
241
307
120
103
24
769
270
282
195
166
1262
112
907
354
6
182
319
95
166
151
889
333
283
151
758
844
631
1086
804
81
844
164
56
295
267
40
92
76
315
1346
847
115
268
1221
1272
1235
29
130
1011
309
1062
60
1249
445
356
754
1301
189
670
678
929
9
88
346
304
589
409
70
164
89
101
316
177
230
194
267
255
389
191
229
602
1067
221
841
134
36
223
100
568
175
105
771
210
135
77
56
231
934
27
360
421
352
341
131
64
432
659
358
1124
758
331
132
430
273
1073
47
693
183
120
845
336
203
322
248
999
18
175
190
862
1289
367
100
85
40
42
25
66
73
81
76
36
94
33
64
71
66
11
10
24
6
86
58
9
93
17
9
87
93
90
44
76
69
42
90
0
14
69
15
82
25
67
12
9
91
69
76
4
12
21
0
4
81
50
10
64
33
59
79
51
15
20
58
79
79
39
31
25
76
78
42
62
73
22
74
57
84
66
97
38
54
34
68
51
3
99
93
6
86
42
49
68
61
29
13
33
7
2
77
60
2
86
22
34
45
5
41
28
70
92
49
70
78
16
64
99
74
79
91
6
2
93
31
82
89
22
67
83
92
70
42
37
67
78
40
19
58
74
2
89
97
32
47
47
80
20
45
30
42
85
24
44
89
41
24
64
32
6
26
80
83
73
77
88
56
71
66
0
83
50
0
22
13
81
99
9
54
37
98
86
85
41
36
49
85
66
64
0
45
16
60
4
34
36
16
21
1
36
17
41
20
44
60
1292
false
false
false
false
false
false
false
false
false
false
false
false
false
false
false
false
false
false
false
false
false
false
false
false
false
false
false
false
false
false
false
false
false
false
false
false
false
false
false
false
false
false
false
false
false
false
false
false
false
false
false
false
false
false
false
false
false
false
false
false
false
false
false
false
false
false
false
false
false
false
false
false
false
false
false
false
false
false
false
false
false
false
false
false
false
false
false
false
false
false
false
false
false
false
false
false
false
false
false
false
