100
20
40
674
134
58
137
85
791
62
53
113
54
21
798
76
150
147
29
80
113
1119
886
2
201
906
27
65
5
47
145
61
136
328
933
2
132
75
827
987
77
543
93
91
8
14
949
187
55
1124
816
67
462
396
90
69
106
1039
115
474
59
42
36
154
1107
141
83
64
668
1063
149
78
23
98
47
299
256
50
445
140
15
926
309
23
54
1153
117
133
634
68
117
8
107
126
102
147
132
69
117
835
745
34
146
58
116
131
1025
687
49
89
102
256
152
93
151
77
46
405
314
88
974
104
82
107
114
1033
41
83
38
23
86
109
29
1144
124
138
590
423
64
12
19
652
383
85
75
39
45
147
57
144
6
102
147
102
106
109
44
103
108
151
915
3
50
130
37
843
123
959
1118
58
1060
125
0
1110
1056
138
629
24
17
114
83
82
73
82
31
768
36
22
92
134
148
71
60
557
126
286
952
100
78
1146
119
26
143
79
146
689
354
500
142
302
95
193
131
43
973
30
91
983
45
135
171
151
803
6
54
18
59
511
35
401
115
52
83
41
386
61
0
826
453
82
973
47
50
381
20
115
7
49
1146
112
178
6
55
59
72
195
141
122
143
145
1021
73
530
63
153
67
49
21
13
32
135
44
121
7
174
65
753
1020
985
580
107
80
132
897
127
144
90
967
86
1
85
141
706
33
145
58
52
34
938
4
102
92
65
151
24
39
125
7
139
65
117
139
855
1018
88
45
55
427
6
1013
680
591
756
132
16
33
70
574
125
105
130
151
1126
137
306
198
31
69
732
36
208
127
50
47
1118
34
4
83
73
73
133
81
490
32
27
80
38
136
109
53
655
9
996
10
339
47
95
138
36
152
103
407
409
68
91
815
3
161
96
136
139
71
91
1014
7
35
247
86
88
1
721
128
970
146
452
6
8
205
277
122
137
45
140
150
87
737
44
141
708
136
40
53
471
279
719
929
77
48
716
89
117
124
5
132
9
617
649
63
100
70
180
78
152
652
63
82
112
45
920
908
970
1047
999
957
22
22
502
91
93
5
123
38
733
124
677
120
27
151
136
67
45
95
47
97
25
10
582
104
139
107
56
110
77
109
303
534
24
71
152
48
470
895
43
367
112
60
152
509
12
109
112
648
440
450
77
126
24
74
590
87
120
131
405
1087
129
76
117
9
651
743
142
81
56
16
127
31
143
23
81
369
17
151
619
94
87
120
103
85
144
554
95
116
87
114
261
45
136
38
136
463
40
881
105
93
100
602
116
13
719
400
359
67
107
50
80
81
898
94
660
131
82
39
517
33
0
13
533
22
135
97
16
30
110
45
112
520
87
125
104
152
1
121
580
142
65
1153
146
303
317
108
58
495
100
46
139
817
38
9
22
34
9
992
564
1023
394
1077
98
1
102
947
107
1057
86
59
87
126
13
135
199
102
89
21
67
316
305
32
60
3
234
339
64
1009
57
934
491
31
85
80
65
145
120
82
62
106
18
75
67
878
1110
9
16
295
123
670
146
60
984
118
133
151
121
49
170
53
866
848
20
13
36
42
512
109
355
459
167
99
104
697
23
125
233
97
152
48
10
92
93
86
32
348
249
142
16
12
131
1047
116
93
1070
143
15
110
146
132
120
1033
67
651
41
462
356
114
133
20
260
950
111
112
939
113
911
679
121
131
25
11
488
145
140
45
15
6
437
0
17
151
74
426
48
74
524
10
188
812
509
53
153
38
21
754
148
851
16
26
91
393
69
160
68
90
27
403
119
101
75
150
100
112
82
11
14
9
88
49
122
3
77
94
335
540
754
333
116
74
472
98
1064
621
71
76
857
417
776
108
1131
25
105
533
26
73
152
123
260
982
47
111
87
334
588
138
37
179
788
576
124
35
48
110
113
575
117
1056
534
480
582
10
89
41
632
444
116
143
31
395
147
67
36
49
41
126
72
92
150
536
62
137
71
56
707
1136
10
646
124
3
76
40
23
33
146
99
85
52
81
52
72
466
132
1029
110
84
111
33
894
12
994
93
434
37
66
699
73
150
1018
125
507
138
762
826
731
23
76
86
397
70
505
376
13
574
68
669
359
157
88
20
84
225
940
1
61
639
144
59
59
47
110
270
221
337
4
126
201
104
61
19
74
60
769
828
65
14
7
94
132
471
109
582
108
39
145
103
307
72
91
93
4
115
47
822
1
427
113
151
689
56
926
56
137
419
48
899
419
129
34
51
92
81
843
30
788
10
0
52
144
1129
146
140
30
73
828
82
63
33
1138
633
340
40
48
148
339
280
150
135
138
67
148
72
109
141
68
115
150
26
98
589
663
78
144
133
238
123
51
133
126
903
61
98
44
40
1150
128
831
128
134
51
23
967
315
86
120
141
46
119
147
657
907
18
255
6
928
1
73
287
70
108
3
132
30
316
1003
50
185
195
370
74
401
90
1055
22
118
32
35
90
596
751
59
83
164
12
79
118
83
604
62
70
109
639
46
103
791
17
116
57
825
96
128
66
356
141
54
65
673
465
34
854
80
392
1126
53
24
130
68
90
63
88
135
27
75
41
51
5
4
157
20
975
31
125
70
800
832
26
80
257
964
52
53
25
113
100
405
138
39
107
622
111
53
785
33
67
24
9
114
20
49
284
42
142
10
19
33
1106
41
130
112
26
443
117
1034
102
825
36
1030
152
38
351
80
148
90
1098
45
3
143
70
55
273
385
140
113
5
443
141
57
693
52
122
74
138
60
43
129
74
94
275
65
32
106
133
561
106
90
773
59
81
65
88
840
67
136
710
13
79
139
111
99
775
26
114
120
861
77
1015
598
67
3
730
60
105
92
450
37
356
100
61
957
28
744
50
2
142
140
60
1141
58
96
578
72
149
951
79
90
132
604
845
61
684
118
114
123
102
1021
34
113
72
47
45
174
43
999
11
39
132
62
1071
896
365
1031
137
3
151
910
590
2
287
53
148
99
978
109
765
63
131
695
133
21
623
57
123
482
605
1139
139
1025
932
146
76
773
463
105
345
143
644
118
64
335
75
47
121
988
90
586
0
526
57
269
1093
37
20
129
126
1025
790
33
125
345
66
119
105
112
293
104
89
328
153
84
108
129
503
10
128
147
140
85
108
640
105
86
596
113
233
76
53
96
27
78
1120
1095
56
121
313
54
303
69
69
57
669
75
572
135
721
95
78
625
1
82
3
836
10
25
6
44
107
37
79
114
45
906
137
557
85
744
71
26
18
53
48
109
111
75
857
82
64
39
35
102
26
726
52
110
159
152
66
177
107
37
87
716
82
126
113
43
337
25
149
120
245
845
21
122
27
227
144
62
49
322
541
113
135
828
128
32
126
58
84
1063
820
762
69
55
12
11
68
107
124
125
530
12
186
55
298
5
100
134
111
42
97
1071
122
151
321
134
148
384
62
44
511
85
695
119
26
91
709
39
9
148
146
89
137
44
136
1112
148
91
115
86
23
103
121
51
412
113
45
131
274
108
124
140
118
798
110
51
153
79
7
117
135
340
97
192
397
637
56
37
928
47
521
92
80
7
679
132
1101
139
4
616
625
687
424
363
23
36
138
101
40
28
244
40
108
141
93
604
249
16
7
8
47
1137
93
85
20
107
146
507
938
32
115
78
148
97
289
60
63
1137
76
4
996
99
377
605
13
160
3
1120
121
61
1128
9
113
68
789
10
109
94
65
53
28
573
638
113
152
714
334
18
917
216
142
54
82
1065
4
51
1093
97
42
23
142
39
199
95
65
93
42
60
1012
119
1104
95
105
1048
130
60
142
971
123
126
139
493
37
766
28
914
104
70
329
150
800
141
13
13
87
132
112
100
135
99
36
79
906
60
10
705
762
16
24
206
153
118
88
3
72
845
85
103
622
83
100
1087
458
497
5
396
61
544
106
33
244
1004
150
66
34
54
858
44
331
128
65
117
274
825
87
12
322
1093
151
19
146
25
25
22
131
64
17
112
43
916
31
957
240
26
83
11
95
400
104
46
9
7
48
238
22
892
285
66
32
381
142
30
825
138
126
134
692
687
101
62
84
65
114
142
40
1029
120
69
150
303
44
910
53
101
585
369
885
21
781
50
52
94
22
129
148
49
225
1145
253
75
0
883
99
322
143
52
118
174
1055
828
191
994
633
138
48
857
31
81
767
822
141
589
273
106
79
143
707
725
481
97
151
86
47
259
61
84
454
256
1075
872
106
583
21
1010
1084
115
382
96
145
48
70
7
76
128
68
126
116
23
115
89
150
145
53
897
26
941
135
153
256
68
294
64
14
109
1011
1079
96
132
469
118
140
38
37
556
543
78
113
349
317
84
594
406
86
93
4
131
794
841
19
80
125
776
864
757
307
79
149
11
642
214
65
146
107
60
765
137
131
59
69
8
82
128
36
124
149
719
85
31
704
71
84
4
37
122
88
881
105
114
102
53
98
653
148
51
1038
162
2
715
2
118
133
260
86
91
561
16
1033
57
0
9
138
125
15
86
110
890
113
453
112
140
149
281
248
162
74
832
138
286
137
78
379
1058
608
15
150
150
866
735
997
649
728
660
121
115
36
49
146
89
111
22
30
42
137
465
19
662
6
624
30
120
651
40
427
151
757
136
977
647
54
135
137
764
152
79
102
991
86
73
88
111
98
680
22
43
97
66
515
74
98
73
108
122
535
142
14
4
62
356
96
1151
910
17
65
48
96
382
74
85
41
97
100
456
26
214
134
358
143
53
125
89
619
51
95
90
21
68
54
409
12
112
877
56
59
58
130
122
3
89
598
137
1081
16
146
71
120
139
455
3
200
96
589
45
1056
748
54
365
1082
120
635
128
80
41
49
752
62
147
6
2
38
690
510
100
72
150
1
1
82
134
110
1145
33
54
145
16
39
113
150
422
409
786
480
43
60
115
25
52
659
79
583
145
128
489
55
58
105
120
416
63
125
128
83
83
710
124
24
139
1113
32
598
89
37
134
98
11
57
141
1090
235
241
30
95
1024
56
384
86
130
129
531
146
78
104
17
125
61
76
69
79
60
149
638
56
39
31
483
837
899
68
770
51
496
11
66
90
114
86
184
910
433
119
119
90
5
995
82
107
44
978
91
605
50
103
31
3
99
71
339
36
70
134
836
94
48
977
83
149
284
53
153
120
483
40
145
127
28
69
1136
485
183
885
135
417
63
92
54
76
120
94
131
1000
151
6
88
130
40
140
876
896
144
808
150
868
91
98
125
137
128
153
23
110
97
70
72
371
153
207
1
5
407
17
31
954
33
146
1081
920
152
45
191
126
69
195
1108
93
1078
42
565
1035
80
67
30
67
135
895
736
32
75
103
22
145
288
678
74
134
886
67
61
104
140
784
73
1143
98
517
1111
114
12
117
81
32
38
70
602
741
140
85
38
3
998
7
147
47
116
182
118
85
12
46
121
121
108
102
138
0
94
87
138
87
780
1097
65
798
143
90
8
475
104
983
352
769
609
11
12
60
26
48
13
32
130
147
54
1128
143
0
85
95
39
144
870
523
3
128
141
56
418
127
907
85
59
981
564
85
45
114
81
137
28
122
23
43
20
9
1147
10
543
123
20
104
824
226
95
483
140
106
26
29
120
7
77
204
574
122
300
391
116
131
47
1110
125
47
111
33
1140
973
673
50
713
478
37
47
848
18
120
131
126
75
123
140
69
594
27
25
1029
123
43
128
51
11
229
596
1032
147
112
117
143
86
14
638
98
123
142
437
279
79
502
108
807
405
124
37
502
120
42
122
132
427
20
87
809
130
53
1068
94
90
201
120
120
923
247
16
100
367
17
953
668
37
128
333
30
149
362
53
110
69
48
106
17
99
1096
14
51
127
44
84
218
38
679
143
53
626
87
938
120
753
91
666
64
90
17
25
54
25
44
1141
98
57
294
762
138
47
1130
58
1064
65
83
71
70
97
58
1098
81
6
159
77
17
662
136
145
152
153
21
971
32
1045
767
50
79
149
93
107
350
64
115
40
14
104
87
950
95
1
265
372
327
46
26
151
116
35
124
134
1003
584
19
1029
13
62
95
111
105
319
150
144
659
577
111
70
72
37
92
308
118
15
1021
900
346
68
134
127
60
4
122
102
121
81
128
128
1111
4
319
130
105
72
794
73
102
148
133
29
1065
267
95
104
91
94
838
153
52
83
16
153
101
79
0
70
65
7
422
85
469
1141
38
80
680
79
151
7
46
106
762
119
147
143
151
24
77
704
57
44
152
42
117
510
32
135
20
398
46
18
104
1027
114
122
115
86
300
762
58
513
15
268
12
496
595
24
175
139
7
22
79
65
299
152
27
58
660
320
978
153
76
108
147
135
126
84
249
122
108
84
844
64
0
3
10
718
30
125
64
54
174
555
643
48
53
82
167
77
657
564
434
90
164
1117
88
133
104
37
136
133
67
8
23
0
730
137
107
57
90
20
334
27
81
24
1062
152
71
346
252
33
1008
14
3
296
33
115
410
104
103
142
75
750
64
417
198
68
47
495
317
153
928
157
56
25
48
135
830
1
92
61
140
602
98
949
19
14
42
126
1
137
613
706
365
40
72
67
1092
93
48
46
13
123
718
47
399
7
76
911
64
97
35
6
84
66
79
49
712
130
20
119
96
106
619
72
100
82
257
975
150
149
56
1099
140
60
876
46
69
128
86
103
69
103
95
137
115
48
406
113
113
253
551
121
666
1148
134
26
23
872
780
126
31
14
26
143
25
1120
110
97
87
7
1150
50
63
816
768
127
82
15
55
118
443
72
136
1032
20
438
27
85
23
1049
150
142
969
72
73
122
141
76
834
1050
152
104
71
81
109
40
69
87
54
87
8
579
87
111
52
307
27
922
93
114
996
536
255
785
15
57
151
45
140
101
24
349
425
998
26
724
32
694
67
102
149
91
971
140
116
19
17
37
135
59
518
5
135
53
110
247
28
281
273
74
13
20
26
91
63
46
8
14
11
233
39
49
8
60
122
128
13
101
18
47
352
42
89
95
250
89
104
137
588
47
50
406
115
89
66
777
282
164
27
108
61
28
30
130
86
123
265
28
28
52
66
17
151
64
25
1067
729
75
60
96
80
499
102
5
775
767
607
22
117
961
448
32
458
169
50
1050
916
8
1023
56
214
93
84
16
114
240
39
28
1004
32
516
604
101
1
56
205
13
105
149
133
653
116
32
29
107
1021
483
2
63
64
937
95
72
214
67
43
115
114
10
87
79
133
845
26
114
388
119
96
84
684
27
124
22
504
198
86
133
97
152
42
117
100
127
115
114
266
275
139
98
665
456
104
86
58
152
143
264
146
766
152
117
145
190
98
121
890
139
9
64
1031
19
141
77
11
108
96
791
876
547
139
25
40
39
78
87
142
141
10
725
418
146
28
22
36
558
136
27
510
143
81
323
58
100
18
700
66
23
66
416
300
76
1003
101
46
116
128
152
50
74
569
110
46
625
598
75
707
20
2
804
129
107
12
254
73
10
814
450
831
43
99
982
305
80
62
58
2
9
2
248
812
854
105
74
20
474
26
628
15
697
427
81
62
458
120
129
327
238
122
6
139
1152
125
108
12
56
149
85
122
83
111
231
133
111
5
815
5
124
93
337
24
1132
6
56
5
104
227
476
869
128
90
59
705
11
766
10
118
43
32
719
54
612
1052
150
328
99
88
166
152
102
647
530
627
511
110
45
127
52
1123
1038
57
1001
59
943
17
127
930
86
46
70
116
60
87
144
52
538
94
235
63
10
40
390
100
64
932
23
42
676
505
103
168
70
150
46
852
97
146
57
44
50
28
8
68
33
15
52
118
9
483
1017
34
58
422
19
134
125
35
133
44
85
100
104
129
11
135
534
88
12
125
72
230
1
15
607
1
15
877
39
1150
74
168
133
131
655
50
60
81
522
727
693
83
15
49
20
63
126
97
839
605
825
55
16
97
121
72
120
96
0
305
108
339
10
1132
323
115
27
103
67
910
10
465
59
52
118
84
39
28
89
17
114
64
555
184
246
4
529
131
1128
3
131
111
108
300
116
49
85
10
187
1046
31
107
71
18
149
162
78
568
18
1085
131
1127
58
110
110
943
127
139
144
1093
21
75
689
52
67
126
55
507
447
97
84
47
117
820
16
85
104
286
46
26
124
43
109
135
785
263
7
137
35
497
892
87
122
89
87
127
52
841
55
51
1030
76
66
49
676
388
502
134
103
144
595
118
49
105
59
984
38
130
1013
142
105
109
90
24
88
87
98
529
134
260
56
131
143
589
28
149
903
123
115
568
100
246
130
513
30
1091
105
120
106
148
33
74
54
47
17
25
42
104
570
23
6
52
61
21
146
339
121
66
139
1055
98
144
340
63
12
346
148
126
25
54
36
100
64
116
55
152
58
24
29
1
22
103
104
1031
148
32
0
79
42
121
40
126
112
41
304
39
738
126
370
745
949
1002
23
121
30
76
64
89
96
98
187
42
25
60
633
1094
108
78
96
94
198
36
626
62
32
54
119
152
100
70
119
761
217
122
923
65
274
22
12
125
367
108
413
38
91
89
612
70
7
1145
85
113
197
24
122
93
869
9
493
1032
54
44
137
309
46
25
551
139
49
459
152
97
112
825
94
149
133
5
1
798
307
51
61
34
110
130
96
124
43
117
485
1049
728
53
349
461
110
70
450
4
993
1000
86
13
274
345
0
965
13
91
888
39
151
32
23
34
748
1
0
72
27
863
972
4
103
470
146
60
141
22
153
110
209
138
100
22
143
9
136
270
13
75
955
20
392
125
68
328
357
3
706
107
732
101
457
53
479
937
72
43
100
6
139
90
52
126
145
1113
68
224
985
286
17
67
77
37
3
84
85
153
116
147
134
102
375
88
115
19
103
101
40
56
47
108
128
35
468
29
143
367
34
784
134
558
430
56
113
140
117
191
21
110
10
880
97
106
19
215
4
25
60
979
31
1096
486
93
12
34
54
51
132
129
48
998
104
854
147
16
13
490
798
53
116
127
1090
412
15
20
22
32
650
35
694
8
82
20
259
6
660
638
200
25
37
1111
991
369
41
350
1065
98
34
89
141
61
11
38
97
60
299
215
146
64
1034
94
146
891
122
124
54
119
130
117
152
52
43
105
507
96
14
115
939
436
103
43
123
138
141
942
33
93
150
35
128
55
216
79
127
12
63
1057
20
73
30
8
60
1150
217
662
29
126
46
58
606
142
61
86
1061
65
156
703
197
12
30
697
42
69
33
12
42
1098
1022
253
47
138
153
1016
8
6
94
6
32
1133
110
250
1066
1117
8
92
790
15
55
28
118
196
68
904
1021
52
105
750
136
76
1060
56
91
1144
40
9
32
39
978
100
62
766
110
392
57
98
153
24
102
656
697
77
192
116
279
370
27
110
108
54
1
18
95
136
17
59
731
116
208
110
80
994
40
64
733
9
1108
36
15
8
98
99
409
4
734
122
917
544
54
809
5
69
58
9
102
17
409
31
983
510
104
367
117
134
443
107
1022
127
297
42
41
46
91
701
42
82
77
78
573
921
25
32
25
60
94
40
238
83
79
126
87
186
55
303
1058
77
110
77
145
61
176
122
377
3
147
38
118
170
64
23
104
148
129
106
467
103
665
848
574
99
152
148
90
111
405
151
108
24
646
1110
1
860
141
87
8
31
585
273
100
111
90
801
821
12
109
11
1016
3
134
122
721
76
663
29
78
115
33
88
69
174
471
144
823
18
74
28
141
10
1126
129
119
110
83
662
7
699
34
22
404
109
78
148
391
284
124
34
138
475
36
97
72
992
62
975
666
92
76
120
104
361
67
123
137
131
686
39
38
152
1034
122
104
102
49
407
783
144
38
881
121
72
108
68
482
24
20
110
83
791
101
110
91
877
138
125
13
47
32
915
29
46
70
152
247
46
634
118
74
143
104
69
665
160
306
2
45
95
123
367
152
56
14
312
316
52
14
58
14
5
29
134
65
153
1015
74
12
436
113
95
52
120
85
53
147
42
1061
234
730
708
76
356
54
27
28
498
97
127
768
37
403
36
28
495
88
114
820
47
144
423
174
15
440
139
957
85
60
85
3
46
586
1108
48
86
148
199
5
95
2
27
88
87
37
67
8
1043
49
894
133
4
513
143
941
853
115
53
975
868
9
276
115
57
42
489
1076
137
6
103
960
125
296
13
116
11
112
530
48
147
21
148
61
1052
74
386
78
1062
142
87
24
27
177
44
139
134
99
144
822
53
97
14
140
799
95
71
35
115
55
6
97
1089
109
638
9
54
18
124
100
99
28
8
106
144
262
932
51
36
697
142
659
90
14
49
225
143
2
140
149
62
151
24
11
138
30
65
63
16
17
145
1109
108
145
1103
144
128
27
4
597
91
6
1115
0
262
576
148
16
817
114
755
40
151
786
46
3
77
30
148
61
104
10
97
1023
146
66
38
1
116
659
70
75
488
141
43
12
100
48
134
50
124
579
92
301
896
167
41
2
122
66
68
135
114
150
917
121
22
136
48
0
31
25
27
699
146
30
130
1144
496
153
316
42
65
122
320
27
864
211
136
16
256
867
14
301
93
143
85
72
24
57
118
108
140
56
441
111
261
202
9
984
116
115
500
121
1
488
142
139
100
0
55
32
146
130
150
147
585
76
1084
519
141
78
984
601
47
440
68
119
629
81
883
81
5
38
723
119
655
67
115
34
433
223
65
5
233
325
11
28
771
147
828
731
12
720
123
90
91
1029
390
26
69
149
12
67
75
95
42
93
297
132
306
1104
34
146
43
118
676
113
610
42
21
438
134
37
84
818
406
124
115
48
75
86
73
209
139
29
58
522
1128
18
0
99
493
194
377
741
28
410
133
537
105
70
84
91
82
135
90
147
419
637
20
83
44
10
69
1126
113
719
109
53
46
70
71
92
71
37
5
2
137
853
49
547
75
51
25
954
1134
859
124
97
65
1034
682
30
103
779
10
17
381
69
107
1150
636
80
487
101
3
92
105
153
124
32
109
92
91
75
23
631
42
93
131
81
130
136
38
92
1058
43
71
9
115
45
106
897
753
60
44
26
579
152
767
119
1038
30
125
75
322
1135
51
108
117
648
128
606
310
38
29
1054
334
771
89
691
88
355
29
99
74
588
993
143
580
87
1108
138
6
57
40
217
13
122
151
31
140
656
83
510
17
9
49
706
1
528
41
123
137
672
51
120
1091
58
781
152
31
38
503
84
17
166
90
717
952
1042
34
1123
82
58
59
116
1015
73
32
135
105
30
34
67
44
120
1019
540
503
949
62
17
107
568
999
38
66
20
5
122
116
150
47
110
46
65
11
109
128
143
638
80
98
732
84
105
104
513
61
144
137
98
0
23
67
91
701
971
307
6
1055
130
60
991
87
3
78
75
10
1116
143
6
3
136
30
150
29
304
1065
1068
142
86
391
1048
95
0
469
140
91
62
11
3
25
79
44
32
23
127
119
79
121
1094
65
40
19
119
100
84
9
130
191
27
115
1018
2
214
1106
65
126
144
64
600
91
143
134
142
3
118
307
462
408
18
84
87
10
714
57
116
94
152
603
390
20
832
436
572
62
95
1070
83
83
559
131
512
45
111
77
17
8
103
328
791
141
187
34
114
135
1057
95
118
968
38
137
41
797
125
84
26
83
69
15
24
1073
8
110
88
98
30
21
120
84
1144
115
13
597
57
616
52
395
620
382
77
993
1068
22
863
89
104
12
71
83
132
106
115
608
127
60
131
63
66
135
107
526
4
996
565
518
46
42
99
83
8
5
84
289
80
1001
123
87
14
73
145
54
191
826
203
3
150
58
1018
28
1070
109
144
80
524
138
117
752
147
19
142
63
121
38
314
242
296
66
76
58
53
454
278
145
44
8
1148
975
151
84
989
736
57
57
138
25
145
462
646
113
119
1008
136
1006
1074
16
288
120
77
124
275
61
31
145
133
32
29
10
55
26
76
23
77
851
106
124
507
82
21
81
1
64
100
124
374
377
126
332
11
43
125
16
55
746
31
115
138
397
121
901
1005
79
619
1009
127
279
40
68
812
93
70
143
26
12
693
20
81
111
842
74
9
38
29
97
80
152
122
49
105
57
345
90
51
87
103
70
64
146
39
29
648
149
933
779
125
386
115
134
135
1153
674
47
45
407
48
92
27
4
361
87
6
15
629
412
98
129
145
104
74
110
498
371
399
455
960
68
53
377
23
97
53
671
757
708
36
28
148
465
41
70
87
26
153
60
60
807
174
146
35
277
90
63
600
56
584
104
77
32
14
140
87
86
12
134
80
316
15
64
98
97
94
15
1081
675
87
99
13
1146
120
35
52
124
135
147
15
451
118
945
85
43
138
1079
6
1115
132
49
139
116
150
617
1099
331
35
114
111
259
422
345
73
152
305
1050
9
83
468
38
46
124
117
116
831
101
94
118
139
73
104
100
965
104
910
113
95
995
319
63
52
19
98
72
88
87
22
117
65
34
50
1147
26
1146
46
578
637
5
203
110
454
33
39
80
41
91
72
152
81
20
140
47
59
105
140
133
131
39
622
9
618
134
251
146
104
32
96
672
52
128
144
153
73
122
10
118
152
198
38
94
15
15
123
87
88
122
32
819
65
62
109
996
37
3
94
134
61
632
22
144
35
132
94
447
357
909
56
140
557
6
164
372
133
80
514
120
18
47
604
40
620
141
287
118
129
1029
118
98
117
95
335
121
93
128
853
147
66
80
219
81
29
205
124
128
63
882
107
33
88
94
1143
773
39
15
47
403
23
92
137
0
1019
136
101
82
98
95
392
48
136
60
107
31
538
108
14
142
537
185
442
122
57
114
40
119
847
26
257
141
98
36
40
121
150
581
43
188
449
20
46
44
124
104
70
70
34
242
52
1015
119
117
437
318
25
36
107
51
65
101
98
135
358
107
110
86
82
207
90
10
47
25
38
928
3
88
41
26
118
65
15
721
793
68
66
588
143
111
1091
19
136
1045
1118
11
58
22
106
328
374
19
44
60
218
117
55
291
146
753
124
1
1088
143
101
364
135
626
36
71
118
38
57
130
624
59
33
101
39
994
147
143
41
148
146
21
69
81
117
2
772
152
108
61
10
72
95
92
866
19
8
370
751
67
18
81
92
55
774
80
127
119
17
78
44
935
493
84
46
372
31
97
940
124
94
51
36
872
58
7
36
112
86
1051
1129
43
2
39
1145
462
50
142
17
24
1097
94
862
912
12
1
65
621
112
147
112
464
24
148
86
769
24
82
166
112
43
60
132
583
2
499
120
73
66
799
182
48
138
47
51
1090
100
61
994
52
840
5
97
262
191
1152
119
40
144
125
113
87
108
82
61
161
33
1037
59
51
3
120
198
38
132
3
300
58
85
553
39
592
148
1151
538
81
40
26
45
65
3
1002
91
44
10
347
571
368
135
174
71
2
131
56
48
105
100
68
58
52
138
658
16
34
137
296
135
34
88
35
22
143
77
802
13
152
297
219
456
139
33
13
1091
97
13
53
146
119
115
21
41
11
24
116
15
1106
733
117
143
129
818
44
93
159
1057
761
710
138
980
123
53
759
504
104
995
43
564
940
100
1027
560
151
116
940
46
14
12
107
609
177
39
573
32
115
892
113
2
83
38
48
116
18
831
39
587
128
99
104
149
68
46
976
72
42
991
130
132
717
102
84
628
857
116
955
43
859
93
74
105
145
112
19
76
32
1009
885
37
124
115
902
127
74
42
64
643
101
28
906
825
628
609
523
125
109
140
722
19
55
577
91
7
966
146
874
565
18
124
98
342
85
151
83
426
1092
32
144
31
117
11
44
126
632
114
41
317
86
102
135
105
48
99
28
106
138
632
14
43
29
84
641
973
32
7
146
136
41
82
19
47
289
35
1
829
35
1144
23
96
17
25
44
125
675
713
660
381
74
22
90
35
42
932
73
1019
49
56
864
54
726
1024
84
33
219
141
38
739
58
97
830
409
153
980
128
97
144
120
148
57
487
64
112
124
515
913
660
50
114
504
45
1152
69
1073
113
64
152
834
410
79
101
144
57
229
452
1140
8
103
832
45
65
75
129
74
75
204
57
379
95
531
65
453
284
148
93
23
985
152
205
25
9
92
787
94
85
139
137
129
138
121
476
37
450
721
401
50
4
748
69
65
333
485
129
126
108
113
79
433
269
83
397
80
146
105
4
1143
268
832
59
44
111
132
94
800
1
48
140
114
97
1143
610
14
258
869
28
639
206
84
34
36
138
6
950
32
116
29
148
68
516
116
88
240
716
454
51
1061
1085
45
53
29
873
52
112
59
43
86
49
390
14
97
55
52
277
37
3
60
621
542
247
56
897
52
936
125
912
57
30
153
1027
72
71
55
187
23
74
799
83
54
334
34
975
87
124
146
64
150
31
62
447
82
117
126
134
1059
35
24
1150
132
513
902
88
423
126
281
14
23
835
92
145
110
2
16
186
145
368
31
88
21
18
9
54
102
27
35
87
1119
47
26
80
967
63
217
51
262
619
128
7
709
45
13
4
119
565
1132
19
152
112
466
92
64
530
90
116
342
55
123
31
745
102
60
1151
896
608
641
64
9
55
122
150
413
258
115
1000
113
81
31
293
468
128
832
714
132
641
688
145
18
583
141
115
0
19
75
154
9
58
79
483
120
49
694
29
145
740
118
830
123
580
654
32
1104
259
115
87
3
112
78
594
24
38
54
67
124
482
505
143
114
85
60
139
40
59
87
35
118
21
233
123
106
150
58
590
13
20
33
138
9
68
140
93
518
616
37
504
150
52
140
109
656
127
138
1108
109
104
684
248
68
241
43
501
1047
92
33
11
28
844
93
108
61
281
55
642
579
679
116
137
988
42
33
33
763
76
138
148
104
419
49
47
119
781
151
23
153
100
598
149
949
590
25
52
980
32
662
1104
79
5
88
49
0
92
152
1150
537
111
31
86
64
492
445
828
46
709
222
136
2
30
96
128
17
136
90
362
11
122
619
53
797
56
14
992
8
71
422
65
385
19
11
119
9
300
105
1
1020
54
804
749
59
1061
127
22
933
89
350
337
1101
74
121
94
112
95
50
31
1122
650
29
38
101
754
113
89
62
16
53
503
80
871
12
1109
783
128
1148
145
109
658
39
120
79
56
41
141
402
52
108
11
738
131
1097
108
101
91
72
1135
92
41
911
298
117
52
115
43
128
48
10
72
39
96
116
81
129
41
116
106
1060
1077
284
178
159
23
63
356
825
73
73
64
79
562
9
116
659
92
133
91
97
966
72
69
849
447
272
135
380
296
135
878
497
71
111
64
126
899
117
132
83
85
91
57
128
201
150
95
113
194
1105
553
487
197
47
21
10
82
36
101
123
12
654
114
97
96
120
645
47
24
809
7
74
19
640
540
150
815
153
131
18
800
64
752
21
123
111
31
1115
80
127
140
138
32
68
3
43
44
69
106
59
1033
137
78
104
0
55
8
102
73
98
130
17
125
143
1076
14
62
35
35
564
133
119
137
536
124
94
258
1152
13
111
2
95
1080
147
10
119
43
127
46
53
151
70
365
65
150
146
127
68
70
116
10
14
1124
37
298
2
1120
20
43
21
781
133
81
130
106
91
60
60
141
82
996
43
84
260
127
344
140
592
847
808
752
65
141
106
18
764
838
81
777
213
127
57
579
76
130
90
50
636
138
113
7
697
139
69
95
91
136
133
106
304
66
493
38
26
156
751
660
47
1120
519
13
58
845
6
645
20
106
40
114
1123
75
4
3
31
82
1102
185
141
59
89
154
98
73
147
451
138
122
75
71
99
992
131
25
124
199
101
15
220
468
501
145
140
0
167
1040
817
128
57
91
919
87
28
509
332
20
47
88
108
261
55
650
122
269
144
93
38
978
7
58
149
42
122
123
762
55
136
73
1028
148
680
145
54
161
741
88
43
35
604
67
78
889
120
69
997
584
553
71
78
37
80
833
335
113
887
62
12
79
0
108
56
76
72
82
87
101
79
166
283
843
907
1089
106
130
22
100
803
33
919
148
153
1109
515
111
907
142
111
16
9
33
1085
94
138
83
852
919
1048
350
121
124
36
68
225
17
344
48
126
110
4
807
300
215
72
869
21
49
0
144
93
58
99
602
1
104
705
112
764
150
24
87
68
430
3
110
34
40
806
885
188
35
137
48
141
117
385
99
145
68
55
16
583
57
125
41
17
100
0
122
68
136
70
39
128
6
118
23
149
1099
1116
1039
78
519
77
118
61
19
99
120
130
146
59
942
119
48
34
86
9
135
31
8
60
148
132
141
977
17
19
63
127
52
13
30
774
132
25
379
682
761
209
943
36
138
108
37
834
80
77
136
95
59
103
80
70
159
68
1043
38
25
52
97
4
18
27
69
166
66
519
103
153
54
674
139
14
289
153
28
104
42
91
58
157
92
563
134
110
138
216
114
45
117
431
45
39
124
47
76
1098
144
30
95
11
149
143
846
61
1119
31
151
23
452
558
372
89
550
107
5
15
21
127
13
15
147
147
114
25
60
41
542
576
200
551
111
931
19
16
117
62
169
67
549
62
98
21
657
305
39
134
103
695
21
180
958
444
77
536
102
117
43
90
520
74
152
106
91
136
101
146
121
91
806
850
65
152
89
87
912
490
91
3
47
189
33
123
44
990
128
118
8
352
254
148
692
45
145
103
100
84
87
244
6
377
105
70
891
2
247
1040
552
29
35
25
41
116
121
87
928
66
141
114
552
86
84
31
369
297
49
55
178
80
122
104
111
79
113
87
44
125
140
29
128
38
162
25
47
310
134
839
455
329
87
1088
14
90
65
15
8
33
1132
152
147
807
925
77
149
719
4
78
86
69
199
9
878
968
308
29
670
352
59
120
103
186
131
1130
6
121
44
139
49
8
127
62
33
141
504
16
87
60
9
143
27
121
167
27
51
932
650
120
15
1025
189
12
125
48
681
648
85
95
40
102
1
126
17
12
8
609
58
68
1004
727
71
23
95
86
150
512
60
987
843
121
11
545
101
66
24
28
12
52
42
1091
133
39
54
54
106
141
8
1108
54
96
609
135
76
882
158
723
111
10
57
78
752
2
21
33
537
147
18
366
239
86
490
21
83
371
124
25
29
110
514
509
100
774
102
113
1145
90
530
7
57
877
77
97
147
87
77
1020
230
486
71
882
1
109
132
57
777
32
127
145
5
320
29
20
11
87
125
16
7
46
33
22
49
93
139
311
99
386
76
123
363
1063
148
1104
130
42
124
1127
711
63
379
127
857
43
83
204
130
622
79
116
297
949
93
73
1023
87
148
99
113
693
947
593
24
89
121
465
61
987
7
230
31
75
494
382
987
56
43
1146
38
583
174
91
85
62
137
11
1052
975
91
933
1016
94
360
12
1092
273
86
989
175
597
132
331
362
68
242
105
856
356
82
42
8
113
1148
136
1016
38
67
22
63
476
886
76
29
488
8
109
224
51
48
99
20
97
77
1095
302
19
1063
45
147
870
911
58
368
41
298
35
51
553
270
35
1110
76
2
781
48
1113
75
61
97
925
16
76
118
36
659
135
89
83
262
8
90
421
153
25
119
102
19
512
151
10
79
25
122
1128
50
833
26
175
1039
27
88
147
59
6
459
103
931
79
647
135
111
133
36
401
930
131
246
55
75
41
147
48
38
122
94
90
134
1143
86
29
578
145
729
90
168
100
736
108
4
70
26
666
7
659
140
497
69
24
86
238
9
4
37
112
122
749
21
92
1025
145
384
129
49
216
137
97
1044
119
112
14
65
785
152
112
7
47
123
38
69
349
152
74
122
36
146
40
92
109
148
120
554
10
3
723
209
123
77
654
109
100
33
52
852
374
720
88
25
1026
40
48
96
56
208
88
253
141
23
1025
1
39
123
64
580
121
286
35
89
34
125
852
627
148
32
802
62
116
19
55
54
226
77
1086
243
127
139
76
130
0
76
96
9
92
1049
134
116
104
495
115
116
121
664
152
82
33
66
873
66
42
469
36
15
436
145
609
117
36
34
17
110
82
94
519
167
6
995
35
142
140
151
592
301
418
361
135
113
114
100
66
480
151
559
91
302
37
75
67
99
23
31
852
104
581
28
98
468
112
122
112
557
92
48
136
1090
877
15
19
54
898
808
396
27
268
400
45
108
43
61
111
127
68
1083
128
96
32
1091
67
70
89
75
143
28
149
138
34
53
734
59
681
118
763
983
585
868
103
369
131
66
1027
146
105
130
64
57
82
153
638
104
1110
147
528
150
103
145
810
53
703
153
80
37
642
152
350
126
136
116
319
82
9
135
1144
143
117
105
144
211
132
120
149
769
7
570
44
71
101
57
209
137
133
108
81
72
103
492
52
185
512
50
49
22
105
90
70
527
557
1
18
32
105
892
138
75
117
13
135
599
150
111
115
62
93
125
578
117
148
359
7
779
66
104
69
66
101
987
132
359
627
339
131
792
110
496
78
91
60
142
30
1094
482
94
25
27
148
342
72
590
130
126
26
20
577
87
5
29
29
455
127
1115
3
101
2
83
139
20
106
401
247
10
66
100
1024
48
755
89
874
123
689
0
12
58
115
122
381
4
105
132
823
41
118
506
126
20
78
1093
117
147
27
176
61
144
137
25
89
88
820
34
120
41
148
538
20
86
78
97
253
97
73
111
76
34
54
853
99
45
150
148
41
48
87
91
66
9
38
603
70
803
73
17
3
139
96
623
348
98
83
59
786
507
19
997
1054
93
589
235
668
204
54
122
102
103
143
1065
125
30
68
125
56
108
139
65
1010
104
111
120
1002
439
6
82
132
3
114
105
338
14
4
102
794
96
564
201
141
21
60
1083
15
143
1115
103
35
138
1070
7
68
7
206
123
423
284
95
114
70
88
204
169
3
1116
28
61
452
678
148
89
142
899
44
61
876
1071
62
122
44
71
401
139
113
72
658
17
654
1011
47
13
55
129
77
152
789
810
62
139
707
117
47
69
82
92
18
60
945
65
395
67
618
54
111
148
14
60
1116
857
813
151
81
270
128
732
102
141
31
94
5
40
239
686
857
249
40
1147
813
135
603
118
618
60
1013
74
871
21
566
54
149
119
109
109
967
79
48
284
119
255
650
79
91
39
55
1099
145
448
120
598
108
112
79
791
159
80
52
143
602
267
549
77
107
120
141
841
1122
97
241
530
58
145
106
998
96
125
152
973
16
81
277
122
98
88
132
114
754
20
106
134
504
117
152
565
131
27
24
26
559
489
550
982
9
527
434
65
27
19
1
25
162
98
122
44
15
596
74
78
941
10
102
44
624
19
10
259
50
105
104
122
49
147
544
91
570
106
1051
151
208
100
3
81
482
62
304
175
266
75
96
122
165
77
597
58
109
600
74
108
103
65
138
149
26
12
123
44
30
115
58
705
596
109
64
670
33
118
1058
800
330
114
139
46
73
86
91
527
109
109
121
124
606
69
107
151
83
7
618
84
37
58
50
116
979
892
1
137
82
536
998
39
132
59
26
129
331
98
35
733
657
88
57
97
136
152
720
106
115
1118
346
62
871
20
361
549
43
103
1081
125
1018
661
111
112
4
1127
1088
94
104
76
146
135
18
1022
925
43
390
939
861
29
23
136
114
38
827
66
172
778
633
349
42
73
31
65
74
92
39
63
91
27
21
12
116
38
55
10
48
16
60
64
225
24
126
18
147
1097
901
23
150
132
34
426
95
315
214
1078
67
45
32
719
153
27
637
927
888
12
149
44
448
76
120
772
447
149
118
23
103
644
87
31
181
70
105
244
117
66
486
474
23
1023
649
144
155
122
90
264
151
52
1012
151
38
1008
76
18
645
745
26
332
53
108
61
207
42
119
357
177
62
399
101
909
65
162
793
69
87
152
43
22
101
63
225
251
37
76
16
27
119
63
965
153
124
139
37
108
576
932
220
95
69
30
48
529
0
88
47
477
529
77
963
201
429
444
305
654
112
19
134
0
31
16
29
49
70
4
306
336
20
57
717
139
124
40
0
125
21
58
728
39
54
77
51
896
375
74
50
134
90
1092
1077
857
50
57
351
295
674
208
116
199
63
383
353
121
137
120
1008
1022
112
54
105
123
457
560
1122
68
811
109
85
81
85
77
539
41
251
66
126
4
487
1127
77
414
621
89
43
151
132
1004
23
200
52
65
133
88
140
132
104
135
615
122
23
133
70
115
951
45
88
676
20
73
736
78
116
65
115
111
641
14
101
149
1017
1082
152
82
50
9
260
5
1141
1149
619
196
355
25
10
71
2
11
82
1056
88
538
1070
74
25
588
294
204
884
36
118
151
107
107
80
701
72
550
268
294
102
120
152
141
8
8
507
99
90
72
696
109
86
11
457
1054
10
52
279
45
53
89
117
312
48
60
147
105
124
6
93
117
153
194
598
430
648
106
118
148
828
197
691
124
570
67
200
107
653
159
769
140
118
56
76
118
152
91
58
89
724
38
55
1001
119
147
19
658
114
146
93
861
147
369
1119
115
16
182
130
863
98
123
36
116
67
152
666
53
314
37
540
63
148
95
85
121
100
116
150
111
51
21
106
883
617
23
77
7
856
738
5
415
978
18
792
132
98
87
29
142
955
63
44
464
96
48
92
155
226
31
556
933
141
84
1019
95
45
433
38
15
703
1040
130
798
89
124
10
125
114
66
58
135
93
82
134
75
128
897
70
212
120
381
112
61
353
129
251
457
66
1076
749
143
127
43
676
124
126
771
128
86
116
42
726
80
143
108
123
35
151
110
344
97
3
20
725
49
28
151
807
544
131
1039
127
136
116
111
850
69
7
52
98
149
96
16
985
22
123
72
114
339
95
25
134
67
166
41
21
379
113
941
8
79
117
56
42
7
99
507
58
101
765
122
150
585
33
136
104
129
289
85
9
97
1007
357
150
80
410
1000
111
52
815
40
317
407
12
452
44
803
43
90
105
1120
40
5
1106
739
18
3
70
1
867
27
745
488
486
18
728
185
81
151
78
638
18
851
96
4
869
614
148
1031
5
681
90
54
346
106
47
1086
32
72
136
102
45
44
43
517
1032
287
58
543
40
86
623
107
151
6
16
105
305
41
84
131
106
50
31
194
73
138
1073
123
133
111
69
68
86
60
92
106
444
10
938
62
942
424
45
5
1101
92
100
45
291
76
7
123
12
542
360
752
44
4
27
6
8
189
123
69
856
32
45
1132
137
108
978
36
118
92
1112
152
962
38
74
136
145
61
1021
95
54
234
96
708
140
16
1122
52
620
3
866
110
113
1051
6
26
77
61
32
616
87
105
81
7
109
8
606
840
42
91
22
224
25
111
15
115
1012
7
60
14
437
72
77
88
152
47
138
921
265
455
951
92
139
126
149
672
99
135
672
143
891
71
51
66
64
653
389
29
735
808
126
28
88
101
988
93
19
83
12
166
60
92
949
326
79
19
52
849
623
34
2
83
16
672
1
202
148
83
733
106
33
20
101
629
135
132
808
180
530
150
64
477
905
980
1151
797
54
77
3
153
38
107
0
4
187
146
811
10
387
58
21
36
29
146
107
180
92
20
21
96
1
297
1053
1061
111
136
146
54
150
3
53
8
48
735
119
39
758
122
148
37
68
142
129
67
84
352
21
95
107
526
153
20
56
468
16
81
114
32
152
820
116
151
1
120
84
138
243
318
7
19
74
181
48
35
85
94
26
143
144
97
146
422
35
719
19
36
14
110
13
6
116
44
119
118
36
899
103
566
540
582
136
103
64
546
119
119
153
99
124
542
127
31
147
185
126
735
19
140
1118
22
89
667
35
114
319
65
564
15
131
147
489
36
94
127
67
24
560
1100
64
90
93
965
913
20
498
16
85
12
109
67
758
98
2
449
233
65
85
147
18
113
57
35
362
86
977
134
42
105
46
110
78
176
78
1
12
105
1
142
59
116
61
74
119
109
7
52
125
110
22
75
337
115
888
26
151
425
54
963
88
9
100
144
255
1115
32
97
99
26
951
70
224
798
406
83
518
151
149
100
34
956
123
541
11
153
85
1
748
176
199
55
77
71
88
110
62
49
165
84
7
610
1010
100
601
828
17
96
51
76
23
137
99
464
93
22
45
38
141
83
819
25
463
140
19
216
49
95
61
91
76
117
122
806
77
111
983
33
911
100
93
354
660
84
781
474
121
19
88
238
86
70
151
113
76
59
75
130
198
122
988
150
88
38
29
15
655
54
15
54
754
1027
27
49
52
337
68
107
133
763
92
151
87
61
82
107
56
1
79
28
87
133
67
1034
737
122
98
60
106
92
408
99
627
698
16
401
34
902
23
102
89
567
514
147
889
963
153
92
11
470
644
487
8
123
8
818
4
120
105
53
487
85
34
39
71
27
449
103
479
270
925
13
93
67
208
80
1072
341
504
55
128
73
288
94
48
47
113
85
14
98
122
78
55
680
92
147
1041
134
40
135
118
233
85
809
280
133
4
713
115
137
94
100
62
7
541
247
135
463
151
22
4
3
144
74
0
888
151
54
132
678
770
7
35
1009
71
15
406
100
62
118
33
146
120
6
1086
79
626
1069
11
148
601
71
25
1058
896
943
89
1051
907
149
46
136
100
42
289
22
84
91
1098
26
32
101
147
1057
153
146
115
40
1000
1021
89
53
83
73
143
118
5
78
118
38
369
2
236
25
140
14
197
826
29
2
105
375
329
721
82
833
878
523
1099
24
6
22
128
149
134
7
65
17
108
121
103
16
16
146
165
22
131
1055
133
116
364
570
151
28
57
14
296
317
143
124
29
102
115
125
5
5
107
39
112
82
32
30
54
138
803
826
877
67
24
410
48
730
125
105
129
64
342
16
36
131
97
69
142
1
105
22
15
37
37
662
146
56
49
0
1094
17
1000
942
683
119
132
148
55
244
84
169
92
483
11
93
49
752
43
12
88
135
127
132
17
70
63
579
8
619
51
32
126
110
134
37
152
103
716
351
141
153
146
1056
580
64
123
113
195
115
710
28
106
209
130
156
127
43
587
1
65
23
135
907
145
87
150
96
35
122
918
94
1085
72
58
110
92
120
17
51
329
10
66
51
930
696
31
36
95
154
100
93
7
51
34
34
55
52
24
34
77
50
93
55
50
63
98
6
48
73
70
91
36
69
19
10
39
22
49
73
20
55
66
48
60
32
76
43
46
78
0
10
58
1
84
15
49
58
28
78
98
78
52
9
93
38
90
72
17
7
91
55
43
73
81
43
45
32
73
3
69
43
14
3
25
60
95
92
33
17
48
4
48
85
0
57
38
16
84
49
38
25
8
20
96
62
52
37
88
22
49
68
3
63
74
89
86
71
29
54
93
93
99
39
84
92
5
7
41
95
30
20
55
33
2
32
44
53
0
7
59
51
68
96
8
82
55
95
13
25
36
26
45
89
73
68
35
0
19
7
74
8
87
50
24
91
95
99
10
43
13
92
75
19
86
89
93
73
26
38
81
32
88
54
70
65
21
6
78
57
55
78
88
17
21
34
58
83
6
42
26
27
46
68
9
34
88
70
97
26
18
1303
true
false
false
false
false
false
false
false
false
false
false
false
false
false
false
false
false
false
false
false
false
false
false
false
false
false
false
false
false
false
false
false
false
false
false
false
false
false
false
false
false
false
false
false
false
false
false
false
false
false
false
false
false
false
false
false
false
false
false
false
false
false
false
false
false
false
false
false
false
false
false
false
false
false
false
false
false
false
false
false
false
false
false
false
false
false
false
false
false
false
false
false
false
false
false
false
false
false
false
false
