100
607
56
985
1418
354
1046
153
271
165
200
256
118
286
545
166
308
223
1276
542
77
1371
695
412
216
105
435
39
318
1000
609
887
754
121
126
1239
906
144
415
852
252
1219
301
203
209
176
26
78
286
219
330
72
309
101
82
1052
1016
685
444
1057
246
555
961
192
419
927
396
36
420
254
381
904
296
69
227
220
1264
1227
689
32
918
771
729
471
425
623
291
157
1384
245
295
665
2
598
286
403
292
401
4
102
778
332
328
999
115
363
330
339
369
270
284
124
230
247
66
21
640
393
113
1217
94
842
1146
71
257
417
192
320
411
344
261
1087
362
410
417
79
189
54
1147
208
245
153
141
259
69
343
19
128
371
1339
1100
710
564
18
1223
403
275
348
199
711
746
706
111
390
422
448
166
890
359
132
780
436
285
1013
50
147
12
324
1166
346
392
110
708
1110
577
47
109
150
408
207
1371
233
303
185
163
418
285
183
249
439
207
183
671
221
1407
328
237
333
409
349
2
130
360
8
1337
1336
429
383
92
366
656
1251
1309
1196
1156
148
127
221
959
5
937
222
1439
109
210
237
85
428
413
82
269
193
95
1176
308
274
787
1396
272
100
12
1093
59
1430
1371
442
1416
394
356
527
1076
84
198
607
414
72
207
650
102
559
163
385
137
82
213
124
139
1165
43
275
1227
125
286
98
282
442
87
138
203
445
243
782
580
259
768
1211
131
103
61
318
410
171
285
585
107
815
572
1247
396
120
135
667
356
42
912
60
107
78
440
372
637
268
395
195
1079
1137
7
1056
232
170
460
64
209
783
428
156
85
121
76
303
25
979
817
1141
405
11
1444
173
144
378
318
504
1375
152
1436
119
1102
320
1443
16
237
682
172
776
860
539
177
137
166
886
269
62
337
158
1064
1274
924
193
280
821
296
94
201
614
1439
255
406
105
256
335
444
225
240
789
109
1054
1169
559
74
97
1142
839
424
347
1117
249
12
353
163
106
998
146
83
154
977
1214
223
98
393
56
84
191
299
181
402
76
288
363
10
1075
153
1202
445
413
188
229
259
1132
805
458
1
168
5
389
305
758
935
224
158
618
325
390
36
110
358
43
1404
96
291
1021
893
328
445
397
196
1374
104
190
652
352
1403
277
1110
217
253
143
354
283
265
429
372
94
170
306
79
318
271
931
372
312
88
70
1156
364
214
419
113
956
142
134
353
43
1326
250
642
287
55
398
135
287
169
148
128
246
89
92
309
13
69
253
372
508
94
12
158
345
260
227
1086
270
397
155
81
135
863
1145
246
217
337
1388
190
124
365
244
1437
330
368
293
55
445
104
993
83
436
340
809
427
366
232
365
1
268
198
30
235
275
196
122
144
167
820
576
801
337
919
431
192
314
17
299
307
1061
280
88
49
1120
284
876
59
330
32
225
788
246
215
112
1225
847
167
150
1290
297
169
146
294
318
38
164
242
38
27
16
554
253
437
280
238
384
278
389
46
271
742
31
366
1181
1401
175
826
443
1079
259
1098
256
703
42
839
1243
1034
115
1156
1174
46
1098
221
829
416
1099
962
140
1016
420
1285
413
144
135
127
15
133
125
255
279
388
419
58
74
133
88
411
224
1411
621
220
307
42
51
331
573
375
464
758
981
347
42
1038
1090
8
809
439
1117
34
57
646
747
126
149
81
233
165
445
210
214
490
288
404
403
175
178
372
1013
220
39
160
338
296
373
411
495
1285
150
439
1176
279
387
1080
536
1037
249
463
379
990
439
500
227
757
62
707
176
222
399
184
1182
302
520
346
1066
1285
959
347
437
343
524
1357
255
198
251
342
1356
425
431
204
1018
361
1304
1242
1145
1326
117
425
297
957
1050
375
143
397
155
451
39
668
30
30
226
1230
141
74
338
14
593
158
41
411
815
1161
189
1228
1367
1138
262
1428
1039
326
550
662
99
273
63
1177
136
763
8
308
60
196
56
58
40
1063
977
143
1285
746
438
266
210
836
236
624
235
1054
92
190
115
154
303
32
347
574
304
306
848
1042
1373
325
416
781
1134
156
301
187
188
170
56
81
19
21
126
39
935
118
318
4
1290
1102
377
1221
1364
434
1304
279
1
440
169
1160
863
135
42
313
92
898
252
918
19
381
424
251
352
222
317
184
71
253
8
910
1200
116
25
104
357
78
388
194
834
1099
773
1437
132
411
1418
264
42
350
1341
72
487
42
231
1232
773
4
46
1369
1106
357
895
107
238
526
243
162
395
339
118
1113
67
140
83
193
117
31
49
59
416
255
56
121
166
399
788
401
10
423
48
105
434
742
380
379
101
317
232
82
1212
1066
294
1339
1061
681
427
85
75
436
173
241
527
117
926
529
290
1446
399
252
167
983
357
200
165
216
232
351
435
42
342
90
10
89
52
296
70
1332
261
391
101
59
16
825
389
352
1277
401
170
6
184
147
1085
421
429
214
301
419
545
117
314
27
703
89
356
410
128
384
408
284
385
121
35
1379
184
165
1388
416
463
439
158
567
431
244
1155
255
534
436
297
1311
1369
350
408
114
354
111
1434
467
42
371
202
401
383
578
357
92
263
292
1379
213
427
1389
94
353
829
769
928
1135
1025
1072
121
125
47
379
303
1190
839
1028
236
438
611
98
187
211
224
410
395
374
668
358
426
352
65
282
266
613
1144
481
126
11
175
28
381
203
51
1275
158
15
406
225
698
18
25
427
717
258
626
393
181
1081
1055
204
1433
95
961
406
194
417
170
92
268
1397
926
102
1126
1139
685
141
5
21
903
252
949
527
566
968
480
1223
535
56
1003
1141
280
308
872
52
363
505
230
151
625
106
235
1188
64
64
162
12
61
3
1308
0
50
239
635
869
321
488
1378
616
638
261
86
171
192
64
311
126
319
387
23
533
119
228
377
1064
404
201
67
62
260
789
124
240
375
1305
1262
284
34
1291
388
287
567
81
141
1241
173
1110
870
92
670
116
180
205
163
168
151
65
1146
353
999
209
1112
889
1131
70
1287
345
236
156
289
161
1039
523
34
317
327
833
385
0
94
176
799
397
924
14
61
216
358
104
434
553
864
357
371
608
667
1320
17
401
359
1430
286
18
233
708
175
424
1150
57
27
309
270
26
57
300
369
168
654
210
261
235
316
447
93
1026
764
1099
306
416
228
161
678
785
1249
286
412
1074
446
114
457
1147
154
269
37
608
54
371
210
443
1396
1104
403
236
89
324
206
1425
187
16
74
165
562
559
241
340
146
485
1311
381
1384
379
272
1294
32
360
261
235
413
129
287
104
352
425
370
329
511
593
179
232
240
713
378
15
314
388
129
441
994
392
98
85
547
355
283
259
12
422
1221
148
334
701
441
13
371
197
129
356
392
29
237
1
155
341
162
126
188
345
300
991
192
357
437
1298
185
330
139
424
191
40
1157
17
233
114
254
396
620
1268
32
412
90
1215
154
443
220
420
291
594
1321
132
83
190
147
158
296
77
1057
272
654
318
407
820
1174
1380
959
629
336
1291
419
319
176
401
1407
433
412
54
403
294
91
724
15
231
87
30
949
18
27
172
139
886
278
358
1133
52
470
140
94
63
1357
804
856
596
1127
99
150
1250
1209
274
505
1139
299
42
32
609
863
40
341
761
1111
249
1143
683
306
1446
58
447
319
9
248
208
23
414
331
693
159
51
815
195
27
1271
164
387
372
302
394
146
698
442
4
171
323
339
1253
1270
434
424
1253
269
431
347
59
361
573
321
420
120
254
287
91
146
345
173
446
1447
925
22
111
218
1442
790
544
272
182
346
325
417
374
3
437
318
392
355
73
425
271
1021
427
55
614
1241
528
648
107
365
670
237
925
324
366
1257
191
59
218
49
362
238
72
35
94
47
236
434
801
255
1209
239
445
1050
129
1
966
1015
360
30
433
205
116
335
222
343
231
175
175
424
1299
300
446
1031
332
68
1378
396
1265
553
370
793
3
757
119
1
324
942
190
451
281
219
1372
239
608
228
71
175
378
445
123
1447
425
419
274
382
435
357
26
186
301
419
323
375
751
146
94
1192
342
1054
158
1276
317
358
410
242
130
1228
201
236
791
98
524
192
238
1269
902
249
284
292
47
1146
54
913
988
1315
38
174
856
73
510
98
871
18
1067
97
669
710
171
167
66
175
175
317
504
105
305
1
251
130
526
355
735
330
69
418
126
68
1294
146
303
355
292
216
527
997
219
971
795
627
953
277
275
150
1088
848
329
315
274
297
79
376
180
128
100
1188
251
661
423
170
177
412
26
1318
32
442
416
1150
21
421
318
1281
94
118
221
67
396
26
326
343
1289
141
1316
315
355
1245
133
351
183
172
281
1253
542
110
889
98
882
230
384
91
65
429
637
9
41
107
383
277
258
27
191
459
799
203
281
851
820
153
170
3
88
614
435
733
164
38
340
1431
923
862
17
1046
479
420
80
1193
234
147
409
171
82
83
1444
833
1386
324
397
576
231
84
371
704
192
1011
1132
155
45
38
35
325
297
33
178
157
944
1395
311
699
649
13
330
967
28
99
101
288
260
457
98
338
61
366
552
222
78
180
718
341
1168
269
126
253
950
719
131
394
179
1065
307
1253
398
59
117
105
192
105
466
1392
1395
168
528
9
1445
7
482
1133
99
295
241
357
62
891
70
141
32
872
356
340
559
422
226
913
305
692
183
335
902
1231
1140
329
1265
1267
1013
174
430
192
1439
61
29
254
1147
234
389
336
345
279
209
1389
1053
155
430
409
766
190
202
112
49
250
150
412
193
187
589
249
290
479
10
375
1345
543
1181
23
237
132
182
301
281
866
144
596
407
383
535
413
413
172
378
375
1036
1411
201
135
659
567
23
1434
184
446
1168
1094
999
354
324
84
408
275
178
48
229
886
973
87
168
841
1418
983
297
155
1071
114
334
768
1166
298
417
379
359
310
77
298
425
163
417
653
433
340
10
375
408
491
716
395
1176
220
1418
31
239
400
993
588
1235
575
113
347
412
420
443
265
277
397
67
323
427
216
1351
330
387
119
581
208
72
44
712
441
162
1437
220
283
63
64
253
189
397
128
204
27
1165
86
433
567
2
448
185
449
271
204
81
264
220
541
136
383
354
101
1049
64
89
9
126
931
128
0
133
240
85
19
63
256
216
942
419
415
956
853
207
316
990
416
191
183
1395
422
147
418
134
325
13
385
127
112
1040
9
1124
303
290
227
515
346
42
234
621
94
370
232
877
310
421
157
191
858
273
376
33
115
230
91
20
300
1037
26
179
1146
114
380
714
1221
242
1112
232
716
237
249
317
116
60
282
836
377
27
882
73
99
536
169
76
418
289
73
580
58
106
237
276
383
388
108
434
1178
343
398
1002
129
424
333
6
194
163
1054
161
1424
338
389
838
884
1298
364
61
85
925
899
111
143
74
281
996
1272
103
377
316
150
303
69
274
1266
252
199
202
591
1037
58
228
82
720
77
101
419
353
559
341
1099
144
195
987
628
375
254
35
563
713
892
88
65
28
541
1273
117
263
133
799
1203
324
167
229
767
735
418
119
242
388
900
115
1340
684
209
178
455
144
188
751
154
1124
107
598
443
61
87
942
347
107
361
191
798
127
862
796
344
373
420
330
96
107
1122
118
256
1000
147
1211
250
949
115
297
420
1007
144
390
293
306
433
57
677
327
210
737
352
886
550
354
67
300
435
1327
141
118
161
192
1183
260
234
286
236
390
3
146
441
210
1065
345
285
155
1173
434
290
379
32
1061
649
425
1327
93
202
259
175
439
217
1181
409
432
833
1384
439
83
885
1180
268
728
377
165
1384
253
453
153
362
225
913
103
1331
163
154
217
1137
583
779
154
56
144
356
1017
226
295
135
420
24
178
101
301
111
269
324
264
44
276
1036
74
7
102
180
43
883
99
505
68
668
239
104
81
303
172
79
176
349
323
271
416
47
1331
172
1155
203
32
58
811
485
445
98
16
1102
1329
1362
879
1217
710
1096
636
1064
948
1296
137
610
298
184
12
1320
1093
27
420
659
47
122
4
560
1041
1012
447
859
864
1367
9
422
243
84
60
11
402
206
208
421
553
115
416
611
426
1273
1356
101
430
9
1257
444
476
368
722
365
144
296
1186
175
389
251
23
360
59
192
136
371
257
99
991
348
427
417
616
353
140
329
47
435
381
1283
198
370
148
236
268
372
109
32
438
383
164
46
281
202
216
63
301
127
42
79
203
123
123
1106
432
1108
305
304
1015
1369
177
80
602
286
294
80
1234
1221
440
195
10
269
342
17
239
301
172
178
330
145
45
306
195
100
329
454
168
260
55
406
292
258
236
993
327
158
98
59
1356
334
762
505
1150
439
1297
194
377
1074
150
56
383
600
298
173
312
374
310
78
0
817
0
1275
148
259
750
36
148
340
104
77
194
224
217
138
2
31
303
419
1200
120
182
113
236
388
889
534
328
1281
97
297
728
412
1138
95
744
213
53
98
105
1270
992
774
365
268
919
302
542
980
215
19
1290
470
429
317
113
1070
338
39
212
85
361
414
1352
379
215
554
1145
344
66
1076
567
222
338
102
99
305
115
445
186
358
336
1402
145
1398
345
900
110
268
253
1103
445
898
368
207
328
1080
1118
229
445
173
661
424
804
307
119
301
70
46
1229
976
286
197
444
768
107
144
347
630
260
87
163
125
98
25
405
347
161
130
663
1110
190
242
15
112
218
253
101
155
117
525
197
645
1355
642
186
317
218
90
212
147
401
424
291
203
355
656
1368
98
785
801
106
231
291
9
335
187
1303
348
318
1121
16
245
275
302
1176
219
363
233
317
325
163
108
439
222
772
600
224
1025
58
1165
178
253
352
1351
268
209
373
657
365
304
225
1182
55
255
336
42
364
402
301
261
244
433
360
1183
861
280
48
461
313
1067
185
226
235
558
311
1446
537
1178
352
218
211
666
430
17
10
161
90
369
145
293
290
1319
223
319
3
214
11
1160
318
384
1278
269
479
154
132
364
17
772
834
372
307
175
97
920
261
604
425
316
1091
163
166
990
40
657
687
838
276
560
121
542
422
426
1319
433
730
206
1445
263
204
161
32
888
267
982
647
364
390
982
844
241
89
224
556
1348
225
242
18
254
123
773
447
168
73
628
741
606
172
285
1350
336
1218
318
89
796
393
1144
757
85
338
104
204
1230
334
792
33
79
44
202
153
431
689
293
189
311
325
357
54
277
1020
743
400
229
426
281
1103
1321
77
382
828
275
135
360
336
101
337
252
326
1047
425
305
21
561
268
400
276
916
316
1365
452
212
378
332
233
232
492
84
785
8
312
287
938
134
1279
399
863
37
1066
218
92
349
184
919
421
1340
310
302
162
421
12
964
1438
1277
142
300
323
312
400
78
286
40
41
259
353
14
520
254
1043
190
194
604
449
319
441
108
169
136
117
352
1113
756
151
410
1076
78
193
847
124
373
343
39
104
249
384
970
128
75
420
275
355
504
1175
25
215
415
76
809
321
470
1331
652
104
168
188
111
246
137
369
221
118
639
127
63
279
411
157
604
358
1086
386
112
535
124
170
377
381
1099
146
292
1197
212
991
316
1319
433
219
571
300
1349
319
823
400
374
594
1102
73
366
32
129
885
1405
850
892
88
416
20
1004
19
277
1042
1015
429
172
121
1215
334
255
340
1367
446
282
932
315
970
1195
1006
44
95
1010
1153
458
397
258
252
191
388
222
684
458
121
428
243
25
322
101
642
1333
213
50
7
681
397
48
119
355
37
108
261
65
1218
1336
408
1221
268
596
281
1121
317
276
834
155
208
192
831
298
722
487
32
150
149
234
213
171
120
15
288
70
871
507
310
894
248
334
78
28
83
58
31
891
353
292
102
1352
310
585
413
10
135
314
5
218
700
72
828
244
1374
1255
39
324
441
343
425
330
443
1430
297
278
387
278
592
267
210
45
560
1015
141
288
1437
281
1168
406
671
402
252
170
318
780
961
41
236
61
684
824
126
60
226
334
267
714
466
328
107
643
671
143
248
226
51
171
208
375
93
83
16
348
163
946
506
11
288
228
207
657
207
374
213
78
333
456
147
370
1386
302
1127
257
344
426
406
80
266
636
436
877
86
146
311
554
67
1303
144
217
251
167
177
33
450
169
207
1063
348
339
353
406
466
169
222
407
237
1327
3
769
113
1257
10
1193
1179
177
308
170
251
369
744
191
18
276
728
395
357
265
74
399
111
1080
405
28
210
282
407
148
142
76
285
173
200
60
51
237
388
1298
863
46
299
360
266
283
70
394
302
113
936
438
424
383
1039
93
1127
101
106
96
379
24
412
403
326
92
1287
60
590
1320
442
884
368
69
243
324
14
143
309
1041
594
114
123
1201
1048
13
226
443
431
538
234
26
1304
1179
309
210
285
118
71
377
187
210
3
343
1176
15
116
294
924
313
385
401
356
1430
374
248
394
26
322
107
278
1
435
1426
191
309
379
235
386
92
1350
611
410
43
321
315
261
44
204
108
325
627
1352
451
348
69
82
205
270
71
734
203
418
276
987
239
97
743
205
125
557
236
134
107
267
51
19
96
1121
685
29
600
312
244
300
1133
146
279
109
1271
244
51
365
125
53
362
156
1225
301
239
691
168
374
592
237
471
174
10
217
294
306
32
261
832
1388
260
572
801
102
132
1129
1406
892
318
57
160
486
291
253
89
195
1279
901
396
262
15
1405
273
419
713
51
430
1146
247
718
222
171
708
712
270
945
108
933
218
231
72
170
20
365
31
38
1101
2
1198
395
9
35
161
949
415
811
294
129
542
120
33
1311
593
172
234
193
4
41
1112
257
875
243
241
94
881
18
471
375
343
13
188
269
256
303
1214
197
427
844
43
35
384
348
445
16
1249
327
319
1197
323
24
1134
157
1114
818
281
182
431
189
33
80
133
257
1305
1420
207
1384
422
301
84
240
1143
58
899
343
173
25
639
349
300
357
299
1333
264
1057
125
1035
33
211
23
510
231
705
769
63
413
118
216
336
657
325
1234
174
2
420
279
135
80
283
425
860
984
1178
284
303
413
1070
78
422
39
763
399
294
175
994
34
1240
904
1045
1250
230
408
870
1309
30
340
387
1340
206
71
244
216
118
1091
939
438
344
13
306
692
443
141
408
377
851
491
1196
728
1010
219
80
85
362
761
390
62
1032
149
438
306
74
832
390
205
377
253
384
218
128
448
79
215
450
49
993
116
167
394
198
1179
311
244
366
329
380
54
47
411
652
822
413
322
157
44
431
1207
799
326
568
102
653
126
139
1335
1299
181
238
1112
1033
156
231
459
286
53
281
502
189
494
264
310
1139
165
576
146
358
220
1097
69
79
1294
286
380
8
320
264
148
135
184
191
285
649
433
145
1129
175
445
1009
1188
1043
641
305
1253
211
580
391
4
1005
159
395
137
289
501
119
59
298
1372
837
390
1060
26
84
75
23
169
419
347
138
876
404
60
1312
151
754
930
1406
369
10
246
410
21
445
795
77
172
428
67
10
1228
618
197
884
188
862
994
51
421
837
51
207
1330
419
148
507
440
51
436
91
318
386
394
5
158
72
129
483
209
158
732
199
231
0
1314
422
124
11
1074
309
131
1192
192
1022
527
127
38
11
1292
76
195
977
378
677
159
751
730
138
116
180
46
1051
238
259
340
253
1228
330
1420
237
316
1078
421
330
946
408
291
911
337
82
724
678
239
170
797
269
277
1366
1073
228
205
1150
418
245
882
93
989
26
402
48
26
402
1415
428
234
317
313
411
47
218
245
200
766
1247
345
446
191
1409
76
740
299
183
234
787
77
571
126
53
354
1080
262
688
496
156
538
225
434
487
165
745
985
410
650
267
300
57
807
195
137
1073
909
400
129
418
429
402
399
61
492
1172
889
246
927
386
245
362
855
1332
349
282
1030
881
1435
102
960
556
293
211
291
410
385
325
998
985
201
676
309
379
328
187
370
224
283
180
573
431
369
28
301
29
331
1149
517
1251
444
1278
311
252
1040
381
131
1060
393
765
249
281
1365
703
1306
854
1273
373
58
307
681
842
433
157
140
1123
228
876
644
216
1408
959
835
227
656
361
1208
215
1121
383
255
185
116
96
372
242
212
347
224
1211
75
1347
929
112
465
1358
422
45
301
241
432
307
1297
485
18
835
1169
37
794
193
284
925
261
506
273
444
86
1118
107
82
807
30
325
306
205
430
430
705
224
476
358
36
296
118
31
133
1217
1192
316
1175
311
1171
452
301
826
446
239
142
107
257
631
163
84
140
737
159
404
44
81
790
280
270
113
30
355
1330
705
960
390
184
304
71
359
646
297
991
382
1375
238
439
275
348
809
47
193
967
53
42
246
11
225
1101
304
149
236
61
320
797
169
508
970
365
93
429
3
288
60
227
305
276
366
213
614
112
207
1277
565
126
426
435
827
361
190
6
391
64
249
291
1145
369
319
1387
1326
14
35
225
426
331
171
249
1300
1445
1168
138
93
156
187
436
416
577
9
218
1267
104
776
161
444
47
55
471
229
1101
9
428
1233
59
226
259
315
894
1048
778
101
122
370
181
62
191
172
366
211
416
881
640
255
359
95
95
1345
2
198
1377
44
256
744
1103
194
276
850
532
1440
1408
1001
444
422
731
310
310
51
251
130
98
1388
627
130
195
205
262
1315
30
198
409
6
121
87
276
445
284
1275
185
12
210
288
299
360
41
1277
432
59
237
283
432
221
928
92
307
348
197
23
37
52
1328
633
1421
1271
55
68
113
1167
67
75
203
182
1111
308
551
604
327
148
554
848
186
1246
380
805
377
636
230
703
101
379
1292
371
788
619
20
618
1203
21
181
917
453
602
40
346
538
242
306
1181
184
386
439
1407
126
68
192
355
27
67
1294
427
459
27
908
127
425
445
56
365
1422
360
257
313
336
113
306
215
803
187
413
171
1115
447
57
879
615
469
948
269
440
297
193
288
383
86
323
375
50
709
31
802
1374
95
1174
98
118
302
824
76
26
304
121
423
336
579
207
25
231
58
113
61
790
198
105
415
1329
204
843
317
348
853
171
760
429
153
114
416
389
371
330
156
383
1192
101
319
728
359
985
323
333
321
350
337
1415
122
269
1158
209
158
898
856
8
1204
315
207
426
438
279
1188
1055
614
1168
524
1443
1226
0
405
801
209
1159
110
168
124
3
299
1306
37
13
119
104
42
98
432
86
1418
767
359
1365
1222
548
620
1019
273
402
1005
684
144
860
199
220
395
137
1275
1090
265
192
362
551
39
1161
337
772
273
194
94
1231
135
40
1304
758
217
969
1218
177
299
152
351
4
433
8
247
90
555
111
1321
131
1370
309
174
582
289
842
988
143
780
290
88
1082
275
388
394
5
1264
1134
108
425
596
1130
723
97
998
244
1348
10
299
202
1288
1
414
322
216
167
785
246
832
224
802
35
191
14
447
773
21
346
329
379
1228
364
84
73
0
45
53
793
1230
76
402
56
103
373
229
607
6
219
313
759
949
303
363
707
636
293
169
169
306
118
118
73
81
280
420
116
261
199
87
189
53
128
1368
91
1129
64
447
701
969
136
408
1148
588
1356
63
323
278
926
563
178
0
311
198
446
227
271
90
426
532
15
37
282
218
6
1173
146
1427
192
397
58
370
752
1302
156
1019
263
14
36
69
378
1268
1399
694
983
785
252
642
495
1128
269
220
166
1062
390
283
622
290
445
190
215
429
104
504
18
1115
929
332
16
1376
1173
417
967
356
1160
366
429
1087
98
166
90
316
124
174
106
513
419
930
264
5
252
51
356
321
1102
675
862
1351
386
134
1095
413
230
1154
870
331
565
399
289
1168
16
88
303
424
152
88
188
1216
16
437
325
376
175
328
1071
168
700
346
324
443
352
232
125
350
199
96
1048
993
854
225
59
292
1222
254
78
379
447
379
253
778
1165
78
147
217
1214
351
544
257
2
72
244
917
25
340
417
874
168
259
316
278
315
5
411
323
68
442
1264
1429
146
120
268
144
218
4
276
266
114
495
335
366
1256
514
1214
55
1262
426
922
176
233
84
1065
122
317
817
225
326
978
427
931
150
898
237
137
256
312
439
679
1186
193
208
309
454
150
241
226
119
288
8
890
130
1338
306
425
158
35
62
366
684
152
49
1160
350
61
60
212
643
101
71
108
697
1085
362
112
650
117
606
225
1159
110
335
704
175
396
124
211
33
140
341
96
308
143
428
304
78
85
260
269
354
259
85
131
312
29
325
98
296
803
175
786
94
592
96
285
23
557
20
1352
986
1026
445
153
160
1438
124
162
4
409
701
404
212
176
319
868
421
297
193
234
97
122
502
1212
1356
1014
153
151
1131
823
281
750
507
44
278
808
239
1012
257
349
642
233
191
9
112
270
231
168
1217
9
127
296
270
33
2
377
354
1056
220
143
585
241
107
1078
1259
162
1136
941
913
1291
908
67
263
229
51
77
1304
60
107
53
109
845
349
444
78
32
635
288
22
382
136
814
1010
339
235
401
874
349
155
296
247
58
363
1236
795
366
287
254
171
90
1133
21
952
389
549
390
1217
343
233
97
513
536
317
1034
71
309
1127
597
825
971
615
993
1031
449
728
142
358
226
1309
1198
745
72
1380
551
113
290
318
102
1255
422
420
285
4
1311
155
1181
439
311
112
380
1166
413
709
1248
11
1129
426
1330
32
722
291
172
147
102
104
1010
10
146
192
692
128
237
100
306
62
1433
954
702
418
882
1175
117
26
292
339
430
297
368
280
257
913
335
379
1360
231
469
97
416
242
311
1315
745
396
205
74
1098
79
1432
402
1117
40
220
299
240
214
47
1179
81
1003
1424
445
25
266
8
76
274
1199
243
152
201
266
112
1215
1203
11
36
308
43
214
283
172
250
425
255
108
1213
81
30
164
315
1272
423
246
412
121
301
54
10
433
162
43
99
48
285
204
196
222
148
324
207
798
1266
431
1398
69
257
282
301
427
825
837
203
24
207
36
425
272
286
89
241
231
505
188
967
133
158
83
307
35
1068
25
269
204
613
1394
143
476
132
925
430
820
1320
184
481
259
783
359
1320
366
603
214
229
232
640
105
302
426
1291
1442
120
1196
684
403
133
185
36
47
87
271
423
125
50
748
979
157
93
977
87
352
161
307
420
203
1336
20
887
148
486
318
900
227
1075
8
964
274
87
222
31
365
220
444
10
370
1031
51
1154
274
287
163
439
1310
140
319
250
154
440
395
126
220
385
224
490
237
676
167
388
118
1019
89
279
404
64
197
1110
21
319
138
326
120
263
343
447
368
1
474
155
1145
343
862
1061
225
1126
178
235
56
140
489
332
1152
74
204
171
69
98
9
273
325
201
95
1422
368
182
143
336
392
417
236
233
194
132
347
269
259
1077
19
1145
292
361
158
237
174
890
278
186
598
1402
168
245
225
149
212
1401
280
1242
426
8
1349
970
205
195
412
415
180
564
731
150
228
203
625
317
1270
509
322
1309
279
670
0
1000
2
344
395
459
71
833
1290
101
328
1313
119
1206
1430
393
79
72
215
156
287
641
835
921
159
167
1442
438
250
346
431
462
140
124
183
156
890
180
346
493
61
230
1265
306
271
1132
390
411
123
544
294
252
537
191
273
123
239
655
0
351
120
233
62
210
1321
343
424
536
70
1182
44
805
1009
365
141
1178
187
700
412
1161
0
941
192
44
431
46
1167
273
351
61
178
416
1187
50
100
338
159
79
435
260
216
91
285
370
166
26
308
59
573
1086
1426
459
191
89
325
204
259
368
444
59
521
105
215
153
195
277
130
431
38
1334
442
424
1198
209
1206
706
164
13
703
413
1067
1210
95
281
1182
1003
341
788
52
227
872
26
1228
107
863
42
209
434
183
1087
1270
411
156
172
129
882
413
646
572
846
108
38
319
344
76
1148
231
266
145
1060
986
961
34
76
120
291
122
372
163
169
794
316
1263
238
56
520
858
957
300
383
404
262
549
479
128
329
255
139
337
232
87
773
429
1009
445
1371
365
114
248
21
26
283
357
44
49
799
48
1301
96
1314
345
76
198
395
240
49
438
387
281
1277
436
181
1065
237
1302
515
646
302
651
1319
170
1071
407
1439
223
377
413
334
100
865
243
65
1382
253
73
679
359
178
65
296
123
172
1296
1279
325
1390
219
1272
1246
29
187
81
238
224
249
428
112
490
433
155
434
190
51
1203
82
706
485
393
1017
564
1
279
259
159
165
343
173
191
446
54
421
288
19
738
294
1306
224
644
960
231
143
167
443
3
128
358
1389
139
322
897
679
206
215
112
275
382
1203
630
744
696
61
982
316
215
205
137
112
332
235
230
216
857
1430
760
416
104
442
1340
567
664
184
159
1439
168
825
83
394
362
187
1434
254
401
1346
1409
1274
354
327
230
1342
390
797
410
46
6
1078
312
191
141
1
339
776
961
383
195
34
10
65
224
1072
1
91
261
823
194
1260
270
767
162
603
26
255
480
243
265
220
999
1327
446
442
82
566
965
185
367
1167
13
137
404
406
248
173
37
437
1246
380
355
43
165
411
181
320
3
387
419
238
17
129
149
225
193
176
280
376
137
320
1304
257
222
306
423
320
377
154
116
40
405
411
1028
287
46
46
509
1198
66
282
5
271
84
252
1319
205
292
129
381
422
1303
423
134
1204
148
255
289
287
789
429
400
148
210
470
182
81
1137
240
89
317
760
1357
656
116
48
47
629
1
1092
141
355
290
199
525
24
7
681
79
356
275
186
72
760
409
493
123
232
351
406
65
1257
414
132
1442
210
991
199
122
446
975
2
180
777
203
409
337
302
260
372
322
207
380
186
73
108
343
502
1020
73
299
245
66
1133
383
198
83
61
207
1136
187
325
261
382
343
174
577
142
405
296
402
29
56
386
1099
228
18
108
918
286
72
443
147
1175
81
37
1026
286
310
384
68
475
211
1039
1125
1137
84
404
229
260
313
294
273
108
210
661
854
1344
130
440
383
339
63
349
57
299
336
17
197
724
397
251
62
104
99
1301
366
178
397
314
629
413
27
73
706
1
174
128
311
374
441
729
360
511
1257
272
252
64
414
370
170
400
119
78
221
231
9
584
48
520
353
257
306
56
28
175
795
125
45
11
1133
159
927
245
139
393
303
114
316
1408
219
598
688
426
1132
410
129
385
167
678
252
1357
111
391
157
309
29
442
54
894
240
1158
135
745
1404
102
1447
73
423
1028
1033
1178
167
79
23
219
821
61
203
148
412
233
240
112
153
1334
181
884
60
137
577
38
22
218
400
206
649
35
460
375
395
1151
52
558
34
1188
160
490
232
89
409
386
392
184
45
929
1038
276
218
405
1395
1148
1318
19
127
726
429
340
348
796
74
1163
1265
786
299
332
364
253
201
62
30
268
13
922
395
771
276
369
383
1299
364
376
1425
307
340
1367
75
73
191
541
215
1353
337
1102
211
156
416
253
294
194
435
113
1336
248
198
915
1405
234
788
350
442
226
995
254
1294
206
235
473
1050
61
102
32
345
290
545
406
120
15
113
655
1446
443
191
58
69
380
164
1160
150
813
157
234
401
265
911
197
370
301
243
257
76
153
131
165
322
335
331
445
688
178
320
404
230
136
140
313
117
312
1287
382
455
12
1007
307
226
48
368
1103
397
304
1268
263
66
381
117
1085
178
785
381
625
1227
357
1364
59
173
610
441
207
1351
76
695
398
591
136
266
91
207
311
439
155
392
1216
343
52
282
394
91
694
9
78
425
276
105
137
149
372
227
223
816
1106
366
345
221
184
405
31
286
65
895
254
75
41
193
419
178
166
182
350
1103
681
831
224
110
325
1331
252
91
287
168
361
56
444
183
1373
791
349
915
787
27
197
314
166
771
249
1258
339
975
815
933
1139
8
1439
301
998
107
228
183
96
223
220
156
71
266
147
1099
346
583
283
632
867
514
7
120
142
345
1027
178
831
29
93
1318
687
1318
375
313
7
387
1154
319
211
127
603
223
281
252
1
131
399
355
404
36
335
81
168
209
277
276
223
297
191
172
418
155
140
266
408
45
989
403
885
242
247
157
204
402
447
775
357
69
1219
5
103
151
1423
74
198
1254
685
348
510
767
315
332
109
4
129
610
228
40
96
444
22
520
235
87
128
211
649
900
31
219
1416
924
1220
226
859
172
634
733
5
146
78
180
987
29
1126
271
222
416
186
266
174
30
302
801
663
143
869
324
1151
594
79
228
253
152
27
827
316
1415
885
384
365
756
393
736
224
319
1029
157
387
314
1139
307
944
1378
20
397
323
164
253
260
298
337
21
128
339
138
317
1156
216
675
942
261
437
67
6
123
8
1306
179
495
80
330
389
195
111
479
424
108
424
246
263
115
96
392
82
1183
1152
128
312
1380
145
328
45
1070
382
192
1029
470
1213
1023
342
67
102
591
121
530
33
92
394
23
348
37
763
113
331
162
292
177
197
27
237
370
69
399
354
1354
102
234
70
447
230
1293
416
283
99
1409
120
281
560
419
962
44
257
82
209
222
202
1092
173
390
99
124
445
272
406
806
533
441
271
33
329
792
411
435
367
182
41
1152
97
286
643
3
1000
333
181
91
273
410
253
1015
75
431
25
1442
327
685
291
279
598
364
88
5
950
1232
212
1435
101
180
1399
1156
276
523
66
93
572
409
26
162
1252
198
132
1396
32
202
1142
77
363
50
12
409
982
217
1344
310
118
239
577
564
833
437
12
910
49
447
37
143
351
48
79
1253
656
1400
191
1201
1347
121
1044
461
73
493
113
387
291
929
137
212
223
1413
450
1198
387
218
426
132
24
409
85
1090
1407
586
308
166
319
362
686
816
172
1323
1242
370
1137
536
243
311
399
1277
243
127
43
75
151
378
1099
321
401
72
105
315
1264
319
62
583
169
596
991
99
81
112
100
712
417
76
435
1001
1128
213
345
1204
380
88
1169
375
97
406
706
1035
159
1
4
1093
152
445
323
119
862
159
98
331
233
993
969
184
431
171
64
1306
10
59
417
222
325
1246
361
666
910
1108
206
1153
245
399
394
405
235
339
22
1179
388
1439
1407
930
245
995
21
963
213
112
70
170
96
1170
391
147
47
464
811
109
192
98
329
330
564
402
409
268
331
99
407
1273
361
269
398
1144
341
1446
14
289
308
721
295
1273
81
691
43
3
1000
240
239
1303
462
210
393
1422
250
42
1387
267
343
532
230
843
791
679
656
669
1256
250
414
227
699
296
2
1399
447
916
429
1310
418
317
261
504
1408
435
432
21
1313
375
1127
241
175
1238
420
264
197
367
67
386
273
128
1412
216
218
468
630
644
9
951
174
340
300
215
126
528
830
293
157
303
224
346
197
605
179
170
1103
376
251
939
345
309
237
358
256
767
353
245
101
272
16
99
204
1126
86
1047
120
583
1088
392
368
516
319
113
125
241
131
94
297
659
33
5
456
24
221
270
146
26
288
275
1367
772
370
32
105
19
1128
827
877
405
87
252
265
301
1070
678
871
76
64
108
752
57
791
172
90
1250
193
87
122
232
183
214
842
14
1056
974
99
266
1162
116
116
186
65
98
329
336
373
0
139
1390
72
242
166
810
381
1024
1302
171
58
1009
521
233
6
470
143
80
203
245
284
125
20
259
52
159
16
1120
606
439
205
55
354
624
125
1026
298
103
1052
337
164
347
871
612
333
253
238
332
359
361
66
78
51
635
383
503
1080
163
419
1400
378
129
332
419
258
1144
318
299
740
910
946
1248
20
1162
608
1160
1088
829
269
254
88
57
1397
503
137
212
362
840
221
37
873
185
1107
142
84
100
13
320
43
413
412
65
577
363
246
40
92
261
376
1183
389
22
324
32
972
1410
60
312
180
774
196
327
148
906
259
254
4
154
354
94
676
200
331
823
56
324
1442
390
910
276
47
1389
309
243
490
126
1119
269
1277
1384
831
257
629
104
724
93
161
49
60
165
161
4
201
333
327
392
455
57
1193
178
99
67
252
397
189
1437
634
116
182
138
189
338
234
369
1433
1432
671
570
1181
1151
788
102
522
145
58
1050
178
700
86
300
1346
990
180
620
128
289
125
444
164
856
249
208
394
328
277
174
1151
232
830
135
303
1144
612
316
837
357
215
577
171
443
397
124
372
313
377
1150
649
896
405
296
57
548
1409
319
438
1209
224
945
510
326
42
373
416
93
212
70
154
32
1209
560
17
101
436
1417
433
403
339
1289
40
226
421
410
1439
415
148
1424
32
653
364
1345
960
36
345
181
406
725
300
294
194
947
1335
153
326
411
1012
371
288
124
1289
397
78
272
14
368
207
48
932
217
40
396
679
1293
1436
160
1357
37
939
127
429
379
116
1108
752
251
106
123
1299
155
417
84
2
1442
41
1304
430
12
402
785
160
323
110
110
195
231
147
92
101
423
85
37
182
1237
399
381
1422
374
667
359
139
223
773
316
24
344
283
1083
231
572
79
25
968
407
19
43
1103
1142
395
375
321
410
350
110
1006
325
981
676
32
986
738
1318
371
1249
90
402
194
240
323
330
408
146
230
521
156
436
925
99
1362
242
1341
145
1441
286
1389
970
351
313
133
371
1070
312
168
32
42
63
273
248
569
505
385
260
577
125
183
159
228
378
54
847
790
932
66
202
5
275
418
730
128
907
159
121
57
126
1259
749
402
91
155
332
339
674
53
368
762
45
874
1109
328
265
516
325
587
50
385
130
110
345
221
28
897
225
227
710
439
1301
645
133
267
276
695
304
313
485
127
304
251
259
7
385
297
593
81
727
1407
909
1409
218
218
1001
127
242
827
213
178
442
1362
182
325
1072
179
266
293
467
1260
281
1368
356
12
285
199
437
358
194
364
148
331
38
164
112
691
513
166
266
276
286
42
373
120
360
107
151
235
285
1421
165
419
22
86
298
438
412
320
1184
414
1444
357
1148
184
308
889
294
320
403
52
262
150
220
621
280
187
19
447
272
148
238
375
246
37
20
163
875
1047
697
84
130
435
1072
412
1095
356
143
209
155
184
158
71
5
575
431
409
1
1290
87
1089
405
957
411
1363
407
908
684
454
880
777
267
1394
27
260
188
177
421
369
343
450
174
1333
90
257
1015
1025
247
144
842
293
476
529
325
437
326
145
846
231
20
1438
303
3
186
137
427
241
34
133
1327
190
44
1221
193
151
295
65
1220
267
885
177
826
580
234
16
1192
302
1277
1090
261
1351
958
1445
386
269
78
107
338
722
497
54
419
171
174
683
308
1396
165
359
20
109
103
348
169
191
1250
604
966
407
1426
308
1090
122
408
1051
136
79
1287
296
1329
1160
1249
422
11
152
381
1042
1277
5
372
771
224
1383
15
305
47
1303
1314
471
87
209
372
257
367
129
124
366
1081
1241
717
94
294
289
866
436
142
229
122
20
117
275
373
1206
142
233
44
81
964
266
196
192
371
314
147
1400
315
29
353
679
237
715
1056
366
275
959
212
128
267
115
388
8
133
132
1158
446
384
1244
222
522
144
1138
1151
87
1211
627
399
241
342
301
231
935
76
910
209
57
87
408
72
106
100
96
506
382
179
1306
137
125
1437
1222
549
302
300
198
307
220
365
773
265
148
1168
80
1414
980
286
392
382
413
402
398
4
210
313
14
1086
798
33
84
284
1345
925
17
129
236
206
150
384
175
1099
1110
223
665
442
296
23
952
884
259
209
380
1412
1056
1130
1384
104
91
239
433
366
306
353
524
1400
1380
306
371
1296
114
198
305
84
128
179
921
1338
1364
1400
650
284
54
1297
373
429
334
344
221
906
233
917
237
122
308
55
613
166
1270
57
1357
297
442
997
384
360
58
651
170
218
181
75
226
136
1073
294
168
206
745
240
127
216
151
1337
300
229
250
1262
1020
679
97
372
33
889
270
446
190
1167
748
601
150
448
105
590
312
1207
68
1184
437
557
551
17
352
544
789
17
396
599
421
343
273
363
517
389
1408
160
79
47
137
793
350
156
372
246
273
579
420
1121
415
271
125
404
489
27
679
508
339
246
303
89
275
896
213
771
160
1291
440
134
347
218
195
294
9
556
227
315
14
721
7
382
1082
251
750
57
32
1167
1436
11
290
297
372
417
38
1315
894
1398
187
630
402
371
20
30
1379
1015
859
577
133
335
191
320
63
310
942
205
737
1022
1131
859
55
629
208
9
187
1137
252
1110
454
1267
63
838
1039
463
153
1035
577
522
430
44
57
498
131
273
574
1057
194
227
1191
42
178
177
80
482
255
246
36
304
655
355
259
348
74
1379
198
355
265
49
134
73
232
171
32
981
188
834
115
352
381
415
31
309
388
287
7
114
206
80
144
438
686
241
31
176
382
309
415
742
199
544
120
171
19
424
24
870
393
500
430
145
305
224
169
1040
52
975
380
246
285
119
29
1307
345
336
321
135
898
420
34
1031
432
424
248
215
142
257
259
511
139
392
255
278
317
734
717
401
599
120
856
340
1420
1099
429
415
129
160
9
1338
286
137
367
352
421
330
359
240
377
968
319
118
416
1077
6
78
1
433
467
225
982
418
98
1070
123
364
1134
66
396
193
24
511
394
1339
358
408
326
132
292
339
308
1060
1118
661
1337
274
1275
89
285
129
779
265
618
1405
273
354
266
1075
1170
4
412
1436
1340
160
350
241
39
888
372
1400
271
417
32
253
431
131
1271
73
118
215
178
279
342
1136
825
145
319
826
1025
407
104
390
15
119
326
387
971
53
1091
94
1086
261
1320
1210
899
267
34
1304
1281
161
352
984
1006
1361
1330
30
357
686
139
93
265
287
896
806
71
12
39
394
63
238
1280
691
243
11
175
191
710
151
359
12
62
603
663
429
67
209
1305
139
29
589
838
675
1184
117
58
70
491
1298
14
1220
268
380
1304
1304
261
42
556
775
322
1263
222
1088
88
309
53
324
1391
53
594
143
337
221
126
389
8
56
311
781
323
9
90
129
257
1112
210
715
419
130
1375
625
302
165
296
210
262
112
417
399
244
159
292
522
289
349
100
1345
344
72
1373
259
199
305
365
241
190
1192
518
902
109
475
185
471
170
231
835
716
233
1093
35
1260
505
46
1225
28
477
7
809
345
136
134
118
288
207
138
38
812
227
1182
132
104
132
29
952
64
478
1383
1289
84
559
427
451
189
894
2
1289
422
341
58
427
11
1256
272
184
445
188
764
1334
219
336
328
76
1073
598
33
262
1357
82
196
176
156
73
362
425
161
163
252
1386
6
458
342
332
537
136
391
1301
312
44
15
395
212
741
224
414
305
405
350
810
228
318
94
1442
1075
392
818
798
312
377
442
725
726
794
443
1203
290
25
956
292
810
321
444
374
937
1226
13
1267
81
15
1019
204
214
187
277
198
345
379
1147
136
226
358
733
403
77
311
10
960
262
329
126
141
1428
345
450
200
1073
136
111
1121
215
214
882
292
372
591
394
156
207
193
813
1113
192
140
774
362
723
1144
417
163
357
378
317
152
677
278
136
640
340
150
166
82
165
73
1202
74
157
36
347
829
211
316
368
0
176
673
404
1220
48
37
34
1149
1079
330
169
101
29
959
360
1221
1330
1147
339
77
89
1264
1444
1295
1200
729
1226
447
70
507
53
413
404
791
39
232
492
1014
556
340
405
27
226
1061
212
316
1289
33
35
929
404
514
453
915
390
473
399
14
1445
1355
9
79
154
272
1123
973
1255
398
112
3
158
74
229
1308
328
134
922
422
123
11
399
431
202
609
376
554
377
402
217
187
382
106
379
1046
1
377
52
339
28
142
306
205
218
189
585
61
123
634
447
1203
175
1348
191
221
342
954
1058
398
262
48
871
376
388
819
251
113
73
312
113
433
318
9
1396
146
1056
207
279
335
156
176
51
133
939
554
745
308
215
349
435
125
332
445
303
293
7
286
107
1065
402
173
289
1112
165
1413
348
484
430
1239
1073
160
394
424
103
1418
73
238
1015
538
45
299
1131
153
578
1304
1010
291
1439
435
426
293
1044
865
101
118
482
363
260
841
325
397
118
1081
420
162
314
116
111
305
351
217
248
66
395
1
66
353
433
16
325
90
25
268
231
58
1035
221
387
84
1163
835
166
1241
302
3
332
382
1347
402
639
1106
155
423
280
388
401
85
179
376
115
78
63
371
214
792
931
338
100
1252
122
439
465
385
431
67
2
85
1401
92
60
244
16
424
442
94
365
1304
255
373
349
382
159
316
55
718
1362
152
321
416
161
18
686
900
135
147
66
396
656
423
195
93
700
1106
138
349
221
1197
344
70
244
257
97
209
767
378
203
948
382
517
367
4
49
785
87
531
11
1393
446
1234
953
153
403
1415
379
388
1077
944
98
4
439
390
1384
521
29
147
186
584
285
427
105
1093
159
942
52
1336
317
1396
1118
588
1363
151
286
267
367
764
74
51
49
794
1170
699
988
592
371
982
435
419
233
678
476
205
34
161
304
335
938
72
560
1359
153
938
433
1290
30
1141
1216
299
1231
357
903
417
214
1250
86
421
381
366
129
160
570
276
248
801
267
290
2
53
403
223
728
109
163
117
232
1211
1001
303
207
1324
100
380
1205
238
132
978
341
715
206
1363
169
300
422
826
129
103
131
86
181
537
175
334
398
204
260
1396
137
250
431
722
571
1071
303
406
269
34
278
241
9
364
7
435
330
1439
182
1
136
1159
299
95
169
524
254
310
1041
262
92
270
50
279
64
340
36
1260
738
149
1030
284
299
321
402
382
390
424
196
111
81
128
235
505
417
92
126
1365
225
1102
40
186
1043
357
325
210
1420
719
290
155
36
216
631
1355
523
641
400
155
301
169
375
101
86
302
140
654
70
429
149
236
646
365
333
135
785
344
32
988
275
1106
301
429
205
63
722
353
414
528
491
98
555
87
4
1146
167
365
265
436
251
730
204
1217
351
317
343
15
366
392
1261
987
1446
173
357
0
1325
1427
375
173
972
288
236
243
48
16
9
220
531
220
132
1149
703
396
325
76
379
197
422
674
995
403
179
121
403
1424
42
662
220
122
1148
384
94
209
1210
430
268
245
296
925
42
284
284
424
402
281
223
109
234
422
922
334
110
562
426
1421
428
243
157
174
323
205
538
736
162
361
28
436
399
423
1375
332
949
11
977
428
1195
1099
314
388
140
318
212
132
617
126
235
1326
192
663
157
632
912
501
554
374
298
329
1364
35
409
388
176
393
282
482
355
355
293
208
310
306
553
302
242
437
203
1142
668
1127
975
186
73
1436
949
129
434
347
149
338
977
221
754
782
154
372
323
250
19
365
261
442
779
1078
425
343
86
383
284
410
198
253
729
366
67
594
664
33
316
862
387
802
83
193
3
4
349
173
54
186
719
168
844
216
1282
743
421
24
990
324
4
274
290
169
30
321
298
354
147
5
55
214
940
91
187
822
291
166
473
772
341
297
41
373
402
394
305
63
1299
81
172
611
1187
294
463
1147
1047
277
30
133
373
541
131
301
1120
892
55
6
393
956
239
138
383
873
335
53
128
304
1346
325
213
33
159
188
754
310
213
556
122
393
64
105
183
153
0
530
31
133
689
1288
87
207
125
429
580
25
1243
134
549
931
435
961
394
427
583
855
7
226
172
891
401
61
238
432
375
329
335
174
90
54
47
861
300
21
357
159
52
89
52
138
137
153
814
404
402
748
117
93
76
331
844
71
195
274
137
833
406
318
270
215
311
271
299
1283
841
103
389
191
904
266
434
352
356
412
810
1212
397
493
279
292
199
15
437
1170
800
294
242
772
53
279
30
70
152
1121
124
139
1284
358
127
365
86
266
77
424
206
82
383
1010
91
607
222
357
90
1056
295
515
184
154
200
17
306
915
1296
612
284
58
66
86
22
113
370
265
24
251
38
322
359
93
717
79
485
384
875
1305
356
45
35
770
59
1127
43
224
111
52
747
120
1266
12
29
395
136
448
100
76
64
9
6
15
43
45
84
67
59
35
11
2
22
85
75
98
60
17
65
7
6
78
29
9
54
38
73
33
83
16
89
21
74
42
15
47
40
19
41
27
24
4
79
62
9
28
47
56
89
7
95
37
58
95
20
12
70
10
22
40
42
1
25
81
75
98
91
19
48
26
32
26
64
20
34
51
49
49
71
14
11
53
77
49
39
56
57
28
68
96
88
79
35
7
2
7
39
24
77
72
67
77
70
97
89
32
16
17
17
1
22
13
58
48
56
12
77
12
98
10
52
35
55
86
34
9
20
39
98
36
17
34
46
70
43
55
89
35
45
37
81
58
81
95
34
51
75
34
82
30
79
37
66
27
52
57
25
70
81
9
60
99
52
65
13
64
15
43
82
66
46
7
66
48
56
14
12
86
50
90
12
96
90
9
10
53
5
55
14
83
7
61
89
88
69
80
63
42
73
1275
true
false
false
false
false
false
false
false
false
false
false
false
false
false
false
false
false
false
false
false
false
false
false
false
false
false
false
false
false
false
false
false
false
false
false
false
false
false
false
false
false
false
false
false
false
false
false
false
false
false
false
false
false
false
false
false
false
false
false
false
false
false
false
false
false
false
false
false
false
false
false
false
false
false
false
false
false
false
false
false
false
false
false
false
false
false
false
false
false
false
false
false
false
false
false
false
false
false
false
false
