100
728
241
144
171
180
28
201
176
224
975
155
5
243
201
77
74
78
196
38
50
978
103
165
1208
230
129
178
172
71
304
694
90
201
153
240
90
228
44
71
134
49
190
204
38
36
194
203
1085
14
33
103
803
44
136
121
179
244
152
148
74
97
169
147
69
168
898
789
1151
158
49
227
161
24
18
76
251
205
121
918
240
114
214
116
194
97
100
119
41
176
227
90
137
119
509
98
589
1064
662
323
340
170
65
783
1116
911
44
221
955
209
1152
80
328
156
1070
617
667
63
0
66
250
62
174
640
207
1025
244
169
1065
137
144
407
18
148
154
581
54
393
982
46
126
51
154
125
29
182
130
247
101
13
71
5
136
48
135
203
145
770
75
221
120
808
564
53
32
209
289
239
942
152
577
0
133
8
177
138
54
80
39
104
133
198
110
77
50
993
352
14
534
193
520
209
769
41
158
99
712
33
223
86
72
110
102
1000
122
172
77
263
2
250
63
362
97
27
160
37
51
8
115
552
115
109
135
155
162
178
468
6
998
57
477
251
225
193
124
588
168
62
28
193
78
35
17
42
204
188
224
106
187
30
171
196
222
91
62
191
1220
166
212
191
238
164
4
236
254
135
911
159
135
74
103
205
38
57
80
141
86
1213
53
106
747
440
152
946
32
1076
1122
151
236
159
303
235
53
234
156
1131
237
136
234
186
230
601
39
79
27
255
1245
101
189
237
1100
468
79
474
237
292
293
89
233
252
182
1235
1
54
1098
589
110
40
48
1233
400
11
438
80
95
802
949
51
552
595
163
189
234
861
253
728
410
659
52
239
70
908
135
131
95
1210
112
190
164
116
692
150
647
109
792
133
176
193
206
102
71
565
1037
161
942
1031
107
44
467
193
193
192
240
17
481
22
314
149
31
29
204
195
210
331
53
175
448
454
1091
118
120
23
246
194
1064
1077
163
94
772
702
82
12
865
40
48
569
166
57
1252
1033
305
7
1240
31
194
127
203
188
200
124
142
0
114
945
189
499
139
1226
1242
1192
545
156
81
222
90
286
95
1046
683
774
21
205
253
259
1
100
93
147
103
250
111
139
78
1183
1212
730
65
270
666
126
54
86
158
650
134
196
396
1188
227
232
231
24
56
244
62
58
90
249
303
758
78
1081
1161
1152
453
127
89
197
1186
37
42
13
673
84
1098
229
47
435
911
697
95
605
184
167
1047
23
88
1036
9
198
53
795
42
10
31
429
117
70
539
96
29
829
454
243
1085
84
212
47
1
47
602
566
1123
76
188
163
14
243
300
1083
1150
116
82
182
411
250
136
23
2
390
129
166
125
1217
930
164
1194
270
160
253
55
466
1250
218
1239
248
165
132
111
32
172
127
228
860
16
202
83
214
285
85
172
137
152
534
107
154
121
11
60
254
6
89
383
95
1186
36
404
51
208
636
128
1016
181
634
21
213
92
174
942
491
53
158
89
131
252
944
133
72
103
207
50
1011
7
164
118
194
26
419
179
982
688
83
44
46
29
218
121
11
98
525
23
80
44
33
29
820
244
235
449
165
142
216
28
167
291
1038
159
983
118
107
447
117
649
107
277
24
74
139
32
756
141
285
94
1122
101
116
87
237
89
185
222
1025
2
22
205
82
885
356
936
199
336
224
18
744
597
883
433
523
231
51
133
50
513
416
243
337
440
200
3
110
25
861
1
220
157
688
923
118
697
67
1028
37
184
134
989
65
246
498
128
216
828
122
215
93
213
27
130
94
157
98
839
174
471
31
86
238
248
108
604
173
233
155
381
10
370
155
1133
84
1035
62
582
98
194
1104
125
363
79
230
151
986
196
561
747
134
243
994
225
65
156
244
1029
149
186
24
435
556
1217
624
3
77
310
762
360
84
238
129
227
135
97
119
16
219
1248
79
21
477
211
113
192
110
117
216
114
649
25
92
38
170
1175
88
278
237
700
300
251
127
76
63
122
190
34
729
201
264
144
35
501
99
112
17
1183
243
1178
340
56
82
42
773
40
33
580
209
552
248
565
802
265
232
969
162
5
664
9
414
145
988
57
232
177
52
36
151
385
162
213
28
829
81
168
220
155
1023
5
844
216
82
117
183
585
220
1203
953
29
26
170
31
82
186
56
219
946
136
230
35
30
85
176
907
163
73
63
185
238
89
60
253
102
117
134
647
82
850
225
154
251
61
636
29
134
80
222
73
122
276
146
248
34
840
16
1010
249
1133
40
185
604
16
1025
1013
37
15
62
179
9
25
201
179
124
174
1200
253
981
298
667
198
1073
807
122
25
143
54
80
242
1226
141
6
43
252
112
139
69
100
258
35
27
193
117
920
794
107
1062
1174
952
76
223
426
163
230
164
1161
39
237
244
35
200
163
138
253
785
200
674
166
223
1034
64
83
403
43
1125
24
469
5
481
218
1039
254
198
125
160
155
210
583
121
32
248
198
741
165
208
19
80
244
126
147
73
154
198
55
183
140
317
86
141
199
687
691
61
3
474
94
230
788
108
977
132
32
638
116
1083
805
69
197
98
565
106
25
1193
1133
182
105
1021
20
1234
158
116
107
240
986
7
222
637
139
54
135
148
1069
597
1
185
22
104
972
338
230
644
44
59
177
229
388
137
791
148
133
69
288
135
731
179
31
193
122
123
981
463
321
306
94
1017
43
110
60
15
564
91
513
190
155
807
198
108
82
1221
100
1158
18
796
137
126
756
592
1
1241
1120
139
38
17
74
448
52
102
628
124
1108
4
1141
35
88
226
147
289
57
218
27
78
1090
207
120
212
148
890
137
315
397
184
20
171
199
1114
183
129
88
84
244
97
240
106
198
1011
47
233
82
244
35
96
222
72
192
58
99
117
93
59
75
697
630
936
1020
418
158
27
574
150
1104
210
209
79
219
199
768
21
884
196
156
190
217
117
150
194
83
637
718
550
24
282
281
198
240
103
177
1177
99
556
200
986
794
134
182
156
1178
66
9
769
212
198
77
35
49
233
175
5
246
34
23
199
91
156
156
218
248
101
64
81
780
72
224
227
838
469
638
117
1102
928
124
786
264
651
37
130
697
57
121
86
101
74
180
12
916
193
679
239
21
45
340
125
191
132
149
78
146
180
243
1025
137
216
101
180
64
62
216
190
237
35
227
160
230
138
251
571
232
145
70
16
53
174
166
123
146
62
1183
314
248
100
165
140
563
109
64
93
968
210
438
66
87
1116
109
99
658
605
144
602
246
199
203
149
1003
44
829
1055
212
80
111
619
745
45
1138
408
37
101
105
1136
72
230
132
871
1021
88
102
1188
63
85
126
1247
248
175
222
1139
83
403
131
83
29
0
12
646
93
14
546
812
135
242
65
134
124
149
1038
1141
6
48
1233
90
1247
295
90
8
1093
1096
120
651
191
898
785
940
204
253
1105
116
122
499
671
10
240
202
152
98
108
171
492
163
166
170
1126
1140
777
150
433
136
358
214
171
179
917
660
111
626
111
143
229
6
42
831
672
192
452
755
85
700
184
1020
952
811
275
661
83
228
1
197
1024
984
68
761
666
162
0
37
138
218
586
15
228
128
230
695
101
64
157
48
89
101
58
118
81
938
26
606
116
139
93
47
199
60
158
223
738
15
94
149
418
185
184
154
240
752
35
205
81
924
79
371
170
295
924
72
246
327
151
206
482
1041
215
17
605
187
174
93
1066
830
247
696
441
158
86
7
44
105
158
142
99
6
140
180
217
447
189
213
31
80
251
312
0
109
50
527
200
123
131
60
238
49
1144
222
12
638
1171
31
101
1054
235
220
197
745
128
82
169
243
853
192
371
188
107
254
1219
761
66
147
112
174
98
239
837
114
4
165
89
128
200
1093
170
185
990
24
236
781
47
329
246
221
225
167
54
1111
53
376
756
7
91
1
1219
346
1015
167
150
325
32
91
225
1121
86
24
483
836
330
41
24
147
166
280
222
633
181
26
78
57
78
951
168
784
723
190
191
249
21
301
202
251
121
130
200
1039
1103
150
41
121
424
215
18
40
114
56
39
16
218
190
32
63
707
35
254
646
169
7
184
111
239
927
168
938
64
1
305
167
165
33
440
60
80
498
776
24
82
142
228
167
170
194
244
450
1225
1133
117
3
60
425
53
1018
69
218
547
149
298
56
134
34
29
14
120
86
244
119
131
42
40
27
1178
210
305
138
30
918
212
146
856
41
42
76
1156
92
11
214
1232
126
378
72
651
252
176
32
1112
117
64
32
618
17
46
750
583
144
98
152
205
1056
4
135
202
125
929
144
297
116
160
212
165
1010
252
163
159
30
236
128
79
202
210
80
108
358
107
48
813
226
1
192
718
295
186
108
194
83
146
904
101
149
703
78
443
217
241
945
203
38
498
238
1098
76
118
103
711
156
708
18
116
232
48
855
64
38
1067
1244
188
41
383
210
202
244
110
191
17
159
819
166
781
2
223
936
59
501
243
22
556
239
9
43
193
55
840
6
1160
80
201
28
597
199
165
185
742
53
97
141
738
116
123
57
106
214
35
253
1030
378
19
123
148
153
252
109
650
115
159
107
48
242
211
14
220
1108
144
863
847
434
944
42
490
226
45
203
179
27
47
128
133
87
463
125
90
419
237
330
125
42
850
148
236
224
7
39
150
202
396
130
135
62
199
126
165
0
162
101
82
595
21
492
195
239
133
109
55
216
91
261
139
691
212
70
224
14
49
19
39
460
875
251
93
142
1052
135
65
44
1197
242
38
17
234
904
354
1121
269
224
108
157
131
663
66
730
202
463
212
208
232
513
18
173
773
398
30
182
1053
854
100
4
191
1111
83
13
170
154
103
171
680
206
121
58
149
713
1144
41
254
87
642
713
22
348
236
150
235
254
160
68
883
524
233
157
182
975
177
495
284
52
102
792
111
237
225
2
36
523
30
50
102
76
137
148
184
1214
22
1203
225
92
145
218
633
213
211
0
1213
155
118
1070
738
249
226
54
1221
81
38
221
221
332
1182
959
519
141
247
238
226
1184
178
81
101
217
24
3
126
44
607
565
198
92
46
241
398
410
994
302
218
506
9
186
122
21
20
79
1162
188
157
210
3
203
220
159
155
119
1202
545
212
188
178
419
13
12
227
654
458
136
938
160
574
121
10
66
240
194
253
764
495
266
252
12
452
250
33
913
1148
391
76
90
1145
165
337
100
53
233
1118
406
69
1221
70
76
854
58
559
199
234
52
252
108
31
84
180
144
255
74
574
8
227
174
313
251
633
166
84
201
243
608
710
48
166
1206
23
74
39
57
984
1183
310
196
243
19
204
1148
915
728
90
112
235
38
120
21
36
295
66
512
224
107
801
93
659
327
50
54
164
140
255
624
80
204
496
19
111
40
113
303
101
87
1244
30
1105
733
1216
813
43
207
789
23
135
241
9
21
82
213
858
250
1182
15
1054
166
7
61
117
524
208
279
44
14
68
151
169
94
180
666
176
70
205
46
168
39
70
71
72
738
1002
125
414
155
44
223
536
11
102
51
205
101
536
116
217
119
39
523
149
35
59
134
141
769
1015
77
231
20
123
985
28
203
1125
76
149
190
93
850
886
150
550
51
170
33
857
775
973
168
239
121
247
557
502
59
45
1181
166
90
9
94
1196
363
91
1149
167
16
15
437
166
847
1069
130
638
691
90
89
442
425
135
414
812
173
976
331
155
138
81
235
613
4
468
195
170
990
17
111
231
220
20
199
196
161
122
77
15
249
254
3
253
174
223
234
44
817
247
1146
247
270
245
60
38
206
922
277
360
219
128
790
1176
48
228
250
338
7
1
412
282
1136
9
64
86
8
779
217
136
80
974
82
281
682
1207
231
187
161
209
25
193
98
984
159
23
84
1064
121
368
236
941
35
16
94
232
100
1225
222
188
229
1204
186
217
119
150
569
122
225
194
153
47
66
934
198
41
53
125
253
117
989
92
149
241
245
51
223
255
56
178
442
162
96
928
114
159
72
1198
222
524
220
203
29
11
128
134
9
60
97
341
47
107
103
53
155
201
46
158
129
213
711
142
276
124
1146
953
850
305
1112
78
4
255
10
527
40
57
237
334
61
106
160
164
974
158
359
797
630
731
634
117
278
141
208
148
392
220
248
1206
417
6
88
198
438
153
19
180
848
214
128
299
434
112
857
575
193
1057
242
220
63
78
231
212
2
458
109
1083
798
1082
140
190
1173
1161
148
1026
169
2
451
150
109
157
178
145
19
94
40
168
22
37
174
243
72
179
75
711
399
150
181
1161
653
926
921
106
149
17
97
343
245
581
655
1240
246
122
644
44
155
88
173
229
1019
1117
1123
256
213
108
537
12
33
1244
150
210
103
83
1051
9
218
123
1056
1109
1074
162
240
226
555
899
2
164
19
142
152
190
16
26
719
230
174
75
179
669
200
250
84
147
705
287
176
78
17
213
57
1076
131
223
62
237
31
333
649
70
230
123
51
217
972
50
119
215
232
401
53
198
235
1160
1232
439
127
332
87
469
517
176
766
80
143
1231
5
65
114
209
958
983
40
93
234
91
103
69
268
1193
108
1048
177
239
493
249
136
1000
14
835
766
1198
82
183
88
1155
429
992
979
67
408
67
216
82
134
239
626
861
373
72
58
108
946
554
157
144
496
374
770
95
175
268
19
71
29
1081
186
54
483
221
155
192
28
1051
99
65
921
1204
248
24
1021
139
110
266
581
239
235
442
180
161
62
0
235
132
54
162
447
213
340
159
248
153
55
76
658
2
194
50
1243
188
353
530
224
440
123
107
132
558
728
1022
162
119
146
1174
147
203
154
207
784
170
162
204
207
141
688
221
999
786
184
294
212
1
1143
152
173
89
226
127
171
85
503
999
132
49
29
1001
21
173
182
1048
54
109
86
416
197
868
51
178
123
159
151
84
227
68
200
1241
66
249
145
22
101
70
166
62
350
188
22
756
23
181
0
181
171
4
1246
251
103
738
950
456
1075
509
106
1014
77
882
226
307
99
263
212
138
644
239
140
87
54
133
50
993
79
203
28
193
725
68
862
870
203
193
119
111
353
459
86
150
229
176
24
136
179
97
146
94
198
461
47
1175
112
536
174
70
156
16
69
168
524
1239
183
795
121
33
298
129
92
82
63
105
239
333
160
45
83
661
188
795
8
993
25
46
573
377
146
859
99
246
253
35
27
925
137
169
344
152
135
1121
719
154
177
50
544
82
1176
111
199
84
2
436
99
160
810
6
534
142
54
255
35
304
248
1191
620
1073
158
62
628
225
1133
91
734
60
674
44
949
730
47
243
23
137
207
208
142
1025
127
58
44
1007
907
120
81
123
78
243
218
764
217
1155
95
186
828
835
1251
60
692
164
247
1064
898
168
43
196
117
109
122
249
248
1218
1247
72
1080
39
113
26
920
602
971
757
221
81
84
12
846
483
87
418
52
691
85
8
940
180
116
92
1045
1131
218
136
268
488
54
63
185
816
113
78
24
562
45
125
30
99
80
660
1220
208
1237
18
981
146
190
533
116
168
1207
1
58
171
241
910
4
181
7
409
79
149
61
580
179
33
23
183
60
205
171
118
45
129
87
152
170
717
338
230
119
236
1171
229
249
979
150
914
184
1227
249
482
205
121
158
104
908
585
41
227
145
48
839
79
9
56
430
195
630
790
455
207
1145
111
240
26
0
792
129
1225
132
423
430
873
91
235
81
171
156
179
923
205
14
56
226
62
116
1153
174
240
981
489
294
129
48
385
219
59
27
177
210
80
120
115
87
31
1173
189
707
54
93
874
717
149
74
205
113
93
353
246
68
178
207
192
210
38
422
911
130
775
131
667
220
133
335
249
37
87
155
124
183
1043
1055
209
693
42
375
140
87
55
250
79
96
160
691
201
117
23
1246
18
532
214
208
46
44
549
55
6
122
25
190
213
10
537
17
85
169
18
1194
129
1231
452
317
209
72
105
120
651
25
23
245
106
22
94
605
151
459
232
1135
176
120
14
159
61
224
97
48
133
1102
109
1093
789
86
79
67
1185
379
41
808
181
161
393
505
298
1250
242
221
905
247
148
219
47
251
233
228
216
338
73
252
460
13
56
65
99
584
1211
27
52
154
957
146
501
345
130
26
111
33
27
482
124
137
107
233
953
289
568
69
901
203
619
957
22
143
888
843
118
60
243
44
179
15
207
7
161
17
24
246
278
196
396
181
1251
100
67
301
98
14
227
78
213
867
71
66
184
42
173
485
1172
116
146
34
21
71
1072
1048
252
213
75
16
174
34
170
41
1181
496
373
386
228
112
189
1091
143
44
352
253
234
123
411
1190
338
161
299
145
229
176
254
159
80
472
468
37
19
10
235
35
229
1087
499
202
941
162
157
13
188
158
58
2
63
189
71
584
473
134
330
118
223
317
870
657
232
87
193
151
108
195
253
178
571
246
190
901
1023
131
606
1139
931
152
114
74
119
70
12
91
154
129
159
242
400
73
179
155
145
107
64
993
1198
38
1098
238
207
39
193
556
138
1225
90
34
468
577
993
599
148
1208
1237
689
1056
260
230
75
88
4
132
67
157
24
8
1
226
8
59
515
243
191
27
30
14
34
226
37
1069
168
599
251
35
236
577
498
441
101
186
746
185
745
228
948
45
57
61
68
858
212
244
132
182
154
89
63
234
199
109
47
807
117
214
968
207
92
166
125
47
56
50
434
137
194
345
75
655
748
126
215
47
114
33
98
101
404
370
5
221
13
711
46
1026
38
259
108
46
120
868
385
28
884
648
231
104
214
792
251
198
98
224
938
239
101
162
1129
78
56
1232
964
255
100
167
19
123
152
4
5
212
402
675
656
185
153
37
1197
168
135
124
15
422
42
38
130
56
790
111
172
1178
188
34
517
193
82
89
980
214
48
41
860
1146
609
78
1015
1226
0
147
896
918
484
225
35
794
25
66
191
239
227
59
248
82
219
245
194
46
232
188
156
702
299
3
184
65
161
317
61
1158
202
798
213
255
226
750
243
239
1164
13
242
147
926
946
186
1186
242
354
103
1001
112
109
726
242
100
7
134
31
120
697
61
54
232
108
15
8
92
32
135
261
89
739
67
168
62
197
217
866
46
230
118
885
95
167
44
76
212
133
90
478
6
34
28
179
214
42
72
211
246
153
148
127
26
180
72
111
94
198
42
221
213
177
173
237
133
244
193
137
1218
125
115
244
963
44
56
11
392
71
187
502
69
1239
37
12
773
218
18
204
110
79
221
252
207
71
102
235
128
28
92
160
659
1010
907
196
147
231
194
87
134
88
333
78
157
72
121
28
140
340
123
1043
315
2
54
154
111
1156
185
210
284
885
116
211
40
70
1094
219
42
696
1071
55
113
828
220
219
97
449
50
385
64
163
176
130
160
82
134
412
392
1175
218
110
222
230
171
22
760
207
1108
205
231
17
59
137
141
56
24
100
149
106
178
762
191
251
3
212
227
224
89
279
120
132
180
295
252
114
208
182
1021
187
230
241
203
171
759
610
191
1152
227
288
342
20
198
60
1107
276
244
78
90
32
241
41
1073
17
198
203
1080
960
36
65
164
36
1188
243
135
149
378
61
172
52
64
654
563
774
778
789
72
135
128
944
825
65
249
1217
660
167
68
251
13
684
961
173
932
60
48
161
252
352
210
130
1230
1214
40
66
73
285
129
41
138
1161
175
425
450
74
764
245
100
75
1008
255
189
162
4
630
181
231
322
252
276
68
58
44
219
254
141
162
201
818
26
23
184
125
874
64
105
125
12
493
41
94
52
56
188
134
67
171
282
150
123
470
894
187
658
203
47
129
145
206
146
44
53
9
1091
185
360
122
60
2
90
133
22
769
14
692
0
998
99
18
767
99
172
215
33
44
55
186
115
245
11
216
514
98
23
162
194
1025
139
187
86
477
197
161
856
358
28
153
139
61
181
13
31
107
203
94
1131
189
16
145
741
236
60
26
88
946
142
19
51
93
496
219
625
375
100
8
9
270
832
12
85
201
910
632
654
107
866
394
5
5
68
476
84
458
210
147
23
236
408
39
105
752
6
28
19
130
1124
47
133
409
7
9
133
212
733
121
2
155
50
221
5
493
255
46
15
208
35
135
1
35
459
134
77
170
1142
1168
88
695
380
382
229
646
240
181
936
886
54
293
1220
199
5
231
86
149
189
29
11
198
171
92
150
1070
446
62
34
962
326
32
174
757
2
496
213
8
31
653
722
174
189
956
321
172
115
171
1065
156
160
574
80
104
320
190
177
22
4
141
189
23
220
343
986
229
652
222
95
101
111
419
801
254
459
193
139
890
167
226
105
28
1111
72
1
618
800
248
1072
924
182
227
255
90
150
92
110
989
245
122
539
1190
81
177
1109
240
489
246
186
1079
169
64
101
17
790
3
1253
138
222
152
724
214
158
1172
849
131
861
234
160
36
747
129
98
76
172
453
22
164
112
112
35
1103
18
1205
104
864
469
142
154
187
42
77
2
1021
1216
89
216
541
63
39
248
121
186
85
182
504
248
101
109
226
194
250
205
585
242
403
15
33
157
74
225
16
325
6
87
245
36
35
480
156
28
143
135
241
110
716
52
123
153
689
147
144
642
127
140
49
4
158
122
215
179
78
101
1236
202
1249
168
195
112
23
111
215
1245
129
121
915
127
48
34
81
130
241
544
836
122
189
804
357
923
47
75
254
375
553
151
59
357
248
178
178
86
1245
711
72
1159
58
816
238
183
130
163
107
13
760
39
955
323
35
109
167
184
134
705
137
240
532
62
210
191
233
794
218
619
176
1008
226
100
250
204
56
155
165
128
29
27
1031
1079
56
128
445
1071
133
44
191
1202
191
97
82
839
551
48
72
43
91
763
598
523
301
18
123
248
58
373
204
43
62
114
118
411
131
210
713
95
1179
143
28
82
865
255
731
121
36
1001
217
143
108
127
183
424
213
234
788
163
204
55
139
16
175
684
793
781
155
67
48
206
284
73
417
804
199
314
210
69
907
143
156
714
183
92
211
103
568
698
79
242
979
141
945
26
42
686
173
133
897
227
77
22
56
462
783
190
237
71
845
1038
841
653
419
672
228
147
169
903
7
510
206
175
1136
247
228
125
78
636
342
1049
127
163
412
104
1112
640
27
184
44
140
215
990
11
135
86
604
112
62
76
1152
130
27
6
102
40
11
36
192
229
116
98
89
632
29
387
1091
626
216
175
218
263
35
474
632
5
176
141
389
192
901
216
140
244
218
70
201
775
567
439
3
116
208
566
77
10
148
275
237
2
179
134
445
34
54
169
972
251
975
117
205
271
61
192
106
1167
68
48
78
39
55
1075
142
960
159
469
167
191
64
144
21
22
177
9
693
213
498
49
12
233
217
74
76
255
815
78
141
163
148
1242
22
150
192
29
346
51
18
46
124
249
205
76
34
140
237
50
244
704
1180
190
1127
90
82
814
66
1180
152
112
1207
16
79
1098
8
2
926
194
69
663
38
85
55
14
523
559
177
231
201
154
202
88
1077
314
233
78
224
34
1235
132
189
947
6
14
14
983
54
196
92
337
10
157
69
75
194
7
555
1241
1055
202
90
205
199
135
216
170
230
112
1167
311
39
16
158
175
212
98
143
178
125
103
43
53
28
195
30
9
2
371
79
143
8
11
23
281
109
48
48
2
69
115
760
190
811
124
569
79
143
140
253
902
396
1186
273
209
1034
828
533
7
126
88
145
175
153
663
197
0
858
487
230
255
168
203
90
891
1092
157
1116
211
1056
196
130
960
71
1179
1017
139
229
379
27
455
89
34
1162
254
172
286
166
550
532
166
99
47
139
142
232
14
37
205
12
187
240
940
18
130
168
23
753
45
78
533
80
195
944
630
43
570
514
335
228
88
184
47
70
59
43
1090
53
841
1142
882
52
20
241
122
1065
611
221
153
320
16
597
353
220
214
12
100
96
245
445
779
63
129
1009
240
983
32
868
432
11
57
30
120
123
0
1022
82
169
48
240
509
158
244
153
38
143
143
26
191
725
19
194
22
252
45
891
784
164
731
1144
68
214
219
114
92
918
524
160
164
891
239
185
7
240
368
852
49
240
8
147
1044
242
740
114
141
648
831
356
379
127
34
106
483
160
129
202
523
239
101
36
543
108
13
923
169
621
151
471
56
219
16
116
199
191
55
170
175
143
137
858
18
235
82
123
113
78
350
294
947
202
198
18
173
209
237
126
22
190
241
181
485
294
114
566
158
837
724
136
219
86
138
180
708
689
559
67
376
891
44
606
1082
553
747
202
61
794
42
248
531
1160
241
68
686
566
666
869
195
251
47
126
223
254
17
65
18
231
223
1191
210
102
30
340
22
39
83
2
175
222
402
743
42
158
965
535
85
410
109
753
863
605
934
35
142
3
228
966
156
116
92
212
51
866
107
11
228
136
99
509
25
155
1062
176
102
30
306
160
207
23
36
105
243
121
456
789
160
53
237
158
732
244
352
201
728
69
93
59
518
1121
4
143
217
155
83
30
158
57
100
177
282
604
671
251
249
89
843
150
199
102
206
933
104
988
794
226
259
25
68
51
134
212
254
130
405
211
248
733
133
152
170
132
105
746
21
456
993
136
590
1254
16
83
175
209
496
159
216
616
360
23
160
47
423
743
1079
271
220
511
74
1223
42
775
724
164
66
820
598
33
10
482
93
1081
124
258
74
99
108
10
976
483
196
217
120
133
118
200
1075
170
24
29
23
952
354
108
232
114
22
266
853
804
128
709
56
231
884
78
61
230
1046
83
229
191
139
186
255
113
142
119
113
1096
81
29
177
42
77
186
299
170
11
835
241
198
1014
271
129
154
234
689
1133
901
8
145
238
916
170
93
109
43
686
67
46
22
401
138
615
56
117
1216
444
52
54
141
238
26
46
888
205
169
166
159
1087
852
137
420
228
34
54
97
436
55
137
141
187
255
31
108
134
240
181
102
661
1066
230
120
70
560
30
214
720
318
243
57
55
488
101
141
13
207
159
100
351
243
609
1204
203
354
174
106
222
113
187
396
511
7
55
234
982
238
127
1066
173
1017
110
233
97
14
530
188
60
1223
1255
61
67
109
74
1056
21
43
229
212
224
190
165
168
593
114
211
179
76
13
209
191
142
981
141
222
170
130
450
673
1151
192
204
124
205
114
799
131
214
683
147
1229
50
655
227
68
19
1224
4
1071
46
694
244
59
26
89
248
160
1006
226
824
123
102
132
246
419
236
223
113
1113
155
169
1236
158
219
200
958
141
231
43
840
208
877
118
468
9
999
79
38
684
126
98
93
204
16
79
96
178
95
49
112
516
987
1235
372
330
240
41
314
107
1188
253
101
96
220
764
239
144
146
469
55
986
109
102
231
355
210
228
196
68
7
92
150
279
661
398
219
122
1047
279
732
400
175
51
36
59
521
63
167
1113
491
180
15
748
36
195
1242
1003
146
1036
999
49
203
211
474
118
132
226
533
100
208
235
15
320
206
56
746
61
236
253
23
252
182
31
325
48
45
66
225
207
213
1168
160
532
177
596
1137
164
77
177
1198
33
179
1117
494
101
41
241
6
194
751
6
695
1213
101
4
226
72
322
95
174
24
957
56
788
243
66
682
535
462
64
631
273
40
419
108
24
1214
924
1208
1073
616
814
217
312
763
869
233
243
480
851
1096
5
79
138
251
114
52
39
365
143
114
866
456
244
1228
10
94
49
83
1068
110
196
60
129
205
82
92
386
133
235
17
488
668
254
168
196
230
994
98
9
184
195
83
107
210
935
1083
166
890
220
110
88
52
143
52
28
948
1030
422
181
1073
1108
69
1025
678
137
247
191
192
17
198
175
219
889
238
581
241
111
234
199
838
169
44
176
130
403
48
1164
27
99
1002
126
147
143
31
495
173
47
72
202
42
20
469
94
1111
569
53
25
168
254
113
151
255
27
446
114
899
1030
1048
525
218
727
879
659
589
54
140
117
707
418
179
219
141
180
430
657
152
222
189
141
164
107
161
183
15
75
207
171
982
197
125
130
40
122
95
12
194
181
256
27
204
63
1140
204
676
201
34
103
43
90
165
1073
17
242
251
111
202
327
1024
219
235
24
232
145
249
1075
117
108
91
226
238
129
19
28
50
199
233
79
127
155
68
112
186
641
202
238
164
1206
207
212
604
10
195
233
5
67
3
1210
7
963
1218
44
225
126
79
58
1157
767
63
76
109
17
719
710
377
97
220
1216
51
225
24
145
13
1025
149
198
555
85
236
28
8
217
159
112
252
124
575
86
146
213
292
4
245
218
25
1191
164
74
1121
243
191
809
520
216
51
140
10
127
989
231
189
445
495
3
454
23
881
10
215
153
99
736
930
91
764
265
212
217
71
243
385
165
993
241
596
9
438
643
44
1017
86
538
147
213
124
123
374
114
88
170
191
27
647
166
674
135
675
468
115
470
193
720
37
213
186
4
67
41
246
125
110
183
56
1227
675
939
252
986
1104
82
8
224
851
172
55
120
7
249
95
118
186
201
50
200
30
245
515
221
893
817
388
250
735
225
192
186
571
58
206
1222
35
231
823
455
240
452
116
24
211
134
38
21
242
336
966
85
97
767
2
124
482
63
214
155
34
953
144
204
424
216
108
546
385
217
242
73
1213
7
252
27
250
216
106
51
252
187
107
53
248
210
411
2
131
84
791
870
92
719
69
221
995
201
42
196
75
388
200
153
530
77
51
40
182
19
144
146
613
162
80
156
112
238
80
32
136
451
231
766
22
93
1091
136
404
159
1
186
156
52
107
154
160
225
50
658
136
195
186
743
44
10
1051
36
696
237
157
199
618
76
149
163
664
889
438
135
222
243
145
129
842
188
294
129
248
70
158
221
963
1059
255
253
42
20
230
24
1027
96
78
20
877
70
116
14
33
244
167
237
81
83
104
182
598
217
448
33
245
134
1185
216
175
769
867
148
138
280
147
755
148
68
479
131
222
512
482
189
117
198
72
171
1175
125
1164
110
84
514
162
186
1248
182
200
48
571
115
527
124
596
507
72
63
162
249
68
756
15
13
164
73
920
585
207
75
63
205
35
146
818
156
58
10
95
183
134
157
67
1198
1175
121
36
382
164
114
251
134
246
1222
36
162
393
195
547
74
9
243
283
537
257
142
27
233
92
548
78
64
29
242
433
677
1154
96
39
210
394
908
209
11
686
208
211
346
40
78
488
207
332
836
42
216
495
482
171
537
423
1094
39
23
1023
85
24
122
249
248
4
171
151
165
100
128
373
99
183
89
186
242
510
889
189
166
525
656
141
1107
79
255
99
42
245
975
957
182
217
82
1028
22
60
557
27
130
58
180
51
245
680
45
221
182
219
191
89
118
1050
157
161
646
44
296
1
129
146
142
371
137
44
664
554
0
1169
618
174
210
158
130
43
863
570
136
163
740
130
957
233
349
87
202
638
106
598
65
53
774
173
3
433
185
55
601
948
776
875
398
59
92
83
79
173
242
987
56
1057
251
611
166
773
216
310
5
110
169
140
961
209
233
10
183
750
226
401
277
115
114
145
856
160
85
430
199
117
160
152
197
205
1129
264
541
206
244
211
502
687
223
273
14
163
176
1
1192
907
200
190
132
59
708
114
52
210
43
61
211
114
970
138
152
36
99
495
184
143
45
150
450
458
68
925
47
167
57
69
69
84
13
862
1204
234
13
154
109
66
723
1246
220
137
761
49
90
42
569
80
1070
590
888
32
1141
212
331
45
112
116
142
223
153
684
686
595
109
232
916
236
1
130
167
230
64
172
135
764
151
63
232
79
64
44
40
20
367
157
1145
161
699
232
143
114
694
1016
164
71
149
114
262
245
87
44
190
145
14
33
342
251
1100
35
70
644
119
111
309
126
102
635
81
63
690
21
193
660
72
715
135
48
7
884
942
541
119
722
822
55
4
18
763
74
203
238
1198
118
3
161
175
203
50
180
59
158
1180
112
1115
87
950
35
24
181
394
271
110
228
36
102
8
55
201
1226
168
963
147
68
193
18
52
71
152
246
53
216
599
86
253
499
149
189
205
118
208
185
33
105
72
93
649
218
61
56
103
140
109
202
939
204
32
103
174
142
1044
251
198
218
57
87
37
1151
440
716
47
207
149
20
21
54
975
738
245
979
63
757
8
80
96
987
1059
228
173
89
291
1106
1015
135
153
171
489
133
74
139
128
410
224
15
42
247
255
1214
25
56
822
728
60
59
239
753
177
227
35
149
110
17
54
200
1119
947
56
530
55
142
1189
249
416
349
93
783
1104
149
801
185
173
72
207
868
707
226
402
1139
255
79
209
202
88
74
219
430
836
74
177
64
195
7
69
659
12
48
41
248
208
19
190
173
546
232
333
26
128
2
202
824
957
92
161
200
225
217
576
248
107
966
141
246
63
192
223
229
95
701
12
84
596
882
165
44
1058
117
2
844
219
1080
31
1233
30
217
31
750
219
116
119
360
37
158
1
41
476
1020
118
236
189
202
159
102
0
1031
190
47
630
209
831
44
168
230
52
99
8
790
220
455
138
192
596
75
171
60
100
58
1209
74
77
423
1215
23
6
63
44
36
1
644
20
248
150
395
1002
228
76
81
484
1211
210
903
252
304
37
35
1245
77
1099
656
1006
908
129
236
250
46
726
465
224
224
1038
536
216
207
176
44
1175
952
689
79
150
1134
8
64
159
142
183
21
146
189
97
974
21
149
36
252
814
202
6
74
24
600
812
233
253
55
175
164
59
1036
1123
54
175
243
114
120
26
372
253
591
106
181
213
122
47
267
540
884
245
78
560
488
106
169
187
322
58
91
179
51
129
89
109
223
101
923
364
77
1170
248
754
124
55
138
145
73
48
61
24
485
544
140
834
244
191
171
198
1057
167
72
476
867
122
138
933
243
942
974
118
298
18
168
182
861
968
240
14
57
792
201
195
33
146
601
77
148
77
209
109
191
93
181
43
924
143
1200
374
249
988
79
855
165
5
200
1013
28
60
106
1250
156
191
55
130
698
208
210
34
73
200
211
186
49
797
29
2
160
173
112
234
161
80
406
966
204
938
118
927
127
169
1018
980
75
150
613
128
1213
82
798
931
98
1125
53
153
159
1134
10
11
224
860
62
46
81
999
1114
956
128
153
6
224
182
181
1014
78
581
116
252
605
154
158
237
12
142
237
439
893
227
43
169
190
6
35
275
37
794
1027
181
977
1008
242
74
56
47
773
544
292
102
1180
190
245
117
54
250
242
174
249
77
749
118
175
156
210
208
25
874
148
15
83
1091
668
204
240
30
771
846
782
126
530
77
447
583
162
199
860
50
103
234
230
860
1151
241
49
1072
209
113
35
1003
17
246
376
143
85
140
59
49
58
725
55
1102
382
63
88
63
115
93
171
120
140
11
235
84
36
502
214
852
584
173
96
197
2
631
168
170
246
213
136
12
66
97
246
184
215
63
74
67
215
112
904
35
183
10
773
33
105
67
31
172
10
69
483
215
215
419
673
177
203
247
236
93
1087
184
420
147
108
51
128
600
218
15
841
2
122
235
849
114
575
198
131
228
676
999
205
39
131
136
1132
210
36
237
116
924
147
124
72
95
241
44
178
170
72
208
526
153
1107
204
149
211
118
66
86
123
195
136
55
269
59
381
780
1028
1136
17
249
814
154
157
911
20
166
236
15
180
254
186
134
1083
245
66
50
440
1116
251
223
245
818
779
146
167
112
189
424
142
63
608
887
7
882
241
236
164
29
1113
892
245
141
117
121
232
138
231
213
247
654
129
192
1
76
1024
230
250
8
225
108
155
1164
48
67
220
237
319
18
47
240
13
252
475
17
183
4
1208
53
51
128
523
110
239
145
756
35
612
7
3
489
852
407
170
206
468
218
53
96
251
200
337
1159
140
29
1095
330
237
474
648
147
145
206
303
523
103
1157
927
296
872
1065
137
113
19
209
8
167
86
918
776
209
165
223
779
47
216
149
226
10
1093
21
139
211
179
105
285
57
209
1126
243
228
396
143
35
474
90
104
55
345
234
129
1203
45
228
162
379
193
1018
1163
27
171
1184
202
194
1124
741
195
151
254
214
963
615
67
186
186
393
126
25
162
1071
101
214
1150
213
165
71
219
166
36
215
97
543
15
203
211
94
54
52
10
199
418
31
893
246
1075
843
136
60
121
170
828
173
186
233
162
445
123
176
11
35
90
856
156
48
853
110
1008
208
962
965
478
39
476
209
572
342
195
574
209
880
332
104
1088
183
96
251
681
175
11
1140
241
88
220
129
12
759
219
77
54
204
1042
75
94
191
41
76
199
148
119
59
626
254
13
56
858
409
513
231
199
250
281
195
68
435
21
147
341
233
146
109
555
10
208
85
178
159
392
39
1127
0
889
1010
235
70
55
690
151
348
221
1156
227
512
90
41
180
162
15
619
81
103
37
71
988
73
82
858
46
1242
53
108
27
95
821
141
1050
998
177
105
68
72
62
738
126
484
61
138
41
206
105
160
1046
93
505
123
36
142
222
1032
245
1075
14
460
123
82
969
189
195
12
190
779
466
60
140
66
188
143
253
46
67
825
141
85
220
15
1150
850
402
166
124
57
242
846
143
630
69
103
135
208
29
324
37
253
1030
225
563
125
582
28
231
34
24
798
27
203
232
1000
61
1002
920
230
156
117
146
37
704
3
52
166
239
244
53
562
108
723
177
740
239
200
568
235
975
217
52
1080
166
3
55
147
122
194
651
49
30
218
186
20
700
218
636
690
92
77
97
113
1246
184
216
155
908
23
87
31
75
1230
217
1137
161
123
83
84
903
852
90
49
1249
646
255
1016
84
5
251
833
376
214
40
24
133
31
175
106
195
16
242
231
230
174
123
1255
146
510
176
1225
146
60
17
227
178
243
27
240
885
80
174
218
252
136
953
149
170
930
239
95
243
4
205
134
61
163
132
99
138
252
959
0
62
210
238
76
65
21
166
804
54
167
187
1168
187
193
118
108
141
89
1126
85
101
33
715
156
40
606
80
157
213
105
65
226
17
111
112
133
598
167
15
94
221
1135
1014
67
0
230
54
87
160
183
104
113
78
235
776
409
147
33
109
171
1179
38
545
8
719
48
7
247
743
136
208
158
98
134
756
181
155
74
210
999
182
242
248
0
61
237
589
428
140
168
27
193
173
448
121
432
189
178
235
846
50
273
230
243
76
245
591
57
209
83
105
992
454
126
63
154
934
179
627
104
143
734
530
104
199
298
1118
1146
295
55
34
1091
173
69
137
752
46
249
694
34
110
225
827
74
69
72
185
130
39
251
1097
241
18
153
88
177
809
199
99
77
198
25
213
1173
224
124
36
1075
210
188
27
153
22
458
77
110
95
554
161
74
109
42
608
17
857
117
215
161
561
492
1
21
625
116
223
107
80
911
140
9
161
185
754
1196
219
591
58
525
249
435
906
177
796
7
983
1032
66
153
131
688
16
103
110
252
1102
23
154
121
212
441
116
1053
842
120
936
702
17
177
600
725
131
48
204
198
179
169
66
201
399
1158
1068
212
233
613
133
214
149
172
240
152
83
153
848
1101
213
139
93
176
565
759
25
127
118
150
55
74
65
179
126
109
150
225
252
118
81
64
86
52
880
1002
170
138
199
1042
133
76
823
1113
968
274
18
18
1212
1241
200
107
954
79
74
195
10
358
242
1008
857
31
913
240
9
1216
198
127
253
107
130
162
44
23
101
229
699
31
889
38
125
93
172
62
1243
27
9
504
196
68
224
198
241
17
393
60
11
1118
509
1219
360
50
179
89
1145
647
1215
242
883
74
216
182
40
12
138
179
865
456
688
384
123
133
220
209
251
939
352
241
110
38
15
421
142
118
35
39
200
32
209
154
687
204
55
1131
246
1252
62
79
1139
38
223
203
338
172
180
986
883
85
38
1072
152
95
52
165
1077
105
64
236
83
741
226
641
45
243
808
15
151
79
142
135
199
93
333
542
1238
227
631
187
1
134
116
208
37
487
1211
196
239
32
670
76
1112
217
234
125
234
559
1080
80
1021
664
234
1238
8
878
241
204
787
244
204
66
127
222
178
167
16
202
104
1152
41
15
574
6
201
21
25
233
288
241
83
10
5
8
658
86
240
1187
212
507
108
82
686
245
254
101
174
144
25
124
45
181
1136
630
668
137
763
171
52
14
248
34
239
553
191
1203
788
118
56
838
78
673
1014
96
116
252
628
118
163
76
957
928
226
893
287
756
505
202
68
121
187
166
32
14
100
181
112
62
220
33
17
254
1254
366
212
371
126
134
180
52
49
3
147
39
113
144
867
975
1253
88
39
82
85
30
150
524
321
1074
65
1053
133
249
644
71
337
1
739
1248
240
391
36
58
316
203
980
475
50
69
427
1024
551
178
61
415
128
681
567
112
194
232
97
157
93
36
240
196
923
161
131
188
22
3
71
137
728
946
537
30
127
36
174
159
146
219
196
254
120
790
561
122
211
141
1227
216
35
14
155
33
1059
1109
161
85
231
361
211
567
101
99
224
163
433
243
434
74
21
758
532
65
348
1174
43
199
992
234
218
165
621
128
554
108
148
985
93
721
208
59
36
138
996
368
147
178
179
13
1185
612
68
132
159
830
182
707
37
402
208
244
903
33
1167
230
170
246
447
129
98
732
196
104
182
1020
232
189
179
129
341
84
233
26
139
100
543
143
243
1082
140
798
115
29
58
203
180
225
2
114
66
144
227
39
132
222
530
20
108
1245
183
119
50
91
61
190
155
190
781
113
128
1149
1164
189
127
186
163
254
938
18
890
766
270
107
241
704
40
64
254
220
255
999
875
78
110
213
100
1019
911
173
84
63
732
99
509
153
236
164
1030
168
828
40
126
1019
351
218
278
78
969
35
1179
230
1156
153
110
1241
84
62
761
216
131
146
53
601
885
207
386
93
1241
34
241
69
187
43
246
310
132
170
40
97
1035
46
231
117
45
134
45
108
104
209
1191
34
116
103
7
191
43
685
183
1189
201
11
115
26
1015
314
28
1031
597
166
100
205
27
116
694
196
157
120
711
449
1224
171
179
202
163
85
69
211
152
1055
706
565
224
1152
99
170
82
122
123
933
124
834
957
153
1223
20
165
46
241
96
377
99
88
64
124
152
74
938
335
41
214
136
285
706
12
240
10
114
212
214
206
761
68
189
143
56
199
19
226
165
134
87
112
209
70
923
201
69
372
72
12
194
282
242
177
184
46
1152
425
406
153
158
46
82
1216
122
985
80
0
530
71
861
363
810
392
11
249
1122
1235
2
236
891
138
107
13
197
385
237
54
167
212
436
100
233
1154
83
0
83
688
708
206
192
36
214
201
513
933
190
101
564
704
51
822
70
712
107
119
102
173
69
53
200
88
461
969
56
41
80
713
33
216
480
171
75
164
218
175
126
198
175
35
66
122
120
749
209
20
108
173
65
200
69
178
234
160
56
123
133
820
7
212
181
146
557
144
105
14
36
970
32
235
617
147
25
679
1215
13
108
29
163
214
72
38
189
1113
241
178
184
889
142
88
136
516
915
78
1012
1177
94
832
244
1217
130
161
60
51
170
106
140
148
219
391
58
165
172
164
26
61
121
12
223
32
1077
193
84
246
235
182
234
90
199
117
6
223
80
211
779
57
514
593
56
18
1016
103
248
60
824
411
247
14
63
176
63
191
57
97
1145
105
190
235
791
80
55
56
199
156
66
106
99
115
1078
104
113
224
1126
1163
44
1153
196
19
235
75
920
106
49
1093
104
905
154
194
102
713
104
203
16
179
192
102
96
55
356
95
19
957
1020
137
604
635
213
216
70
113
161
101
58
87
198
114
200
136
1
5
63
94
221
231
324
33
79
49
281
22
847
395
1042
207
269
418
49
89
13
41
426
200
36
116
154
1004
8
1
55
187
142
34
1009
793
10
67
535
150
145
794
861
87
189
879
729
140
308
238
100
435
175
305
55
164
111
77
26
582
112
1128
104
156
180
95
28
485
1008
138
114
249
150
1249
1225
560
26
1085
621
122
143
156
191
50
67
152
46
762
69
1064
528
952
1224
80
955
3
95
245
217
96
109
66
128
396
213
206
1020
875
59
231
691
3
38
462
52
846
40
197
143
231
817
147
1032
947
88
8
145
220
215
465
99
251
56
212
249
13
216
772
503
206
86
190
933
179
186
1007
163
82
617
248
47
508
14
129
187
49
186
38
203
154
223
978
1226
98
1252
216
82
46
49
254
99
233
80
1048
199
76
29
178
111
154
60
617
12
565
567
37
180
4
182
239
168
1198
27
230
1150
176
237
695
455
221
172
77
31
97
1106
120
90
19
234
233
83
535
69
172
138
35
166
821
363
149
1172
853
199
123
171
178
121
197
1220
8
184
224
188
48
127
183
360
128
88
96
1148
124
120
227
1165
33
238
28
254
128
38
145
2
0
172
131
19
755
141
34
27
118
269
10
47
136
528
180
131
255
22
111
1098
207
203
896
868
156
31
12
535
27
28
579
32
785
76
215
84
211
678
254
1042
394
26
274
778
94
5
203
85
51
1023
107
446
219
143
34
195
80
159
300
231
1156
635
23
806
246
943
1150
86
87
168
157
90
232
186
55
42
938
1154
201
254
182
76
193
171
44
52
1132
591
152
205
253
933
1068
1160
241
5
166
484
532
132
162
22
232
68
121
71
473
1174
199
186
180
82
155
22
827
135
625
110
61
73
93
435
744
255
186
1156
163
156
247
1142
182
173
133
746
68
222
4
52
249
56
171
140
248
408
200
223
10
118
158
136
706
585
402
673
126
249
11
145
898
238
156
379
54
41
231
9
170
86
48
33
239
26
727
83
201
77
142
113
100
163
102
251
163
224
975
221
135
78
698
180
193
158
255
215
488
650
697
117
251
155
185
1110
184
334
255
63
377
100
139
931
463
662
935
983
339
228
3
214
107
421
1004
415
1181
434
1124
59
203
155
205
225
156
226
59
67
135
104
1
36
19
124
192
163
377
183
281
237
996
142
680
486
815
815
158
321
623
71
67
72
189
141
78
85
1139
112
1035
87
980
18
250
1
15
746
858
167
776
75
150
251
70
125
80
210
394
1247
44
132
44
95
13
90
204
200
80
43
1169
168
126
380
247
841
71
194
49
219
49
88
604
186
1209
111
10
646
150
1057
322
75
247
239
1022
194
446
118
115
248
249
825
77
77
121
333
603
163
183
72
115
63
220
160
127
1006
431
31
245
60
59
644
241
623
16
56
163
2
419
85
9
321
158
1000
1231
16
901
80
211
224
419
172
498
1042
146
219
191
231
150
208
168
807
331
29
132
808
522
849
195
926
242
180
903
138
748
60
146
90
108
256
100
87
30
58
58
55
94
34
73
85
21
63
91
34
57
65
49
26
83
6
71
18
12
40
63
88
88
12
56
26
46
15
78
84
52
20
81
36
82
89
12
51
9
55
65
34
23
1
86
20
46
36
2
83
44
33
27
43
60
80
68
46
46
26
92
14
82
99
78
70
95
45
66
67
6
61
49
68
38
79
41
9
66
57
89
4
76
85
57
50
38
8
45
12
30
72
68
31
34
83
3
26
82
66
96
15
90
8
7
54
56
87
20
29
60
85
55
49
51
57
88
78
97
73
18
38
27
43
75
0
33
36
90
33
90
13
54
20
94
14
55
2
89
82
36
85
30
48
88
22
21
23
33
58
91
9
34
46
92
6
21
91
16
85
46
69
31
53
15
29
30
17
34
26
8
10
16
88
5
73
8
67
95
73
56
63
42
60
20
2
38
62
21
64
77
0
60
8
18
2
48
1314
true
false
false
false
false
false
false
false
false
false
false
false
false
false
false
false
false
false
false
false
false
false
false
false
false
false
false
false
false
false
false
false
false
false
false
false
false
false
false
false
false
false
false
false
false
false
false
false
false
false
false
false
false
false
false
false
false
false
false
false
false
false
false
false
false
false
false
false
false
false
false
false
false
false
false
false
false
false
false
false
false
false
false
false
false
false
false
false
false
false
false
false
false
false
false
false
false
false
false
false
