100
71
210
45
401
712
38
227
1123
184
390
120
1161
111
989
135
44
67
58
244
1021
59
141
940
228
98
129
175
54
19
226
222
155
66
130
59
79
95
354
214
696
167
237
665
1023
833
192
33
26
240
210
204
107
39
1122
120
224
41
1104
1114
728
128
4
32
7
35
31
70
90
34
106
215
56
167
102
162
204
1076
62
127
60
413
569
1081
141
837
168
135
70
107
1220
566
449
225
16
141
166
127
980
617
174
2
185
81
76
211
130
136
697
6
72
40
1014
684
512
214
22
46
178
973
20
163
47
1140
3
13
35
85
384
210
1074
577
135
61
137
215
26
1188
53
117
1157
167
22
172
131
127
145
120
1036
850
53
23
46
138
135
51
153
240
817
597
164
55
207
730
41
285
12
72
3
87
903
197
120
15
71
260
853
55
228
188
172
495
780
216
150
227
29
886
1039
10
69
82
157
218
1188
326
728
492
132
59
128
166
1173
35
227
113
615
179
70
339
1156
222
1243
199
213
135
1136
168
38
155
18
964
141
60
80
3
205
1228
49
311
175
239
869
41
71
649
1194
1174
235
1010
193
1171
170
1127
86
159
170
330
665
156
8
229
897
569
412
641
609
229
715
52
364
438
33
70
215
83
745
208
38
41
113
233
218
45
1240
124
115
246
187
65
13
176
816
219
1012
17
182
117
740
888
221
622
176
97
228
1057
155
235
126
539
145
131
198
124
728
119
24
1131
179
64
199
226
1020
1046
832
87
227
8
239
1166
116
8
446
47
152
1009
89
73
1182
35
234
29
112
214
898
545
1044
212
235
544
90
72
27
1156
147
181
67
117
281
8
1234
1189
18
1049
176
50
212
813
209
687
1234
114
233
1228
165
100
163
59
124
948
752
220
423
1011
178
537
162
1077
5
233
168
671
152
93
240
91
100
929
721
107
176
1095
1217
32
232
1096
95
1087
136
104
109
548
39
171
1184
45
211
2
208
508
98
27
362
174
166
199
211
197
214
484
28
36
122
106
1179
1024
210
242
9
101
652
193
49
269
1167
154
139
27
50
184
200
91
1027
143
100
149
505
1232
1206
156
8
244
5
56
99
209
952
82
146
224
151
216
503
136
244
32
25
46
232
557
10
184
135
20
225
978
97
201
993
432
15
140
203
71
689
83
78
158
221
73
586
83
851
236
46
934
233
751
160
899
51
196
50
17
89
580
174
145
184
791
817
30
141
165
48
93
1199
232
137
40
121
235
106
224
154
584
45
331
202
528
215
1029
581
123
573
138
766
98
15
191
482
617
210
978
8
170
193
166
166
95
81
88
867
57
129
764
151
51
438
790
259
151
1163
1041
34
193
217
928
830
196
712
279
638
218
1022
176
104
1150
1120
141
223
3
217
976
92
844
143
202
89
118
202
1176
186
58
295
66
646
117
113
65
721
748
57
114
87
12
794
187
311
213
167
83
85
136
204
111
19
216
224
74
378
96
20
503
140
835
1
10
118
98
131
18
1144
12
106
26
114
228
271
419
183
60
215
746
1064
1167
503
1188
157
78
203
73
8
85
161
216
75
215
201
88
53
41
148
179
152
69
22
1039
146
31
52
30
334
161
64
9
136
200
218
87
159
818
151
236
222
33
49
22
31
43
133
1103
325
918
422
136
1214
774
95
165
129
987
284
36
194
876
1008
219
244
900
223
1232
62
75
358
60
313
52
750
151
228
136
10
638
128
11
201
57
19
16
777
173
684
1190
1037
86
30
606
206
172
1067
1130
48
29
50
347
403
104
25
142
232
12
41
172
35
63
606
17
55
12
171
86
140
122
69
1085
79
201
108
1024
1019
573
13
234
133
10
96
243
670
168
998
216
167
424
148
1228
164
1178
1045
956
800
216
41
216
1110
198
768
728
209
847
129
178
218
570
148
80
260
122
47
16
13
80
983
752
15
169
240
123
689
163
243
40
53
554
53
514
52
1009
93
173
1213
218
192
612
57
183
1231
92
72
208
35
216
141
432
166
749
174
84
143
969
1238
157
241
37
87
81
48
167
263
376
94
169
938
229
92
1199
438
162
182
213
42
40
222
176
23
484
115
234
136
99
85
44
319
73
364
122
11
57
524
177
619
243
908
176
1240
151
60
65
199
1035
176
132
226
40
29
199
152
91
981
176
797
558
972
46
1078
149
179
227
228
375
814
10
198
101
197
25
110
329
163
111
30
37
151
122
343
489
374
3
1174
76
175
228
465
1
149
116
228
865
50
117
0
94
110
225
200
649
568
7
983
182
1231
134
22
91
212
145
300
16
70
1
232
135
164
10
126
31
455
82
166
50
119
225
81
60
91
43
694
109
336
210
127
29
213
131
156
192
151
207
22
165
99
1191
224
1193
35
84
964
1006
1037
190
165
49
110
926
191
1139
108
1012
236
200
776
141
371
271
907
121
220
69
16
168
107
830
153
222
185
960
36
349
299
156
24
11
36
194
68
126
129
244
213
203
16
22
87
279
174
143
2
146
92
487
1205
81
572
35
981
387
211
544
674
134
186
1146
123
0
1
1046
764
547
54
1228
698
448
520
221
6
121
732
609
79
204
210
233
1068
29
157
120
13
913
7
979
174
3
749
72
180
679
53
18
222
233
103
99
327
192
752
97
86
112
586
192
67
638
49
196
105
37
150
131
198
319
89
207
51
147
179
163
45
212
235
206
1191
172
136
168
117
852
1181
12
285
365
108
203
120
194
227
213
234
118
718
203
290
1062
976
1079
20
146
221
56
230
702
1055
129
59
135
1177
196
155
125
583
130
198
46
1081
21
215
1109
222
289
690
165
82
218
391
106
116
688
182
626
155
844
795
128
187
484
112
131
178
224
722
218
32
2
94
36
152
904
755
34
74
123
678
733
14
11
115
73
327
476
64
57
390
192
94
4
66
242
119
99
80
125
612
9
167
212
51
34
98
147
69
219
982
88
129
197
1218
17
234
1242
137
561
207
145
221
1034
607
229
81
137
126
572
129
165
58
391
365
34
232
149
60
204
235
72
1
144
87
119
594
232
233
120
145
1025
169
96
191
47
216
166
795
1109
564
1017
146
274
176
23
324
8
97
233
221
34
197
237
143
653
211
607
676
67
233
83
876
151
190
271
184
124
188
222
348
115
357
771
105
155
77
966
163
62
110
70
85
840
163
183
1223
453
23
26
119
60
205
58
25
998
192
193
153
221
144
670
158
112
194
488
38
67
578
183
42
303
199
214
121
315
770
6
135
159
43
378
348
37
162
1087
790
32
110
85
34
199
96
230
60
401
650
40
21
109
136
64
132
189
36
207
9
1
923
67
153
120
170
285
102
378
111
234
47
61
4
2
171
190
60
84
856
56
19
127
273
810
760
512
43
49
283
73
164
191
107
109
211
217
157
151
1
19
161
135
53
910
45
1053
2
526
931
499
414
894
112
65
74
1199
157
19
188
114
790
551
1118
161
148
95
105
475
9
449
903
333
818
1077
656
213
126
136
222
71
45
210
96
112
176
164
106
410
159
151
28
121
219
217
113
2
554
151
27
71
217
873
220
979
3
110
1128
113
220
130
219
47
6
341
184
219
75
1138
33
213
110
159
419
243
76
178
93
184
114
1077
524
539
1196
301
115
744
60
62
43
441
195
1218
221
535
3
137
543
221
119
201
19
947
1
1223
50
58
111
231
651
5
1088
54
198
120
81
112
1173
86
552
16
792
172
68
65
191
116
190
26
220
650
99
188
94
122
146
363
1232
155
762
840
86
143
412
1151
993
77
172
810
5
10
974
26
98
793
1122
85
243
209
403
73
109
210
557
353
412
83
1013
65
1
3
281
25
195
51
84
23
408
136
574
1139
15
169
167
221
174
384
132
803
228
951
130
650
120
817
218
636
954
223
205
178
217
174
244
115
659
243
64
214
217
244
629
202
173
229
995
1022
21
625
1142
191
1230
57
142
33
53
35
91
139
96
99
211
195
224
69
197
6
153
236
100
96
332
234
223
92
55
178
196
158
184
724
219
90
653
240
44
80
212
584
25
613
97
72
462
198
212
772
167
291
180
106
47
36
114
782
90
69
1117
52
219
48
167
180
110
874
99
111
93
53
141
4
829
9
73
83
64
49
188
1047
61
172
177
6
82
1107
6
187
56
216
141
40
530
226
72
114
136
767
8
394
49
174
814
109
204
48
129
32
721
25
585
507
101
209
44
68
106
95
404
72
140
202
409
46
458
1122
480
188
836
218
56
110
5
44
10
615
213
487
60
224
180
58
76
113
140
204
482
638
238
13
10
1120
107
1061
94
116
1062
77
1179
179
10
175
147
96
630
203
504
344
192
189
216
571
139
207
161
234
95
180
513
77
235
70
134
206
119
80
250
1022
821
1204
396
56
150
735
928
112
888
129
44
275
10
234
50
215
120
463
595
782
83
295
234
522
118
723
243
38
461
46
1200
112
228
120
243
1084
257
19
159
62
630
593
77
242
172
125
192
141
237
66
819
208
222
181
820
990
227
170
213
18
191
266
81
252
186
207
215
39
884
1070
125
238
1191
32
175
62
7
1077
69
223
1138
1202
152
203
100
20
22
1119
13
99
229
97
595
1012
976
53
71
209
99
52
1190
580
223
82
42
222
1234
151
710
128
76
83
164
125
183
547
102
208
55
132
173
122
239
649
570
155
498
84
213
50
190
185
151
29
135
232
1186
188
815
215
45
945
199
77
127
461
346
1062
873
479
19
757
972
116
236
125
29
214
38
174
113
10
130
48
1102
59
132
86
87
45
601
64
29
10
121
924
58
1219
185
652
112
42
480
124
500
161
224
365
1091
738
231
187
943
34
74
222
0
6
1098
1233
193
411
232
101
224
41
964
145
190
681
625
523
84
38
57
1051
93
65
20
462
224
1180
198
204
9
139
511
304
182
29
57
168
713
92
203
177
103
530
85
147
233
75
408
1021
42
230
143
147
65
827
146
98
196
1035
588
977
117
74
233
69
235
159
167
32
557
786
52
6
199
144
1144
159
125
861
1052
785
230
520
74
77
162
1042
36
35
172
202
54
60
478
773
96
113
590
886
84
6
221
281
1062
179
634
174
264
47
138
8
203
233
1042
161
100
1238
60
230
316
694
388
25
166
54
1036
16
714
70
337
633
297
115
677
1081
28
834
183
680
171
209
679
1106
1235
1031
216
177
153
187
969
231
98
201
21
56
61
229
96
962
223
229
176
180
1154
240
1194
840
795
6
810
62
54
183
187
649
200
497
343
467
46
138
68
116
18
138
207
1198
164
163
206
1004
985
89
243
121
548
556
26
130
216
197
57
1150
123
63
87
208
180
230
15
92
48
183
457
473
715
14
219
198
611
197
46
47
197
59
41
994
158
33
238
25
61
231
263
1091
57
80
135
204
445
121
48
217
171
1174
626
142
239
617
574
104
1216
314
1195
108
13
209
1199
67
177
223
103
920
1110
729
128
88
235
68
173
192
2
204
1213
89
758
28
113
241
103
123
259
143
606
154
561
1125
1178
906
18
25
230
3
244
1224
121
173
57
160
115
328
139
236
79
3
976
1144
54
130
234
633
34
816
158
201
244
979
817
43
1
9
565
904
94
224
199
71
1054
229
291
122
7
69
302
95
581
109
890
63
231
1153
1127
229
94
758
191
236
4
173
127
224
59
484
594
928
166
122
177
233
502
163
581
193
167
244
1027
238
1183
1211
203
154
161
1087
118
220
416
63
435
11
6
1189
230
32
54
592
226
91
182
460
4
163
1091
931
155
659
41
36
93
155
278
121
88
20
500
177
28
196
63
4
420
93
144
185
171
223
25
34
57
11
95
173
738
714
309
84
495
72
700
66
1104
771
162
944
658
20
1058
596
104
107
144
42
972
105
541
336
796
187
192
486
726
218
160
975
113
515
34
180
34
1091
129
56
1030
104
188
509
100
513
1178
37
219
93
189
29
851
1174
53
226
174
116
13
393
195
160
56
217
64
222
697
492
974
104
103
120
600
225
160
182
470
1047
1218
118
187
179
997
180
189
206
55
1155
124
224
527
180
38
142
1053
211
30
98
239
20
94
1195
508
136
239
145
164
1086
62
194
191
118
42
406
64
191
935
1075
125
969
57
166
113
211
188
588
443
631
239
24
1129
1195
168
1081
587
21
234
1139
576
794
109
448
108
70
187
186
69
196
364
145
606
52
99
84
369
389
112
336
10
1088
254
160
67
72
45
49
164
156
617
73
104
57
71
47
114
148
191
1144
193
174
5
241
181
243
212
229
970
583
1015
44
835
65
68
832
203
72
29
220
179
112
903
66
207
142
192
112
1024
165
211
106
187
218
203
74
1170
177
941
242
1079
174
932
142
204
749
183
78
155
82
882
206
149
44
79
1020
220
370
69
111
398
117
600
211
150
142
235
208
137
8
72
428
1026
292
1201
79
11
193
746
186
999
505
32
121
135
224
19
1149
47
28
78
117
90
399
211
621
222
220
757
374
213
45
175
681
898
245
405
13
216
217
892
68
112
226
220
1087
602
131
781
462
561
174
111
894
942
84
452
176
137
174
84
0
156
258
143
278
36
131
656
693
158
602
162
35
107
536
11
478
752
159
178
89
273
195
10
1045
111
179
236
489
325
451
127
1213
59
125
244
56
33
175
60
11
104
19
110
172
100
1099
238
192
208
898
566
1016
213
86
185
43
179
69
1076
299
56
224
213
191
116
403
1124
800
1193
202
208
1043
630
26
724
291
116
95
66
88
231
4
125
45
968
47
77
288
143
75
10
172
205
405
154
16
1208
139
86
573
166
81
229
137
115
124
699
16
124
231
983
150
94
111
228
174
6
8
133
83
152
104
553
177
185
45
1126
219
134
797
112
139
116
224
779
1178
129
6
182
57
208
38
114
708
1197
40
175
166
148
996
165
667
825
166
801
1234
141
8
1122
244
137
174
245
10
31
56
231
95
80
990
1233
222
151
200
40
89
105
53
16
47
412
863
88
96
640
894
979
81
1158
7
901
100
186
799
993
7
191
192
146
106
2
148
214
973
713
186
228
624
1205
229
80
1119
64
116
62
8
96
218
73
115
30
172
21
14
63
212
856
860
213
604
245
121
194
216
332
54
110
1147
954
172
84
766
244
203
124
239
243
275
634
81
745
538
78
65
65
985
199
370
231
209
273
240
28
194
737
1030
46
166
984
48
109
252
169
143
512
11
173
243
17
134
156
12
56
581
31
231
162
419
558
30
213
1159
844
159
596
98
320
92
196
85
2
219
635
552
55
17
155
119
169
20
63
495
36
219
340
82
8
3
171
881
14
55
27
133
134
186
154
175
96
37
173
617
58
943
8
239
108
151
84
91
242
104
341
240
805
286
83
1147
687
47
20
120
231
132
172
21
746
450
236
22
159
84
206
236
1106
186
344
71
177
141
239
649
226
21
225
182
595
197
213
487
715
210
6
180
178
142
924
72
61
58
158
183
40
871
214
230
781
442
470
34
158
172
663
12
421
95
31
153
906
96
185
986
1221
188
72
285
19
82
446
162
7
67
800
182
592
109
11
819
621
542
236
228
15
2
72
806
125
91
208
209
36
1007
774
92
419
200
3
209
192
253
68
216
213
61
46
438
158
39
243
431
49
52
218
284
518
166
82
8
1103
16
1059
30
218
1020
193
785
30
204
520
207
805
716
187
37
183
174
200
34
100
136
156
127
517
134
8
172
117
333
9
165
85
131
208
888
98
1031
982
1117
201
520
1050
180
437
722
974
171
52
64
49
226
658
83
212
114
820
183
20
442
73
137
163
318
365
148
4
625
80
151
59
585
228
179
900
207
77
106
202
186
164
712
4
42
233
1091
846
139
70
199
531
158
303
136
456
138
190
15
130
374
138
235
76
100
229
1210
114
197
151
50
44
177
84
1177
140
163
835
1137
340
26
474
41
162
617
65
70
13
59
98
913
66
191
43
222
203
42
865
159
708
98
89
25
209
906
57
169
138
490
127
1045
186
1059
889
77
123
201
178
956
44
1008
230
194
770
208
627
311
109
646
202
1237
193
231
631
62
60
171
706
230
605
182
174
131
1168
71
717
32
273
227
165
189
13
229
212
216
479
72
222
1169
285
17
164
86
632
120
572
1161
163
131
51
96
176
53
10
55
1135
69
334
23
1198
231
44
73
194
591
0
658
675
725
161
385
187
95
219
109
46
90
122
71
110
122
985
59
80
128
44
1079
230
37
100
190
220
87
35
481
423
157
35
305
190
221
66
60
115
115
124
147
184
723
91
20
157
194
130
882
1148
39
154
131
97
241
27
241
510
1
61
61
236
166
71
79
4
240
1002
118
891
1056
213
139
187
219
242
123
105
35
6
148
237
129
190
15
163
197
110
170
481
236
617
18
152
176
1091
17
874
96
7
138
156
165
189
3
391
235
1029
167
157
122
297
194
117
317
186
233
141
112
17
222
707
197
208
187
1113
38
731
198
126
99
564
1244
754
92
223
200
213
432
34
104
185
227
2
843
771
199
1046
86
1064
213
117
1147
96
168
863
795
453
354
800
484
172
51
205
167
188
179
275
114
199
21
80
209
77
560
88
1160
751
153
79
47
180
182
141
53
1140
230
54
887
581
140
482
29
530
89
152
178
228
66
111
764
945
88
3
119
242
545
1144
703
85
279
374
935
286
58
191
23
164
521
110
226
35
206
48
154
68
59
110
121
158
1050
309
56
744
62
615
157
117
203
77
110
1075
136
259
78
965
564
32
10
482
111
1160
198
108
205
208
137
405
133
117
330
240
920
50
176
162
134
187
60
176
115
1192
1163
1003
178
178
110
241
170
358
63
40
331
664
242
677
956
244
182
274
226
143
94
501
141
47
179
200
226
1176
530
1080
963
83
87
331
397
92
133
1046
65
145
75
820
1162
56
193
108
13
169
233
126
49
982
926
169
651
254
141
1159
704
305
205
773
1035
31
193
234
755
221
138
196
227
804
51
1080
85
69
123
73
211
873
156
1192
813
67
609
71
1089
145
957
152
80
198
599
238
1132
143
52
464
207
325
79
167
979
187
180
587
36
82
180
802
206
490
153
433
73
188
130
37
871
87
184
98
201
150
506
26
25
1055
239
68
897
236
53
72
50
1054
238
213
592
700
207
174
26
824
326
97
159
55
545
35
203
194
712
91
243
749
124
14
263
59
1043
8
134
66
299
1078
102
215
709
1006
271
985
450
736
155
79
777
570
37
955
255
132
5
893
484
71
766
148
33
207
67
42
197
422
240
206
49
579
878
52
151
153
28
231
236
1051
89
371
470
101
184
168
786
929
258
113
188
33
1164
136
16
61
69
133
237
1016
91
849
123
178
909
139
802
79
603
242
1230
88
400
752
1
69
40
115
240
129
240
161
151
542
153
232
176
279
1003
186
865
59
149
98
34
124
531
161
5
130
106
1105
146
100
199
1219
84
130
154
219
83
190
187
70
127
596
26
557
1065
482
88
120
61
37
754
13
196
184
290
925
65
205
903
643
1
116
177
182
207
223
243
149
196
438
951
942
116
211
4
190
825
69
34
83
560
90
47
169
122
200
433
791
122
1
242
53
231
171
39
37
57
244
1155
425
173
42
829
185
46
806
162
220
117
101
119
173
3
132
1106
140
434
74
992
79
373
21
153
130
648
141
1152
593
187
100
947
1049
61
190
156
1197
91
172
157
72
147
244
70
97
655
132
185
507
835
80
235
129
20
381
143
82
96
857
1078
768
64
777
383
54
124
195
0
54
183
69
177
1127
2
192
177
1156
75
27
224
83
26
26
35
38
76
13
824
132
262
531
996
197
668
169
288
955
982
423
181
93
1180
183
178
38
164
849
96
12
4
946
22
1063
472
163
222
196
214
401
72
263
198
89
46
216
890
778
91
112
28
27
1107
15
427
130
48
143
55
187
1130
198
133
806
52
1223
77
116
45
54
7
170
92
512
36
60
167
82
138
115
477
1179
169
443
1026
776
75
758
210
198
63
170
241
169
214
16
33
80
845
179
997
3
149
63
64
159
220
236
62
41
147
120
1010
92
750
79
242
50
921
12
207
182
303
1077
423
653
74
198
107
1057
36
1128
30
8
227
132
102
44
156
133
171
76
237
1101
1163
767
206
795
178
589
1007
200
723
180
257
101
237
176
1128
196
35
165
1059
184
209
178
207
214
223
174
64
1208
33
917
751
826
63
212
1154
146
153
22
137
207
386
134
146
140
93
193
226
66
236
145
94
83
565
7
56
354
206
93
1241
34
114
504
4
92
1026
190
55
12
229
526
44
206
108
801
390
852
111
237
769
25
264
141
233
202
445
207
462
83
123
218
1122
323
143
1024
80
193
695
46
414
70
306
130
127
705
154
640
102
72
176
122
337
793
772
131
49
671
613
193
213
115
64
349
151
218
164
155
680
51
111
85
101
164
134
211
52
836
344
87
130
1089
671
125
232
14
146
32
6
687
22
238
87
484
719
1054
89
228
139
375
96
507
703
768
259
193
2
78
12
231
52
183
37
360
42
357
903
667
179
100
64
166
1070
162
194
50
28
66
3
193
38
138
78
67
101
182
123
192
1011
207
799
90
66
85
9
180
214
471
115
735
203
34
951
147
128
158
85
462
53
164
49
146
39
231
411
92
542
1235
85
282
131
78
51
351
65
560
166
104
52
77
1005
250
97
159
223
110
839
52
38
215
79
167
12
90
231
175
115
497
984
186
680
912
24
79
794
208
134
956
64
968
177
86
1216
1084
237
219
1063
869
167
271
47
63
73
123
68
240
929
1099
464
815
186
223
94
177
157
146
22
508
72
19
80
59
233
157
660
109
144
168
756
73
21
640
1064
152
134
53
142
242
27
28
1041
1171
257
33
67
209
162
127
23
71
1
221
109
56
75
178
60
1045
1144
113
25
174
233
230
87
138
99
36
193
653
10
256
174
559
104
256
210
67
8
184
61
32
178
109
837
243
139
6
1172
84
235
248
97
149
804
827
220
213
1018
31
139
5
232
236
165
146
103
98
145
84
1185
94
153
802
1169
70
655
103
123
188
78
160
74
158
904
183
161
516
1203
1207
848
128
282
91
730
361
707
900
553
1105
94
840
1003
222
102
565
1130
211
248
229
4
28
22
305
185
1130
57
776
366
96
183
70
62
46
44
159
196
23
185
73
78
95
213
188
69
228
171
143
191
110
235
127
139
61
1123
270
78
885
12
887
83
156
66
228
169
1148
106
1181
1092
2
169
120
666
101
955
112
191
171
542
217
95
117
82
217
700
113
988
2
86
75
579
18
135
461
88
191
81
1193
937
60
404
729
14
69
191
138
764
192
560
491
390
198
155
159
235
219
1129
103
183
757
164
877
58
59
65
42
1202
114
149
343
51
560
110
102
81
316
160
185
715
142
115
149
160
21
614
562
1034
147
614
161
80
102
302
138
217
159
141
117
180
173
92
213
41
50
33
766
1011
221
98
63
1024
224
222
45
240
646
220
538
36
233
0
565
717
39
823
196
88
131
1056
135
13
960
519
53
121
207
231
238
496
798
1143
991
771
65
65
117
175
780
193
36
107
215
225
124
743
672
83
1139
188
180
5
125
98
285
4
146
28
176
937
8
654
166
198
956
277
17
7
217
71
9
1019
269
579
664
573
267
611
1112
190
64
61
189
27
6
229
201
137
113
197
1035
1090
202
295
108
1211
53
1036
46
27
200
15
1004
192
2
152
11
47
866
184
56
636
206
55
343
503
555
64
333
170
69
205
1229
3
49
17
230
103
225
242
588
120
57
546
230
54
1141
75
1053
17
15
9
86
193
50
5
115
10
543
108
21
206
176
186
218
669
507
1200
99
53
409
72
228
1200
206
985
409
756
191
207
99
31
9
88
123
184
244
78
112
748
169
284
232
193
67
608
1004
431
68
240
94
274
795
80
131
200
144
227
81
109
216
101
926
37
301
122
877
758
750
999
178
575
510
106
240
16
450
92
154
129
104
21
92
217
81
85
130
159
5
70
156
116
89
10
580
25
190
74
1000
230
139
144
513
874
216
434
150
1014
136
199
415
1107
163
148
120
211
985
614
17
1041
34
212
199
955
506
971
1197
384
152
1111
19
221
341
222
195
147
150
171
425
535
240
164
117
1237
120
217
127
116
231
146
1055
77
151
4
142
215
167
994
42
1
822
19
38
114
156
180
589
609
38
77
167
219
983
603
590
133
5
108
227
143
636
94
42
156
1037
223
89
940
67
216
1207
52
11
214
181
152
281
1216
204
69
835
65
836
25
794
174
25
116
56
540
1126
60
99
185
4
182
56
1046
25
16
316
230
11
90
881
390
444
750
177
24
186
39
121
122
183
657
129
99
77
127
210
210
90
146
112
162
1064
11
70
508
16
1029
77
24
774
1162
115
215
987
11
155
38
55
240
816
286
1060
22
90
925
153
79
247
99
244
191
228
872
202
258
170
234
16
11
130
378
157
154
107
243
11
12
163
231
947
209
283
36
975
167
228
54
190
986
851
225
0
112
149
143
248
198
129
61
203
1240
21
148
33
543
32
36
178
1115
69
80
215
587
770
562
76
225
82
234
512
125
15
220
75
11
109
126
9
1178
776
235
102
40
584
220
66
61
160
123
196
95
295
507
1116
173
183
455
402
212
350
0
170
217
179
114
244
49
84
20
61
93
139
141
130
28
890
525
61
48
676
289
125
42
68
101
149
747
91
1110
258
133
106
159
44
971
424
98
169
863
205
50
108
157
100
221
208
46
53
126
935
129
243
813
145
154
6
84
222
32
431
152
657
16
121
67
1185
104
164
104
89
773
172
148
110
1111
118
151
45
501
34
987
59
45
105
33
122
168
242
48
56
85
907
1163
567
110
46
147
1075
163
162
42
1199
220
1148
68
154
132
1163
185
146
147
495
164
148
716
178
1083
554
236
435
142
964
17
239
44
18
651
487
196
1039
32
241
128
195
30
765
107
1067
124
231
241
688
156
1
51
187
50
152
1181
158
229
1152
26
166
501
203
21
56
941
68
74
327
225
571
165
567
129
360
9
110
77
98
122
174
58
154
45
239
987
38
82
205
653
975
79
371
188
145
201
181
101
243
87
42
717
204
150
689
45
15
38
115
154
198
56
511
164
146
154
613
151
112
146
217
135
719
130
51
149
60
414
218
13
624
1160
328
57
611
897
243
181
222
913
451
36
58
170
63
40
47
30
221
54
121
1096
53
17
94
72
20
220
739
796
140
102
47
800
681
119
149
145
732
219
1221
20
211
142
252
157
16
164
851
243
193
165
99
112
1184
20
86
1031
629
62
8
180
210
40
236
189
45
849
1000
77
79
167
106
831
187
102
67
550
235
107
97
89
217
183
51
4
19
30
229
1220
3
350
55
240
200
13
60
945
242
73
70
66
322
7
16
146
196
134
139
206
224
67
700
103
750
78
23
838
106
244
56
163
238
195
363
27
125
887
648
83
82
706
135
235
208
109
6
163
111
30
150
919
213
121
225
135
57
102
36
1087
71
241
193
157
231
305
1189
47
264
662
120
11
62
1
201
133
1102
903
155
208
49
849
848
1151
75
210
212
1239
164
38
144
243
15
16
189
825
262
73
195
683
982
147
1143
106
1029
33
117
26
212
43
186
829
463
33
341
226
228
945
0
133
1083
1205
116
195
241
15
27
179
24
102
1152
42
1194
2
81
127
513
376
113
22
147
209
202
233
204
468
213
797
153
19
189
343
232
119
250
43
567
129
172
32
211
204
192
39
526
1203
97
104
165
210
625
121
18
239
159
204
208
410
225
547
2
1215
687
123
212
169
113
625
166
776
165
509
969
125
226
137
45
156
55
244
682
237
32
576
213
15
1100
134
102
34
685
151
144
155
4
159
8
744
107
73
490
15
797
829
1001
101
1116
145
299
234
947
115
142
423
141
961
58
887
127
69
456
94
1200
469
1049
151
66
330
692
194
163
70
575
161
63
208
443
413
59
211
165
685
156
981
559
159
411
860
75
180
268
158
241
162
149
47
562
125
173
35
219
795
140
682
94
201
15
101
197
241
198
1075
137
1009
30
68
153
1082
739
369
147
208
53
176
125
843
42
616
473
1213
60
1032
101
684
167
82
413
998
80
181
89
873
566
595
1148
178
487
41
225
150
504
392
79
167
274
584
52
152
15
236
152
31
232
122
18
70
192
80
172
79
77
140
606
384
43
164
875
80
230
176
91
1061
59
777
230
55
1094
71
171
424
268
106
703
210
164
80
190
89
96
24
1191
44
1239
698
381
1031
1131
705
808
162
167
217
183
1003
128
18
157
111
4
638
80
201
175
9
173
647
207
1063
54
450
102
34
28
138
199
233
75
28
193
213
629
183
115
601
11
63
591
786
88
354
33
241
887
1110
129
140
78
621
115
77
18
1180
6
239
54
82
796
87
572
206
685
1079
212
913
314
346
229
99
204
94
45
54
84
780
125
137
359
243
73
162
48
164
450
59
154
125
230
324
10
979
932
1036
100
929
596
1037
110
199
1161
589
222
420
47
229
987
980
17
34
221
540
41
1174
186
509
74
864
44
1053
26
575
1141
40
225
174
419
70
236
45
130
176
55
166
72
256
7
162
1036
217
289
1196
159
21
205
48
60
25
66
19
27
5
32
630
1020
187
170
16
110
540
831
27
175
152
942
206
917
88
76
203
126
743
199
20
64
433
841
214
1049
188
59
91
851
105
110
54
89
141
0
147
182
948
132
643
139
71
46
35
1211
22
131
781
1052
142
428
44
78
43
83
59
42
1146
18
223
134
43
145
239
260
244
65
139
80
359
169
81
1025
162
166
735
208
61
162
106
657
166
21
91
530
958
167
1121
109
206
616
98
337
186
145
153
18
140
589
801
53
1132
85
108
161
215
4
138
1047
203
254
209
576
78
192
186
195
16
630
78
71
1199
728
33
781
166
51
71
234
963
120
7
83
18
234
759
320
132
158
62
437
226
75
920
137
200
86
60
103
68
59
146
106
172
221
136
150
151
37
138
240
20
399
157
140
114
148
122
132
580
500
116
688
827
878
37
137
206
56
47
238
262
784
109
77
996
165
105
71
696
63
48
61
104
336
70
241
1111
179
56
51
420
97
92
174
590
238
63
24
19
131
515
980
770
229
210
7
856
872
138
197
10
67
215
214
199
33
239
258
110
223
639
197
267
637
690
189
114
635
1113
238
698
201
108
565
481
100
131
77
136
1140
41
183
144
114
68
137
408
139
197
147
209
62
169
104
203
242
189
139
634
22
188
15
13
81
122
162
28
133
10
581
189
667
1125
208
240
205
25
113
235
102
205
1183
30
1180
117
40
739
225
62
51
167
87
920
119
42
696
340
375
804
1153
39
113
888
88
72
923
190
988
531
139
703
1157
148
231
1153
53
988
183
397
83
78
87
606
81
1230
12
115
122
213
124
529
905
54
315
28
163
172
229
150
1087
85
1
4
24
16
38
172
21
144
64
748
8
178
107
13
490
79
232
70
1122
70
153
488
776
9
241
1015
14
344
70
191
213
209
116
224
506
4
17
1
104
206
143
186
1215
129
419
1075
225
148
380
307
217
398
873
191
93
158
1133
105
1087
118
49
218
402
170
33
179
23
154
22
231
77
271
466
1005
388
166
111
98
194
42
94
831
184
84
113
284
55
110
47
798
83
127
774
90
906
231
116
224
219
72
397
240
170
693
158
242
557
155
1088
480
129
177
801
111
213
28
7
153
24
831
158
156
13
541
729
1227
54
19
30
134
142
288
265
1067
189
199
144
1
125
122
222
220
44
243
33
185
819
104
243
8
1085
90
225
27
127
207
151
246
248
1113
158
640
530
193
229
173
637
878
163
21
40
321
985
203
909
136
31
68
929
227
1008
378
197
137
280
63
220
163
203
210
193
14
623
589
98
189
76
678
240
1049
319
585
16
194
87
244
135
90
231
1149
859
178
181
178
99
22
154
678
151
1090
474
36
258
19
188
146
71
39
159
6
195
344
67
163
637
221
33
32
194
89
219
199
121
79
542
216
587
155
328
233
163
495
63
129
462
15
203
33
145
60
64
1082
174
915
184
139
192
218
236
1211
78
1053
172
159
169
47
193
875
139
399
166
25
846
98
50
208
141
628
232
771
70
171
78
54
274
108
18
690
30
230
3
238
149
98
110
847
834
227
561
152
87
7
181
704
181
182
850
231
100
132
1105
117
81
54
115
414
77
21
46
196
96
239
4
1174
34
736
812
9
180
437
220
132
953
98
187
41
61
206
6
332
35
176
24
1197
415
131
1
75
302
102
42
33
847
37
132
707
735
81
488
808
125
999
977
320
550
503
105
542
685
835
12
1206
117
928
74
56
86
1031
222
102
179
1072
124
213
99
118
815
71
136
87
645
185
109
1121
1028
1024
299
136
133
93
323
29
98
32
224
59
223
41
199
409
562
1004
82
242
118
84
730
120
128
643
590
118
183
432
13
38
804
1243
101
1206
82
223
6
926
244
26
483
24
130
144
644
29
130
144
190
804
591
188
317
112
162
154
107
982
954
702
17
1102
239
58
29
300
59
63
117
131
217
213
200
231
115
28
0
823
156
121
238
10
146
163
145
444
315
379
1121
542
28
1162
154
88
188
35
211
6
846
213
968
39
48
167
910
808
9
36
895
841
57
41
242
85
626
12
177
88
66
45
762
75
227
460
1148
184
49
115
101
100
182
0
135
559
196
182
148
378
323
88
11
532
55
77
235
218
69
67
2
202
1175
200
234
55
57
58
21
172
26
3
144
20
112
220
93
197
1220
175
13
106
386
148
88
1199
808
45
236
908
793
194
406
103
164
1240
45
15
130
61
719
19
112
743
9
105
84
76
992
197
203
32
85
72
90
133
531
117
1129
66
45
111
52
231
57
1244
83
38
1070
152
222
10
151
597
128
638
23
687
1127
1056
244
34
1058
172
179
113
636
140
28
33
918
153
58
228
614
365
830
69
400
233
363
1236
158
228
358
138
391
72
162
148
112
19
207
432
181
226
737
192
187
592
104
93
14
0
443
1
737
124
41
232
557
4
943
508
52
230
143
229
110
153
678
94
150
872
156
237
957
46
171
0
162
130
16
524
66
249
215
97
64
136
73
747
192
117
180
167
141
1144
625
2
1199
172
434
535
243
117
110
116
64
19
75
68
303
113
844
568
195
463
18
125
64
76
24
966
2
993
159
94
84
87
103
230
132
1089
5
92
195
63
97
184
110
109
1069
166
29
161
244
217
593
106
140
35
892
141
99
37
779
155
1118
839
94
184
58
1127
572
283
167
51
1171
220
73
169
75
146
60
815
165
129
55
648
800
643
623
239
460
164
198
56
226
32
139
144
142
78
43
147
160
208
11
74
118
898
108
150
130
233
211
241
126
190
35
236
541
122
131
68
123
913
145
156
221
84
74
223
206
72
169
108
1205
197
777
106
1197
363
341
5
104
248
1010
151
225
1113
98
112
146
288
33
5
1008
164
128
24
360
69
605
767
135
1173
199
563
757
231
1201
232
1233
240
128
680
1071
396
111
101
14
462
37
1108
227
2
943
166
202
33
21
220
10
69
819
75
9
1072
80
132
104
12
236
41
301
833
228
31
142
34
218
797
811
65
70
1201
39
764
244
37
1
937
201
227
1127
184
46
590
168
126
150
1068
195
192
557
1059
195
217
135
1238
803
1130
790
141
229
785
50
50
135
88
153
553
830
552
375
208
197
155
82
146
150
173
884
920
223
1123
100
187
144
115
1139
76
208
20
146
369
597
204
252
185
52
1098
88
102
113
105
44
152
1027
165
544
1214
1169
106
150
725
155
138
125
16
191
183
1164
1174
1100
85
24
90
200
244
777
18
106
242
13
1081
102
64
118
243
272
801
158
94
1172
198
14
690
17
149
32
1047
134
198
1113
278
5
58
1027
76
215
110
1153
595
27
1151
1206
220
695
1146
219
129
963
421
55
430
116
164
1004
615
1058
15
233
48
1003
56
504
16
1
775
174
49
109
1
1084
536
100
199
1032
16
59
690
79
668
222
170
127
71
766
853
1181
2
302
165
220
143
1110
1085
707
174
243
834
211
4
67
0
136
183
97
105
25
243
69
560
210
133
62
25
55
12
1213
411
521
153
206
284
181
151
13
48
170
926
18
399
225
1218
1107
242
175
17
207
191
171
55
189
588
44
308
554
676
427
87
957
208
5
25
65
439
169
135
255
469
71
195
203
358
370
229
45
127
249
151
202
749
112
220
1071
26
0
191
2
230
21
1040
334
690
88
177
21
137
114
6
8
130
146
855
82
31
130
98
78
167
425
164
233
0
222
66
23
454
35
154
217
694
878
43
74
16
186
1233
658
71
19
100
87
67
139
177
552
90
1069
80
82
139
1227
187
10
53
238
128
286
138
136
198
751
35
141
185
118
82
132
3
106
758
20
63
606
18
222
880
111
24
820
212
252
181
29
134
131
156
103
894
181
176
80
137
186
409
160
75
1136
990
1044
177
75
63
71
572
519
243
238
66
108
164
168
223
1189
1051
427
224
920
20
56
212
722
55
3
103
79
31
118
52
222
409
192
211
802
70
115
641
67
53
107
34
109
1224
189
931
52
805
1039
15
1054
128
112
157
1133
5
1161
80
14
684
6
0
227
92
108
641
110
63
243
110
1134
182
180
659
1207
60
133
953
140
469
52
233
104
75
141
756
197
57
153
670
103
166
162
1199
636
77
31
220
506
1202
979
1224
22
1193
46
740
149
143
101
236
1135
204
162
1129
25
575
155
859
142
232
221
323
595
15
363
1143
781
122
61
45
41
687
144
171
79
240
91
518
137
50
153
1024
1116
896
238
114
168
757
443
343
254
1234
858
79
259
46
147
73
150
184
756
38
1229
6
564
623
55
240
192
240
69
108
175
642
163
192
367
89
1188
159
803
846
209
36
74
3
92
104
69
754
83
22
230
1027
12
1174
93
120
217
44
1222
151
114
832
827
0
45
86
34
933
332
518
801
243
1127
602
36
756
595
122
134
66
48
101
932
239
218
217
865
89
8
242
122
151
174
177
158
866
852
80
101
184
216
418
111
38
109
70
227
92
228
153
212
34
428
458
52
49
236
97
398
214
942
518
199
39
951
170
191
108
862
199
139
207
101
280
27
27
93
225
27
1015
138
224
77
239
123
88
172
751
182
231
42
9
602
972
76
189
153
146
26
238
617
1154
43
146
979
888
192
196
361
1189
15
148
106
187
1024
177
84
229
156
54
106
237
166
152
49
14
74
18
675
109
94
728
381
158
234
38
168
72
204
194
51
104
136
216
704
174
914
8
20
784
1041
129
340
55
76
78
169
134
77
198
149
677
99
204
506
6
933
111
51
52
341
1156
8
140
514
56
162
103
635
121
78
225
193
42
117
215
994
1107
77
136
968
1221
138
160
122
47
12
656
956
147
18
25
58
232
167
141
129
82
989
137
239
13
137
181
695
124
231
1070
87
993
700
118
1238
599
1015
182
151
111
144
180
47
1071
33
853
886
94
114
22
79
213
79
513
1074
43
133
55
69
476
178
186
157
120
99
585
1096
112
174
534
219
108
139
301
387
28
26
39
9
157
1192
55
121
132
1079
1139
217
202
92
95
0
103
158
34
1042
811
147
82
92
1213
72
69
836
1134
206
16
39
206
308
661
235
839
169
72
646
956
39
2
177
165
937
144
175
131
401
753
90
9
740
533
115
24
1185
162
205
18
98
32
232
65
1135
444
125
216
39
507
32
223
113
186
211
10
0
66
71
2
86
154
606
28
481
209
118
243
473
84
116
97
195
119
524
100
504
72
147
182
341
142
13
189
72
205
1118
73
211
510
1075
231
386
96
118
171
106
20
100
566
235
76
58
752
648
130
145
93
30
182
979
0
44
210
602
617
656
149
84
143
42
153
434
307
614
512
774
151
78
838
508
238
273
983
219
779
169
209
147
879
416
230
511
121
135
165
74
825
49
26
87
227
195
1030
92
195
327
224
81
200
83
161
43
460
137
0
368
150
60
792
1218
235
160
42
24
394
460
234
0
1072
34
34
452
189
658
238
196
852
80
263
136
3
54
296
727
512
137
6
260
47
199
158
243
115
43
185
370
152
534
246
89
992
83
204
87
127
216
655
130
135
842
176
239
129
282
89
212
106
695
117
49
214
344
101
954
219
1087
163
443
13
108
229
57
111
141
214
233
216
199
22
605
693
131
22
105
3
862
1203
54
65
62
189
78
16
154
296
190
841
138
98
12
179
98
140
9
29
150
232
111
118
3
985
199
29
1096
217
225
30
90
214
1223
44
55
1198
208
215
215
687
576
898
14
600
232
54
103
182
87
671
134
1062
164
98
429
145
805
3
795
124
136
33
648
62
178
129
62
233
65
173
146
143
1223
467
189
137
184
134
897
176
57
1055
148
62
4
985
124
63
170
158
379
168
25
18
50
124
117
85
1058
159
238
1103
230
167
218
184
547
44
182
241
46
118
112
91
5
200
100
133
274
1197
93
138
4
64
17
134
114
212
119
114
68
1122
41
348
46
91
12
221
152
101
43
453
1113
182
50
1087
228
190
194
40
125
217
180
28
92
1166
146
341
529
47
107
183
148
397
972
141
402
704
177
10
216
35
996
230
547
206
239
568
134
50
81
158
121
36
563
237
165
2
29
838
1131
10
943
178
20
139
91
201
208
710
87
188
113
1056
173
76
1230
81
39
116
240
876
647
57
200
953
596
32
431
827
160
30
1079
194
1098
108
622
174
6
226
511
36
153
22
601
740
432
894
11
44
83
118
351
72
184
40
194
148
521
66
23
857
196
5
35
11
144
730
172
795
907
31
970
41
189
114
77
1243
28
87
92
373
155
183
157
240
111
38
56
99
239
13
177
1024
146
159
41
135
165
1006
212
278
208
202
864
46
225
349
233
244
200
976
152
147
133
41
165
255
18
16
746
188
214
1067
39
221
693
173
164
35
999
109
406
27
73
34
105
48
994
64
1137
1119
117
113
357
117
129
71
218
3
587
106
229
29
116
64
67
41
275
97
32
68
190
207
31
75
60
96
477
1069
212
233
1145
135
33
210
45
124
68
34
157
438
172
145
329
33
370
66
238
1
95
153
28
124
62
9
165
212
103
30
200
147
1020
292
358
212
84
534
27
163
141
66
263
26
835
150
1078
7
44
650
240
301
5
191
13
752
92
611
226
107
106
32
35
576
149
1190
1224
79
374
223
1154
82
5
189
151
81
1198
158
62
114
4
197
798
134
138
132
148
168
704
240
930
175
241
67
168
567
236
85
743
105
1018
49
19
520
684
151
30
68
59
98
955
698
111
223
428
57
241
46
707
890
143
454
211
19
413
206
82
148
1098
106
55
743
324
176
121
851
99
931
44
4
113
718
244
119
20
642
751
130
478
26
1065
48
28
112
82
15
394
79
1154
1190
188
120
1100
123
172
1173
105
461
63
162
225
782
129
75
381
768
558
37
15
56
123
221
1063
317
13
274
77
126
157
6
1072
151
1147
86
1178
118
109
5
209
1060
194
101
122
13
48
110
664
181
232
188
420
679
65
56
217
47
739
222
139
168
73
110
59
670
235
171
219
732
815
322
160
231
176
1177
0
739
1009
98
14
406
352
108
66
81
178
1038
17
400
226
73
191
107
219
55
1120
40
59
129
92
119
225
188
714
334
108
53
204
25
224
72
60
338
91
111
66
92
151
209
61
136
170
32
31
480
126
1141
138
79
99
215
460
172
206
13
97
164
172
93
552
968
53
175
133
210
759
577
219
233
71
208
143
308
110
220
171
197
175
383
1227
1024
7
718
4
445
188
567
664
279
162
104
87
221
144
340
181
669
1111
1060
1043
61
14
402
160
174
888
25
545
56
1037
2
1103
52
25
226
98
138
68
169
157
6
873
97
144
25
117
182
1109
1052
117
201
95
227
397
70
64
102
56
162
285
158
215
166
9
686
168
461
924
601
42
214
63
1234
912
130
42
155
104
914
237
228
95
29
103
1
59
988
1006
311
1070
462
3
27
682
896
14
103
56
119
131
12
972
121
1075
2
188
103
15
7
158
959
139
132
229
800
207
238
67
475
139
185
228
957
26
100
145
120
121
10
70
1205
334
63
1214
875
173
1148
48
7
989
194
232
89
233
15
81
152
628
177
70
88
114
74
151
61
71
24
68
224
26
226
104
144
240
1210
225
164
356
106
228
1118
178
138
655
66
161
2
75
37
213
58
168
59
128
954
93
242
548
975
188
80
418
67
146
869
210
10
135
1138
271
221
75
44
184
205
862
184
1135
61
92
10
117
970
73
100
1188
32
902
224
212
539
633
162
127
886
121
193
117
30
145
109
210
243
120
163
179
748
547
73
91
1236
32
288
195
909
119
232
181
124
350
169
137
215
204
881
832
744
148
845
255
228
724
201
63
8
221
71
551
210
109
205
102
90
89
1045
40
96
74
77
165
169
1145
230
463
198
97
244
168
183
4
1178
116
9
136
767
757
176
106
539
186
218
137
153
98
118
758
123
231
1048
557
724
170
140
198
801
70
157
0
26
232
89
257
211
446
723
142
144
110
1240
1198
20
27
483
155
774
67
207
62
194
237
66
35
464
1211
598
86
166
18
119
109
118
705
780
142
98
112
32
842
173
128
72
181
1106
472
190
198
1180
52
209
544
411
853
68
144
760
129
166
130
117
1080
111
20
183
841
1071
123
214
181
78
173
70
132
34
1023
1166
220
58
158
64
22
97
140
952
48
109
225
1197
406
212
179
984
357
138
133
22
24
1024
738
445
42
863
166
135
32
187
584
104
104
241
88
148
224
1241
155
113
107
61
85
225
705
180
117
73
186
244
68
47
165
544
59
53
506
50
8
84
111
60
174
18
752
1157
77
173
926
807
698
223
0
112
128
1153
1069
208
156
297
45
18
180
232
226
63
54
169
7
64
134
552
229
177
138
184
132
2
83
146
1046
340
1194
30
169
186
61
164
16
112
1061
191
268
75
112
218
421
71
678
45
212
182
106
243
206
5
241
7
60
763
219
1120
823
162
956
215
667
394
671
80
329
112
174
746
119
942
225
283
244
189
142
1090
128
420
1205
192
162
126
395
724
741
497
503
871
22
82
174
109
101
1137
81
73
225
947
228
236
44
401
237
920
1185
10
123
744
151
187
75
227
163
232
155
1081
168
84
153
132
179
358
426
552
151
108
212
812
37
35
706
200
608
201
176
122
881
163
121
128
916
688
648
1203
51
299
207
156
64
19
631
689
513
63
1221
574
234
759
130
310
386
1116
199
1156
1162
1150
1192
1118
121
4
61
340
542
56
193
511
143
19
759
67
157
98
1153
244
158
302
40
69
174
909
210
635
725
34
1192
242
69
711
774
131
74
653
138
245
100
22
21
39
35
3
15
55
85
41
13
49
27
47
89
44
56
61
94
91
9
72
10
82
86
46
38
40
21
89
70
3
29
85
65
44
64
43
60
42
79
25
87
26
72
85
8
37
51
71
73
98
14
63
46
6
18
63
40
26
58
61
85
5
95
77
31
59
23
23
36
77
99
68
64
50
8
48
71
24
5
83
95
25
71
16
3
1
63
68
90
77
8
75
77
25
94
58
11
75
47
86
27
88
69
21
85
9
33
67
2
71
34
22
94
67
55
43
28
46
23
45
9
12
75
12
59
52
33
45
97
28
68
13
75
47
44
96
84
98
21
71
4
27
33
57
5
21
34
19
22
96
71
15
37
48
37
20
98
18
54
81
45
67
82
63
83
98
78
21
62
37
60
47
58
20
28
23
23
90
64
48
12
72
14
56
95
64
88
42
3
55
83
85
68
87
14
57
85
85
89
1288
true
false
false
false
false
false
false
false
false
false
false
false
false
false
false
false
false
false
false
false
false
false
false
false
false
false
false
false
false
false
false
false
false
false
false
false
false
false
false
false
false
false
false
false
false
false
false
false
false
false
false
false
false
false
false
false
false
false
false
false
false
false
false
false
false
false
false
false
false
false
false
false
false
false
false
false
false
false
false
false
false
false
false
false
false
false
false
false
false
false
false
false
false
false
false
false
false
false
false
false
