100
1216
106
366
371
774
68
103
156
332
256
1351
90
214
372
304
58
46
78
184
120
242
445
272
252
159
234
946
20
0
788
183
281
23
115
348
242
62
271
237
324
559
289
1117
293
168
272
159
153
237
249
153
435
82
71
77
75
311
62
290
853
916
107
652
1078
571
265
157
168
297
57
289
1002
330
280
151
78
246
3
1208
682
350
1017
613
1018
190
159
437
527
113
941
205
121
431
277
161
134
307
219
289
69
354
105
272
46
23
88
30
262
741
12
254
261
39
1118
327
277
394
52
1109
155
82
588
398
153
233
153
401
300
107
123
1303
166
97
907
354
62
113
307
389
288
931
692
160
627
318
377
33
760
324
187
103
108
395
306
231
313
731
1360
277
739
134
199
945
24
191
322
1250
1227
532
436
1009
955
150
406
782
3
314
193
658
122
1111
339
187
1060
55
17
591
463
250
156
1060
337
349
335
28
239
357
135
85
231
68
1068
877
53
34
41
375
337
946
158
223
15
531
250
1260
1260
127
198
27
317
178
343
27
313
142
223
1330
118
1150
399
560
86
1321
213
144
1199
191
327
250
325
215
1251
118
283
228
619
675
841
901
232
196
335
322
203
198
40
162
351
187
36
1113
320
592
255
1099
320
14
244
899
269
186
997
62
329
122
225
154
1027
1365
938
129
130
57
67
187
97
208
104
1128
136
227
966
52
101
190
157
205
252
161
191
1305
264
729
435
973
114
244
287
129
256
915
308
1294
71
130
33
598
101
110
486
1097
524
254
165
259
883
236
387
1209
224
361
100
321
1225
110
95
151
77
739
95
180
77
460
167
690
329
160
345
57
870
103
9
176
1191
99
549
1277
308
268
82
235
322
79
284
379
110
228
612
177
338
286
57
231
357
192
1218
186
146
284
772
393
158
177
262
965
134
352
5
8
1219
1287
320
190
101
421
154
1230
92
3
368
344
185
433
201
658
97
875
990
1236
1081
830
750
869
632
127
1275
201
703
1231
154
229
446
285
36
404
72
136
290
850
70
267
186
647
94
271
649
258
248
105
999
482
242
273
198
224
42
1114
331
903
64
345
1007
128
265
1064
159
1129
267
289
297
47
194
115
501
176
375
355
238
147
308
125
358
1301
155
186
287
203
170
98
301
108
125
231
96
973
1038
140
316
333
78
0
336
136
198
177
127
338
130
4
359
215
80
267
142
326
5
362
323
298
62
275
841
160
12
178
676
281
215
339
798
1074
300
240
254
168
574
59
381
316
886
273
342
1284
481
342
286
132
121
86
1
1060
344
303
1353
194
824
709
324
243
40
6
255
36
337
338
328
235
362
1076
212
500
120
150
232
1026
289
1317
309
190
659
222
342
984
248
240
662
311
351
349
314
154
269
1157
194
38
79
56
334
230
254
1088
976
275
86
215
136
316
333
250
327
818
306
75
1094
1158
263
140
4
1
135
70
62
289
104
1061
168
69
81
1239
403
1112
289
283
330
276
487
133
421
548
344
186
747
1329
295
122
352
277
62
170
343
1333
147
284
52
1254
986
230
113
961
333
47
324
880
275
421
287
157
420
872
983
162
341
148
238
204
743
137
240
494
1223
28
62
572
133
141
60
260
47
197
564
243
807
184
333
890
136
932
986
1123
210
300
245
77
737
693
10
67
202
1239
154
60
285
339
329
199
1039
264
442
226
360
260
1200
364
155
2
1321
325
737
365
1212
826
325
894
852
93
766
214
740
33
251
193
90
179
163
928
194
161
337
321
721
247
250
239
170
51
1049
503
87
106
170
196
103
68
78
393
47
136
55
667
8
180
127
284
674
42
38
117
309
908
315
1029
1233
0
115
114
340
173
457
693
66
325
487
71
694
213
6
293
193
1318
767
114
12
288
114
213
56
258
76
179
100
203
4
559
274
1063
328
298
1207
60
98
442
25
197
117
209
166
33
166
597
164
221
70
358
214
45
79
174
261
287
1138
801
78
231
74
273
299
54
22
0
918
819
707
974
266
771
1031
560
386
70
227
140
77
188
491
61
875
226
149
66
528
5
793
721
287
282
859
192
156
284
171
819
319
1297
854
320
250
10
75
130
225
461
1003
265
1171
1357
285
344
64
270
299
40
165
333
498
214
241
176
150
159
234
235
530
1004
224
274
222
112
66
1003
18
535
291
141
140
664
226
290
633
197
170
560
230
94
95
333
340
44
115
257
47
149
649
286
120
69
55
59
292
401
182
36
435
539
460
148
911
1264
993
14
154
516
252
19
124
763
35
215
289
261
137
1219
154
571
21
141
6
217
93
355
1191
38
1237
610
137
289
117
215
192
52
273
947
200
64
218
532
1308
674
220
214
204
371
125
306
158
81
697
150
189
621
571
241
956
943
148
306
324
383
374
335
158
100
91
293
1246
52
287
567
113
348
182
237
304
289
43
361
246
826
646
1140
155
1125
65
301
201
273
342
110
365
95
338
15
233
233
216
736
89
733
48
109
332
122
428
139
481
1234
207
342
400
245
135
188
489
62
652
656
138
77
1102
301
75
1242
165
281
107
272
1180
108
1311
78
205
24
166
234
25
289
202
1251
887
161
225
656
449
205
250
125
23
95
149
10
222
85
62
264
333
806
535
1204
583
184
13
250
236
561
349
33
86
196
14
251
340
295
1076
118
36
476
1257
1
109
407
65
346
91
76
349
305
451
1063
1120
134
164
222
222
415
629
94
507
24
181
118
123
11
75
94
80
220
335
173
359
903
1212
185
32
926
96
118
1119
13
358
73
153
56
997
956
251
97
306
481
49
1131
47
107
1038
1155
350
766
59
79
203
125
404
169
85
1181
1129
161
999
194
661
1042
289
121
321
1189
339
233
347
62
51
362
1253
21
255
341
369
56
658
797
592
178
74
153
137
138
155
736
197
299
769
1247
798
46
97
291
270
222
350
691
298
267
979
108
309
169
191
231
70
313
154
69
724
159
69
552
5
1071
55
325
326
4
27
270
970
246
304
891
195
662
252
74
559
178
404
880
166
374
209
35
319
240
291
163
367
352
169
80
240
804
1172
336
299
168
1126
22
1136
345
3
234
5
171
108
298
265
218
1218
533
231
255
299
22
924
296
538
1339
120
24
437
312
873
342
496
508
1225
190
59
896
307
565
133
626
365
774
600
45
260
820
150
20
342
316
632
193
1155
1140
895
269
166
323
1040
467
69
632
1312
974
93
319
1270
208
203
19
323
216
14
186
288
20
209
594
1354
75
1092
274
781
508
995
262
63
852
182
152
180
79
348
1167
17
279
280
89
30
170
1091
216
1091
292
34
325
1248
123
215
191
1022
1231
232
328
1362
222
175
955
127
36
205
251
8
250
151
190
137
762
1312
107
146
53
222
203
386
556
134
311
504
882
1053
432
590
23
699
142
234
0
243
286
277
119
301
120
183
24
1177
363
765
19
236
756
264
233
143
263
791
23
59
490
76
382
296
226
150
320
937
523
358
931
1190
244
226
286
43
92
262
2
251
579
352
251
771
107
167
168
941
252
14
700
65
844
819
35
706
290
47
788
309
8
581
100
43
152
139
78
228
19
137
239
294
71
186
555
241
230
314
200
126
1153
331
252
469
85
1182
1219
1296
756
195
1256
206
988
59
363
1215
360
369
559
336
69
1119
5
688
586
756
115
167
986
126
1029
61
273
400
36
36
1326
825
26
45
296
175
85
1242
112
885
3
176
523
106
326
318
470
25
1345
240
198
76
1328
340
38
64
40
47
624
155
212
100
349
1357
298
69
543
795
51
296
0
82
1257
245
50
1183
112
307
282
131
160
1183
298
578
127
247
319
338
157
313
1313
160
125
22
155
173
858
85
35
248
108
279
27
61
9
409
350
373
194
936
259
871
281
1086
1213
202
363
237
221
999
219
547
97
56
194
326
109
136
162
342
303
252
212
686
28
212
200
279
96
365
166
132
192
231
460
156
187
38
69
1316
103
50
177
960
1261
43
810
52
959
0
298
225
255
165
341
0
212
296
201
70
126
66
999
259
1222
149
172
291
601
196
949
103
204
31
561
187
304
728
736
1234
630
272
177
80
163
365
93
195
179
360
194
570
1214
354
136
154
299
103
1054
1229
608
805
498
183
1220
257
1336
130
280
214
130
270
335
205
1091
1070
184
267
927
164
160
58
360
302
175
232
719
196
956
1280
1149
321
151
1290
303
136
261
477
3
21
181
255
837
68
46
4
38
282
123
286
5
348
96
326
939
329
843
679
251
813
286
276
75
771
209
77
430
277
178
282
360
90
1065
218
300
274
58
1168
846
223
49
405
1056
76
591
84
363
105
0
385
205
230
272
1256
59
1234
129
377
40
29
855
63
2
135
47
2
311
254
20
713
331
126
227
87
135
825
388
167
8
691
355
103
988
730
94
1310
686
684
239
1259
464
604
302
350
366
474
61
31
37
1293
163
282
558
69
712
258
98
541
20
1082
340
60
523
56
235
234
67
169
168
101
337
134
1138
795
102
348
877
930
276
202
1123
307
650
62
913
209
82
1087
356
16
174
197
39
245
14
195
44
39
258
537
1171
330
1224
774
201
192
432
246
574
1069
1279
476
22
507
1047
1079
1030
126
293
41
346
81
1047
103
226
344
973
305
30
225
90
182
893
118
252
790
103
275
89
12
69
587
178
1314
1292
196
349
1178
182
41
57
68
130
1296
331
145
688
82
205
354
222
747
172
312
1063
566
1021
1331
232
144
210
47
693
253
484
119
604
708
663
288
167
626
333
715
907
535
533
250
25
64
637
23
774
862
254
1248
88
225
255
266
24
361
997
470
9
229
288
981
1163
182
247
22
165
75
157
119
244
971
194
128
428
182
835
363
147
334
17
161
168
363
270
152
323
313
215
752
273
7
245
253
1159
129
336
1103
752
1062
72
1007
204
169
98
6
1276
128
40
344
1054
126
1050
138
64
221
241
343
696
158
155
160
20
206
140
226
126
22
6
33
1156
595
235
46
1344
161
326
457
918
843
1153
29
176
551
1
1268
365
118
122
139
39
152
216
90
221
107
7
911
560
1237
217
411
343
241
364
28
488
340
1253
156
722
971
74
1071
198
162
219
47
160
249
218
528
270
1122
343
149
915
1034
319
215
356
11
231
220
458
526
218
282
63
273
990
201
25
262
38
931
90
1128
1201
84
331
148
330
87
508
54
872
176
39
296
293
1056
225
303
1335
198
114
234
108
307
760
127
1358
361
494
269
989
282
497
199
308
226
83
8
928
196
83
694
133
247
253
90
119
140
1319
323
228
308
173
52
77
835
22
1060
355
193
224
239
145
26
106
120
867
1275
175
312
201
164
123
330
45
107
308
185
180
292
283
1031
785
459
30
68
244
115
71
259
36
137
250
31
632
4
589
122
324
14
110
290
186
239
1226
248
326
919
245
65
1285
290
1128
207
761
153
626
24
165
464
52
513
324
1127
1308
232
216
127
173
227
256
182
226
58
365
160
460
288
187
1174
825
183
271
222
133
186
1145
97
66
1188
74
465
212
240
119
321
609
245
339
175
1031
512
238
254
778
352
117
76
339
837
994
325
168
560
311
323
800
137
97
109
131
212
332
21
189
95
170
134
92
180
1
291
252
176
150
353
339
87
1139
222
754
856
293
182
839
212
359
490
228
868
109
259
285
85
151
294
97
361
1298
1335
333
81
368
30
671
870
403
253
713
60
114
189
290
585
591
830
1233
986
660
5
66
164
992
401
283
233
152
343
794
1331
338
356
947
50
1177
15
588
25
200
21
970
1159
51
588
1199
43
177
128
306
1199
1291
973
135
228
178
7
450
288
309
183
180
184
49
64
97
1354
34
311
1158
25
114
336
502
195
198
209
374
191
506
466
2
232
204
669
506
231
89
159
24
245
474
614
1255
54
5
1028
660
1087
742
190
86
53
213
255
610
529
124
36
1242
20
931
259
131
968
234
126
275
131
150
832
304
4
2
353
360
680
251
1239
53
64
248
347
354
26
52
34
9
1050
334
255
756
302
1260
244
1111
79
702
94
1037
353
296
329
719
25
438
573
219
943
556
225
508
952
86
1265
141
196
410
610
129
208
198
215
247
292
796
318
182
24
57
890
1163
18
175
272
84
570
103
325
873
516
268
315
935
357
589
1122
350
122
149
798
353
908
291
758
209
181
272
28
219
28
140
335
711
311
236
638
1058
139
1000
422
81
210
216
96
296
260
30
333
24
235
117
1066
350
137
380
575
11
866
1163
470
1184
275
145
1061
324
199
276
364
85
83
76
422
187
205
647
47
350
78
313
185
490
656
251
340
795
328
90
821
206
872
8
483
622
168
325
139
823
914
96
855
126
976
665
164
702
37
642
298
93
76
83
151
868
878
1243
1204
308
145
376
1280
286
605
961
250
241
572
213
29
32
408
66
179
186
280
141
33
27
1197
556
1086
464
103
339
145
1339
1339
99
186
306
1055
112
1079
86
258
285
1105
704
1024
725
1151
1358
228
457
129
153
162
150
90
214
1027
526
244
1219
147
144
254
92
14
258
144
36
247
273
213
791
278
205
197
241
663
108
377
254
16
1292
48
198
34
273
107
302
209
720
294
231
400
255
55
531
102
278
199
362
145
330
81
152
659
235
155
260
225
951
39
113
57
291
351
50
352
218
355
1148
59
256
926
1132
1070
418
116
103
135
185
83
69
211
45
363
227
126
20
342
479
179
15
185
330
243
263
281
244
504
56
179
167
1159
571
236
224
256
326
155
34
300
689
1343
175
17
691
642
193
110
1357
311
251
356
151
217
526
222
651
42
497
116
270
103
248
350
85
195
501
1212
1150
11
156
319
360
672
242
343
1229
937
359
908
182
66
275
309
311
41
55
247
972
319
321
1163
120
352
145
58
340
1004
197
319
175
152
1117
66
354
344
50
907
188
220
242
535
86
8
48
136
132
132
53
97
289
329
45
413
83
899
7
278
268
615
692
217
114
290
548
329
10
276
481
574
371
1251
51
753
132
72
81
126
201
478
190
91
878
700
202
102
32
273
87
59
1171
29
75
91
639
402
1104
313
1357
47
775
266
1296
353
132
425
629
210
286
80
134
408
1321
78
236
69
70
89
140
137
76
1279
56
161
21
67
320
162
182
171
333
95
1014
214
776
162
308
744
264
325
74
822
4
895
1254
154
814
1051
84
1090
108
354
303
173
31
260
168
113
354
616
1257
30
175
289
224
335
260
430
536
158
285
96
1122
114
64
411
1240
1184
215
251
393
81
8
558
146
78
354
96
1165
157
713
140
239
1019
198
1220
294
95
659
202
336
36
1109
584
182
88
1047
1115
298
341
669
92
856
918
1040
727
141
1154
360
324
417
795
50
24
131
252
303
31
272
205
237
15
121
297
261
128
163
1194
230
348
926
344
233
212
544
317
21
320
811
1144
165
315
209
83
5
207
1354
92
272
325
281
952
11
124
10
6
248
188
164
94
825
180
569
1202
858
150
179
98
573
1237
324
183
91
46
333
42
34
41
360
336
146
34
308
1006
54
364
260
526
7
341
1074
219
105
156
32
249
1136
327
1286
1226
279
280
1192
284
94
191
92
241
272
72
84
8
62
693
109
230
910
927
968
127
248
324
1164
253
673
723
1152
206
225
155
166
272
141
143
68
706
348
31
1299
240
1336
49
219
355
329
177
1339
90
17
254
144
351
738
107
6
52
365
120
311
124
1027
61
723
632
757
310
27
1323
250
175
319
692
197
271
170
1344
212
830
349
590
185
1286
45
58
874
187
221
263
94
160
58
357
1280
18
28
217
1300
284
45
144
450
299
173
186
346
145
200
178
279
313
301
22
798
34
308
23
300
379
194
384
301
265
220
74
164
46
360
254
383
491
853
1080
344
389
263
515
1
334
1018
1102
269
331
148
150
1082
367
737
224
139
114
1036
1063
91
60
307
116
124
148
778
106
421
105
498
36
91
1000
406
255
99
31
1186
270
273
1315
1324
798
200
223
69
346
832
481
281
243
116
170
185
143
564
134
5
202
615
931
1149
80
141
708
1177
597
225
20
400
799
131
614
65
382
54
33
183
301
839
1230
58
163
193
44
276
198
193
234
363
306
348
1153
98
185
510
817
58
758
38
250
301
46
188
26
177
228
160
1128
2
718
301
336
220
1241
157
190
91
11
126
954
1303
1039
1302
189
208
70
60
198
412
185
2
42
651
289
139
356
1016
223
93
22
1355
5
82
144
143
200
579
181
97
130
1029
112
1322
228
237
150
52
985
103
964
288
1111
302
350
1162
17
1081
923
102
1277
295
46
262
68
904
124
101
509
1226
108
172
169
847
171
1334
127
915
27
38
58
150
866
225
88
885
125
116
85
867
220
11
47
318
181
351
25
1341
161
360
259
160
345
1151
272
473
885
38
1083
815
358
185
133
227
285
131
69
413
546
241
14
69
646
133
54
384
1042
126
302
1249
218
76
948
104
256
67
261
263
348
883
343
19
302
1238
192
330
5
125
85
1208
226
54
1225
336
247
1159
316
1217
179
214
116
138
80
11
415
28
517
1325
58
250
1147
262
634
202
218
278
177
258
39
644
150
114
154
1275
241
123
125
79
662
362
223
117
301
270
92
140
241
123
35
1309
253
321
357
1182
105
1185
137
824
349
97
328
276
177
330
180
250
306
8
39
352
233
67
749
270
161
225
352
101
478
199
275
108
7
1109
643
61
314
108
1229
188
0
365
755
199
195
191
255
326
354
216
653
213
105
215
319
65
117
186
43
48
277
168
11
331
254
265
1264
176
224
834
421
945
215
224
215
342
216
183
58
329
62
190
357
784
1341
103
191
317
94
309
1130
490
125
282
66
163
437
765
251
348
276
298
890
386
703
904
118
309
27
249
301
317
1250
751
255
338
82
285
817
258
19
205
99
325
259
207
1021
1259
341
732
1092
175
168
189
1340
672
1106
284
628
272
216
70
55
84
212
1167
73
938
537
76
280
314
225
171
131
111
228
72
307
237
358
199
139
452
767
278
228
38
355
294
1056
1228
1269
151
65
902
308
153
140
68
85
93
469
3
63
253
21
341
322
75
1222
358
249
61
442
4
86
301
301
52
883
88
346
344
300
212
252
770
254
428
578
185
182
48
814
171
317
190
228
192
116
786
75
1327
125
1048
850
230
38
912
134
950
158
165
1241
1041
151
72
300
908
551
594
150
197
363
14
106
343
286
239
157
70
579
54
985
164
871
1349
319
165
130
326
130
95
1087
273
289
210
146
80
1320
99
341
123
275
16
705
364
146
33
25
340
32
4
321
897
1178
336
139
191
172
351
412
361
553
91
1
640
1118
308
158
92
63
97
986
240
1361
56
25
149
35
73
284
844
828
351
969
363
183
870
600
1328
356
9
171
338
204
958
283
198
1309
289
38
85
30
59
1249
331
219
447
104
46
259
66
180
1003
320
254
204
316
341
1132
551
668
7
248
826
151
976
335
350
331
231
281
1214
299
138
60
170
56
162
349
166
55
211
1246
886
345
344
365
1025
154
245
335
114
1097
104
90
209
1008
919
123
336
634
89
324
67
202
319
135
301
212
974
110
571
185
94
689
281
108
83
443
317
42
466
260
295
355
776
1220
499
1190
82
266
246
85
28
221
188
522
104
281
316
533
262
1104
26
179
283
229
851
520
184
241
1180
296
172
220
354
928
230
235
207
272
962
87
1105
276
244
926
950
314
462
80
327
11
95
614
507
5
115
268
843
943
326
585
165
188
324
240
110
361
25
536
48
289
1358
225
46
4
108
244
137
47
893
99
99
572
84
638
105
6
248
98
264
396
318
346
99
727
181
1267
204
240
177
208
158
10
157
141
1079
327
283
118
120
1078
528
409
350
244
354
307
138
125
281
1066
703
1114
446
29
339
245
20
915
128
47
637
299
1132
88
337
291
151
39
80
364
130
54
96
141
204
929
1013
140
944
1119
207
135
923
301
331
101
1273
322
798
52
321
159
240
1082
1255
307
1231
292
33
1101
246
553
96
284
412
183
148
208
1360
13
306
1281
288
997
126
36
742
297
608
80
323
1042
18
260
260
322
138
89
822
549
335
332
17
170
185
466
19
296
14
96
140
339
627
139
365
375
131
310
299
347
883
9
377
954
136
185
362
227
804
134
1170
150
45
102
1039
184
581
53
241
95
182
273
537
241
118
1280
179
334
261
260
359
304
704
253
35
12
89
46
175
134
983
297
36
1228
181
334
207
1074
5
54
669
1276
772
130
228
333
48
209
310
1011
374
344
59
183
1047
973
337
1251
118
165
238
222
114
1056
203
439
83
243
33
328
732
855
540
182
198
20
1299
296
279
82
1205
893
165
207
256
100
6
56
2
326
128
283
713
302
264
174
1040
1145
357
117
68
361
126
203
144
276
711
20
890
33
256
308
224
1190
21
8
1141
1054
133
92
52
499
246
47
195
135
1079
68
566
52
196
321
4
578
44
103
304
35
141
774
19
343
300
666
257
1220
825
1040
27
137
12
730
1223
479
323
356
327
895
404
200
307
1269
254
106
105
161
281
533
733
248
253
259
287
837
1282
517
296
127
336
111
218
169
672
405
28
833
1281
357
329
3
1228
991
1232
335
160
101
82
259
1034
356
72
159
223
2
505
231
659
190
265
310
410
70
238
202
259
284
986
544
112
860
295
266
46
124
346
251
355
75
190
489
1325
309
892
87
774
358
10
92
319
185
1066
347
432
310
126
203
333
110
1186
344
283
212
1068
722
95
764
184
16
1181
152
1024
205
149
49
171
275
131
114
7
767
182
981
172
419
189
219
310
299
185
1157
151
332
1318
324
234
154
225
298
252
353
237
1231
197
846
267
361
314
139
79
300
221
73
219
95
62
363
161
73
80
275
173
350
921
177
258
96
609
45
325
50
269
52
74
939
41
222
329
163
310
838
67
103
176
325
264
948
140
311
69
130
250
84
37
68
269
695
5
371
220
1068
674
52
320
33
214
847
233
457
275
1146
257
331
103
132
326
45
341
790
21
826
40
383
134
1025
1124
267
126
130
149
258
936
107
182
89
269
467
364
101
356
405
246
121
544
137
848
345
332
36
165
1042
218
253
327
919
263
110
753
80
149
297
179
350
568
143
668
111
725
1268
185
344
1141
1018
1272
25
1050
91
81
73
26
45
957
245
1160
41
166
136
899
725
48
1034
206
970
190
768
77
653
233
353
865
197
96
713
309
353
7
91
74
299
169
869
320
542
253
63
803
277
190
581
1274
155
182
26
332
133
85
94
360
78
1352
247
386
360
184
18
228
346
452
173
179
326
930
752
315
62
42
176
1298
1239
126
99
343
438
34
1157
1052
361
141
951
405
949
256
305
295
311
345
462
32
195
1070
393
571
11
405
191
934
324
583
152
240
290
294
1241
1016
362
101
1081
266
351
562
554
39
0
249
888
205
201
90
544
298
283
132
338
520
292
735
98
57
1020
137
215
176
261
212
1319
929
77
97
85
148
1142
1251
76
141
340
30
59
1144
3
348
1273
802
363
441
220
290
554
220
358
381
265
320
157
119
216
297
140
164
285
65
36
1048
593
135
186
39
128
122
321
90
146
284
154
135
212
26
1167
122
672
1
1162
257
224
263
219
35
318
269
1105
329
173
56
18
680
1282
1017
1256
524
1042
1213
1021
34
361
252
159
27
55
93
8
1144
15
165
20
30
928
471
619
1212
478
60
19
263
277
964
1314
246
116
72
146
315
195
178
182
6
154
141
285
254
442
84
826
253
322
1281
261
1240
318
5
207
20
363
123
129
206
866
348
1047
277
172
204
65
895
36
92
236
162
12
200
75
1019
142
111
227
427
187
1228
56
40
52
173
310
670
236
308
229
178
735
27
198
87
709
184
217
806
494
354
1107
936
120
287
279
87
268
843
202
161
323
260
107
3
1043
22
918
332
727
253
199
512
226
134
75
299
326
347
204
359
164
187
29
10
162
32
154
53
267
26
306
233
231
136
19
247
1266
297
423
827
61
262
22
124
182
290
45
244
57
57
595
677
300
531
283
801
39
991
441
182
4
7
190
729
123
71
50
135
272
24
1067
537
123
39
934
144
64
301
489
318
303
955
307
477
97
487
267
133
657
88
257
598
119
951
766
229
1254
1347
308
214
12
119
1074
285
57
436
300
1040
956
748
232
776
207
14
296
140
576
910
130
1302
274
219
197
1068
247
1294
411
123
1001
75
235
319
376
312
357
890
146
1262
1322
1350
179
222
343
227
1345
74
295
140
283
280
41
155
1032
37
287
627
179
313
236
1080
713
1242
315
661
71
1084
68
181
239
116
172
15
178
185
82
991
380
582
17
52
217
232
142
250
13
284
228
340
337
1315
174
134
127
81
25
36
154
256
104
389
237
408
117
267
70
274
286
67
397
242
215
329
1175
451
290
105
39
303
289
340
302
229
11
287
261
65
341
891
189
1362
628
105
231
45
106
268
80
860
204
528
222
10
555
41
124
218
320
186
228
615
40
311
219
418
334
1162
242
6
171
323
349
189
292
143
1063
82
718
149
1022
56
780
1231
294
284
218
685
1035
336
575
55
40
162
56
47
357
108
292
491
875
1151
364
223
1275
530
159
1305
159
110
186
210
371
133
139
129
673
800
339
286
42
251
590
165
168
1239
234
247
245
63
101
350
159
47
711
621
153
364
192
595
131
28
138
255
166
181
288
1292
115
292
1330
59
320
38
881
16
1018
257
203
159
591
693
77
359
586
200
119
678
22
335
85
302
190
48
333
194
351
283
646
49
248
934
44
254
1050
200
192
131
203
108
24
724
728
95
50
412
307
23
943
289
35
506
267
244
66
328
708
47
267
1190
630
227
16
1278
842
20
680
67
228
689
26
1261
61
216
265
695
28
1192
243
205
1234
26
1267
86
153
344
324
56
1202
105
1193
317
182
1017
101
1261
909
274
201
10
655
324
153
233
1165
733
760
334
157
505
42
167
58
112
185
205
58
255
276
67
432
38
126
800
99
176
341
259
148
168
202
286
346
259
537
313
91
538
362
282
118
103
355
156
94
76
909
570
101
213
69
691
144
206
17
56
274
980
10
85
267
326
522
128
223
191
169
18
215
98
238
730
3
937
127
344
149
465
184
1113
246
223
259
669
31
92
366
860
363
1305
191
8
289
233
1254
1095
300
110
57
294
32
870
338
22
1049
354
341
58
197
210
107
284
1008
126
1256
300
432
172
400
122
219
1130
930
54
139
887
222
1243
228
905
814
230
145
263
1035
1054
1177
1235
84
1089
237
134
1279
323
172
65
106
1286
103
282
644
130
123
471
654
176
648
158
249
33
834
951
19
195
93
125
285
476
1285
105
494
1097
110
335
199
696
1176
1242
231
82
363
320
377
172
56
316
792
475
306
211
362
360
331
107
211
2
267
95
2
1004
266
471
178
355
315
53
777
955
17
1306
290
323
107
1220
353
420
229
254
130
1360
190
214
107
990
264
416
267
273
571
710
154
352
41
153
15
6
308
1323
246
560
68
1128
289
16
129
129
1233
532
1074
20
797
103
135
255
81
322
180
364
1307
843
252
1335
21
345
352
236
111
95
356
43
243
361
158
0
356
18
332
197
294
59
352
156
392
163
675
282
235
845
329
636
64
339
291
817
147
94
352
1113
176
545
258
105
292
1001
188
186
160
207
823
994
60
201
1126
35
64
41
362
275
448
1192
1039
673
37
353
292
338
639
227
1302
150
1022
56
1113
92
816
790
1342
285
55
1214
233
1325
1045
80
60
42
863
561
554
334
163
212
154
137
319
807
16
314
22
237
175
172
141
1057
102
117
168
225
285
819
185
1004
121
156
1021
159
175
1352
14
735
15
836
196
285
71
1193
94
121
106
106
104
155
60
64
309
185
219
1196
338
291
368
348
112
259
251
343
1030
66
2
73
290
1269
209
76
158
252
274
692
215
857
325
152
356
306
91
35
681
804
265
1016
145
524
69
1025
456
124
302
1082
424
1159
1266
230
159
1208
1205
200
274
22
226
19
329
999
120
227
283
408
729
178
149
1319
31
336
352
349
889
3
185
128
471
339
294
21
184
1262
711
205
249
53
272
1
1062
43
744
126
323
209
122
1360
179
1193
395
1153
985
521
406
73
141
29
434
206
289
39
642
281
208
261
569
476
232
718
1055
1068
1342
304
300
712
237
738
95
1059
1228
210
16
261
94
311
354
842
346
1000
118
261
163
66
1346
455
475
216
1337
188
157
1080
136
302
7
965
1219
80
143
159
1223
496
235
239
52
872
1355
175
314
133
21
892
313
1099
591
298
229
70
36
1085
77
318
184
317
308
1098
106
463
51
301
157
561
189
126
254
17
233
318
263
452
83
287
28
212
1336
463
340
168
273
329
221
588
122
339
82
134
96
973
1154
32
516
307
1354
59
1036
133
1301
880
121
278
683
204
354
191
82
337
426
1242
1109
38
25
163
351
181
341
667
104
120
354
167
150
897
861
197
101
134
1041
138
567
85
152
159
1007
144
796
1246
70
352
1098
708
48
1110
191
170
145
630
33
1165
48
50
145
427
294
7
152
48
355
118
212
1200
52
37
183
29
358
525
14
308
45
496
121
140
220
32
355
113
872
265
909
144
67
27
1112
20
952
141
1064
22
37
390
1064
239
57
190
796
95
279
274
356
364
1109
123
715
771
312
138
134
299
37
12
117
183
294
881
941
42
201
182
1202
1364
253
1001
18
1280
306
1297
237
1070
24
130
1252
193
847
698
60
409
1030
137
365
1138
344
1353
232
1267
234
229
297
756
581
6
198
501
868
52
1350
188
939
133
175
37
308
39
235
1300
702
298
180
365
47
297
39
227
48
127
1067
30
158
226
1243
1303
469
1302
53
44
389
326
237
659
119
87
182
215
276
534
915
114
292
1071
334
559
95
28
1173
113
162
80
1333
212
204
124
436
900
113
93
1074
1082
336
49
260
86
283
358
308
190
18
78
43
253
249
54
464
1297
184
329
153
343
1208
1
149
122
111
168
1327
362
769
103
205
311
16
190
278
1231
26
306
826
213
87
354
5
360
1095
112
159
123
236
56
232
574
865
43
199
454
796
31
178
233
412
609
849
112
1286
1128
468
70
1161
934
987
121
615
216
321
234
60
140
114
935
523
21
1281
276
16
336
112
405
153
182
244
1332
119
207
39
126
279
11
26
31
242
421
351
201
78
327
142
81
346
680
197
708
1359
158
4
334
306
199
895
151
145
220
250
356
155
1199
74
148
8
382
100
150
264
1185
221
303
296
194
253
788
440
79
227
244
144
1221
222
289
35
341
822
322
444
541
262
127
245
27
525
1020
301
292
117
1273
24
193
362
30
439
83
329
162
640
226
155
61
988
101
88
303
284
54
300
1267
500
307
205
80
362
110
1170
159
921
7
179
261
1089
0
271
789
982
46
35
247
126
245
60
1036
50
310
343
143
806
907
40
1125
731
13
238
106
328
33
636
208
935
0
273
73
659
775
286
54
109
333
1043
912
193
318
1209
309
302
1272
350
716
252
319
204
323
194
99
418
122
1179
843
748
217
47
256
1315
83
583
51
304
270
20
720
290
322
685
35
248
78
109
1322
97
1115
269
1119
513
4
324
222
874
183
329
89
299
1058
184
230
307
138
354
206
1028
108
160
195
243
88
16
39
1092
13
1146
308
875
207
57
352
81
306
1278
900
184
131
103
201
19
87
983
13
262
91
676
133
358
1313
110
363
1217
357
278
711
614
234
49
1032
1147
106
1287
34
284
92
555
193
313
20
1011
978
1189
1218
225
173
30
47
111
151
653
836
1125
1206
841
341
595
495
148
437
167
272
208
49
243
114
204
229
180
318
224
194
938
169
22
155
967
163
209
146
243
222
182
305
1330
178
233
175
118
120
331
3
707
260
360
531
878
311
19
244
263
61
9
418
61
788
170
371
595
612
273
1193
117
197
204
687
44
200
245
68
1289
263
220
173
299
83
176
147
306
390
301
146
674
312
459
314
298
899
45
774
68
129
0
659
230
979
936
345
11
288
208
219
1137
963
12
21
26
117
21
703
187
153
798
73
550
359
885
277
6
260
1041
1279
307
305
1188
1271
292
285
324
573
190
29
96
839
355
1142
204
138
292
738
47
290
21
333
76
224
75
14
200
936
294
189
121
295
4
838
314
120
360
340
275
20
280
153
194
162
155
179
306
335
11
319
1157
1021
228
61
136
196
685
67
345
611
3
156
928
296
1294
291
49
198
39
1252
862
333
685
310
292
322
20
1129
141
171
597
150
40
170
261
91
230
321
147
585
346
11
1194
114
354
175
8
261
883
108
276
128
221
359
256
285
62
178
759
173
326
246
80
3
7
493
776
393
307
94
204
157
146
83
273
297
244
53
1073
76
275
307
305
151
1209
17
334
171
157
1122
210
66
337
877
1272
362
1211
178
835
5
168
50
236
83
750
457
114
819
359
364
1290
33
246
289
1107
703
87
267
844
931
652
285
326
172
17
181
812
1123
49
59
209
1268
909
509
1102
306
1090
43
400
147
276
57
235
165
633
365
9
257
874
1156
342
212
852
595
190
318
1191
1007
21
349
533
254
168
171
111
922
1
315
49
6
755
187
609
65
227
60
1084
280
345
1112
9
15
25
212
172
286
63
593
294
196
105
488
85
88
744
46
25
63
254
353
942
312
882
51
177
441
667
959
528
313
164
1091
260
216
164
368
356
175
536
241
1231
92
183
1148
326
69
261
84
1328
656
57
1160
702
883
79
353
129
336
835
63
202
88
1328
83
158
197
356
303
45
71
301
193
166
16
56
340
308
107
305
138
102
1025
81
1271
568
1306
280
259
285
682
192
911
429
644
907
34
312
234
1232
57
178
203
1
272
53
305
311
892
335
315
1125
237
40
24
529
71
208
289
166
138
362
264
1241
146
854
176
47
506
284
101
308
41
228
60
131
52
298
219
834
1010
86
135
103
989
183
107
977
259
335
896
164
208
799
291
259
930
267
300
220
241
183
898
159
188
304
1198
121
32
150
351
1236
164
1098
195
241
167
215
350
600
250
136
879
677
68
719
315
573
440
347
302
214
802
236
74
274
1341
328
162
306
210
1115
210
338
2
69
266
250
162
964
647
1167
312
889
148
326
104
185
1067
955
919
229
331
183
61
824
9
469
321
930
15
803
278
246
81
49
293
96
193
978
166
103
33
5
10
53
1148
156
1187
513
319
1312
726
357
203
279
67
254
971
995
1234
473
202
283
1008
379
129
401
1197
806
6
149
72
56
1338
41
177
51
53
345
315
626
39
525
58
516
1244
429
38
62
313
71
327
369
599
555
1164
1035
120
3
150
760
290
1275
72
245
169
125
285
4
501
1023
90
61
161
1330
73
203
1061
61
435
715
295
322
345
195
361
485
78
848
177
204
1007
190
1064
160
532
53
65
70
227
579
1
1146
1324
169
205
1358
154
1211
261
194
76
128
93
259
359
349
1071
310
113
232
79
324
216
69
977
213
240
247
114
21
312
112
53
217
944
363
201
230
738
230
235
1275
335
115
1267
354
277
45
711
95
328
115
70
269
299
278
805
364
353
1228
119
241
301
192
79
972
123
193
1083
1229
469
183
432
1034
180
319
941
797
2
1140
729
78
357
75
223
473
6
249
971
361
1334
163
785
226
315
238
325
136
238
67
1207
138
392
107
286
126
245
201
606
242
927
171
543
1088
137
21
207
279
505
289
310
855
292
256
263
255
306
448
113
492
696
80
296
1259
460
296
182
682
205
1054
32
92
102
1055
76
620
203
145
185
766
733
75
552
715
822
282
105
331
44
263
812
142
31
8
660
83
139
834
1283
100
264
299
241
237
265
747
233
251
96
315
1336
278
546
222
2
202
119
166
290
78
109
130
216
1211
186
149
263
15
350
260
26
297
242
310
240
352
1066
227
176
790
304
958
8
306
188
419
23
1205
233
63
247
1304
364
126
49
952
68
266
286
310
42
364
206
1058
1018
10
127
1317
69
1336
20
565
244
82
1
77
148
1108
140
1299
1341
180
1294
157
447
314
0
664
967
28
315
146
4
160
75
120
360
150
624
95
60
225
60
47
897
41
211
62
58
302
334
344
319
5
391
89
1081
342
115
86
792
189
25
84
323
3
1176
614
1260
142
327
142
170
1139
317
1133
78
347
759
205
356
1306
249
281
38
929
201
974
396
69
104
860
50
448
130
1251
219
266
202
946
500
273
248
108
35
38
949
958
1340
362
901
97
88
464
836
145
272
1195
322
767
1351
1308
29
260
230
260
1250
1075
945
152
1279
5
340
41
934
1307
120
43
145
1004
141
1188
570
303
484
155
714
50
637
241
596
130
1130
45
58
292
335
266
340
239
506
332
1306
134
985
60
79
75
100
267
428
306
79
498
150
524
17
349
127
359
363
46
64
232
375
19
364
73
269
936
365
14
225
641
76
196
1263
326
285
419
327
1086
955
319
852
87
154
63
55
70
622
77
119
357
177
292
306
91
195
1143
305
69
158
183
157
1365
536
90
94
874
137
15
158
292
344
199
395
681
784
86
112
470
186
1095
310
44
176
904
203
284
151
39
260
1012
722
11
18
190
351
280
593
347
809
1171
98
191
4
1348
176
113
424
525
973
1308
668
14
365
312
1124
339
274
19
711
243
156
1155
125
1294
89
1304
913
876
869
352
351
260
181
14
1162
0
742
186
278
679
66
191
147
132
781
175
555
196
30
20
911
238
50
163
106
419
171
24
200
729
285
306
254
67
218
1306
158
37
25
337
332
26
97
104
549
360
424
91
776
893
208
12
191
108
731
139
222
961
146
1058
29
129
326
141
19
77
330
1083
230
277
188
155
277
49
98
126
185
161
63
974
988
51
134
210
189
297
292
54
1101
154
215
197
530
228
47
188
250
1261
262
90
338
255
342
126
855
266
223
270
352
1221
289
110
116
1329
127
734
363
55
598
323
62
109
87
140
334
557
834
294
198
212
351
250
794
307
182
246
80
165
229
300
77
145
1003
17
423
342
146
303
788
216
25
1208
35
1271
758
1169
347
85
62
1335
72
346
59
992
206
77
1115
257
149
187
964
88
326
268
53
278
1175
1259
1258
258
4
124
262
118
172
341
179
945
1259
196
764
310
839
55
1091
1048
1333
444
168
644
485
203
284
393
132
85
210
1058
398
146
239
200
35
101
326
358
465
354
161
99
49
923
240
228
669
215
198
199
193
52
261
561
35
96
72
435
654
288
193
31
20
40
544
652
100
141
129
969
343
234
1285
950
327
1345
729
340
969
169
22
360
699
1033
162
803
300
449
136
64
24
308
1052
40
950
136
28
288
209
125
840
246
1151
700
362
207
79
197
140
1163
144
311
386
190
90
293
73
293
973
190
252
312
98
534
811
62
896
548
222
133
6
477
456
1033
74
25
1128
0
27
135
168
258
106
320
183
111
112
274
27
197
1238
216
210
309
326
393
64
520
233
1175
33
132
983
34
104
702
245
157
202
270
115
286
203
95
296
353
164
30
220
303
294
516
1044
1148
202
84
60
424
203
182
207
97
219
149
484
261
149
74
333
475
79
72
291
133
166
58
151
182
276
1160
1191
162
223
273
156
143
127
99
262
213
758
327
361
220
849
215
305
318
1051
1
292
102
356
168
236
349
156
538
212
500
69
851
29
372
303
111
200
332
27
135
65
147
314
184
242
574
304
41
47
36
307
956
1178
155
116
227
669
4
654
255
322
32
236
575
981
164
650
1287
147
1027
312
63
327
91
261
280
155
20
170
22
195
2
214
101
88
173
251
82
1098
547
9
207
301
307
1192
352
109
122
807
87
344
140
193
5
8
31
322
18
1145
177
348
735
259
261
1015
1312
884
178
186
829
72
35
829
986
156
124
1332
757
21
237
295
160
8
357
456
60
277
562
70
218
34
216
1321
572
2
34
888
34
209
161
24
43
270
142
169
1298
216
1177
961
9
1201
228
447
297
225
91
879
61
1244
105
157
58
47
180
234
362
77
405
330
236
3
613
127
206
17
800
342
358
303
1009
343
802
648
191
1179
872
268
100
86
988
407
207
832
151
137
498
4
30
461
1008
130
851
130
242
32
88
123
133
348
194
32
77
298
11
61
159
1178
536
168
201
297
1274
1251
1307
210
287
243
72
615
16
363
191
246
72
271
659
738
299
47
225
1026
180
706
809
949
113
477
559
1143
12
444
848
549
102
335
29
43
135
36
314
850
13
339
1159
1295
305
233
325
137
293
68
80
297
343
294
98
334
925
643
54
528
285
329
334
10
139
183
148
4
89
172
1049
96
1292
132
732
942
257
811
185
28
338
177
95
336
889
311
149
821
23
62
65
133
324
209
36
42
1358
914
565
1028
1127
928
1007
747
88
551
157
434
325
166
288
1126
1213
1185
20
306
500
1037
183
878
334
158
32
345
953
27
313
230
137
171
224
140
350
125
111
840
222
820
300
298
357
110
1018
260
955
264
112
227
302
1315
93
679
103
58
118
1110
311
792
172
350
729
25
320
357
361
245
611
156
148
226
506
103
1018
258
1302
357
308
821
880
102
81
1016
199
865
733
199
32
354
311
2
133
164
569
102
728
971
527
341
123
1349
1303
224
965
449
954
495
47
173
217
321
152
352
1244
230
97
82
170
145
22
132
73
1342
213
116
275
45
131
183
195
78
138
208
940
181
289
266
11
235
203
265
45
14
627
389
189
518
1108
145
119
21
39
235
58
289
1207
262
328
151
966
152
257
106
59
49
451
170
194
43
269
293
786
348
75
325
240
490
269
341
182
459
59
284
616
824
233
1174
838
183
365
334
547
283
546
1214
11
172
139
217
338
178
92
411
194
341
113
65
765
180
226
430
298
92
310
164
496
206
315
1364
63
35
203
241
73
431
251
0
91
127
315
85
27
309
60
199
37
203
112
54
49
442
1129
284
156
77
288
174
332
657
1302
945
1172
36
245
1183
113
268
605
50
65
246
182
239
1327
352
295
133
329
770
325
363
549
1261
3
497
116
11
271
381
48
14
219
420
426
121
189
351
815
176
131
150
1346
504
87
1099
164
185
153
248
333
203
287
112
322
645
109
182
77
318
364
728
251
1212
97
4
216
224
342
1026
250
356
363
204
15
239
258
196
281
1335
163
1273
125
1041
129
141
167
377
114
120
1145
103
6
104
234
1092
585
319
258
103
19
972
295
694
172
272
232
41
320
155
198
870
67
181
1089
272
343
1182
294
244
172
201
346
365
51
149
1193
857
296
574
127
1170
137
752
843
1057
1207
561
342
1235
182
247
706
818
208
927
362
379
232
357
312
240
30
182
598
857
20
1066
247
61
440
628
184
213
90
105
273
273
172
2
200
342
214
77
102
1122
703
784
270
445
311
160
100
890
513
248
213
1074
928
1056
217
913
128
104
1253
179
29
73
291
998
22
113
693
209
3
233
96
308
894
344
1235
258
822
1330
11
277
450
1048
245
274
278
216
878
572
108
348
275
848
13
541
856
283
626
45
50
111
186
782
1101
270
270
815
93
185
314
14
20
404
315
167
77
106
228
55
241
164
41
189
131
232
716
362
181
1085
264
739
153
1313
36
103
56
605
248
358
82
116
32
184
351
254
973
925
786
279
221
125
34
268
609
1110
1056
154
810
353
4
735
291
46
367
311
90
530
222
904
796
735
245
1043
233
183
82
353
345
157
1250
203
730
490
58
363
354
271
173
1004
127
159
148
214
243
302
655
1217
170
94
66
77
1057
1225
624
312
1192
298
144
182
261
836
84
77
882
1101
112
1286
238
1122
325
1170
83
92
34
50
418
252
132
123
103
92
250
331
202
236
199
139
1363
316
1255
234
900
238
841
193
7
356
1175
17
73
1174
176
276
552
305
339
78
178
1359
161
306
260
895
318
221
284
308
93
44
192
667
508
163
273
310
672
25
292
196
89
289
242
825
954
244
285
421
232
147
1127
90
308
252
139
183
916
720
634
416
76
275
494
184
821
16
277
529
201
279
260
177
343
257
103
121
1323
565
4
351
1211
168
137
321
181
26
1155
893
453
310
1046
557
86
1282
485
186
326
1350
47
746
461
1016
331
37
348
1115
844
67
1020
805
289
133
741
165
325
1317
321
121
139
200
21
1224
203
12
271
112
74
360
18
236
139
326
93
333
169
1099
260
303
342
323
327
68
623
1288
651
341
450
323
950
821
50
197
1329
1363
1214
316
221
85
297
357
260
252
296
61
728
71
306
198
313
267
115
241
251
359
250
237
67
99
790
1075
148
961
339
197
1141
299
1058
43
63
292
678
1171
1093
305
1073
30
133
141
428
1051
801
282
89
179
127
880
139
202
352
363
142
151
1265
222
1268
126
1116
1279
1365
474
349
184
1276
665
140
32
228
256
288
136
277
27
136
79
88
117
101
303
126
145
763
343
213
286
327
289
96
145
360
176
876
768
287
341
515
250
223
1358
32
573
308
260
34
252
140
248
532
1135
356
14
1175
300
927
41
276
344
641
217
328
1
181
323
178
327
640
876
1053
140
569
310
144
798
182
175
617
211
180
1268
131
320
1123
1081
315
167
341
359
153
1
225
664
880
360
567
91
225
832
722
124
928
200
239
176
37
1198
224
194
227
197
242
184
1074
533
172
613
47
288
351
71
1335
72
314
289
303
15
80
172
39
326
189
77
916
661
328
197
136
84
229
309
607
269
1362
147
316
538
84
100
228
284
133
254
1221
1146
329
1207
20
221
166
537
268
316
37
1082
283
72
144
149
103
109
1236
1160
141
86
213
137
269
56
103
1352
199
325
541
222
1232
646
364
358
324
7
1243
293
354
291
230
41
88
215
298
619
359
1109
260
40
226
90
779
317
294
166
109
266
1330
329
68
190
529
441
1240
281
718
1088
289
256
203
447
83
148
330
167
563
1193
811
295
1216
690
797
605
134
216
24
343
74
282
106
273
202
1267
84
1283
930
361
468
20
583
149
146
277
128
259
23
129
343
281
333
242
20
200
1040
242
262
51
308
152
788
178
296
431
1300
249
381
341
134
103
683
200
1207
1189
219
148
91
198
90
1265
90
3
732
272
321
149
186
305
147
355
314
1311
215
338
308
257
1309
329
935
714
549
145
268
243
50
1183
193
287
201
277
232
1233
638
341
625
58
588
870
75
318
1354
80
829
1340
1261
270
247
728
787
206
266
293
70
12
83
253
211
284
131
217
650
98
102
264
672
914
459
338
29
146
347
1160
175
67
120
41
960
355
342
111
25
200
1155
13
846
191
237
341
338
306
241
216
98
751
500
164
591
108
35
132
45
129
340
624
213
943
1264
369
1195
329
70
162
1056
136
1278
614
142
186
601
72
356
168
146
1028
1361
173
407
103
103
915
513
376
549
340
230
326
265
162
20
602
374
3
144
1218
72
271
201
365
230
161
286
721
358
251
21
278
233
50
532
646
607
360
344
449
352
342
1145
291
109
697
142
961
80
363
360
1210
1035
300
335
155
303
289
105
235
157
729
744
1090
25
149
352
324
184
277
1237
968
208
335
177
12
562
737
265
1255
906
206
303
733
224
890
369
34
308
246
580
136
108
327
262
96
435
195
134
16
169
170
48
334
54
176
1142
130
291
96
1338
6
1268
355
190
273
211
289
110
563
248
840
872
161
233
602
322
37
1097
664
160
245
1158
83
656
340
163
660
343
279
1276
131
1075
1071
61
1273
40
77
1196
300
366
100
18
75
0
37
9
19
24
18
50
28
70
11
54
26
5
15
50
99
97
60
67
32
1
39
52
5
95
7
23
96
36
46
39
60
73
72
8
41
20
34
49
8
48
62
31
8
16
46
98
75
32
43
73
16
13
61
7
15
71
48
5
68
90
90
76
92
6
44
87
8
93
7
26
88
26
84
9
37
99
79
64
8
28
49
65
56
47
9
98
66
21
99
5
44
71
81
57
87
2
65
90
6
57
63
43
56
45
84
42
90
59
25
29
23
89
83
77
8
27
91
71
60
41
2
90
97
91
26
37
2
82
29
50
50
93
96
70
93
39
23
39
9
76
48
87
87
48
81
10
73
9
28
56
81
68
22
54
92
1
27
10
84
57
30
82
47
57
13
61
14
51
40
10
99
1
56
4
4
68
74
91
33
84
90
59
12
61
82
45
87
15
59
55
6
59
37
23
79
21
18
1354
false
false
false
false
false
false
false
false
false
false
false
false
false
false
false
false
false
false
false
false
false
false
false
false
false
false
false
false
false
false
false
false
false
false
false
false
false
false
false
false
false
false
false
false
false
false
false
false
false
false
false
false
false
false
false
false
false
false
false
false
false
false
false
false
false
false
false
false
false
false
false
false
false
false
false
false
false
false
false
false
false
false
false
false
false
false
false
false
false
false
false
false
false
false
false
false
false
false
false
false
