100
83
7
40
342
543
114
3
967
64
44
40
79
22
115
899
547
623
982
124
16
73
987
24
70
7
46
187
64
1042
104
63
104
76
74
562
107
1024
81
111
71
536
112
35
124
1073
64
60
806
123
60
123
38
21
16
111
28
324
92
12
48
846
215
127
81
617
1
929
30
35
206
5
49
26
56
197
7
115
90
4
101
115
533
91
45
9
1
115
103
1077
1065
237
97
14
13
69
853
13
912
117
787
968
748
361
112
119
564
46
55
52
987
642
1030
108
102
649
1005
18
119
30
37
128
73
76
172
12
1117
61
102
910
610
761
92
52
54
121
17
5
0
19
272
73
104
121
100
620
51
25
190
504
106
388
96
99
58
33
637
58
127
59
1104
38
77
121
686
23
5
785
605
36
307
688
952
88
71
1
25
33
704
761
52
117
477
380
64
4
63
792
18
66
88
34
126
27
57
9
663
17
79
126
704
90
3
1089
1093
74
40
855
579
84
24
381
8
280
78
553
87
67
2
115
672
904
637
98
21
109
75
289
29
3
33
98
96
128
108
387
115
99
95
118
50
1050
535
58
17
403
113
125
126
99
1053
113
89
95
504
29
78
47
127
120
40
13
1128
93
313
123
114
104
101
13
498
717
63
42
61
870
16
1064
80
100
76
94
64
46
129
93
586
112
53
119
595
18
136
107
35
54
119
793
846
654
283
56
26
96
118
21
102
25
9
27
957
93
70
702
23
26
370
656
96
75
55
78
47
459
198
99
111
111
1118
1020
110
1048
197
80
21
107
791
120
84
33
35
92
87
996
20
536
585
1015
24
53
92
0
503
64
775
56
2
102
127
74
47
757
946
47
284
464
525
456
79
155
121
106
26
4
900
75
103
68
73
465
767
104
52
99
77
34
242
57
560
74
1047
121
124
268
86
17
42
426
925
21
1123
685
92
105
177
95
90
88
783
66
25
39
102
267
203
126
100
1123
84
238
127
31
91
100
1
29
730
23
921
78
81
86
835
101
83
12
94
97
391
50
13
586
30
109
116
1000
53
9
83
58
85
415
1
46
834
22
807
116
1099
752
17
652
601
600
111
76
108
244
492
779
24
705
551
6
83
0
4
17
0
841
65
99
8
84
96
6
108
79
708
726
303
46
59
605
630
589
127
60
80
1057
32
247
99
17
865
69
82
50
104
61
33
81
71
782
89
62
20
999
905
31
60
113
38
52
45
97
721
47
346
1088
519
96
79
245
106
609
85
179
69
71
943
468
40
114
49
651
800
41
129
101
27
559
1113
27
109
75
985
6
66
565
63
912
71
1092
93
253
12
118
59
126
83
35
51
282
865
124
102
622
113
41
48
58
122
3
945
471
382
386
103
101
991
927
0
23
298
2
86
623
118
88
620
1091
82
538
53
82
890
20
112
847
128
303
645
11
133
71
3
74
57
72
179
90
912
35
117
77
81
120
62
0
54
79
52
78
2
581
35
556
41
120
38
991
42
19
30
77
112
55
49
66
121
37
126
57
208
99
275
638
466
46
843
36
4
15
23
83
120
6
671
108
27
61
120
76
401
81
70
116
11
15
21
109
897
120
922
38
12
105
50
90
9
128
41
37
578
1059
37
70
8
99
207
40
4
59
914
8
515
121
327
120
27
304
122
95
23
990
8
19
254
8
726
121
65
642
673
112
59
100
85
931
9
32
301
94
24
10
12
1114
769
639
11
100
98
114
32
81
38
113
108
104
4
1094
625
70
87
12
66
29
852
140
109
3
0
94
192
95
701
40
88
6
217
48
74
340
938
45
47
654
125
110
123
60
537
137
44
33
127
107
69
70
95
93
117
114
10
39
66
32
112
57
517
94
91
54
88
176
941
722
63
84
820
4
112
64
7
600
3
48
1125
45
100
971
24
74
1030
82
89
241
117
772
357
592
31
124
93
73
96
502
767
355
1092
59
8
48
834
51
8
795
106
104
3
76
20
62
160
77
699
114
1043
1109
559
165
100
9
90
270
95
44
6
75
73
128
75
118
82
784
123
719
2
76
55
37
74
19
409
104
125
392
96
80
128
99
21
12
666
122
71
105
44
114
396
67
101
1
322
111
937
65
87
83
27
103
98
6
121
34
8
39
513
815
65
100
1012
41
827
781
51
315
26
102
2
10
31
18
51
64
95
8
665
48
106
609
80
15
996
488
4
123
25
23
60
121
68
18
50
93
1061
58
103
1029
679
76
981
995
79
38
2
608
111
15
53
126
26
618
32
46
111
1096
49
64
125
31
335
6
38
866
26
63
1036
22
80
118
986
47
116
30
80
165
2
11
94
757
112
118
71
180
410
20
40
100
853
10
489
31
0
70
114
85
62
833
38
73
904
76
105
990
11
537
104
944
109
1007
54
342
109
15
412
23
112
47
289
578
856
1063
306
59
101
421
190
83
925
406
3
49
598
890
99
63
100
397
217
85
295
129
115
254
61
849
75
159
901
619
1
54
294
63
90
63
5
77
86
2
72
68
89
68
36
108
96
58
87
43
78
89
434
119
54
564
5
98
44
368
53
567
87
120
767
115
47
45
42
95
299
31
3
109
234
42
590
82
0
278
86
32
879
56
629
37
25
68
201
979
98
99
118
63
36
115
16
782
13
99
1118
77
117
124
492
188
331
98
593
596
750
115
108
1128
1114
125
198
9
592
482
79
776
113
272
45
8
42
41
77
350
128
104
843
526
4
73
107
21
74
22
57
54
792
117
763
110
16
67
123
97
861
114
110
85
853
41
8
128
885
104
6
1094
32
77
67
116
95
24
1093
230
1
20
276
27
84
73
37
71
103
1047
13
18
78
4
66
810
70
110
107
100
7
67
755
447
0
66
76
5
0
79
71
116
101
1013
26
79
78
936
2
109
79
51
854
68
44
60
83
23
4
72
73
127
26
56
70
151
27
48
61
59
62
645
707
97
62
69
93
542
28
70
91
29
122
107
6
1
45
127
75
63
26
35
25
942
44
1
16
102
122
331
59
110
50
1110
61
998
28
176
10
91
109
490
54
10
22
85
217
4
791
67
482
94
13
19
119
62
40
108
53
32
107
823
5
83
95
72
646
58
75
95
391
17
79
401
975
338
38
21
41
403
103
6
13
4
90
77
69
99
62
99
42
9
1051
112
127
0
915
18
122
850
129
39
90
60
550
57
105
129
316
39
41
82
47
113
1086
198
33
391
503
61
926
875
39
64
92
93
902
3
34
4
79
82
28
4
58
1074
30
34
120
356
320
4
69
99
5
10
35
112
121
43
24
22
89
70
65
307
51
39
86
24
52
90
110
124
11
125
410
697
112
552
42
513
865
9
31
60
71
33
9
530
102
81
49
459
109
14
35
120
326
33
48
746
21
698
281
1052
79
51
508
18
488
73
465
36
41
289
10
80
267
60
106
100
112
1103
40
79
8
501
112
125
64
8
8
61
718
816
32
762
1017
16
558
24
100
64
681
900
306
82
22
33
40
66
94
92
80
17
1007
642
0
109
46
926
104
30
21
27
105
121
33
76
41
93
56
11
61
111
123
47
2
11
69
111
46
807
57
469
72
92
49
648
88
515
111
82
975
122
1036
994
1058
105
104
107
4
31
461
5
261
512
85
359
107
118
1003
3
105
1129
614
105
1086
109
24
418
1072
86
1
53
335
113
100
14
123
84
116
104
618
15
692
107
502
41
357
108
978
95
40
919
94
169
663
36
24
101
94
68
74
66
82
73
172
315
21
210
24
33
49
756
6
29
86
127
456
12
108
126
53
701
725
121
5
63
1052
87
200
178
361
100
17
6
94
67
18
1
919
440
88
38
61
127
834
284
82
207
119
28
44
116
108
44
1072
195
72
121
9
8
15
87
9
58
720
609
82
83
1005
106
52
25
78
727
620
40
90
541
38
108
10
897
121
68
0
48
595
5
119
25
118
951
703
76
745
122
1061
349
649
169
125
1051
16
505
644
30
13
953
958
81
91
772
107
17
7
12
111
604
89
784
24
133
46
114
379
126
12
117
51
102
200
5
403
1057
62
118
99
35
12
13
44
87
1063
653
612
13
50
95
53
30
94
10
556
39
107
93
611
109
1037
47
99
45
63
100
994
116
62
818
46
57
53
1104
57
94
161
345
80
259
115
27
118
128
110
111
503
72
45
109
46
117
510
20
627
4
71
264
107
75
66
89
111
76
521
512
49
40
21
1018
55
51
16
10
18
878
39
30
116
563
45
8
73
36
70
957
33
421
36
129
76
116
116
276
576
98
966
83
56
997
15
975
91
981
117
118
4
16
419
9
13
89
107
110
819
78
57
40
239
345
399
910
18
0
124
23
290
266
430
99
27
80
119
42
690
18
5
119
62
828
39
120
69
810
99
780
472
830
427
367
33
34
582
62
35
771
33
62
933
22
35
129
14
41
33
789
82
16
62
86
66
5
11
809
123
79
93
52
74
998
65
6
114
802
80
105
102
117
7
273
129
88
511
11
28
74
194
6
14
95
1006
31
199
61
83
322
264
330
365
32
353
392
21
92
990
607
30
20
445
460
11
36
102
598
50
159
876
109
838
46
16
987
99
58
127
550
532
40
103
116
96
46
39
40
85
61
861
611
101
92
123
28
59
868
397
758
469
65
823
794
15
669
4
90
31
57
1044
85
422
417
28
47
36
620
94
11
86
125
477
35
69
389
65
0
419
4
4
103
49
90
51
84
556
13
7
97
29
505
54
1010
159
71
6
12
110
91
89
105
325
996
72
5
18
553
54
48
335
1071
213
55
327
752
2
111
741
129
1029
120
13
12
33
203
17
87
4
88
828
74
176
66
40
42
985
123
124
40
48
40
35
111
85
692
47
33
68
119
68
475
72
32
23
26
24
78
55
101
26
24
101
52
11
87
34
38
93
67
713
160
637
61
78
755
154
119
582
378
23
73
119
55
316
3
448
464
323
62
821
9
69
62
854
1039
123
78
72
34
115
94
17
70
1049
403
56
219
982
18
22
2
48
71
94
47
129
40
46
98
4
707
563
607
812
796
80
12
36
115
8
1028
87
1074
89
74
674
80
25
944
47
121
90
708
47
791
82
805
111
70
115
108
34
129
1063
17
120
102
108
113
90
20
38
209
126
119
63
128
62
60
83
18
65
30
110
21
1074
507
487
331
831
478
47
312
399
592
83
66
345
118
788
122
67
15
86
113
486
56
45
72
20
743
109
80
30
317
1010
42
382
125
627
104
92
32
90
6
205
112
68
1010
71
706
10
572
43
100
642
1078
37
125
96
24
11
84
279
111
19
63
24
89
255
18
32
269
745
4
529
625
30
1102
112
35
1082
257
18
45
137
572
121
19
60
4
962
777
110
19
741
2
53
827
90
75
75
42
561
111
28
58
68
1073
30
848
77
348
2
982
11
89
30
4
121
95
77
1081
309
422
83
16
116
105
7
108
357
24
280
41
32
1006
0
78
215
4
918
129
80
355
89
64
460
102
63
7
122
60
46
174
707
26
121
38
57
54
63
118
45
4
78
632
21
209
18
32
53
111
672
57
119
76
20
1089
97
466
92
113
52
103
10
34
269
943
60
123
96
101
310
256
6
678
5
109
771
304
126
21
82
102
656
88
264
45
1057
76
98
476
786
89
511
61
33
39
95
126
61
69
55
1038
116
286
12
102
94
32
70
572
75
429
10
111
91
4
789
28
964
229
94
18
25
107
72
704
32
483
1
15
18
1128
44
455
892
642
98
930
52
161
992
107
76
52
27
830
91
101
24
114
72
69
117
88
265
100
291
61
232
513
420
54
46
22
388
101
104
71
230
3
244
109
749
215
18
609
141
57
78
48
646
115
7
50
881
147
797
42
34
919
16
1077
129
60
82
766
62
15
50
125
1056
31
38
914
95
108
46
4
13
105
116
117
47
803
779
47
6
49
93
493
8
745
73
935
112
37
785
380
74
60
32
26
173
1081
81
518
253
170
104
27
125
112
127
158
1011
27
124
119
1082
6
45
119
1
61
666
17
109
359
31
500
110
198
50
100
117
268
119
619
61
810
401
8
79
4
78
795
901
81
82
91
52
24
253
54
449
69
911
317
6
1093
910
89
3
18
13
507
68
89
3
117
737
64
352
441
48
870
105
62
87
603
110
1037
66
97
47
89
48
1015
606
101
568
80
88
31
81
80
109
30
302
112
47
79
84
1070
125
7
922
89
128
64
107
747
86
797
104
1080
16
16
1011
1057
430
116
40
40
751
95
74
1045
16
87
15
103
105
945
70
60
1119
51
7
609
508
28
307
45
24
515
105
105
30
433
82
303
107
63
902
3
151
120
114
1039
638
128
699
84
83
439
69
125
41
52
33
124
115
103
107
108
105
105
21
518
118
464
1001
50
79
51
126
59
115
19
84
87
0
72
275
45
113
20
117
43
13
34
78
96
69
21
22
84
119
62
112
826
632
88
198
920
2
30
109
47
664
96
34
392
104
99
86
46
98
118
476
152
129
916
545
912
196
1071
36
845
92
26
6
821
5
33
1019
387
1033
125
13
64
735
63
124
113
46
81
17
74
74
51
114
91
72
64
78
31
982
59
3
346
52
31
1077
69
44
99
37
116
518
85
640
88
236
66
57
32
79
82
118
84
89
66
66
702
24
230
939
174
44
24
4
75
253
109
24
693
120
111
48
877
11
1004
24
47
104
49
127
609
106
114
92
985
104
128
45
17
13
97
19
776
60
50
97
68
66
64
262
26
533
757
1125
2
14
193
8
30
113
41
338
34
58
48
343
97
133
101
712
82
94
289
666
675
44
500
112
265
101
51
4
18
99
125
0
863
129
789
74
773
994
112
72
915
2
84
44
51
125
88
609
385
21
128
42
1062
979
87
115
1062
80
22
14
116
526
67
44
12
17
62
124
56
61
88
721
382
61
82
15
277
27
798
1033
63
10
13
13
7
107
106
6
72
1094
108
31
129
70
143
814
818
94
100
7
3
1
680
51
86
79
103
22
40
12
943
1
50
101
279
103
49
152
97
342
13
91
7
3
785
923
39
3
561
127
78
52
62
47
230
861
481
115
47
75
46
446
4
61
94
56
104
236
76
254
18
395
375
7
79
32
31
358
166
787
47
62
124
45
94
90
34
73
71
47
12
104
667
101
60
484
68
96
75
841
64
129
11
943
25
222
14
103
38
413
79
86
25
890
250
73
794
128
90
1
129
129
124
980
319
629
52
785
85
87
115
49
903
30
1008
955
527
13
800
102
125
38
5
38
329
12
291
93
1081
109
78
14
17
16
51
97
52
34
449
788
120
243
312
30
69
47
55
103
33
52
100
127
11
1116
22
127
85
129
969
49
7
399
75
48
441
30
76
841
1017
417
99
77
22
1045
674
153
775
690
13
1103
87
545
56
52
56
89
59
27
677
693
102
45
51
64
1
61
61
117
965
404
106
254
372
51
128
67
51
11
459
1106
8
328
37
124
30
33
89
65
90
81
326
984
280
1
45
36
486
122
76
18
556
39
125
13
20
70
50
619
663
1
109
359
122
207
888
105
948
3
125
116
2
811
482
340
107
751
103
470
963
19
108
109
6
436
20
793
12
82
761
91
763
6
0
969
24
726
238
47
961
116
896
926
21
1115
123
53
44
66
78
931
64
857
35
65
43
111
790
758
49
90
76
5
51
48
96
20
80
420
81
54
21
57
75
658
123
2
719
607
685
100
58
48
787
811
68
41
49
79
619
54
521
12
882
940
101
74
79
74
6
346
4
104
804
48
97
49
670
16
38
783
768
29
9
1075
60
580
73
38
34
30
553
91
1082
126
117
28
77
439
113
526
42
64
203
88
378
112
785
18
496
989
109
59
37
115
84
97
19
44
82
118
260
8
3
77
75
666
78
25
115
100
8
46
51
83
124
24
23
1104
49
41
104
73
112
53
337
49
916
280
1027
99
61
97
56
91
70
18
70
82
15
81
6
71
103
1064
709
106
43
46
88
63
0
1019
54
101
668
66
22
11
11
1
668
529
656
515
218
115
538
71
103
561
35
123
586
475
108
825
76
102
876
22
35
208
275
100
96
73
213
60
834
85
3
62
110
950
1101
44
18
49
29
27
914
115
834
17
569
113
525
119
99
798
928
4
59
645
105
122
118
49
56
107
1084
405
1072
56
646
250
623
33
281
41
61
3
1109
620
194
237
2
337
72
474
129
798
479
165
2
85
375
114
97
753
56
11
1028
719
337
18
670
182
118
208
25
95
57
119
23
1028
61
212
49
100
56
1042
104
103
763
15
66
127
42
342
639
169
120
31
100
12
1035
97
56
37
614
639
38
463
82
82
26
56
389
50
48
65
109
71
876
1060
49
102
123
75
74
46
38
1040
115
47
106
40
0
109
50
730
812
76
14
25
14
793
900
92
67
557
289
59
99
28
11
37
81
111
109
93
571
47
915
4
9
79
1104
88
126
0
34
99
72
57
57
858
125
114
114
48
91
19
95
73
385
19
76
33
91
116
43
61
42
76
110
32
8
50
111
108
42
124
129
95
34
481
58
79
424
56
230
5
693
32
34
193
847
1030
48
105
47
307
101
65
83
31
21
24
92
101
599
113
78
87
1061
12
80
685
43
76
31
22
942
281
79
85
572
114
95
1048
115
52
555
89
51
312
1000
85
224
53
724
336
56
100
0
111
56
161
127
111
312
102
16
42
100
64
626
14
23
355
113
103
575
111
536
87
1057
758
115
71
23
102
119
614
19
6
518
91
65
102
11
814
416
98
1
886
112
52
858
1115
115
30
473
37
37
62
672
19
744
21
782
41
8
10
629
26
93
101
63
106
68
97
22
93
1117
10
717
19
379
351
15
17
89
56
888
204
769
42
81
752
32
779
48
242
960
127
104
20
93
103
83
63
957
982
65
12
785
598
30
881
57
1016
82
44
95
114
90
44
29
118
566
35
911
22
97
11
116
361
55
832
6
14
30
626
74
127
6
47
8
1059
820
14
78
121
629
36
70
119
173
118
39
128
1027
434
98
39
37
99
35
110
950
48
15
922
56
126
1009
77
59
49
1026
75
18
929
683
76
198
125
582
4
10
1054
108
95
42
128
110
84
57
32
71
462
49
326
6
19
61
1091
78
52
34
1106
30
2
84
140
100
26
931
813
86
107
127
132
122
10
71
448
43
37
461
64
65
1
126
65
28
892
74
78
78
88
45
98
110
31
340
40
101
1113
172
699
173
61
0
63
25
754
68
35
95
105
15
117
909
280
77
43
1126
314
9
13
84
21
88
731
124
694
128
18
20
41
38
65
70
621
125
559
921
105
60
1050
640
68
397
51
36
21
95
116
13
16
115
57
8
826
28
794
109
40
114
81
86
40
3
57
7
3
72
104
246
68
87
589
1079
110
69
384
80
72
4
38
37
96
24
891
1
69
21
127
115
762
188
229
67
78
5
36
170
524
24
774
477
122
113
66
5
121
118
815
67
352
88
15
61
113
47
14
0
76
57
124
36
129
59
80
1029
692
72
90
23
13
129
25
106
928
107
1007
54
67
58
32
219
63
16
8
1081
61
21
410
84
56
47
66
92
13
126
62
984
80
52
975
1126
992
21
124
50
27
18
59
22
465
839
819
30
65
114
124
118
428
13
117
120
20
79
101
75
118
100
5
106
110
12
1115
877
311
255
57
63
40
53
805
52
671
66
55
93
1080
92
106
440
317
27
85
38
0
61
9
164
36
83
58
94
89
217
70
99
53
751
66
44
531
59
83
672
47
593
42
104
5
150
698
7
520
121
100
543
726
595
408
7
807
4
103
200
72
315
1127
86
638
399
534
28
54
129
13
748
74
116
836
395
58
93
129
351
671
39
106
112
12
8
122
38
970
45
26
78
1045
51
566
12
254
479
535
42
948
63
226
88
270
627
19
20
393
75
125
6
161
43
656
36
39
86
27
26
21
931
2
103
44
32
101
608
76
447
41
954
63
1026
1062
53
111
26
121
62
516
126
44
279
114
207
113
87
106
833
16
117
240
18
51
5
701
68
121
30
68
33
408
426
75
35
131
67
1023
50
123
23
31
124
15
88
10
988
4
122
125
76
102
715
1036
342
7
116
679
1061
83
10
32
96
36
74
30
148
649
116
937
1055
56
869
51
129
720
999
125
64
21
678
982
32
36
84
70
271
46
2
123
114
107
42
16
39
50
32
1002
138
12
1037
83
121
83
121
114
742
125
97
77
43
123
77
128
11
10
1088
96
43
670
665
106
35
37
40
116
849
106
48
48
790
127
82
685
75
896
603
987
579
27
32
22
4
48
12
123
91
331
672
578
111
771
52
913
134
523
1
169
28
12
113
776
53
106
63
109
99
268
477
18
104
112
35
25
107
633
78
69
46
55
446
786
589
46
5
30
70
802
82
87
307
89
625
0
6
97
92
129
101
965
109
104
68
4
361
124
128
792
920
84
971
9
94
41
5
0
31
4
69
755
618
896
57
89
630
1
55
37
75
80
1089
41
43
422
119
85
583
27
593
1005
95
145
929
123
93
20
681
100
32
25
34
3
89
123
26
84
29
35
33
1054
112
120
97
33
19
427
305
89
75
23
69
806
31
70
154
603
19
1029
42
52
251
72
82
51
56
948
119
1034
84
634
7
628
50
13
64
3
70
559
99
74
121
92
98
75
355
79
106
75
98
40
84
611
101
35
840
105
107
127
649
85
59
788
103
947
97
532
92
15
125
82
480
119
57
92
786
913
66
997
42
45
553
46
79
480
127
766
192
24
20
98
155
14
42
453
84
93
1063
63
107
664
11
126
554
370
1
123
407
1018
582
92
94
686
315
99
70
1065
44
37
900
103
36
49
4
101
486
1126
20
91
31
48
286
735
12
77
128
125
32
116
91
122
68
98
60
2
0
117
40
103
46
376
124
622
251
385
606
590
41
11
419
631
53
70
105
92
21
43
89
41
938
249
179
19
51
329
552
35
127
485
1113
79
194
108
68
0
65
86
152
32
523
44
29
21
91
74
428
926
22
51
481
74
11
674
97
58
55
79
73
77
113
881
637
339
93
911
43
40
105
898
34
41
125
514
105
376
643
18
151
150
104
101
127
380
58
28
116
125
66
468
9
341
732
101
248
63
63
103
3
10
56
102
103
67
38
1
836
1118
36
59
931
100
95
377
60
9
43
42
90
876
5
837
54
85
37
195
111
1124
25
53
22
46
124
1016
109
260
1074
59
27
39
40
108
302
43
25
120
5
36
116
98
36
121
768
128
103
475
285
109
29
24
840
117
101
427
102
82
778
286
359
998
87
477
581
1047
2
86
768
858
0
49
127
684
61
680
673
91
125
100
111
682
18
17
103
107
908
281
785
56
14
574
73
336
98
120
38
133
9
782
128
115
31
80
14
26
30
52
39
1001
1124
18
430
34
52
74
72
33
63
696
1123
84
89
62
119
818
109
59
117
121
31
935
58
471
846
1
114
67
39
111
650
422
552
57
984
205
36
275
79
335
0
721
8
31
104
104
2
92
85
112
1126
110
1077
7
64
103
3
102
45
374
288
100
68
124
119
53
1120
73
150
5
1048
112
81
66
922
31
19
49
66
112
112
91
429
804
201
272
44
489
488
18
3
711
55
127
203
125
634
34
49
205
126
1
29
56
20
61
67
34
584
101
1043
49
123
121
88
29
101
792
8
953
100
637
828
1108
98
958
29
816
690
16
87
437
1046
80
62
519
36
960
128
931
188
72
114
119
1109
74
47
65
68
1069
175
117
55
82
810
924
893
89
709
969
453
112
119
19
19
764
118
111
92
121
107
388
855
38
67
492
61
70
711
566
114
82
39
31
63
279
28
111
7
898
63
96
121
816
630
400
311
113
109
65
113
379
402
27
267
225
24
38
180
911
48
82
49
903
338
778
121
245
67
813
668
96
327
90
37
886
301
20
92
707
117
751
471
162
1
24
1094
78
53
29
278
818
74
16
63
22
1099
118
363
605
61
894
118
1083
72
7
77
95
53
23
23
8
27
105
349
202
22
45
92
535
111
622
4
83
792
110
524
838
65
202
67
470
21
83
12
73
1074
99
677
53
148
121
390
319
95
134
15
20
180
457
34
112
106
121
335
128
1122
210
23
59
987
108
239
88
1092
0
48
58
29
128
29
40
19
70
109
10
293
124
18
124
923
1050
112
442
116
22
7
11
86
39
38
127
108
21
37
87
678
53
20
851
597
102
58
457
113
10
824
81
677
47
24
666
657
302
30
31
117
106
119
98
38
103
69
466
21
24
8
623
65
50
80
124
0
17
10
106
118
0
1
71
97
57
67
22
69
98
994
313
19
47
70
102
107
90
697
67
58
80
100
112
878
1003
1085
79
305
862
69
760
805
63
154
68
364
14
79
76
11
44
63
104
101
1085
985
125
25
96
116
72
668
47
69
60
75
31
837
50
890
84
53
66
89
566
42
106
498
101
106
79
319
36
107
60
977
1082
37
7
76
123
46
37
85
82
84
2
44
124
4
455
141
84
28
103
551
97
966
47
395
460
843
53
933
94
30
82
112
124
84
693
743
108
19
2
73
60
567
128
64
15
28
41
99
86
39
121
948
391
53
129
12
329
2
12
602
898
69
28
80
120
19
201
764
85
487
65
473
876
72
92
23
64
85
48
76
95
514
82
808
112
729
2
101
127
9
2
12
49
258
114
920
108
29
431
9
328
349
71
191
115
325
91
837
93
392
79
1084
127
48
800
122
101
89
617
56
144
228
44
941
123
59
35
143
150
90
61
12
730
13
122
83
84
117
59
976
1002
41
34
1071
41
1057
125
507
86
85
91
475
14
784
108
77
86
804
95
32
27
1071
981
175
65
56
596
86
107
48
42
110
55
71
55
65
59
491
816
753
101
16
69
39
123
129
356
32
56
441
0
99
583
9
1094
54
51
78
484
36
48
790
990
50
101
16
572
33
17
84
7
861
40
0
121
88
419
125
27
475
126
695
62
184
158
355
744
80
242
438
88
725
100
995
64
576
920
277
45
19
79
24
740
36
21
7
28
42
922
11
75
30
14
2
551
383
118
98
55
4
103
97
818
117
29
123
104
104
42
11
3
31
47
976
60
87
123
21
83
45
49
1
60
20
48
64
770
52
97
12
80
617
570
940
63
48
433
75
112
382
35
1049
604
41
16
466
12
391
30
116
72
59
89
31
94
119
101
114
697
83
2
46
97
57
63
28
32
973
74
773
283
127
2
111
66
14
1072
224
18
122
14
13
16
49
103
41
401
276
129
98
66
817
425
747
122
619
750
103
107
844
594
60
8
997
43
103
71
120
55
146
32
103
121
4
122
51
69
61
382
36
388
118
38
368
26
49
46
165
57
232
547
31
262
470
29
92
128
75
1090
1009
121
125
870
75
44
67
18
43
80
38
127
78
88
68
21
128
70
55
80
110
367
120
95
76
115
748
104
85
49
109
127
110
19
83
111
824
843
64
92
90
17
392
10
44
89
960
13
120
1063
824
854
112
68
69
623
58
72
113
345
72
946
75
18
857
959
118
24
75
86
94
571
118
48
197
4
8
960
1047
60
532
21
837
43
0
86
366
58
69
19
830
1065
21
752
16
109
132
899
796
193
49
868
101
31
21
110
206
275
48
79
73
322
596
62
97
8
125
0
82
1079
527
563
54
243
946
55
424
78
15
99
43
698
99
481
47
26
13
86
46
79
722
402
116
92
6
25
34
91
40
358
106
175
523
66
1023
127
47
38
91
116
18
799
94
316
1
649
89
113
14
120
443
70
28
126
87
28
113
106
83
55
79
12
23
852
16
776
411
77
87
89
100
7
84
10
485
57
20
60
36
28
77
92
17
44
81
77
31
500
125
99
43
657
6
15
15
966
464
1078
10
36
122
89
37
66
861
593
39
17
85
954
128
531
1124
127
96
96
615
109
66
383
330
104
66
86
5
56
60
45
947
674
25
1020
84
119
108
31
77
22
480
728
23
43
985
102
126
123
63
208
608
98
344
47
589
129
121
126
1036
911
100
9
73
14
501
115
408
38
9
72
97
14
88
103
95
240
37
779
121
76
83
208
3
918
101
96
874
107
577
1094
123
91
918
38
75
95
20
97
102
122
1051
125
29
122
69
12
869
18
1065
39
4
61
366
657
122
96
68
798
108
66
33
35
19
75
342
23
438
36
488
20
978
57
294
68
83
360
31
19
126
74
106
832
60
98
1008
105
123
40
1118
55
20
712
72
78
89
15
45
66
560
17
204
111
896
315
18
26
51
148
799
705
101
54
1002
108
6
77
124
78
18
66
92
48
41
928
582
14
2
88
42
181
925
70
38
1059
16
64
3
869
767
11
69
772
102
33
15
117
47
68
76
130
11
69
21
451
410
92
90
0
70
117
119
121
100
41
936
109
42
92
1089
3
104
657
105
1064
124
741
268
734
11
53
70
13
213
59
43
554
116
84
1071
56
126
31
126
966
589
109
22
39
51
40
121
394
106
40
815
73
442
91
123
21
87
1103
41
86
37
70
105
30
75
120
33
88
424
122
979
54
56
21
74
60
174
108
35
93
39
86
824
523
701
69
894
38
30
40
19
909
98
108
76
3
527
110
255
843
113
14
124
47
806
483
29
788
74
102
14
724
50
54
4
6
72
19
129
98
82
4
18
10
70
1
62
123
29
1
122
49
57
23
3
100
109
69
119
96
85
67
0
853
19
70
133
41
1070
7
17
323
118
171
56
46
72
424
6
60
97
77
3
252
104
65
39
15
108
898
108
768
638
817
98
126
190
18
31
21
1
537
82
1
121
72
227
48
56
209
81
30
9
8
29
474
56
722
64
994
24
716
7
9
32
66
69
125
1029
29
106
83
57
56
54
716
24
271
586
75
46
116
73
90
31
1
746
95
37
75
1034
33
24
19
70
92
59
112
1008
83
958
88
91
827
953
354
102
70
3
36
111
48
39
158
110
116
874
24
3
102
906
158
636
626
8
13
37
26
1110
116
65
754
94
72
224
14
11
1
1104
21
436
92
44
58
51
63
529
80
410
127
804
619
73
125
4
326
602
40
678
57
94
320
274
597
25
54
72
120
31
99
78
30
51
21
41
41
78
1063
82
97
389
116
640
14
310
117
64
359
80
63
24
757
295
92
599
4
79
189
999
806
53
59
120
524
48
7
35
930
83
62
87
99
119
691
15
72
115
30
102
1125
62
111
1029
62
245
27
4
119
57
733
100
854
121
47
42
704
419
44
80
380
357
100
949
94
1072
91
1
95
19
104
524
1113
117
103
307
114
107
55
27
120
1013
293
102
104
798
39
74
92
125
38
10
462
876
92
358
28
61
78
194
61
722
65
1095
43
77
161
348
113
73
86
105
77
1091
39
748
12
64
34
9
59
848
322
30
242
43
82
100
111
80
86
72
94
70
27
127
57
564
68
26
448
83
56
64
125
83
109
14
358
929
68
870
934
4
92
1078
9
113
14
37
94
52
36
52
118
51
117
596
38
531
58
54
693
106
7
28
22
653
694
28
35
74
111
68
69
56
18
442
86
76
95
61
41
5
238
482
70
117
3
823
123
121
41
94
44
8
89
110
1076
6
26
116
49
37
625
11
917
116
743
450
1
221
305
19
82
101
68
10
8
83
23
506
926
66
22
180
56
27
997
14
117
800
41
996
6
1012
90
158
817
36
93
90
133
63
118
3
612
76
14
5
2
115
534
757
864
98
61
37
493
75
781
106
1080
5
503
2
98
69
29
17
23
24
88
76
751
115
120
297
9
636
546
45
417
86
560
640
40
23
1110
53
27
24
61
28
3
22
123
97
124
116
14
37
85
20
66
19
1082
9
55
127
115
116
17
50
55
114
13
41
772
572
60
52
594
149
50
745
616
1104
69
688
112
124
59
16
1106
9
953
492
61
71
66
278
102
1094
899
76
1006
979
341
15
115
176
54
107
887
20
26
543
495
86
31
982
58
55
310
22
116
89
70
152
12
25
69
64
44
858
54
505
62
39
545
116
120
29
62
557
164
721
687
294
14
87
48
65
89
81
85
93
101
82
113
27
2
891
94
129
50
110
337
76
535
84
447
614
56
95
1055
86
77
96
39
109
32
60
122
102
3
71
109
65
72
57
132
20
359
95
126
10
118
116
602
31
50
125
569
102
89
319
128
105
40
56
25
127
81
1113
315
81
722
39
111
33
41
356
8
1120
384
56
127
993
22
547
27
208
910
4
57
526
79
979
91
37
507
633
41
2
108
63
25
31
586
577
37
111
622
39
734
9
123
492
745
44
125
50
23
32
226
31
45
24
82
119
1076
120
85
507
59
969
7
83
58
26
43
87
402
61
711
124
104
80
48
985
0
57
39
94
115
41
296
334
432
654
116
50
1
141
4
21
24
43
106
886
126
69
37
55
579
995
36
93
92
80
7
80
56
108
136
239
855
253
39
60
32
128
75
92
84
103
57
79
111
46
1125
124
1070
103
29
86
90
952
210
269
78
429
492
797
44
74
102
88
2
1070
105
3
39
967
82
18
58
35
48
121
102
1112
270
46
87
75
18
104
107
30
117
125
625
43
116
66
752
103
817
87
61
34
328
9
126
85
85
511
717
53
70
17
95
135
1084
479
830
33
779
87
59
97
115
1050
86
789
95
55
116
9
66
24
26
50
355
53
3
100
4
126
49
105
632
101
68
53
107
53
71
117
882
802
108
10
18
188
78
115
7
549
99
1009
399
58
42
500
108
2
2
129
54
97
32
81
75
44
18
43
123
857
41
65
116
117
64
58
1
14
58
55
31
72
59
77
32
113
18
76
83
72
539
74
33
26
974
3
97
92
104
109
24
84
552
61
95
28
4
17
112
390
98
116
1013
2
48
23
78
93
101
205
648
911
126
263
107
95
108
111
118
3
320
487
55
127
1013
37
158
997
646
837
21
66
29
84
9
411
28
973
95
9
14
871
215
97
108
92
44
32
1088
64
8
614
72
31
82
7
124
68
47
842
101
44
221
217
25
82
93
11
181
73
35
1
99
750
71
93
3
506
45
50
76
128
99
788
113
15
179
768
106
179
2
998
116
527
22
95
73
85
73
27
43
80
88
11
71
616
118
122
64
103
48
127
1095
71
85
91
107
12
42
89
64
37
53
89
126
115
124
42
95
958
850
113
37
116
308
127
11
11
994
22
71
125
113
153
77
276
19
11
114
864
1107
81
115
52
86
55
911
12
15
106
119
99
116
40
758
703
104
565
975
116
990
371
319
2
260
235
120
393
33
342
164
61
783
1122
43
273
46
509
71
118
95
39
101
102
195
100
66
76
24
95
2
61
394
536
403
64
115
18
56
4
215
397
118
78
128
249
104
64
347
1017
990
76
441
34
13
127
18
318
472
1121
106
64
63
748
112
9
730
116
63
60
426
55
1050
45
194
117
67
105
48
86
113
111
6
48
123
45
120
46
97
101
555
894
89
4
663
48
870
72
46
98
268
35
94
408
0
583
96
60
122
16
5
437
64
15
98
92
83
24
108
92
29
4
504
371
71
691
39
5
42
101
56
338
112
59
100
124
99
90
58
949
101
30
82
358
485
45
14
288
39
70
57
77
995
105
464
46
84
82
13
17
823
71
117
111
120
93
83
35
3
232
16
49
40
324
7
28
92
112
66
871
119
87
38
81
14
485
41
1061
354
811
950
20
109
68
66
9
100
12
100
129
83
36
43
124
115
38
610
1046
127
12
7
125
50
5
103
3
112
105
34
39
19
70
93
60
87
150
66
92
98
378
55
49
1009
94
39
38
43
1098
379
98
753
85
86
868
909
951
631
46
81
310
110
27
114
355
80
122
127
246
1044
18
79
55
595
75
715
653
91
1028
1056
77
82
64
77
30
1109
811
88
54
27
77
269
35
28
114
121
359
122
24
702
83
36
171
94
0
529
1039
582
517
133
97
202
77
60
724
379
11
616
986
66
30
68
737
416
55
34
40
92
126
82
106
29
59
68
122
123
81
51
27
103
212
1039
113
35
54
467
934
255
74
11
73
1052
116
24
57
109
40
515
554
54
34
25
3
1077
442
755
119
47
354
48
712
100
122
57
105
88
90
112
78
101
3
33
224
112
355
489
81
218
0
36
29
99
262
879
1031
445
874
63
50
71
24
63
366
5
403
49
204
53
15
559
1127
42
112
865
775
778
77
129
84
21
8
61
87
93
117
407
46
129
104
122
8
409
127
493
83
86
572
606
94
12
90
300
1077
29
122
85
1126
1041
63
46
787
3
0
93
23
284
87
28
492
68
87
82
59
53
38
966
95
98
63
1036
31
23
47
87
752
116
297
83
76
61
120
797
1
4
120
15
104
226
847
879
5
29
375
111
15
257
126
614
16
28
70
485
99
44
100
86
567
105
25
64
76
40
53
660
64
52
58
22
355
28
10
1
18
28
26
78
114
97
4
75
7
80
20
87
334
32
52
116
100
897
915
894
41
23
854
73
1073
43
112
911
115
318
838
59
291
106
121
7
82
62
110
63
126
56
27
74
1
63
107
1109
69
452
37
15
237
904
34
53
122
55
73
64
82
82
109
255
1032
42
76
26
2
16
94
48
764
55
756
627
78
104
725
33
54
720
765
72
205
115
88
92
114
13
738
56
567
343
111
15
112
21
59
90
88
105
78
581
3
53
124
53
13
77
100
62
164
541
19
125
93
100
97
126
125
543
0
532
66
43
96
40
3
29
1056
1
73
49
20
74
104
918
108
65
1034
78
64
747
101
8
631
84
86
529
64
893
93
65
1049
4
30
102
83
94
665
76
48
111
73
100
121
41
114
62
976
47
1
131
106
80
1079
107
230
15
134
449
518
63
10
736
28
459
89
438
116
641
742
38
333
736
49
95
179
61
1002
116
384
988
59
640
70
69
25
78
110
128
439
42
143
57
598
124
105
64
1053
103
95
51
26
73
35
416
232
82
48
52
93
986
2
76
581
78
98
39
779
22
113
108
101
14
1035
7
16
11
346
24
172
30
456
80
710
1039
75
32
33
815
267
62
173
14
450
82
0
1
1111
667
23
107
112
77
960
43
85
75
120
11
56
750
126
115
13
583
632
415
339
61
9
1021
91
87
8
338
781
628
112
35
27
933
45
869
43
3
857
92
193
70
116
50
19
520
164
506
15
48
14
23
47
34
90
56
44
78
88
52
87
17
984
40
478
105
779
242
138
62
12
3
1075
107
18
445
587
53
30
342
303
109
21
79
79
119
83
78
526
401
62
71
128
10
78
65
388
711
579
112
43
115
3
22
113
7
9
444
237
116
828
943
106
1085
121
56
39
85
91
31
75
6
43
93
15
76
66
36
429
70
536
872
46
650
836
60
119
783
65
39
82
985
429
9
22
128
118
448
19
292
1118
114
108
1073
71
89
106
213
49
21
168
893
122
24
32
899
374
11
918
76
116
71
80
93
613
54
320
106
1032
237
26
78
69
511
108
96
44
731
917
71
681
128
925
610
101
126
1075
119
39
247
432
900
111
14
10
93
56
120
36
127
19
107
70
110
3
50
89
10
529
30
78
648
90
45
0
1111
302
80
639
64
59
442
33
158
126
124
39
31
126
24
93
53
28
834
43
30
67
901
105
107
506
715
63
190
95
43
29
119
5
232
377
4
259
22
16
27
105
15
105
43
97
62
3
37
3
69
0
86
412
30
15
54
263
33
532
1095
759
758
3
278
104
57
169
63
524
248
129
108
16
119
1071
70
2
120
45
49
876
20
91
12
104
20
81
27
504
22
98
48
32
123
686
1064
49
107
815
69
606
122
96
127
65
78
48
566
11
91
640
103
126
847
914
58
89
67
15
317
1053
24
2
491
370
328
366
59
9
947
57
82
113
102
75
779
837
761
255
91
84
101
13
88
31
45
469
95
27
113
24
13
125
109
667
8
51
39
68
50
98
555
69
567
55
60
300
45
58
39
90
860
31
80
52
58
419
608
1103
57
47
59
1018
70
122
115
495
124
26
590
228
27
6
49
582
929
115
98
334
81
26
111
59
1091
21
56
17
7
1122
26
54
429
113
93
50
68
34
1014
59
129
386
97
72
6
728
27
98
121
124
47
11
632
29
43
48
92
414
47
126
89
100
65
18
89
32
47
49
105
38
95
218
31
35
103
56
106
88
347
5
119
104
126
73
81
71
438
107
51
20
30
71
710
20
21
122
84
23
388
58
117
128
584
44
78
83
64
120
39
54
928
34
408
1125
75
83
66
45
149
704
28
12
701
82
631
746
439
1010
581
24
95
19
92
14
71
46
121
859
122
825
43
94
1118
51
40
14
123
93
53
920
460
84
584
1100
24
238
128
986
537
70
93
59
1112
22
64
74
77
83
14
35
539
21
36
118
829
112
8
125
63
549
181
128
1116
133
591
710
92
13
67
13
91
1040
129
120
28
7
4
165
90
9
305
117
460
124
104
72
877
273
66
1086
23
99
74
100
104
31
13
360
125
3
451
95
170
12
23
385
1026
30
4
25
122
92
3
13
51
555
107
61
57
948
100
119
123
88
826
99
87
979
39
60
607
87
56
120
20
14
101
104
86
38
862
20
9
13
38
19
692
114
100
1027
109
14
558
9
16
310
960
673
772
1
87
89
1100
33
70
42
119
111
367
84
98
59
851
256
124
106
798
120
91
463
8
1114
125
23
26
38
36
643
54
390
1057
39
9
31
942
621
79
985
69
62
146
75
24
419
791
3
27
527
435
21
128
848
708
605
104
37
27
38
29
65
36
11
159
101
37
106
58
105
33
42
89
102
37
7
1050
723
8
434
1126
63
101
111
1098
13
530
18
114
119
125
744
640
418
88
284
758
392
635
19
74
6
395
127
531
69
48
33
21
508
92
1121
27
126
46
124
67
69
17
83
671
21
6
78
125
75
620
725
11
12
30
752
652
398
31
46
167
726
103
127
63
16
622
532
114
92
181
773
58
0
89
398
287
625
0
936
58
26
127
53
160
887
112
195
85
129
93
20
21
597
121
97
34
29
486
316
872
21
70
80
591
738
431
52
18
117
54
100
405
113
51
116
355
55
347
190
495
130
60
343
23
707
1106
29
6
65
1038
33
109
41
619
53
24
2
57
49
650
51
14
120
80
127
1036
57
120
854
86
61
48
386
54
285
504
222
38
101
69
1057
380
1
80
125
65
17
257
76
402
127
56
120
1124
104
84
106
562
55
49
919
19
75
182
43
1053
40
536
61
305
384
28
58
20
571
813
315
54
50
28
12
93
37
33
100
61
521
665
38
64
123
59
70
0
126
115
35
1065
92
913
5
107
74
843
18
129
24
84
35
20
10
114
128
89
1048
68
21
13
84
927
100
30
651
32
892
29
60
100
26
126
22
1124
49
965
27
344
103
587
726
73
77
165
610
243
48
586
760
45
52
930
128
8
269
8
85
50
97
30
656
383
371
85
26
1023
673
61
90
60
114
735
64
108
2
20
57
113
43
52
119
15
37
106
5
107
49
867
11
52
6
116
35
482
125
44
60
90
65
773
1
497
17
113
39
598
50
127
785
0
65
11
141
936
286
125
78
56
791
55
37
22
168
113
32
10
34
1049
58
55
15
886
1088
15
404
186
97
115
45
58
62
19
1036
497
117
9
7
115
37
35
110
206
102
116
96
27
122
109
716
25
27
70
465
20
213
72
31
63
21
1021
46
194
44
24
889
127
126
120
466
33
11
1115
282
74
32
2
82
17
36
23
422
176
67
216
29
117
68
129
123
87
640
38
131
100
46
25
256
159
62
49
414
78
188
936
22
93
99
82
47
17
36
384
26
106
26
25
28
91
90
2
36
194
121
800
68
98
1019
66
13
1105
121
62
831
23
16
362
69
76
1012
129
102
49
125
4
124
47
91
17
137
1128
127
209
86
16
10
50
787
262
883
839
204
35
428
503
73
126
113
73
70
63
121
505
20
17
110
8
936
31
114
95
19
49
125
350
8
115
43
521
876
224
6
35
115
93
237
391
115
118
285
53
969
222
118
0
158
101
186
14
57
105
1129
63
18
1076
113
67
34
21
112
46
100
109
1
1012
99
600
242
432
87
55
69
167
57
82
115
83
41
90
91
816
101
901
4
123
73
29
61
37
50
28
67
125
11
18
34
9
92
12
57
0
97
424
61
1
1
861
128
112
69
98
548
53
56
1
15
111
736
91
853
16
802
123
78
39
1117
123
13
106
34
16
1009
557
89
21
607
769
14
85
915
3
28
103
18
25
100
120
959
59
106
978
17
106
38
456
624
44
3
1056
376
103
124
40
66
858
118
110
37
120
19
16
87
386
35
70
759
66
43
10
0
30
685
826
69
110
5
841
119
34
9
618
34
102
243
268
248
41
122
103
110
57
1047
66
751
353
102
331
66
108
30
159
70
1098
12
67
100
124
47
105
1047
110
95
107
129
93
18
702
24
318
17
50
38
378
142
99
78
127
91
90
954
151
973
19
100
62
90
676
114
18
54
76
97
508
801
447
39
5
118
504
29
88
55
110
609
25
70
14
76
970
280
81
5
522
113
99
606
112
490
75
117
105
274
2
319
92
59
26
78
64
36
85
57
48
70
65
126
432
732
76
108
76
49
88
517
77
394
511
62
35
104
474
54
1032
83
819
11
19
555
73
90
6
84
27
84
512
941
37
48
20
82
114
4
17
93
112
355
942
129
675
58
742
0
15
63
87
670
98
67
24
38
108
66
693
17
58
0
42
128
72
97
338
10
46
175
108
81
739
101
124
73
29
506
28
966
324
94
64
110
109
107
9
29
49
50
32
46
38
92
200
99
7
17
358
82
39
53
35
122
97
17
55
125
121
1
84
58
116
93
9
123
98
58
72
63
36
69
819
64
612
3
269
689
24
98
58
12
80
2
54
84
48
114
187
121
54
13
110
629
49
75
105
82
65
62
599
154
49
75
0
1079
240
793
34
1046
75
779
583
49
55
86
104
16
123
1108
108
41
48
76
39
13
105
110
153
84
22
9
23
130
100
90
71
19
37
3
21
28
19
17
80
85
38
45
98
78
25
74
52
57
33
17
61
23
33
76
17
58
65
9
95
15
55
35
28
41
24
17
97
90
36
98
53
98
41
82
63
45
86
15
62
9
41
68
10
90
73
95
23
23
10
82
18
35
75
57
57
84
74
54
92
79
36
21
26
32
45
43
45
65
46
99
81
36
58
0
0
70
26
46
68
64
29
36
84
32
73
91
76
12
59
34
11
79
88
82
7
85
56
60
24
54
95
53
26
30
87
1
65
0
65
77
87
21
73
48
53
61
13
10
8
1
75
29
47
3
62
4
85
67
34
69
88
11
4
82
13
95
30
19
4
95
21
36
5
6
84
15
93
43
56
30
47
11
5
55
34
47
32
56
47
47
73
74
65
28
33
9
1
75
25
71
57
24
10
62
17
38
12
88
12
52
33
46
49
45
58
85
94
25
97
1289
false
false
false
false
false
false
false
false
false
false
false
false
false
false
false
false
false
false
false
false
false
false
false
false
false
false
false
false
false
false
false
false
false
false
false
false
false
false
false
false
false
false
false
false
false
false
false
false
false
false
false
false
false
false
false
false
false
false
false
false
false
false
false
false
false
false
false
false
false
false
false
false
false
false
false
false
false
false
false
false
false
false
false
false
false
false
false
false
false
false
false
false
false
false
false
false
false
false
false
false
