100
76
321
272
176
45
103
788
361
858
129
280
27
304
243
165
369
284
149
28
69
188
735
178
280
858
498
1109
145
321
120
216
520
292
264
1300
760
367
268
363
968
585
293
3
826
152
195
148
184
355
310
345
112
306
241
403
325
35
310
266
900
58
99
318
37
187
301
328
171
24
688
36
310
1294
387
232
268
1375
179
232
23
52
161
974
247
152
66
1060
146
1235
330
1031
672
908
235
818
304
363
58
956
137
919
53
389
718
357
319
50
256
0
640
389
93
321
259
1025
985
603
544
138
1321
76
875
407
179
272
31
22
989
1186
316
1083
77
285
396
1024
238
316
188
1366
1130
285
258
1121
114
72
135
384
602
322
204
945
372
38
114
353
107
246
469
214
17
518
209
152
836
38
67
222
56
304
24
718
198
1322
267
165
343
346
849
43
25
42
153
69
404
160
375
367
814
59
1120
1013
84
233
255
279
1167
353
773
331
188
953
150
44
405
112
1366
988
374
495
204
170
337
49
93
281
214
786
125
232
54
1071
327
344
394
367
714
807
88
1111
343
344
545
345
226
1157
576
56
143
516
32
91
351
147
48
265
183
110
383
50
765
53
31
131
29
13
682
64
309
572
96
285
194
166
387
102
309
667
177
224
1223
1007
6
46
315
1341
193
130
243
782
344
1255
332
295
139
398
51
1392
383
659
14
366
603
234
273
163
1230
362
690
746
115
564
256
294
261
896
862
92
210
103
247
378
150
311
113
164
111
1036
1256
106
484
207
1097
59
363
23
342
963
219
252
693
448
83
48
43
211
63
133
1008
359
132
1262
53
903
349
523
1025
285
339
547
195
132
784
1303
352
59
90
155
64
1323
79
393
326
302
960
692
685
121
914
269
5
1352
768
1372
104
350
126
1261
350
306
67
54
38
1100
14
127
141
247
1077
381
887
38
284
29
262
12
362
310
970
324
145
183
260
351
935
192
391
1182
553
925
58
234
42
395
1226
267
220
159
33
274
353
32
396
117
736
399
94
307
54
163
254
316
239
330
127
390
323
59
209
128
538
134
349
115
175
21
110
210
86
199
934
615
1300
122
324
216
1116
111
207
628
1331
442
843
120
55
1191
334
71
155
1255
174
80
258
313
110
186
358
1194
461
777
21
163
281
342
556
222
378
767
339
269
401
273
651
901
210
1329
168
280
132
1174
106
278
396
576
143
274
321
358
206
276
411
284
45
1213
165
68
398
1371
183
283
1106
1056
56
198
287
112
143
1376
1307
54
3
22
343
242
1238
176
572
163
260
79
399
427
350
153
586
1164
213
251
487
1066
1052
527
304
237
1373
543
241
640
1096
178
238
212
260
277
74
245
1115
337
89
4
282
958
269
1254
670
1190
718
230
14
358
66
9
53
38
46
150
92
322
234
100
258
345
389
232
379
196
65
236
156
325
78
155
659
1152
504
283
203
257
406
1338
76
118
948
289
318
310
782
73
171
63
161
1121
1267
279
267
58
332
304
328
37
114
231
188
969
993
356
352
303
286
255
573
356
22
117
623
106
90
581
76
260
21
119
1338
50
319
460
47
746
276
288
147
63
92
274
97
1246
798
1141
297
356
269
1020
247
215
934
1246
325
107
364
1146
17
152
346
232
677
146
337
1214
768
77
62
169
368
373
1259
337
575
1257
339
181
102
91
11
200
351
169
55
1142
214
320
259
349
288
483
21
303
357
137
831
7
853
367
186
1404
210
289
223
373
129
96
355
448
290
709
1373
639
294
318
306
582
357
50
207
316
195
318
561
253
146
1359
387
88
98
213
354
217
1243
261
37
224
1387
17
365
274
320
133
279
778
426
984
22
534
384
258
155
18
225
340
319
263
345
1208
22
9
123
217
1161
334
1
301
400
235
559
34
1283
713
337
44
59
352
1103
101
282
367
207
954
264
64
498
59
592
264
296
313
515
154
665
186
22
252
374
263
644
214
360
379
761
1193
142
271
194
233
322
59
23
365
141
126
214
300
29
1073
286
143
631
10
121
551
353
98
329
250
318
108
68
1205
349
193
214
260
628
173
84
119
494
501
115
270
268
518
31
240
149
57
265
247
159
1183
371
25
290
628
185
395
295
749
1129
375
195
790
387
318
1368
11
620
168
257
165
254
82
194
168
316
229
387
937
212
80
369
227
165
10
93
616
390
190
352
735
47
342
1200
1168
101
31
32
2
333
113
952
138
616
38
327
1353
274
283
372
83
32
401
41
84
261
201
111
214
910
238
49
93
266
403
956
310
277
113
235
333
188
320
476
197
350
275
47
264
178
1322
38
128
157
4
69
233
1388
844
822
108
175
602
155
1390
783
320
369
233
294
231
267
339
351
1014
67
158
235
60
1391
309
1296
71
12
222
21
380
226
109
183
1090
532
1116
208
281
340
893
299
872
239
331
920
1018
137
186
311
1078
1106
41
258
10
231
21
399
446
197
43
97
716
158
887
222
1028
90
292
1372
1259
419
612
15
110
358
276
179
82
0
11
854
505
79
384
213
144
982
194
289
1198
288
233
0
154
271
87
171
203
279
301
250
181
218
229
44
140
1001
1109
388
130
179
253
144
303
970
162
312
191
378
165
90
53
1049
1137
79
190
238
729
35
62
389
390
156
369
843
105
11
364
332
63
304
194
357
25
34
348
366
394
380
369
387
308
333
316
135
367
821
683
254
270
225
183
15
210
687
109
351
328
173
26
151
296
75
345
127
259
141
954
278
395
243
353
385
349
276
62
59
172
203
295
156
449
259
256
334
241
84
123
734
299
843
1269
404
378
173
174
179
238
18
49
242
198
642
249
149
26
395
396
1062
320
36
14
394
1056
381
387
237
327
184
465
378
516
193
393
65
534
265
598
366
734
325
144
158
273
385
820
284
381
223
212
405
805
672
171
43
333
59
225
1278
243
393
1327
1164
886
339
339
1150
398
182
302
1094
483
382
22
176
1168
63
153
127
62
500
928
545
133
563
178
23
1354
724
110
754
417
1231
5
310
263
1224
58
1256
87
129
1004
536
323
184
134
1161
342
34
272
769
1157
1040
153
725
199
597
181
554
342
1130
1190
714
298
166
33
1332
1030
482
309
143
1341
390
357
393
674
31
866
440
110
83
308
81
116
55
292
662
202
114
951
602
114
110
14
189
1348
262
1352
1261
917
162
36
874
342
282
1393
768
1340
53
8
388
1385
290
103
384
666
209
1366
64
40
245
45
642
145
364
37
609
1079
37
146
346
637
1189
795
277
56
923
396
68
52
293
58
1052
335
138
1203
101
1395
461
12
220
388
176
310
7
77
389
308
137
239
142
70
132
991
339
335
1078
1383
169
337
87
311
195
281
904
107
47
402
178
245
41
609
75
383
1167
181
277
852
165
1190
115
780
145
232
283
275
498
554
191
1306
267
77
272
233
23
1321
834
356
276
261
450
98
145
180
169
1382
634
54
374
78
368
387
3
96
638
167
1175
321
107
1035
336
238
164
1022
190
1252
1347
339
225
316
219
1051
243
1359
11
23
801
201
508
299
223
17
1109
87
670
391
122
184
523
1014
291
149
164
357
33
163
1086
155
228
682
514
245
361
36
578
767
880
925
87
53
2
653
942
389
557
100
316
319
789
132
153
280
679
19
774
287
622
258
131
1041
166
281
240
803
64
76
1223
398
244
244
1007
619
238
90
403
988
1032
18
557
266
963
1322
367
456
829
234
898
265
245
429
65
173
228
57
158
387
383
276
375
337
101
81
213
154
1264
235
261
1286
215
290
463
69
360
813
257
242
84
102
970
173
212
138
29
223
79
235
40
374
181
526
635
1111
88
267
303
137
96
177
988
183
734
380
84
147
393
393
175
289
294
227
51
544
213
356
0
34
824
1392
96
21
285
207
50
265
294
220
187
252
347
36
186
99
323
237
945
252
276
568
72
87
1353
45
58
53
347
498
165
528
0
404
684
4
817
20
319
402
136
219
221
1210
328
208
254
317
301
199
352
229
1299
82
976
123
217
1151
75
187
380
244
316
350
731
269
206
657
549
180
297
380
568
335
835
337
157
114
257
415
16
1234
318
111
49
0
109
1042
41
821
353
874
406
155
359
369
244
56
302
1176
162
87
279
278
96
163
296
1263
391
1363
371
222
137
16
214
25
743
1386
690
107
386
154
1361
218
533
1123
74
405
196
229
213
965
1256
78
322
184
1045
313
705
878
256
1168
59
286
382
57
1349
81
305
255
335
98
320
556
1365
1376
1122
261
403
346
244
181
222
113
1151
309
81
310
79
942
325
67
2
370
368
372
1375
156
233
1284
1358
255
662
227
384
1125
394
260
765
245
234
636
745
1210
28
136
1357
354
1384
1179
532
297
363
860
579
181
171
200
301
56
76
1395
927
521
294
381
232
1065
332
1189
327
872
535
259
1381
278
115
868
131
1
13
1364
184
16
95
288
335
318
301
31
202
1142
244
104
106
1000
350
73
244
136
765
257
391
369
105
131
398
342
262
1039
812
195
40
511
161
421
250
267
1340
1281
319
893
180
163
158
118
941
542
181
228
183
294
1219
903
295
356
312
972
298
1392
385
399
638
982
402
278
236
174
1079
141
30
104
162
271
761
753
110
291
1331
131
188
232
682
260
950
260
756
114
382
581
760
251
60
218
863
268
1393
266
162
1115
70
445
26
1047
299
213
59
1357
161
813
350
231
394
328
491
194
118
136
857
3
128
177
23
1174
144
53
281
278
328
1154
21
187
404
940
380
24
152
315
1006
69
0
341
921
247
351
10
313
726
53
554
182
559
405
382
624
300
138
264
183
234
332
91
315
253
525
976
143
372
170
249
261
1381
332
123
308
1325
879
440
346
98
1276
144
279
15
1008
1369
124
707
335
771
333
142
21
846
168
1097
226
216
200
179
1105
153
180
1355
249
1390
145
220
207
299
39
215
166
226
1334
1011
67
58
70
1171
43
327
92
271
144
1171
148
223
343
25
163
298
282
359
232
82
125
80
327
1406
372
329
98
5
387
1047
213
38
8
208
274
276
339
1018
49
500
1084
291
263
275
123
132
37
703
73
1195
1119
1058
332
84
14
46
2
1104
19
219
498
219
206
399
237
313
133
52
381
122
740
140
1157
286
1078
726
323
22
76
960
325
259
76
71
183
288
1096
226
1144
1153
0
533
356
174
1094
485
52
399
84
656
716
150
851
108
326
284
301
321
604
139
214
326
1304
357
692
284
110
292
826
456
156
915
68
303
670
959
521
909
459
71
337
272
1340
318
440
129
536
1254
138
79
75
365
368
680
553
822
686
113
242
51
954
59
629
591
3
339
67
887
259
116
118
1030
79
56
260
391
402
331
61
947
424
258
1126
816
919
374
611
970
426
334
264
106
242
176
311
263
373
973
1324
146
363
740
1087
165
157
297
1211
110
296
1030
380
1210
122
1350
746
1033
54
1350
766
1256
1186
182
229
9
363
1023
242
382
385
820
1002
163
115
293
749
1162
371
822
342
614
1016
205
578
1042
446
376
930
145
13
377
321
503
207
108
377
223
151
252
337
46
263
386
314
201
470
90
340
6
923
1195
860
400
336
241
1191
159
229
157
991
724
332
326
337
609
319
195
362
186
792
32
86
24
193
169
79
11
192
1320
306
1260
3
1291
216
62
333
359
127
187
220
584
36
910
236
92
753
203
268
23
253
1
226
228
199
183
64
72
246
381
293
653
316
117
1169
679
377
58
200
29
109
179
718
19
1207
621
1230
196
534
145
12
1396
677
169
1386
451
132
222
157
296
784
68
41
351
280
236
109
331
183
591
114
943
222
315
753
867
313
51
21
103
1340
814
293
1229
279
395
393
939
310
296
1002
203
217
203
1165
356
121
105
434
389
5
328
722
1155
32
291
217
579
385
382
1110
158
177
48
181
1362
241
168
1391
301
1191
326
402
363
168
990
350
326
365
205
155
119
126
1101
33
695
195
31
307
243
26
92
803
320
282
975
991
202
776
720
272
358
1391
1165
17
1348
534
593
1121
379
273
132
1326
184
56
113
263
190
274
317
1154
3
259
1267
222
100
132
253
507
695
112
411
13
45
247
144
107
337
328
127
156
316
187
286
127
253
193
786
325
389
1073
364
359
14
39
583
90
693
1273
196
6
356
966
228
144
16
365
1367
9
424
306
318
14
952
187
987
378
404
126
1169
926
1215
116
34
337
483
29
336
305
81
389
145
1140
94
1220
392
31
718
1027
355
1106
1212
40
398
99
90
118
54
108
1129
7
240
164
335
421
306
400
60
764
959
1084
548
241
45
336
121
655
109
124
65
283
353
1194
1403
132
208
400
332
405
274
892
333
280
543
283
1379
128
1334
96
1266
184
555
675
638
1069
149
1303
269
225
322
288
482
400
156
389
136
334
208
286
2
245
271
269
297
1236
1343
820
1356
200
986
1239
93
219
384
944
1168
237
1208
179
318
246
523
387
230
212
83
82
3
195
174
610
62
1071
388
278
286
103
35
1364
85
165
145
713
1070
1155
136
62
253
283
357
573
292
265
342
33
388
753
364
183
211
1236
8
360
136
234
1218
201
81
300
647
310
401
42
401
678
292
740
321
37
302
623
242
229
1043
432
43
1316
229
854
95
988
263
751
1372
25
557
719
309
813
363
190
263
102
276
291
12
29
793
252
208
312
318
324
369
861
395
196
235
350
131
174
250
713
772
775
131
386
1350
90
810
209
380
1353
982
391
9
105
310
237
372
42
45
273
221
1225
221
200
1073
102
861
200
712
129
753
309
250
604
233
204
29
190
243
205
88
225
1257
595
853
153
321
176
14
239
281
299
102
392
200
244
325
17
48
159
491
299
67
507
1346
1133
144
265
355
1299
912
155
304
79
217
276
157
13
537
299
585
188
1304
256
1094
113
1308
279
102
54
880
1204
12
312
17
664
76
555
319
713
1327
542
267
371
246
226
280
332
204
393
244
318
369
82
194
416
115
314
121
605
445
271
541
870
42
387
247
310
364
260
163
212
274
239
178
1197
333
496
227
327
90
195
63
176
905
35
353
307
334
384
1043
378
1001
929
317
177
374
221
38
90
353
1181
400
197
179
1149
336
328
249
167
295
24
887
319
94
259
1218
348
259
587
111
353
343
340
118
204
257
119
310
1083
22
90
191
180
442
336
428
135
1216
1191
1
1203
269
94
533
286
268
130
342
1171
219
571
268
290
159
944
145
1160
100
188
662
18
333
861
127
96
591
62
146
192
952
339
648
333
1054
244
153
370
271
166
321
322
1367
585
1152
180
1237
388
264
316
97
354
130
325
795
188
164
66
362
138
29
221
378
338
576
80
370
16
327
215
947
167
218
183
77
1326
1358
99
1019
1231
294
707
118
574
391
21
31
370
922
800
353
243
869
20
469
59
45
562
690
219
675
994
134
144
1059
66
174
209
747
1211
87
827
88
27
309
1072
1183
393
242
229
125
774
400
1290
293
263
794
405
603
253
760
346
292
395
1271
944
974
1058
207
373
1304
143
32
120
215
408
274
95
350
2
735
28
569
141
1116
404
147
62
367
538
278
375
6
289
350
387
1003
727
400
370
302
597
336
138
287
55
998
390
13
1
1231
102
390
610
758
584
1029
12
45
371
255
789
378
1331
41
81
277
284
536
292
503
100
247
391
27
1383
42
195
166
242
431
88
134
110
254
57
678
1052
29
898
358
35
70
245
112
343
350
631
785
998
214
44
493
89
1301
1370
765
235
372
956
467
135
885
81
55
56
285
1211
238
394
809
1032
979
297
238
1289
213
345
406
1063
13
125
255
378
364
253
500
879
1168
874
211
357
68
285
25
950
1227
83
43
174
403
859
296
460
204
161
285
209
215
371
725
145
314
548
25
91
122
2
54
1250
320
277
366
116
13
1397
1306
512
713
9
116
111
1325
397
374
135
938
786
38
792
119
1000
404
348
401
548
527
272
510
405
336
428
1166
760
261
240
379
669
86
817
141
1260
301
336
34
971
280
113
732
614
386
77
249
192
320
1039
264
1365
1260
34
396
831
139
178
67
968
199
214
323
24
66
145
1156
127
141
329
686
335
48
648
966
321
41
350
617
435
32
55
1218
322
31
923
212
15
346
556
842
70
186
602
797
169
920
333
1089
29
153
563
362
314
24
1198
148
799
248
267
310
341
1247
181
531
305
6
840
341
703
345
293
349
240
281
1392
230
331
728
176
167
270
413
16
14
3
159
1011
386
86
366
749
524
337
70
97
595
206
679
39
281
125
894
590
115
483
267
912
716
379
997
206
849
42
389
110
619
260
343
95
326
118
92
1303
151
993
192
40
81
366
67
736
303
393
1117
373
255
333
291
203
242
661
696
479
629
196
157
544
532
69
386
481
296
425
298
1363
982
395
51
742
643
128
388
281
872
497
204
1291
316
73
337
364
25
70
284
46
816
298
301
1193
352
72
68
538
1299
14
2
96
53
881
348
322
351
130
373
1075
1122
233
691
1251
18
1036
1256
1210
181
122
19
543
37
309
177
389
209
65
382
46
203
824
254
524
169
404
225
338
15
273
1178
228
282
350
1370
314
227
87
432
167
20
371
427
327
17
1325
373
668
295
50
621
203
381
195
340
656
1277
772
411
84
33
347
1173
168
382
1245
152
353
330
152
85
261
1342
162
701
92
146
931
221
1341
1068
1311
347
121
52
737
158
775
170
312
98
1148
669
151
401
559
330
928
442
124
1396
1186
1046
393
897
1208
200
14
1282
1225
338
276
44
596
1035
212
1385
296
371
215
883
1137
129
42
76
248
252
1
385
239
241
92
187
960
113
1389
3
356
380
352
227
297
1006
148
41
1390
63
1235
1063
195
267
172
272
595
315
791
284
5
27
217
1404
8
1225
624
121
209
324
419
405
126
763
48
81
327
322
94
391
89
1135
255
413
86
307
359
266
268
312
36
185
262
162
201
30
144
98
346
284
806
331
64
130
148
288
59
630
184
1208
1180
361
108
201
335
467
287
116
2
267
524
226
315
246
111
97
859
1064
705
388
4
17
1006
364
40
392
23
136
1169
377
458
367
309
3
363
209
30
230
632
1209
1169
272
372
232
404
12
735
355
35
368
108
1197
288
207
81
373
183
551
84
91
107
344
1299
292
101
298
1018
915
901
997
246
240
26
120
496
85
243
168
69
51
661
403
10
100
1024
194
353
28
955
357
248
134
320
389
143
28
297
270
145
83
177
219
205
216
1393
403
433
1020
682
260
117
153
184
1057
170
684
923
763
817
3
187
368
1105
122
777
212
290
1320
34
578
56
129
207
209
130
840
1245
100
287
172
751
148
382
132
320
238
22
8
77
863
348
395
202
301
201
185
1136
188
298
1275
371
227
86
159
395
1298
107
1349
724
383
576
213
1234
739
215
293
374
104
41
85
161
610
383
1161
363
368
15
48
12
682
305
385
1298
366
153
83
51
110
1398
94
72
1363
321
861
402
148
364
790
121
867
656
213
402
212
1338
949
249
16
125
115
277
189
118
65
224
581
292
1008
406
132
202
549
33
476
970
619
492
292
347
1052
11
221
283
916
727
47
663
204
1395
1395
956
19
752
262
36
235
100
315
1107
67
223
459
83
330
1095
1009
722
339
97
1273
122
836
507
897
377
28
443
240
548
259
52
33
1394
237
57
304
349
125
301
393
27
381
1143
119
55
532
338
309
393
352
265
97
346
286
284
122
598
394
334
175
737
875
693
1220
312
107
211
54
927
178
405
183
107
352
332
401
738
78
317
75
334
9
445
306
342
208
1119
517
213
920
354
1303
122
406
426
201
129
217
403
525
143
1154
71
743
1366
295
350
1192
266
327
602
613
1054
151
176
380
752
1349
701
8
366
292
299
632
56
100
208
564
205
388
897
376
1031
336
655
380
326
271
440
220
704
722
371
235
216
323
689
53
281
161
108
424
502
78
219
305
252
299
48
146
371
428
110
79
263
974
384
957
431
514
371
262
380
207
38
357
767
265
657
611
274
350
158
248
1127
311
147
168
94
267
632
282
188
1091
106
121
800
623
100
401
292
347
193
1363
1392
201
353
275
939
396
399
586
810
1173
396
826
200
367
93
306
155
975
275
130
150
119
338
1300
343
11
456
410
10
85
1084
370
789
153
235
345
389
416
192
119
50
62
288
129
394
385
110
133
74
88
418
18
258
232
45
1198
403
351
104
336
301
98
365
172
1066
168
321
363
38
303
348
368
351
380
107
184
130
62
591
1305
241
902
302
289
204
362
1291
243
54
1243
46
926
246
99
211
377
12
28
199
920
18
895
108
97
1066
1284
215
342
168
27
91
265
363
191
902
167
270
1247
310
247
102
499
142
189
177
1164
1020
576
248
1250
335
168
744
32
367
275
1382
53
400
223
987
783
420
1095
129
355
172
26
248
393
1134
1396
1352
92
369
752
706
14
67
70
207
308
987
758
144
269
130
391
29
187
96
1008
29
1331
920
264
101
255
621
212
1256
325
833
68
869
478
396
1286
114
588
182
116
1231
147
358
128
204
1037
374
438
152
255
553
396
641
70
1116
475
1055
807
556
17
303
776
393
219
337
211
302
6
295
394
240
292
333
302
858
190
1126
367
216
326
228
289
721
52
237
1197
869
263
405
154
1350
1154
1296
1316
42
76
345
239
1056
244
131
1331
165
1368
329
345
485
363
1175
932
80
26
1285
716
1356
238
263
794
335
149
255
95
1227
948
791
312
250
391
41
200
220
125
33
18
409
1389
385
112
326
284
4
388
727
971
90
1061
333
258
84
101
829
226
165
131
1042
221
754
285
984
131
210
305
186
42
267
553
340
172
340
215
66
148
87
286
768
75
324
169
385
46
385
741
659
200
89
353
1403
174
382
657
252
502
218
971
4
313
188
358
251
92
289
314
310
273
232
396
225
148
1404
64
1364
116
287
1402
148
324
221
726
194
368
265
1164
58
1037
97
361
73
268
280
9
1120
163
243
1010
150
245
936
288
387
160
200
503
905
193
236
38
388
1055
194
1066
305
259
208
45
90
319
88
340
955
1065
287
52
61
220
170
811
59
317
783
77
329
41
301
224
881
341
81
273
239
7
379
317
86
537
951
195
306
10
398
45
122
234
1170
262
290
164
347
199
202
183
380
706
154
377
205
402
83
283
215
333
41
901
63
346
316
125
118
254
1336
616
218
399
160
995
353
368
346
279
385
264
104
16
358
644
182
1019
275
1376
289
910
182
297
1346
3
1187
1097
380
47
15
597
669
134
50
777
102
108
179
84
179
1094
269
94
337
339
207
788
41
290
759
476
633
12
344
81
488
297
114
508
235
203
60
250
198
587
25
160
1056
143
1130
84
525
22
325
1401
37
89
217
389
945
869
443
133
739
255
484
1036
395
1228
199
210
1353
166
232
41
844
107
75
1211
19
306
308
202
384
272
100
890
91
115
620
392
322
34
361
238
360
355
44
737
361
237
247
23
193
364
627
98
186
1
164
60
107
660
772
210
368
303
320
581
47
60
252
1133
338
217
276
325
151
1054
1
265
120
407
529
89
74
627
1197
372
8
9
340
43
105
325
1084
437
125
1044
189
102
1360
24
176
353
174
364
315
690
1187
35
208
143
336
263
1134
1321
316
141
47
39
310
811
276
90
386
44
465
17
474
191
116
77
12
340
180
775
252
211
31
72
30
383
328
1387
361
49
386
275
357
159
638
275
1017
108
86
269
154
169
1202
392
331
1325
885
15
150
187
83
1256
1057
182
585
237
7
130
129
1375
233
356
75
260
227
67
502
339
32
1305
239
131
1022
258
318
375
227
1260
372
259
380
328
297
983
252
210
561
490
201
67
201
20
118
366
358
130
9
468
1
975
184
178
712
177
239
78
71
293
211
492
177
47
350
60
74
980
231
449
506
112
136
129
53
679
834
1150
178
230
7
270
344
316
291
389
278
611
270
219
450
180
497
1027
1359
316
39
323
285
165
356
362
135
35
0
990
88
213
199
205
153
545
80
0
267
353
161
280
192
74
484
245
146
82
5
1089
206
292
535
272
738
166
25
135
117
46
106
547
149
398
538
836
181
988
183
351
228
386
1215
379
339
149
251
321
270
272
1401
330
177
11
214
275
1042
198
11
183
3
63
13
236
152
33
115
195
508
1353
145
45
682
140
311
400
24
217
353
737
161
637
405
396
237
778
160
393
298
386
167
145
94
373
385
173
1238
290
15
14
24
75
170
449
71
195
139
354
1059
212
1003
515
298
1334
158
159
72
1341
1038
160
953
179
1303
229
1205
177
281
6
275
695
348
58
256
759
331
222
151
1136
306
13
290
247
978
688
163
65
182
205
218
317
1227
40
386
344
1084
143
674
101
33
83
347
124
335
398
37
336
131
41
159
1309
175
312
1179
533
372
561
998
180
397
262
194
342
223
349
147
301
592
357
711
205
204
305
896
293
385
1342
108
948
719
1333
24
65
1354
0
728
96
230
355
1005
1217
823
1073
33
681
386
1304
160
322
117
92
402
1394
109
300
166
890
385
362
533
381
147
797
994
768
1152
260
414
289
390
253
109
57
139
565
157
158
315
34
221
1394
596
340
482
1313
904
228
307
321
168
164
150
103
250
229
413
502
925
176
332
318
130
231
666
972
1251
330
439
219
151
1040
352
511
398
98
961
2
599
186
383
30
368
666
73
263
127
391
398
100
389
1023
196
7
132
34
254
275
599
56
240
350
276
1041
372
312
198
326
784
1365
160
397
385
1128
746
805
855
234
1292
397
290
400
690
69
116
305
163
1189
399
207
335
134
700
1202
391
1078
170
75
158
381
432
26
213
251
390
539
361
904
82
382
35
216
1320
266
16
149
420
2
1302
884
243
795
197
291
616
301
1239
104
41
242
385
312
58
1119
63
1143
102
181
129
1306
266
14
122
83
91
363
1362
106
1245
169
1163
39
835
391
208
820
660
540
268
249
187
173
1295
344
266
470
264
246
76
94
1035
337
44
272
45
118
95
176
34
812
902
186
37
57
325
591
238
798
305
300
341
234
204
444
355
279
313
343
68
571
157
318
406
422
703
634
388
337
669
881
251
697
1312
779
795
360
165
1245
320
102
1254
1181
182
123
846
305
608
249
145
347
351
104
895
143
89
136
721
401
933
1163
1032
74
567
1021
299
352
1367
180
222
681
265
101
67
247
471
614
144
53
157
235
658
108
80
74
322
159
355
114
467
354
1184
1228
235
347
1281
214
855
643
1206
965
17
182
1149
379
281
724
126
53
549
905
99
1018
332
0
1054
916
127
744
594
289
91
225
231
287
318
1178
993
147
923
174
223
1393
134
293
77
94
141
233
394
134
249
25
63
349
450
293
797
74
1231
786
380
145
398
335
13
212
131
83
656
60
102
352
308
10
204
325
181
111
263
247
247
46
1191
177
649
319
168
371
303
276
83
238
35
326
294
228
128
284
882
828
222
393
286
31
195
55
364
1328
932
97
112
1279
255
129
467
181
308
264
412
1031
138
212
1118
234
126
12
1066
1062
135
178
312
1166
108
28
58
196
1171
517
668
55
374
403
843
1174
260
649
811
673
201
453
23
245
633
476
12
160
120
216
472
224
278
403
459
350
257
1278
1305
202
623
79
365
198
1004
750
163
55
266
254
1224
51
568
571
1298
35
18
146
2
442
258
382
204
249
376
1095
383
1010
251
406
272
136
55
362
85
163
364
48
70
47
171
266
1154
128
109
246
1289
163
146
135
107
245
335
338
445
256
397
347
38
358
1062
960
194
301
307
129
399
482
375
715
40
275
378
205
952
1004
63
295
114
248
363
337
268
548
85
277
1156
212
695
252
371
15
101
233
6
201
723
51
1203
294
400
137
806
938
180
187
16
333
310
1377
1170
933
387
245
89
2
1070
305
1204
857
334
202
340
48
263
302
269
1186
1177
56
1235
7
230
934
306
17
1266
398
385
903
158
194
21
173
801
700
42
277
396
219
248
525
396
339
690
88
325
490
102
54
306
1005
727
13
299
278
51
1066
183
142
308
473
224
255
128
47
2
204
130
792
61
74
234
180
56
399
100
375
388
953
1038
32
47
157
903
328
4
382
4
916
305
64
1344
465
512
1109
350
309
11
360
400
93
357
242
26
298
84
163
124
1301
458
144
75
381
270
180
1277
547
438
194
333
46
565
351
110
36
964
142
263
16
524
309
700
7
263
316
1218
162
366
221
1184
1025
28
255
229
367
27
245
304
177
902
353
270
235
388
936
1359
371
34
197
168
291
79
454
1024
752
747
1060
152
137
567
17
22
29
448
302
263
376
1161
14
18
1134
114
97
1392
169
16
166
382
165
305
173
1396
800
1339
123
386
955
649
352
289
961
374
370
63
83
71
404
286
97
388
104
1144
321
284
1390
207
232
505
75
303
1216
87
927
1233
366
727
22
61
916
314
1170
92
319
447
714
162
208
39
232
642
192
58
1049
103
1199
143
80
1337
512
29
69
221
492
345
26
311
209
557
398
649
121
282
1372
187
350
324
441
108
258
64
322
204
113
851
272
270
440
19
13
334
194
1161
299
200
284
822
40
386
14
598
263
342
225
252
26
495
46
266
33
85
186
353
708
301
700
124
253
981
114
67
92
51
119
47
440
231
485
64
72
384
191
1
111
5
53
168
936
359
1377
285
1097
323
232
314
737
140
360
762
1239
1315
141
1188
320
1006
310
3
1376
327
834
29
260
43
316
991
196
295
199
112
458
332
307
382
57
248
288
260
84
129
343
325
256
749
264
507
143
60
182
365
124
185
7
245
201
120
258
373
259
71
395
547
659
1179
270
219
315
291
131
3
11
887
1069
338
1294
1148
941
793
318
53
383
328
155
136
86
56
307
42
386
399
1216
496
88
187
189
174
224
45
259
993
368
268
1156
1240
429
100
142
371
235
215
28
373
160
320
255
1194
738
374
1226
974
136
146
321
343
356
216
44
30
892
210
253
499
1017
272
345
786
164
82
867
155
197
656
8
32
82
166
199
329
733
58
1273
168
300
513
528
289
371
48
491
30
1070
487
12
216
222
717
962
788
351
125
9
341
901
145
472
948
718
326
282
1175
1030
13
24
220
400
152
662
201
1367
168
262
27
152
1371
341
19
811
53
1332
318
12
246
654
318
76
179
959
213
9
728
397
360
52
594
60
32
377
84
1055
891
40
77
562
474
367
151
768
225
2
238
1102
298
73
344
25
131
1135
11
308
168
277
139
235
839
88
334
1387
277
282
1074
484
268
169
1315
54
210
1
188
326
466
747
210
664
808
204
231
373
67
16
240
215
390
405
266
1104
336
930
377
368
394
210
72
1317
136
29
68
83
260
386
1329
317
290
227
173
37
38
247
199
77
60
1344
109
65
319
988
159
180
74
67
1001
1350
335
365
79
761
160
305
401
400
901
139
277
162
40
1
108
332
320
233
273
181
138
250
95
178
307
97
158
1373
232
285
324
257
18
379
515
277
345
660
192
1034
236
309
786
267
163
405
54
113
71
134
168
143
272
510
796
186
131
52
103
352
351
400
418
1263
217
233
197
286
386
152
371
333
512
152
359
232
962
328
980
116
1167
166
293
233
823
280
171
289
344
169
1099
760
327
1282
131
475
98
21
210
348
1299
376
90
287
57
284
37
205
29
98
0
287
10
471
285
338
280
192
18
365
16
652
225
686
161
188
19
22
110
184
350
22
1279
15
344
593
328
1167
377
1160
255
259
870
281
63
793
212
477
254
349
703
203
563
64
791
144
7
306
90
338
992
334
1094
1325
106
330
774
399
844
262
1268
280
538
395
395
192
82
214
127
152
130
46
250
126
290
47
1092
29
126
341
356
398
113
713
71
80
362
377
361
705
885
542
971
41
191
62
46
840
1217
191
1337
223
31
1326
341
1203
265
635
345
1057
321
392
337
229
390
356
144
229
306
478
255
21
86
1052
733
680
121
1331
1403
190
842
309
184
204
348
375
144
14
222
590
186
299
262
1319
393
118
172
110
718
374
821
197
1211
599
65
388
373
85
121
325
29
356
377
146
663
274
615
276
205
1241
990
6
1245
377
180
362
558
90
243
224
1372
523
343
50
746
4
513
510
282
1370
676
30
519
360
192
967
913
96
98
277
318
256
15
176
57
310
173
355
25
588
279
18
146
619
52
1044
397
175
311
369
257
92
128
332
324
376
256
147
19
1085
871
161
289
301
4
159
168
3
724
1
221
1021
128
209
63
143
385
358
1043
894
463
965
406
80
16
299
290
387
2
409
1406
86
58
348
29
324
268
36
990
231
215
30
177
1317
580
1026
228
202
998
60
323
294
278
467
27
568
122
1323
143
282
14
897
1280
1340
985
1378
1262
625
47
283
862
88
462
121
202
385
45
1162
365
165
346
333
559
389
687
262
172
86
1200
40
350
95
1107
307
226
678
937
90
846
682
644
31
231
39
225
43
189
813
871
134
203
1034
406
1132
1
87
108
169
385
101
271
703
284
140
379
813
378
217
230
328
394
168
113
356
105
307
1219
1388
70
103
308
1184
698
184
661
842
381
609
398
331
82
599
921
281
651
231
1232
232
127
1195
225
524
360
36
84
305
630
299
363
399
326
74
725
136
107
144
664
806
35
347
977
229
1274
667
300
49
1183
25
840
60
287
17
1165
326
12
31
269
387
82
50
177
216
1318
247
192
174
628
676
189
192
10
489
736
111
902
73
281
1360
50
728
389
704
97
36
84
186
406
242
725
693
23
1251
1397
279
216
354
630
1005
232
682
368
20
319
313
115
23
366
870
4
44
286
316
216
371
334
490
1279
1097
326
251
54
180
251
182
757
263
87
246
79
214
180
28
527
491
331
381
50
989
144
142
44
492
530
392
66
780
390
1137
241
396
1293
495
121
137
384
441
8
404
1059
524
334
1131
1194
399
4
805
355
157
187
440
1361
187
93
1187
194
357
159
865
1330
972
45
518
308
30
963
156
1085
78
1081
296
273
1025
979
147
229
213
406
33
277
260
203
61
280
161
981
903
121
117
25
321
297
450
1080
408
554
221
102
398
402
790
226
556
1085
237
90
664
271
1228
911
363
131
385
379
209
768
380
102
346
88
218
324
1031
189
348
1001
382
190
154
153
386
26
193
976
110
740
1091
160
601
81
158
191
191
402
790
299
42
343
5
395
817
217
9
1198
16
329
1161
110
296
172
174
205
242
141
865
178
891
221
273
230
1051
235
887
315
212
112
9
202
1061
324
161
126
902
361
1319
1227
95
139
770
827
36
1074
356
18
1401
136
1388
37
327
305
1162
60
371
128
187
199
346
780
16
368
705
1395
40
1095
27
52
206
406
32
168
113
82
306
285
145
7
1345
213
116
256
206
274
446
66
112
166
138
103
369
3
756
1091
63
807
139
286
1193
312
175
359
735
630
345
264
1051
116
98
136
170
39
1221
478
370
384
212
606
174
442
471
146
352
1201
69
1360
676
1405
114
332
339
62
444
796
289
720
242
283
45
1287
959
889
234
149
358
207
453
149
313
581
5
396
648
397
270
368
667
1254
37
35
1296
14
128
167
235
1107
131
42
239
374
1393
451
248
358
1019
150
239
289
181
1328
392
756
615
307
215
369
326
341
116
395
381
347
339
401
524
587
281
80
33
443
404
958
1217
1157
8
1182
1338
167
889
574
583
121
93
23
1067
856
64
287
986
8
473
612
1130
173
1282
42
603
684
386
130
577
383
1077
869
726
179
776
345
1050
62
474
176
229
554
86
271
1161
1327
73
303
690
278
280
580
328
337
516
216
131
259
257
204
1095
1113
1255
279
985
1158
299
51
97
466
195
1368
253
948
260
194
367
59
724
11
105
349
1302
294
112
70
319
514
221
1169
472
183
1071
379
1301
277
195
98
899
73
365
326
169
1360
131
1053
562
266
817
102
1008
223
313
665
347
501
173
368
110
536
248
168
343
215
1153
199
1271
53
1208
1402
200
361
125
395
86
1037
350
189
68
298
1372
195
211
251
364
377
1120
54
24
262
145
1235
73
560
190
1011
100
337
259
1270
309
1254
36
117
41
1327
405
69
128
143
1043
397
816
1205
378
209
1283
196
665
310
916
384
1123
147
197
404
1012
168
391
161
1093
148
581
1152
615
1196
103
317
90
540
63
261
1130
793
372
137
841
1187
383
375
320
235
921
1266
1392
322
1163
87
212
338
1200
111
41
318
877
311
386
572
1382
282
82
141
33
237
315
43
533
1032
241
260
84
6
51
216
211
1066
648
250
1354
1009
38
1351
171
930
269
184
873
364
623
51
380
869
1396
46
451
966
712
134
191
16
297
238
366
196
162
86
274
341
128
150
355
1335
19
297
754
315
33
344
320
404
1030
59
384
49
287
63
214
324
114
376
347
290
297
399
82
54
281
330
578
256
310
212
235
287
323
402
346
1106
238
961
240
1028
31
133
1366
712
58
226
317
99
387
535
14
82
61
82
609
69
169
278
69
43
237
510
614
269
238
175
843
353
281
311
57
342
383
332
382
133
204
1279
220
308
392
157
491
381
307
1097
235
342
1238
1044
382
59
130
387
643
18
373
16
361
161
309
385
318
33
312
277
43
135
399
303
1376
196
191
37
297
833
53
445
56
12
557
1106
232
215
1376
866
67
1000
180
122
239
362
481
322
1093
111
1129
1372
166
1404
96
182
255
274
388
238
369
1279
638
362
44
332
358
81
75
289
156
161
8
136
193
504
98
397
335
68
1396
586
918
358
144
345
399
562
282
393
84
298
647
584
206
426
109
230
115
261
742
384
695
260
398
146
525
347
792
387
346
92
392
983
264
524
99
1258
817
1242
367
154
1373
335
1284
206
399
1068
619
73
156
192
1297
300
23
107
137
28
212
619
51
1257
838
764
172
363
63
505
280
364
1328
1238
878
599
125
825
356
354
820
285
17
41
450
939
133
444
170
347
297
219
280
421
337
198
155
120
391
1095
1117
36
1204
275
506
535
838
1141
318
1044
219
995
170
331
650
348
189
133
226
89
309
1247
232
128
195
77
109
203
115
267
292
961
371
293
293
38
1217
612
294
228
105
204
45
39
59
1069
594
390
1034
163
99
302
87
168
171
62
406
452
179
184
383
169
196
135
53
931
84
996
35
227
58
317
276
819
313
285
103
953
999
61
335
851
128
280
678
330
47
922
1233
1384
297
154
511
666
308
857
560
122
307
23
347
27
85
910
1317
267
1402
854
156
1186
810
332
300
251
331
300
211
319
179
218
369
141
19
1013
373
270
74
332
1283
1082
159
308
280
359
340
647
334
331
800
1393
857
388
88
1118
404
514
104
241
89
178
1065
746
304
400
378
102
1361
384
33
399
200
218
448
864
240
1392
48
630
361
1194
696
591
3
252
189
1218
966
1271
299
36
287
72
820
49
301
936
154
681
808
98
78
199
24
1252
1380
108
120
1189
1203
851
348
349
874
54
259
211
70
207
108
178
75
685
417
547
184
291
1384
94
24
552
97
292
47
161
47
1030
401
266
220
710
698
362
298
288
1173
244
679
99
615
821
159
150
317
236
30
1034
313
1157
287
216
918
1016
329
387
136
736
15
656
84
339
214
167
751
389
33
88
31
369
207
138
320
484
330
91
122
277
284
750
254
20
22
397
908
355
152
110
1192
64
933
194
1402
64
363
275
67
292
242
138
792
357
228
386
819
73
327
22
91
1028
72
406
751
1184
524
261
225
737
250
105
382
37
662
394
21
245
192
279
181
708
400
285
289
321
192
142
1045
767
77
359
165
261
137
390
371
188
64
147
692
401
1343
1037
829
275
292
248
1113
286
152
665
1135
308
106
6
104
1059
318
361
356
1363
296
296
584
143
134
76
602
1118
531
1354
462
300
104
589
584
338
53
101
340
1271
254
8
312
768
137
1340
1373
224
757
13
787
85
29
321
217
435
390
413
170
727
742
117
882
1083
539
318
42
275
1078
234
258
228
230
388
68
134
463
379
257
195
83
1353
320
386
349
401
168
224
381
186
1132
240
237
519
313
313
863
32
203
468
845
1308
348
560
320
306
142
106
693
161
261
1364
402
732
695
1269
147
14
311
204
368
1328
212
1228
123
116
999
5
146
26
1074
635
732
231
45
327
894
1142
280
373
156
1342
247
45
334
104
325
96
361
359
312
267
245
314
161
777
295
399
856
3
233
193
173
77
818
563
211
956
81
176
393
102
50
307
1098
952
390
291
139
23
210
202
17
331
864
256
1157
660
105
397
337
326
11
129
132
812
403
1339
852
1114
327
262
350
1327
72
1336
167
127
486
1323
1355
538
510
321
155
837
268
103
22
394
163
167
184
375
906
150
479
128
284
491
147
59
184
1028
548
200
110
271
554
308
117
187
301
167
1356
1400
77
94
311
392
1023
336
1326
224
330
31
268
245
313
93
101
254
167
1190
975
1
320
91
121
286
705
329
123
202
161
661
350
29
286
62
356
183
347
212
160
107
45
166
232
77
223
310
225
1103
351
178
167
810
1055
63
300
360
95
287
357
1220
400
222
283
564
56
778
582
504
0
963
199
175
198
206
141
12
727
223
1277
370
876
359
417
51
246
74
998
1355
215
71
242
1312
883
169
247
987
80
1196
157
325
80
352
646
52
22
845
68
789
273
883
366
129
29
139
684
63
32
188
315
796
207
359
307
968
47
333
431
336
380
214
98
821
134
89
97
959
124
16
698
334
1139
1270
103
84
506
853
266
131
290
234
333
86
963
862
72
19
194
76
279
317
143
64
1179
46
20
384
142
1208
340
330
474
320
398
392
236
1133
1139
67
419
87
824
261
178
116
243
1142
80
224
174
334
62
635
313
373
967
239
323
188
172
458
713
30
284
70
377
256
108
311
331
464
14
252
240
234
331
313
482
1121
1347
1398
980
401
1153
493
1264
781
215
255
146
198
208
209
343
65
1357
628
775
243
368
112
763
382
287
264
1135
125
373
253
828
854
22
521
745
306
1147
0
994
238
75
20
177
944
1253
31
368
171
212
140
182
399
172
133
617
298
220
333
325
377
393
336
20
300
333
86
255
1
102
55
196
260
39
113
462
1404
176
354
1025
34
321
199
290
352
146
1373
985
402
120
33
38
252
262
1147
186
158
21
9
364
316
93
805
473
202
1049
1196
288
13
170
1288
1087
190
314
42
167
212
275
4
234
169
32
320
93
205
266
24
61
183
233
222
243
70
5
93
227
397
639
398
764
22
342
265
125
53
733
370
301
481
300
14
258
287
53
1397
86
268
1093
227
533
52
297
1317
172
463
113
57
192
212
307
386
899
512
392
329
163
636
91
902
110
954
258
391
650
913
669
365
1237
34
154
320
983
317
542
319
157
1311
283
51
138
878
224
705
327
167
233
49
1395
199
1219
356
727
1385
512
919
343
48
1084
141
761
325
382
392
354
346
305
294
529
14
1347
386
684
709
239
980
378
226
1326
297
136
241
293
358
83
293
281
339
81
1398
165
134
69
852
587
180
624
61
156
42
28
379
611
103
143
203
418
333
36
1168
116
48
566
305
720
164
219
387
264
1020
78
266
1092
302
32
23
359
392
855
646
913
136
1215
72
914
186
345
850
177
369
889
239
370
255
145
282
1127
266
133
253
298
186
98
153
606
43
158
529
544
16
1095
1387
113
11
109
121
163
1013
1031
86
1093
1033
138
1051
893
135
315
676
707
275
186
80
56
1243
169
1398
795
636
371
445
189
210
200
21
318
34
294
67
88
1125
569
59
1212
1167
320
141
703
269
43
1089
223
109
52
56
685
204
104
648
29
78
358
617
1196
100
129
1245
468
734
394
287
679
105
201
282
934
92
157
194
377
313
52
161
202
40
65
101
124
239
656
7
1208
768
238
299
1353
310
174
35
82
116
1189
386
549
350
881
157
717
399
112
318
94
103
1157
178
35
49
108
252
1265
1371
56
224
340
380
74
192
1094
666
1274
24
1
363
58
613
327
308
106
445
335
63
231
204
1250
336
40
127
176
153
103
120
926
101
1085
94
320
519
17
245
214
201
68
1187
170
1068
1277
352
249
374
397
328
220
15
151
406
275
382
775
149
129
56
163
202
964
59
9
375
11
145
23
1151
574
4
168
336
387
493
766
92
271
26
150
226
709
161
391
805
1402
143
150
553
239
156
1310
243
327
265
465
29
384
1272
476
12
1146
258
351
999
1075
380
224
328
642
386
1349
270
263
360
210
1149
98
345
134
117
373
183
88
180
263
792
649
188
1085
1232
958
231
291
231
26
91
128
516
266
1266
402
785
262
158
144
624
75
295
833
534
179
1084
289
611
1214
95
186
1401
266
124
879
399
127
863
77
834
140
101
1027
770
113
318
1226
355
110
286
1191
283
409
751
250
1092
377
222
302
23
255
57
636
397
116
356
213
185
1018
113
373
357
238
83
348
59
93
290
67
708
222
722
1118
1274
1364
266
194
36
22
305
235
365
93
454
271
1061
1035
209
93
971
876
398
149
12
298
1014
730
288
1054
362
299
587
1035
212
834
163
146
341
155
1
49
319
294
119
247
187
1115
97
215
67
388
1381
140
238
1359
116
194
310
140
913
325
234
361
105
470
177
425
1390
361
1317
119
365
719
411
661
80
561
0
194
388
1066
648
876
56
226
1303
359
1329
26
1041
36
1394
1329
36
366
343
563
304
115
1259
251
89
303
29
1077
372
405
123
1284
251
275
110
1188
82
39
387
1198
322
881
247
352
44
552
1168
1295
1186
102
45
69
99
179
1205
377
26
548
366
1022
36
1350
219
330
309
338
122
114
359
125
261
471
292
522
142
367
359
362
67
255
68
1281
39
341
325
731
319
1379
298
15
141
1359
366
172
42
62
61
252
514
310
364
145
223
394
400
7
238
371
14
22
100
142
322
278
311
1268
694
1392
231
313
105
272
507
217
1092
1341
931
271
102
192
104
366
80
972
1045
857
849
79
157
148
535
231
388
514
287
1259
783
9
106
328
369
87
387
19
54
1112
499
286
267
371
1283
1140
73
158
1340
152
619
67
170
263
1357
178
1003
391
224
164
367
1203
381
797
182
358
730
1100
213
197
316
63
45
930
185
276
257
109
1133
1406
787
73
598
987
198
211
850
479
243
155
321
340
103
326
345
153
100
165
223
1235
239
378
58
703
24
40
380
267
128
385
277
242
109
687
773
163
1180
403
312
139
619
1214
335
984
1320
84
234
215
251
10
313
380
1232
561
1340
108
999
341
283
183
368
302
638
253
202
1165
1177
963
56
31
309
31
5
382
116
645
281
17
45
274
1135
177
1122
325
1309
217
388
199
28
1166
324
214
381
1035
298
384
1280
854
1041
1155
1180
692
218
872
670
200
280
1352
278
1329
379
361
552
105
777
1207
258
885
166
254
868
195
345
384
195
395
1145
291
360
35
486
337
253
28
1185
113
308
128
242
8
81
11
33
221
603
107
111
612
105
47
36
880
380
75
100
169
1261
984
731
7
654
460
237
157
82
241
339
242
14
39
55
582
290
56
166
205
880
131
65
115
1209
120
130
316
484
1114
313
205
734
990
168
384
289
472
254
646
186
179
1273
94
12
395
271
405
13
143
387
119
167
1276
729
1223
129
408
30
117
57
351
208
86
305
74
91
10
305
262
213
18
244
10
642
203
1131
100
241
467
321
119
186
326
555
365
426
33
257
218
64
98
203
333
71
699
787
224
199
251
385
208
169
1241
68
2
747
199
141
32
132
282
117
120
1120
53
398
40
5
306
235
238
427
56
711
855
287
329
3
380
29
256
52
850
677
684
157
307
205
219
199
124
242
75
371
165
8
168
269
128
245
407
100
39
82
35
41
11
61
22
50
22
91
19
8
56
72
51
82
96
21
50
40
3
12
69
9
26
9
17
19
62
66
78
31
68
44
57
19
52
49
0
17
19
52
87
75
86
96
12
39
0
82
0
26
23
73
89
56
78
47
69
24
91
98
33
79
87
0
48
14
16
9
27
17
36
44
9
22
11
69
47
67
35
14
85
34
52
48
17
67
20
45
66
39
9
92
2
8
65
18
28
80
35
44
44
16
79
58
5
2
36
47
14
35
63
26
66
99
86
17
33
98
94
92
67
93
69
26
71
10
28
61
66
74
0
40
20
77
90
42
12
55
77
85
39
93
43
81
62
2
99
48
1
22
54
43
28
50
59
98
41
38
1
25
9
23
56
19
33
48
91
85
77
60
85
32
31
71
87
43
89
15
46
72
36
13
34
14
70
93
86
18
20
43
93
70
65
68
10
42
51
13
1323
false
false
false
false
false
false
false
false
false
false
false
false
false
false
false
false
false
false
false
false
false
false
false
false
false
false
false
false
false
false
false
false
false
false
false
false
false
false
false
false
false
false
false
false
false
false
false
false
false
false
false
false
false
false
false
false
false
false
false
false
false
false
false
false
false
false
false
false
false
false
false
false
false
false
false
false
false
false
false
false
false
false
false
false
false
false
false
false
false
false
false
false
false
false
false
false
false
false
false
false
