100
156
587
59
169
174
49
351
105
30
556
1017
95
143
179
315
414
123
90
588
85
94
171
241
554
205
230
623
10
8
166
47
440
94
1137
87
482
1050
104
1219
129
1138
115
83
6
209
107
100
869
67
854
76
396
162
42
96
460
44
77
130
90
45
232
233
70
807
208
4
1087
210
221
218
183
12
171
668
180
162
152
171
86
1218
1050
224
1189
243
203
154
67
343
81
33
143
235
179
223
442
243
127
86
16
868
806
721
203
22
147
67
906
110
850
56
234
96
91
946
77
34
115
832
455
185
172
112
22
25
816
52
211
45
947
948
39
1146
253
955
81
921
197
476
109
85
218
85
1197
120
90
1140
576
6
242
132
68
906
511
102
201
1217
24
1124
11
245
977
219
93
144
12
250
974
246
107
231
99
61
230
177
388
109
415
177
970
233
140
1160
225
231
1091
252
200
117
122
270
153
172
1243
68
49
96
160
115
74
101
269
825
1026
145
221
160
168
156
175
212
116
2
597
408
122
353
979
154
235
209
161
1126
422
77
418
253
104
94
140
282
119
35
135
203
108
26
1007
241
172
36
173
197
63
432
40
151
108
55
238
152
211
169
125
88
93
1184
1197
233
1159
545
152
27
692
79
1158
43
801
867
548
243
151
1233
123
1159
15
194
26
110
13
2
179
725
41
238
101
1077
150
69
827
250
94
93
816
52
110
43
40
1092
1098
600
215
8
622
204
1105
294
58
87
229
31
330
414
158
107
103
648
440
145
930
908
11
202
1213
96
218
226
12
50
1192
72
625
39
7
702
10
159
121
943
83
220
211
172
3
766
153
190
218
710
162
1001
91
78
202
749
54
24
145
221
9
324
743
724
137
122
114
881
200
9
975
1057
181
51
960
474
203
64
49
93
173
3
31
107
119
845
216
1095
916
330
104
75
70
47
220
237
171
124
948
785
138
403
203
221
178
292
77
1248
103
451
325
638
35
0
38
489
142
195
1104
450
84
99
143
1050
536
968
89
55
104
12
818
45
147
148
47
376
224
1191
402
88
340
80
546
24
232
29
848
1252
202
71
106
125
811
109
45
264
12
58
214
158
187
91
45
13
83
263
223
72
134
1
185
52
232
86
163
210
143
42
774
92
525
787
128
357
173
1241
990
187
150
1025
250
161
76
930
246
1095
114
8
87
234
167
28
56
175
219
180
147
10
154
1099
15
155
94
122
0
114
10
78
104
250
14
94
237
435
14
237
613
129
244
49
86
1082
179
156
88
708
1
195
451
314
1246
245
219
195
738
130
37
219
235
995
1041
625
250
158
9
638
131
10
178
189
488
34
749
181
209
202
221
129
21
219
313
109
39
192
833
5
65
176
214
240
205
861
12
199
168
611
460
426
259
107
130
156
122
138
94
141
79
336
84
74
150
241
715
611
565
130
368
207
17
863
22
121
1041
79
420
96
43
142
42
82
246
181
705
241
720
954
685
18
43
224
200
62
86
100
977
75
338
212
951
62
26
91
8
222
404
147
514
71
252
52
108
75
557
90
288
32
10
50
165
182
67
1152
172
219
165
741
1051
41
3
1158
854
1229
334
903
161
630
702
47
182
108
61
550
147
918
81
1028
279
49
122
252
909
41
998
17
211
155
47
221
714
364
164
159
120
40
992
202
114
227
218
1219
187
150
153
216
213
12
167
215
84
147
142
243
980
238
240
24
625
345
222
1225
1004
722
958
245
997
57
956
18
371
32
181
756
191
252
69
218
805
82
163
1003
240
120
232
199
366
39
246
253
5
152
121
145
249
178
15
665
65
207
0
237
26
239
799
62
60
685
160
273
42
223
84
214
509
202
87
108
66
233
85
51
218
254
75
218
32
252
551
15
192
143
182
136
649
136
186
134
3
1012
248
17
547
127
135
199
284
82
22
599
133
991
204
127
108
316
1134
516
605
513
1008
296
1139
111
130
149
622
62
666
140
212
687
103
66
182
541
39
104
9
231
701
486
72
506
172
133
203
730
989
161
65
221
99
856
1075
278
204
191
1079
61
253
233
1111
86
214
183
17
35
68
503
48
90
202
135
49
69
223
97
139
250
135
374
254
862
12
30
171
116
930
59
1012
357
180
48
1070
16
30
182
1094
201
58
952
7
98
72
434
178
168
1194
110
1161
1197
7
158
145
450
111
1017
135
1250
53
238
701
722
90
790
241
16
200
732
227
22
1109
315
260
195
21
2
203
128
163
169
56
245
42
162
62
1095
178
225
44
129
694
69
1211
22
504
493
1132
200
477
138
733
211
207
1178
162
932
81
450
223
155
70
47
50
76
115
158
235
174
48
335
8
41
444
998
179
1224
583
93
97
60
810
115
534
25
877
1188
86
886
226
225
415
226
95
96
955
1149
197
164
900
1077
7
228
372
244
1107
72
1018
172
29
861
283
175
45
26
1148
925
1011
106
853
868
265
36
123
53
134
37
1094
60
149
1126
264
196
312
124
239
1111
233
87
87
193
232
160
1050
131
882
114
1238
83
127
658
126
2
323
7
55
260
95
77
11
307
183
77
0
49
17
52
126
109
552
1091
110
41
984
111
59
859
910
190
222
977
131
233
1102
86
173
3
232
9
376
317
91
254
214
254
72
191
235
440
917
889
74
146
627
290
559
141
1186
144
619
190
172
91
105
149
218
742
1007
219
162
206
338
1221
5
233
254
195
1132
80
266
65
710
197
236
144
31
824
2
222
914
179
152
16
74
625
150
67
212
115
144
66
159
850
77
232
1198
7
579
92
203
499
110
46
1135
131
464
1183
217
622
33
164
83
146
1156
153
582
183
168
232
19
897
6
16
125
66
1201
85
121
74
95
191
119
132
74
29
75
166
764
209
187
670
106
108
82
80
79
590
175
421
218
67
10
174
212
36
444
425
502
125
194
434
1138
193
165
231
122
1
85
241
563
984
28
34
128
37
850
1006
161
171
631
228
309
50
355
23
241
101
254
181
745
734
190
826
565
211
534
191
217
67
61
127
963
138
18
37
256
433
133
617
194
244
125
101
221
176
132
196
137
91
31
31
223
220
172
1056
72
243
803
185
617
214
101
212
220
131
646
123
145
209
19
229
95
198
149
87
134
238
42
125
208
239
113
190
657
1169
88
130
466
170
364
470
42
89
422
13
38
58
25
351
942
647
230
169
844
222
202
868
168
142
800
847
229
809
631
221
97
5
384
155
275
54
91
68
630
505
1040
36
10
102
76
209
124
49
893
82
30
44
178
3
222
121
245
200
221
88
22
386
97
657
88
1192
34
528
77
250
232
115
842
97
73
166
359
20
36
241
167
52
859
1251
57
1006
97
223
428
47
109
936
249
289
292
1197
85
3
956
11
155
1157
812
238
636
105
31
839
158
236
148
211
142
114
178
77
85
1112
200
79
188
1003
49
164
135
433
49
349
195
112
932
235
142
82
1073
217
510
723
515
160
61
207
35
857
312
106
52
40
219
68
1003
236
30
713
151
405
88
1034
14
144
153
16
573
251
910
277
119
19
158
1240
60
1170
84
136
254
151
122
631
30
147
237
793
14
82
27
247
104
1193
156
1076
90
63
249
78
633
153
169
910
98
75
57
210
291
574
549
136
73
149
450
205
714
138
592
200
179
132
245
1029
241
37
173
74
535
29
16
95
1151
90
172
63
1042
5
61
131
159
51
173
90
86
695
234
293
55
878
112
351
180
144
186
231
202
84
206
956
164
160
21
172
76
727
242
182
210
1095
18
629
214
1004
14
840
8
32
160
64
224
153
132
186
909
958
81
2
65
594
136
237
230
79
102
79
84
134
445
88
17
213
208
998
205
782
215
486
205
158
117
207
203
151
1160
352
158
134
185
89
101
106
641
1201
658
92
936
187
22
17
911
202
229
1240
1158
581
253
879
613
421
533
12
57
132
27
252
584
16
1015
214
992
96
961
192
179
116
828
108
93
1149
877
46
477
116
1001
56
209
48
46
1143
80
782
84
135
123
34
67
918
628
3
45
225
15
54
186
79
119
47
176
116
1124
1093
138
235
584
319
250
242
247
109
809
242
1098
863
211
1059
160
736
1061
372
828
523
873
190
278
99
213
106
144
588
176
194
44
221
185
151
886
152
210
70
126
86
53
186
74
5
704
102
368
760
198
77
252
62
276
71
235
180
583
73
707
135
1081
25
8
199
163
1007
737
451
123
171
946
70
988
44
2
56
106
162
243
29
140
223
30
167
820
20
152
1249
739
564
6
619
233
116
224
154
468
223
984
103
20
193
59
68
296
30
145
181
90
804
75
189
96
169
70
214
40
149
593
212
31
142
925
1065
333
108
774
578
141
97
207
195
8
118
96
46
234
178
49
449
121
1059
211
1079
1065
119
250
201
117
754
32
411
225
154
217
251
172
182
204
188
569
67
165
29
420
87
117
825
920
77
1202
768
1061
757
80
844
34
292
58
460
166
169
130
106
978
143
415
95
118
200
211
168
65
162
845
134
686
116
121
785
136
152
55
150
239
35
204
138
324
25
134
896
1148
126
215
70
92
110
498
600
251
152
223
29
5
220
92
21
750
107
1149
215
209
56
136
6
4
914
448
732
392
1037
161
232
181
34
205
31
13
52
60
176
78
2
586
969
172
153
114
168
141
149
801
116
110
26
179
136
1129
17
53
136
831
202
218
137
123
763
1244
54
143
54
137
837
33
197
473
237
99
442
1207
81
186
81
910
52
190
222
815
116
153
150
751
148
230
13
134
898
220
38
139
116
174
766
187
51
221
43
328
179
86
1004
330
687
131
349
233
33
32
104
63
70
152
213
23
238
166
138
11
77
1069
458
44
933
198
564
108
99
207
887
63
419
231
162
47
249
67
151
62
205
36
13
91
23
64
214
62
122
118
23
25
339
253
38
418
201
24
825
204
40
111
220
125
160
355
107
166
3
199
201
70
1017
238
926
71
167
87
49
16
39
41
19
250
49
120
188
790
962
39
261
5
1117
307
212
156
242
128
379
1230
100
76
204
195
796
170
298
79
148
130
148
93
142
144
760
386
833
243
158
203
555
201
456
460
45
172
1107
240
92
205
993
182
39
1194
70
231
292
35
226
126
795
97
126
689
156
150
156
876
781
77
767
384
146
1203
98
320
213
342
130
815
482
140
62
54
682
891
359
186
207
1045
1118
1087
53
853
571
108
1043
490
198
18
246
191
97
221
222
80
460
37
68
199
1117
46
90
101
95
0
8
507
67
1223
260
28
383
881
83
571
113
5
808
107
402
444
149
72
87
169
672
723
31
110
41
124
867
125
1044
3
109
25
72
221
60
5
452
254
197
24
598
126
798
1093
890
141
152
151
185
166
213
1008
1246
1150
95
110
548
26
500
704
184
461
865
1172
580
218
891
906
265
119
399
794
120
119
273
170
147
24
391
181
1227
11
269
437
152
828
215
6
370
201
79
864
203
149
442
165
1026
110
403
205
995
208
94
120
387
174
502
862
5
88
685
203
637
213
1074
99
190
64
849
523
168
205
95
212
953
841
43
246
144
19
101
59
1098
50
24
121
539
9
319
4
159
160
153
359
288
122
120
144
208
51
91
167
450
109
633
159
120
211
971
0
49
216
980
1122
125
17
31
34
115
460
691
416
1142
68
644
118
92
137
246
53
14
216
224
194
4
126
248
85
122
686
214
140
212
121
175
250
162
79
435
93
248
183
1057
245
337
65
57
74
142
211
389
135
987
27
50
49
152
152
1103
47
91
760
480
245
6
15
401
178
121
490
278
213
5
76
117
198
169
247
929
1073
1057
334
69
71
164
1071
9
230
19
91
979
1028
1144
48
184
414
25
1065
75
372
94
403
148
889
59
485
521
208
488
796
71
22
90
218
106
94
16
194
95
461
155
340
1145
209
117
187
21
984
843
1023
101
7
707
222
124
54
444
474
69
396
93
799
969
29
106
538
16
142
224
125
230
206
122
444
184
34
243
425
119
215
81
98
465
801
111
40
39
110
196
1253
796
55
77
185
21
87
12
918
182
82
718
178
168
1052
119
119
142
71
304
160
1136
104
1055
103
1098
14
213
165
126
940
1154
78
231
41
30
168
607
39
246
608
169
78
30
909
199
358
90
398
55
234
80
164
35
167
687
107
789
216
251
196
736
208
212
1134
4
128
515
110
436
190
1075
235
815
232
251
236
88
193
137
409
44
194
192
235
402
181
60
438
170
46
102
1249
125
234
119
164
32
126
92
175
536
1099
240
104
20
0
458
1109
227
145
205
369
214
209
359
326
251
57
578
246
799
248
78
77
124
24
281
29
857
157
252
933
177
92
1103
82
667
480
219
316
128
701
1214
575
88
504
1047
1048
152
131
39
7
46
108
167
30
148
132
61
179
139
254
237
95
182
242
43
419
1006
51
21
154
25
19
243
204
101
118
118
781
54
454
329
1055
81
602
85
246
385
63
187
32
9
885
1160
35
122
122
632
232
396
751
684
5
63
155
70
935
1152
7
1101
116
115
175
150
160
121
417
490
7
403
162
0
126
229
205
284
241
134
103
322
70
1013
116
155
248
1241
235
111
70
523
726
240
184
1098
254
581
254
21
112
265
212
241
494
213
109
1088
1082
1253
1096
122
13
813
1079
93
485
0
140
1002
607
185
122
1185
91
799
864
693
20
77
3
2
71
123
250
237
319
914
201
75
95
247
1016
697
770
95
393
137
173
757
895
690
68
110
65
248
170
976
209
109
252
1118
213
175
220
1182
122
940
183
8
12
130
1199
1207
434
116
439
79
67
7
137
516
250
210
53
365
855
48
18
54
1148
72
103
107
138
917
976
127
580
1059
145
108
196
125
96
264
134
621
215
693
150
41
15
157
104
162
25
44
248
212
721
53
53
116
506
2
172
712
664
162
931
38
986
241
61
194
235
397
77
721
212
39
160
240
179
242
833
1140
1131
142
198
119
223
793
24
60
43
239
1131
679
1
1152
67
121
238
1225
172
170
150
230
191
41
180
159
197
1141
237
196
1099
29
161
115
221
542
703
144
751
738
405
162
186
336
60
966
202
642
29
131
32
82
1211
952
35
432
32
15
626
124
76
141
1055
155
502
139
93
207
970
265
815
46
353
602
41
247
36
1113
100
437
181
192
238
45
1010
477
302
205
40
706
166
28
44
280
192
1143
179
42
860
26
49
176
1169
326
48
166
23
1108
91
320
225
823
194
688
217
184
11
67
181
779
284
194
140
1123
146
191
470
105
57
556
246
242
203
9
105
667
884
939
150
164
1033
57
111
265
42
227
203
637
1025
183
91
38
661
139
80
324
294
128
27
80
166
74
219
1211
32
192
939
50
34
175
216
74
164
68
105
176
253
541
666
24
133
611
128
1186
755
402
117
189
36
64
196
237
198
26
878
1129
873
1118
198
793
352
631
27
518
14
227
89
154
257
207
1
759
142
105
60
212
53
929
153
189
229
904
166
1153
182
439
760
138
247
207
139
44
248
78
64
842
229
771
1047
664
142
202
1151
226
680
200
105
157
996
13
147
203
230
167
166
592
5
96
62
540
944
250
146
232
152
5
520
28
42
161
95
222
786
247
883
1222
736
335
223
795
90
611
58
892
226
187
712
146
106
208
544
211
138
666
45
749
61
4
212
588
156
475
104
63
22
242
1068
447
737
248
224
7
142
189
281
51
231
250
133
100
166
128
55
217
52
192
282
892
793
902
64
857
229
153
1244
1175
307
51
1244
56
43
169
1065
410
243
1210
111
495
12
205
120
119
394
211
247
169
115
566
2
106
222
200
144
7
1088
168
1013
1106
250
887
1106
107
15
62
11
221
141
535
632
131
69
164
1079
368
187
49
18
65
762
380
706
56
242
47
123
236
241
130
96
19
104
194
4
1202
161
242
74
213
165
70
30
188
91
511
145
202
672
763
63
325
119
14
945
405
158
142
124
3
50
15
1156
950
81
76
92
49
1242
181
95
365
32
182
124
11
10
130
119
523
153
85
413
201
26
607
222
206
249
495
198
935
653
570
987
455
1
82
197
1054
467
618
138
781
235
49
251
167
172
168
472
73
173
22
1128
102
109
209
111
37
238
71
90
52
6
220
36
29
185
586
93
122
23
521
208
241
24
112
543
669
28
101
57
246
61
122
266
297
170
15
1187
670
220
65
59
222
1249
205
47
176
96
313
9
246
12
223
72
497
129
53
172
563
162
693
131
8
169
1132
265
133
1114
161
1163
1055
476
101
196
13
127
7
444
48
688
29
79
115
9
73
310
202
47
33
18
182
22
147
24
151
175
104
47
7
879
93
293
153
148
1202
159
358
154
123
184
20
28
222
279
247
1
263
174
196
1216
176
553
249
12
127
131
1060
107
72
67
34
356
42
236
215
299
225
214
121
400
94
121
333
106
167
646
53
132
395
133
78
250
205
39
8
52
81
154
1008
105
1019
118
834
141
65
16
236
198
95
138
81
158
319
239
163
207
120
644
220
182
178
188
56
135
141
47
104
73
166
203
131
233
225
178
694
0
150
671
340
387
794
1175
27
1117
16
9
168
68
1207
247
12
210
210
79
8
259
4
642
855
49
911
127
869
565
200
828
149
150
215
100
92
169
212
1058
235
130
180
238
251
4
85
132
1189
982
134
901
313
375
191
1035
17
44
249
166
21
34
91
81
39
13
148
23
112
133
145
166
24
110
323
162
51
155
828
63
189
23
193
8
227
512
1244
80
364
48
135
98
41
29
724
176
22
1105
129
588
248
231
524
58
695
1141
194
54
240
146
565
76
110
22
240
192
17
42
672
442
173
94
209
1228
157
248
140
507
918
407
985
39
165
149
248
213
216
512
1015
166
500
184
69
221
74
175
320
28
241
205
21
181
174
155
861
96
72
1030
943
238
71
549
227
936
1051
132
925
642
1027
107
95
690
83
139
253
851
174
359
224
151
70
227
87
231
237
197
209
135
1002
557
23
230
46
82
156
142
200
101
264
212
74
335
241
557
110
74
74
20
1056
159
102
73
168
64
1082
1233
570
13
92
680
240
600
64
76
162
86
242
620
178
587
667
160
158
185
177
127
55
22
506
215
1180
87
113
31
4
174
314
173
184
681
232
1238
1187
131
225
130
220
45
46
917
786
55
14
209
988
72
74
680
54
978
744
1029
187
234
243
852
171
200
194
316
186
47
565
11
934
281
70
102
464
76
115
101
600
117
790
91
124
194
146
202
770
87
108
48
34
108
110
146
15
226
195
7
541
1041
216
178
104
25
1154
1008
91
209
335
247
49
34
129
82
187
15
249
152
210
96
37
26
177
692
158
207
16
645
32
210
152
162
220
1059
39
135
691
254
115
231
1083
232
23
744
893
31
401
121
16
56
174
85
175
97
0
84
216
214
123
53
110
951
209
233
185
929
906
216
413
231
475
1029
65
243
164
1043
33
277
34
59
184
252
54
335
227
483
676
1002
117
126
444
24
596
242
573
96
35
236
156
165
37
33
214
167
123
16
214
84
130
38
599
930
692
103
20
89
253
137
112
101
889
161
245
1074
347
177
451
245
123
110
976
20
125
174
960
225
66
253
104
138
612
908
142
209
58
184
378
182
1092
599
1148
52
271
183
146
226
42
162
33
33
204
209
758
110
186
64
75
475
62
128
183
223
593
155
274
180
178
181
167
214
682
217
124
28
28
635
2
46
604
73
103
94
107
375
224
98
45
121
11
506
853
36
201
82
117
30
700
124
1143
682
3
390
681
207
34
63
939
234
107
152
26
295
552
671
876
140
141
398
81
226
90
842
111
919
115
123
233
776
505
201
157
452
63
716
433
190
162
251
625
132
849
150
235
203
450
34
781
62
99
124
5
336
230
938
376
205
622
1198
162
139
89
1186
82
488
140
149
42
35
46
62
74
47
165
7
161
820
111
148
39
183
129
770
306
612
1086
147
758
17
915
606
190
136
1244
335
53
58
13
178
9
254
157
240
252
214
67
229
139
1197
15
58
281
126
127
168
549
80
216
110
24
109
1127
346
241
146
1154
225
215
10
34
263
32
44
100
9
864
1021
1
157
27
10
58
110
226
15
72
170
126
115
1103
83
688
973
1251
1131
236
392
12
40
898
993
93
70
253
100
163
183
482
871
994
579
827
150
20
248
169
225
871
153
239
1087
176
946
772
364
119
201
96
179
40
193
615
16
10
49
223
211
288
58
243
122
196
77
151
145
39
225
158
21
143
77
1189
860
90
165
187
127
63
143
367
92
50
38
246
118
97
12
40
94
44
741
144
1033
445
684
1182
177
0
239
182
185
16
212
36
1047
212
96
893
857
91
67
1109
192
923
202
47
780
1209
1194
994
120
116
16
92
1169
132
112
226
889
232
529
378
54
120
322
29
23
117
1164
97
226
119
726
113
181
94
211
170
80
726
156
159
36
434
151
63
127
341
414
149
39
408
607
125
211
54
20
431
228
252
933
53
19
1070
118
44
951
251
80
188
956
131
1172
112
145
92
564
157
592
231
42
691
1065
350
200
26
541
220
106
149
43
1011
20
840
216
154
224
241
152
245
168
453
1219
192
22
44
329
731
56
866
208
545
833
210
211
154
230
930
32
104
1073
148
150
0
775
140
159
142
378
52
222
188
163
824
405
3
75
84
217
18
58
140
125
226
207
94
187
56
240
223
92
148
1231
87
1218
0
2
64
936
5
1083
163
178
114
14
123
1248
1184
249
77
52
0
6
491
215
73
15
252
107
134
79
249
667
405
238
16
227
146
164
249
247
70
737
181
380
334
126
13
12
768
153
175
912
78
1169
24
351
9
199
114
714
251
99
186
143
677
966
696
304
892
239
115
1250
155
151
73
830
167
193
1098
1133
952
794
182
158
1243
166
159
886
143
279
47
26
224
621
69
118
139
264
529
26
580
1085
167
1134
220
1
756
203
167
223
155
30
234
13
84
104
1140
540
207
130
198
291
41
18
9
22
131
941
94
149
954
179
85
18
545
198
144
355
629
191
136
922
128
106
732
87
93
218
126
101
207
4
67
111
83
370
178
658
125
65
887
140
493
128
165
192
130
5
551
257
13
236
133
118
46
24
108
119
215
801
183
108
227
20
989
135
944
1006
249
37
693
188
372
1006
48
231
16
109
141
37
39
29
243
240
101
34
905
1032
144
207
241
171
221
24
203
424
687
464
161
39
249
169
113
129
36
1009
18
858
204
373
189
852
404
753
734
14
36
126
66
11
240
238
14
43
37
39
46
802
777
130
22
77
1
54
678
170
93
927
756
1029
883
65
248
37
1114
108
7
32
56
2
133
101
0
799
409
968
1043
134
177
133
207
333
1067
734
235
27
799
1011
104
442
52
243
214
697
84
436
1190
100
41
732
404
43
551
1045
77
51
18
29
160
31
48
89
490
127
43
122
165
92
128
6
532
183
102
37
222
226
98
711
51
837
178
375
225
98
100
646
183
1020
21
462
43
199
404
348
138
50
212
53
1162
171
4
125
6
170
134
228
79
470
144
452
244
740
4
84
883
685
268
369
923
1241
76
26
442
79
1247
830
536
35
169
99
11
252
334
151
226
0
197
107
25
167
173
564
231
64
605
226
239
144
218
77
546
117
241
94
110
500
496
762
0
84
103
233
69
189
1219
302
7
243
186
153
1217
134
277
35
162
76
226
1055
165
90
141
135
13
40
739
5
1049
763
573
238
506
124
38
754
57
176
121
558
319
34
69
759
116
271
80
158
199
150
1252
56
98
8
726
270
214
15
225
804
126
834
250
62
693
815
135
1149
134
533
131
37
763
62
382
130
200
946
907
38
140
125
985
1197
178
13
37
1185
24
27
138
1196
372
1210
640
780
146
107
25
2
214
486
12
144
575
114
50
145
226
62
717
89
99
19
166
1157
238
429
575
606
193
174
25
627
48
985
106
321
962
21
194
176
50
510
49
11
192
427
229
235
192
118
241
196
65
157
116
227
173
1253
129
127
83
701
1231
38
3
23
241
15
204
129
855
787
248
36
1176
563
176
1155
114
241
121
180
243
149
251
56
5
1000
660
129
56
1175
135
117
1009
1075
202
199
719
40
141
113
140
186
837
13
79
46
194
815
169
30
27
237
779
946
92
672
977
112
249
174
94
1227
41
389
233
138
210
511
184
231
212
233
209
1169
91
169
741
128
61
526
133
241
460
223
233
205
186
732
224
37
77
230
99
212
247
903
776
524
75
217
60
120
251
44
199
125
140
251
195
1169
192
59
1138
703
1012
80
221
174
201
1100
252
234
272
21
52
5
63
1117
806
1
254
124
49
10
199
627
155
263
172
147
7
165
107
619
440
45
167
231
664
46
123
135
171
21
248
353
72
62
125
229
53
1013
165
1231
112
1147
563
878
71
32
107
127
294
75
146
187
96
82
213
53
1198
1040
7
214
79
108
191
18
199
695
1129
157
59
45
211
166
252
207
447
34
111
35
80
232
19
531
161
103
343
85
110
201
200
184
16
114
71
39
1199
254
93
92
94
1008
177
854
15
432
155
125
208
240
212
901
937
1109
285
253
155
207
220
1198
225
123
210
52
232
44
0
125
109
14
162
33
109
110
806
196
1176
49
513
948
58
190
241
236
33
181
186
588
181
198
46
214
68
63
512
1073
1
490
15
90
133
185
39
125
747
118
119
140
61
385
190
83
59
34
49
225
29
120
247
42
22
58
227
726
52
45
92
250
96
70
8
56
1050
104
160
44
198
121
1245
185
78
75
1103
73
26
142
1078
151
54
402
136
725
50
147
77
127
295
29
715
746
86
171
468
143
1132
136
56
33
61
170
136
827
44
778
818
577
93
794
155
252
112
1052
562
122
78
360
163
26
1112
101
237
853
59
35
313
238
133
93
239
1133
237
771
129
210
251
113
9
54
169
139
131
173
887
26
1046
1223
154
6
237
960
884
351
386
126
87
144
128
573
8
233
56
432
452
1006
89
74
223
276
566
195
833
149
85
296
34
49
1047
119
110
74
727
448
34
1045
58
143
404
88
374
921
117
236
631
68
25
166
193
217
233
201
116
5
194
1092
1070
249
894
154
137
210
658
227
13
59
1
506
24
254
209
191
221
209
132
146
780
68
182
68
209
30
44
85
1207
86
898
680
33
55
168
17
1016
48
814
212
6
106
34
122
600
608
202
244
229
250
197
181
231
798
78
129
218
185
109
141
763
235
151
9
219
174
151
173
1241
636
44
97
220
11
33
253
1143
774
220
171
387
220
946
203
162
133
243
621
211
144
246
425
1229
17
400
523
865
994
1075
94
191
321
230
195
15
50
181
98
172
990
93
102
495
198
274
228
873
671
289
205
108
37
140
233
763
137
245
188
83
13
171
3
59
656
28
279
352
1106
178
352
218
25
1045
805
87
410
301
90
298
19
197
25
188
149
122
49
57
146
94
235
188
5
43
1151
1217
115
185
1229
471
175
41
172
169
221
23
92
190
683
971
359
1097
593
916
239
20
58
199
102
1111
370
1201
201
252
1120
205
290
195
199
11
25
134
70
45
484
237
254
125
52
227
1130
191
97
548
909
242
941
1172
567
11
219
469
147
68
1188
85
86
250
49
249
240
242
23
154
938
1185
160
1197
148
30
463
240
1039
207
33
224
221
35
72
469
164
89
955
58
1227
40
65
47
80
1030
26
184
1184
81
592
0
288
148
125
144
170
1072
1246
658
37
29
71
190
138
617
97
67
397
1215
106
70
141
228
245
153
68
205
46
292
86
413
1119
0
461
181
237
160
218
142
59
685
87
133
178
72
534
342
164
47
69
124
344
253
349
136
148
90
49
43
72
589
195
1194
681
240
202
191
821
244
122
187
495
8
143
697
22
374
106
174
144
48
134
190
610
166
218
1250
998
167
3
991
618
92
95
757
992
182
190
10
143
33
796
935
85
167
183
199
122
144
569
1038
154
1127
208
47
203
567
44
145
655
132
248
357
1126
149
163
231
199
95
1153
779
211
157
139
119
184
149
10
51
231
244
78
205
597
170
59
113
89
105
95
73
163
182
175
200
214
251
36
162
100
106
35
190
176
109
1005
1042
155
254
167
141
43
421
137
67
110
22
890
593
47
121
200
25
231
1074
476
149
232
1214
968
772
16
160
209
97
74
423
95
166
83
33
208
38
791
72
84
240
113
188
167
1033
478
110
167
105
225
159
253
299
227
166
190
98
46
26
194
711
19
119
3
24
103
150
341
153
515
253
215
308
1213
642
18
43
297
17
252
168
194
373
118
34
221
1010
137
66
480
219
212
250
239
105
578
1044
1174
1246
239
152
1191
158
699
249
435
131
200
189
66
206
17
134
209
99
85
940
231
615
231
58
1
152
41
168
590
73
33
861
42
173
145
552
411
171
974
297
1220
34
44
476
188
109
25
195
119
516
33
541
230
204
208
27
364
18
81
165
45
68
16
590
434
16
97
238
156
70
1100
156
410
54
1240
173
56
223
238
276
122
525
245
834
875
353
165
249
237
283
158
1005
213
139
250
148
870
1180
42
1073
159
85
652
1019
196
600
66
40
1119
53
247
40
199
15
235
353
576
141
163
866
44
158
13
198
60
88
155
115
1182
138
180
318
89
210
183
163
160
928
47
158
667
54
415
705
110
196
30
165
1045
235
1120
629
1023
152
208
196
1053
1117
196
962
187
59
88
176
74
59
729
25
24
19
89
118
66
923
152
987
403
28
79
199
274
1094
149
4
63
333
2
570
133
117
16
527
53
644
178
142
86
1046
149
1179
135
756
834
67
205
173
218
0
171
190
45
818
206
43
169
143
129
488
238
194
64
56
180
101
1190
350
419
117
1112
168
65
136
14
161
40
188
97
44
201
8
196
844
57
216
0
1228
90
71
72
141
3
83
8
79
243
17
49
930
0
160
158
178
134
2
114
192
135
204
95
394
16
228
587
500
201
242
45
818
161
115
23
211
86
84
989
880
44
74
73
64
948
630
130
405
3
183
183
152
180
69
250
68
950
793
42
109
438
1184
139
894
774
213
181
150
610
166
191
135
821
1203
246
716
622
1190
1185
142
226
60
61
65
218
46
43
222
924
196
118
519
1
166
748
152
216
227
240
152
175
702
252
489
1240
1028
8
507
189
529
234
112
918
225
19
1169
708
188
52
161
1220
133
655
626
243
1245
706
7
173
923
948
352
252
920
1023
1085
109
796
69
87
62
66
253
387
1121
316
222
189
121
1194
91
202
663
99
318
535
111
241
164
108
86
55
68
378
150
130
194
454
1013
1187
117
187
575
680
49
162
16
74
234
200
627
121
182
32
699
872
67
628
981
252
155
495
19
99
91
141
151
205
110
772
196
425
127
830
139
31
156
627
37
242
207
808
105
731
24
69
79
250
52
110
227
173
153
215
63
757
491
202
60
226
251
328
70
160
46
66
38
211
251
1078
438
2
190
1236
108
186
31
49
65
156
72
67
235
103
60
38
189
182
841
51
337
441
192
93
215
249
975
200
167
175
218
27
841
366
111
92
191
206
102
190
1165
275
22
241
129
679
488
148
126
50
155
227
140
1058
51
10
39
239
1021
143
516
700
88
92
855
679
38
169
378
242
1175
228
195
76
6
830
15
95
218
1146
455
137
99
10
172
234
197
89
183
72
211
43
160
49
141
36
165
154
226
93
198
1250
142
5
409
67
479
226
440
205
173
91
228
910
31
1132
81
3
108
206
726
216
113
1169
149
1129
153
76
167
172
46
362
13
132
251
101
571
137
136
5
448
123
224
1186
197
75
62
92
162
787
1073
184
396
1243
236
212
662
968
67
1229
868
76
254
36
760
233
0
195
36
466
145
17
199
1046
90
228
79
122
226
210
212
139
13
207
404
94
104
404
38
714
193
448
215
27
74
527
15
648
200
133
1148
35
1135
94
57
161
223
190
1054
175
1160
300
500
395
154
383
243
88
188
104
15
211
39
204
27
147
40
515
116
37
55
769
363
96
18
953
166
4
141
239
204
298
7
817
361
5
191
523
21
250
195
843
21
118
1060
214
93
90
168
211
232
38
116
496
206
76
772
1242
97
76
239
1152
154
124
221
27
93
251
183
36
843
184
54
221
59
21
1163
103
139
45
55
104
251
222
1033
224
126
73
123
249
731
6
1128
68
187
145
60
302
972
1090
213
138
1
563
1070
49
120
258
5
52
124
110
617
157
462
37
799
162
935
223
199
89
240
1020
1151
542
264
69
88
168
130
109
229
1103
180
102
203
5
244
13
322
51
695
290
1138
1000
193
169
241
996
159
181
17
120
230
237
180
182
246
227
31
70
229
1161
44
9
154
905
249
544
213
472
133
68
248
192
479
266
249
104
136
18
86
163
1167
89
1218
22
54
213
49
49
580
251
191
127
1108
252
1155
210
819
10
473
180
57
936
218
928
139
71
951
59
435
176
190
654
74
195
657
52
1014
741
241
556
167
567
1189
74
145
569
14
836
842
50
75
1083
2
158
60
98
247
266
121
144
210
13
126
442
110
1055
121
708
84
1031
132
945
159
132
118
36
65
130
712
820
214
120
114
118
745
13
211
121
208
141
210
1084
697
84
65
614
62
231
673
82
334
40
224
229
546
625
62
797
166
206
192
50
1125
3
175
244
180
1250
119
205
660
36
170
208
7
202
383
146
980
625
111
1151
27
42
25
21
165
72
16
1109
400
162
60
18
464
192
143
112
1097
153
20
1082
65
42
199
232
112
216
908
499
1197
215
834
133
135
186
219
65
261
78
155
146
198
80
234
359
240
237
186
807
97
165
201
1124
108
278
110
1059
599
568
182
74
891
97
864
40
1055
41
904
40
254
95
164
119
231
70
86
260
124
61
897
1210
866
218
489
37
220
251
742
147
134
1
223
60
1061
110
76
775
34
23
2
14
120
341
209
67
231
751
197
157
104
159
36
165
763
36
1252
950
225
9
527
162
1038
169
25
355
27
86
215
226
159
50
123
823
194
130
153
448
51
243
166
215
31
905
500
48
540
9
1002
157
108
68
1014
172
70
18
893
730
85
116
677
164
1209
147
159
105
19
733
981
119
129
939
556
236
82
53
1019
77
24
147
35
941
156
26
43
178
211
118
121
503
859
72
96
4
490
185
170
131
31
619
1094
676
454
218
801
102
29
207
235
1212
151
96
564
159
107
161
210
37
534
583
199
90
22
645
535
209
64
1024
79
189
85
642
548
25
290
610
171
155
788
62
220
54
191
368
75
41
246
755
188
94
157
228
938
249
173
416
236
967
95
33
776
1031
60
108
34
254
894
78
408
216
188
512
124
177
960
38
243
100
234
23
257
441
229
942
242
603
934
1004
55
34
422
124
32
130
382
10
63
337
76
233
86
162
96
189
237
325
226
1028
455
503
17
80
223
399
919
2
236
156
1077
449
156
166
287
47
633
229
1055
694
215
41
179
260
1048
1121
226
258
86
131
80
1226
17
705
664
146
23
665
1183
434
247
137
79
49
222
474
212
221
56
127
149
329
251
1012
308
1207
184
19
104
581
42
648
183
43
374
111
430
1228
35
982
111
161
187
186
89
45
135
310
418
1005
238
376
39
934
244
252
664
12
857
155
244
825
170
10
462
210
92
136
237
108
75
100
253
218
152
1214
151
91
111
246
192
80
122
25
135
0
208
555
52
772
146
222
237
156
543
73
76
1235
1254
135
393
135
404
116
107
242
201
676
90
151
911
53
1062
27
209
111
56
120
486
66
506
107
83
126
410
232
53
1079
618
17
198
346
125
239
68
678
250
862
34
211
85
210
485
15
187
961
705
135
208
19
109
408
238
131
120
977
19
247
6
1026
796
236
49
912
249
1120
175
196
1124
496
244
33
1188
1223
1208
92
129
201
98
7
216
635
476
60
42
594
242
553
905
1236
1172
801
154
116
57
62
112
625
71
652
173
1151
143
37
61
64
251
124
253
254
139
38
190
550
126
252
1090
1052
120
1024
241
76
28
146
38
87
228
266
140
26
237
61
391
596
222
120
7
139
215
86
54
74
1018
196
1049
201
227
111
85
62
59
249
960
248
213
122
468
169
186
19
906
100
142
998
50
191
687
288
136
1138
230
235
410
92
141
176
351
421
204
41
174
183
773
120
690
168
145
33
222
12
1225
198
81
405
252
756
153
96
13
769
539
193
674
722
573
723
151
254
225
173
1024
229
547
160
49
16
199
1201
410
354
235
250
576
626
1166
192
238
91
10
112
764
179
88
225
101
275
229
19
1190
138
599
247
101
36
162
64
40
87
9
43
139
1040
12
184
214
109
73
208
27
169
92
320
15
1
903
124
1188
57
634
189
121
148
12
0
18
596
735
753
42
142
72
109
1082
298
1247
216
2
634
236
483
120
219
2
1173
1233
129
28
43
1026
105
90
810
199
787
53
1083
184
188
821
35
143
275
97
3
943
54
104
112
67
165
243
1180
21
545
152
216
160
56
125
58
33
14
385
253
72
52
506
230
775
1137
221
172
116
97
594
250
137
204
37
220
182
1191
111
999
28
108
372
65
38
763
118
29
13
136
948
43
230
1015
1248
122
460
242
77
1025
198
1253
121
119
548
59
101
900
6
141
184
95
234
252
153
486
208
146
97
14
250
145
29
48
182
153
771
210
19
142
250
104
930
1053
181
83
174
141
788
73
160
114
37
247
209
219
569
228
17
29
29
187
51
80
174
215
185
41
165
15
174
182
57
926
207
75
414
232
7
855
12
105
395
229
1166
136
115
117
524
855
161
716
503
168
24
152
943
25
70
403
1197
0
218
943
1077
4
631
993
541
472
653
94
248
148
788
134
235
244
58
93
202
42
133
108
1076
163
44
62
110
1002
19
109
249
111
244
177
100
125
253
24
172
86
224
794
575
245
942
216
8
225
254
119
136
36
302
67
877
216
187
893
253
145
326
20
156
249
31
529
121
18
165
610
767
57
38
1116
114
232
4
111
521
1135
192
208
210
588
185
67
107
148
155
16
16
14
192
254
161
427
11
7
1034
175
150
742
216
97
124
95
207
172
92
60
104
745
736
14
53
227
210
397
31
910
144
840
145
137
130
89
101
694
105
240
92
547
100
656
210
1251
226
161
66
168
604
127
104
251
275
874
143
1033
474
82
111
245
86
9
56
993
184
709
102
60
121
895
254
144
122
152
177
639
996
133
126
483
320
352
642
99
171
214
1150
336
199
176
12
1229
196
136
82
10
225
205
84
752
176
24
113
20
1159
232
136
53
94
119
138
113
6
221
78
7
181
109
70
205
994
162
64
211
143
184
188
5
181
132
86
150
12
203
552
453
817
31
529
145
184
951
67
215
141
649
570
775
1088
65
101
135
77
214
204
168
279
105
1
64
11
125
889
26
123
216
295
280
117
913
961
880
480
1116
136
942
3
197
106
238
859
7
65
80
112
220
217
380
419
188
5
33
485
584
1121
160
237
76
615
158
644
120
190
648
66
47
254
234
199
864
169
648
113
213
248
117
205
244
8
192
136
659
1227
120
134
29
78
118
3
220
209
694
1085
188
207
1145
201
195
1184
223
239
204
1104
127
115
125
182
137
17
548
39
41
86
5
1152
29
110
339
20
819
915
312
24
864
120
21
248
1123
167
156
2
111
27
163
62
208
135
247
622
704
126
1076
6
301
97
212
178
40
133
348
173
14
216
248
264
400
212
225
196
375
609
217
124
1198
238
36
192
523
210
251
173
314
461
220
228
174
74
149
185
210
75
45
201
183
16
220
848
145
403
253
767
146
580
244
242
69
174
626
254
889
132
799
163
141
433
171
15
206
243
385
101
688
276
603
896
1115
13
114
656
118
234
172
95
201
102
69
246
717
114
98
866
252
142
110
219
248
74
236
133
87
78
80
93
560
186
112
840
191
1163
138
625
605
158
23
517
239
278
49
47
524
7
189
1181
222
6
216
583
119
40
44
1079
259
818
36
173
163
653
22
218
803
205
198
3
172
48
246
171
187
63
112
121
26
95
190
12
70
159
72
146
870
104
526
446
59
959
363
1241
1233
251
23
183
573
62
199
121
243
146
223
13
219
903
251
51
188
49
20
61
122
199
14
84
1034
82
117
1249
1165
108
147
210
194
178
116
364
664
139
104
179
1144
79
1118
88
659
409
20
829
79
174
562
39
120
105
70
156
224
829
218
147
52
1243
29
179
100
967
1248
240
1220
629
31
234
112
224
193
1074
28
7
1025
1019
660
95
788
60
252
192
198
178
238
221
4
195
161
118
150
619
10
1145
244
42
104
511
7
129
21
153
193
30
225
153
254
3
925
346
146
59
1033
825
52
1081
16
921
227
116
97
215
151
377
216
44
650
1036
174
895
249
193
706
187
198
665
56
171
961
226
70
20
92
183
472
78
174
14
548
446
237
85
1247
419
0
140
240
153
83
177
97
246
86
61
59
167
1181
818
231
199
89
1174
926
639
421
1165
117
741
44
716
87
129
136
767
914
63
962
678
8
72
170
66
57
250
98
200
143
917
1055
0
542
22
25
153
119
825
197
219
136
82
331
881
188
742
164
467
974
181
176
156
44
227
206
842
36
32
75
162
905
451
113
213
527
212
261
72
97
11
244
8
683
546
97
999
192
140
241
779
1212
78
480
868
520
212
508
121
395
86
75
169
67
916
201
1128
833
238
44
240
128
230
250
309
207
219
592
101
376
104
56
359
121
1030
215
201
55
1004
113
17
176
137
414
65
1235
200
251
102
660
173
1181
145
58
1051
140
838
133
263
224
17
62
193
856
89
179
111
346
51
623
493
77
124
1092
247
771
80
52
61
8
166
248
143
170
208
123
75
20
143
288
431
753
1049
204
1152
157
636
48
712
60
32
208
241
279
124
9
21
114
94
35
450
136
763
243
647
238
164
251
86
21
254
887
138
731
74
169
676
2
30
1205
244
73
37
154
41
1104
246
151
29
128
212
220
4
1103
874
348
153
234
148
907
600
71
591
240
416
226
0
814
78
475
169
1024
144
121
344
135
341
79
151
714
191
75
537
123
942
139
25
29
7
101
42
80
297
968
251
66
963
69
16
74
33
20
51
98
185
209
615
883
367
553
5
459
110
24
892
4
571
1006
210
252
39
422
790
141
55
50
885
166
25
761
219
121
876
961
61
1234
99
439
1055
418
602
235
950
85
200
165
807
108
37
89
927
303
93
542
24
84
856
251
245
228
55
230
125
1232
961
74
253
103
198
25
225
999
992
1015
529
179
41
205
233
192
644
65
238
72
98
147
79
189
29
21
100
8
654
76
23
846
431
947
110
107
7
790
519
889
1200
121
83
133
82
74
436
1013
407
228
242
81
245
235
982
25
592
80
668
81
126
644
196
124
194
126
129
215
117
35
234
92
1027
768
92
700
409
512
116
131
789
464
160
169
55
289
71
28
66
32
1210
693
52
165
1087
960
379
163
1044
250
122
40
106
709
139
229
37
572
7
95
245
120
59
262
52
1226
990
90
1102
41
977
138
603
413
105
215
152
1197
61
98
67
14
149
651
623
183
81
143
157
155
1110
82
646
19
166
156
588
817
104
893
1191
191
157
1091
197
244
159
159
245
65
169
444
307
83
135
1000
328
36
233
273
646
33
187
47
90
198
475
67
242
38
42
236
2
768
130
6
5
227
89
41
16
167
0
64
46
614
18
172
488
128
179
100
164
219
164
934
5
22
236
196
150
193
1236
170
61
253
629
151
127
1114
244
951
190
963
146
24
1219
549
801
1196
220
139
211
196
578
267
953
228
45
151
14
9
55
30
127
97
170
188
129
249
539
85
170
188
136
114
172
786
116
187
1177
36
30
121
916
977
37
106
43
155
805
335
48
937
3
207
707
210
130
477
73
220
3
7
43
1232
248
158
1192
46
142
42
200
116
149
106
80
8
155
142
57
215
32
215
231
119
221
1159
86
124
17
210
72
52
203
53
215
123
10
233
705
178
246
2
851
82
412
10
58
1021
27
102
65
838
36
766
84
682
158
302
243
1036
186
239
1122
1222
70
88
166
733
925
185
57
50
700
441
183
16
162
1071
71
215
515
155
991
73
183
153
10
164
121
365
11
554
161
1169
384
223
231
91
1091
13
653
1022
102
195
168
293
179
66
911
69
493
218
576
774
127
34
1133
1186
166
984
869
91
174
165
242
170
172
542
747
516
313
903
15
185
126
146
154
442
247
56
253
170
168
175
187
203
194
1140
54
784
904
94
514
241
185
69
201
120
244
75
135
140
143
29
414
898
51
207
113
465
32
24
70
693
86
58
154
222
18
407
1078
101
125
151
9
802
159
196
180
1035
304
155
169
85
133
7
751
799
180
74
479
138
87
25
145
235
1000
61
1126
977
936
236
248
202
249
240
217
1182
228
98
227
216
136
168
1143
246
880
27
264
149
53
33
145
9
821
216
199
105
304
1163
18
100
84
79
207
93
1252
99
83
86
871
94
102
665
34
1042
167
226
774
102
185
145
134
33
200
68
1084
221
663
235
338
731
57
210
309
166
225
203
99
764
542
82
151
661
1231
192
491
737
33
188
100
1206
212
197
96
651
7
71
105
1240
25
387
55
3
32
114
247
12
76
69
53
365
11
168
64
100
297
254
45
55
105
117
989
3
191
704
186
245
231
744
81
1153
156
124
227
919
114
69
514
250
182
121
1003
781
186
38
804
583
683
1232
116
308
941
240
1126
1019
189
68
215
245
527
166
198
24
167
924
179
38
425
273
966
245
23
195
70
349
1007
236
7
1040
82
22
206
149
46
1019
533
883
139
1228
399
127
711
118
46
225
37
765
29
43
23
153
648
1149
137
233
227
150
231
36
63
152
221
54
237
540
139
34
9
597
76
781
850
24
250
196
191
678
483
1106
135
1066
67
1184
49
228
90
482
11
205
670
969
249
1125
747
27
1074
478
936
233
235
74
22
235
392
16
891
103
239
732
1149
7
43
208
1163
41
146
111
153
891
229
15
135
201
183
28
203
214
89
82
948
578
250
11
1122
53
1103
63
171
71
116
18
215
92
819
55
52
136
29
1042
225
162
1123
128
18
175
201
822
244
74
34
985
1100
226
78
228
171
92
960
658
311
1167
230
195
154
158
270
248
1067
143
301
784
54
174
120
122
40
35
1011
224
219
416
127
225
204
378
4
99
187
285
876
449
225
899
11
255
49
147
237
973
625
37
1038
761
127
389
85
141
415
8
151
111
983
196
262
744
95
20
400
1033
761
992
102
175
71
944
53
60
206
138
221
162
332
170
180
144
806
128
112
38
48
876
122
41
27
34
53
486
217
147
898
1174
175
90
221
731
43
251
261
61
250
736
916
490
125
63
111
36
516
214
142
214
1048
15
13
205
213
24
91
75
41
211
794
55
80
57
149
647
953
469
115
1094
98
865
53
255
100
38
20
27
70
52
16
57
62
25
42
85
4
68
82
45
22
62
54
52
60
51
80
64
9
67
21
58
82
86
11
83
22
62
97
35
4
7
60
20
13
58
95
49
65
75
73
53
37
76
12
31
83
68
18
15
53
13
19
15
1
43
29
49
90
29
12
42
57
81
6
20
11
47
91
55
66
58
79
66
84
1
13
62
71
98
0
37
43
34
58
53
14
73
36
38
33
71
68
38
85
68
66
28
73
49
98
21
64
45
48
28
75
51
2
97
24
5
23
9
14
90
41
24
84
73
64
51
6
46
91
45
68
83
4
9
50
84
36
31
5
27
13
56
79
67
11
88
42
24
62
4
71
73
78
68
85
74
62
51
70
17
15
77
22
83
53
71
39
55
56
63
14
16
49
42
35
41
31
43
89
83
6
37
33
70
11
70
0
60
13
40
28
12
65
60
35
86
44
29
60
1304
false
false
false
false
false
false
false
false
false
false
false
false
false
false
false
false
false
false
false
false
false
false
false
false
false
false
false
false
false
false
false
false
false
false
false
false
false
false
false
false
false
false
false
false
false
false
false
false
false
false
false
false
false
false
false
false
false
false
false
false
false
false
false
false
false
false
false
false
false
false
false
false
false
false
false
false
false
false
false
false
false
false
false
false
false
false
false
false
false
false
false
false
false
false
false
false
false
false
false
false
