100
103
81
234
1173
81
203
270
495
93
89
872
146
510
454
355
218
251
967
184
188
164
842
136
536
954
631
197
824
434
562
789
135
242
214
246
147
35
66
219
147
5
104
932
58
757
16
201
49
1
57
184
688
1202
16
666
197
152
215
146
162
185
119
605
147
515
149
114
157
1013
240
946
128
761
160
233
198
356
33
131
313
396
157
79
104
8
53
1231
954
148
673
37
80
170
394
47
479
152
102
4
3
584
164
189
69
203
147
116
430
77
735
935
217
124
60
165
932
0
208
1095
54
964
149
1128
202
91
260
461
203
195
10
62
237
389
254
202
210
834
1024
998
66
759
92
470
513
329
228
234
252
202
129
130
987
82
27
162
201
157
1011
190
63
19
103
262
100
147
1006
259
231
190
423
24
26
418
1198
145
745
100
71
214
984
940
1080
57
473
124
147
187
19
1257
433
771
1003
176
783
134
190
137
124
239
316
135
9
56
79
230
263
1167
929
219
236
210
249
103
766
42
158
220
13
203
161
198
621
210
527
210
1225
1061
229
665
1209
30
170
134
236
624
375
35
134
336
329
128
115
44
582
196
537
1031
259
209
138
251
100
163
199
196
572
761
101
203
631
218
3
176
791
329
98
55
1012
258
251
364
138
1018
372
126
214
249
259
71
897
1083
0
105
659
1162
87
490
904
605
323
216
190
157
164
62
157
410
169
13
93
1
166
843
203
1233
175
103
131
936
178
314
1166
226
81
94
22
602
61
954
165
63
179
165
161
88
35
118
170
1016
139
418
570
122
863
69
59
69
172
23
188
1256
40
384
84
1102
188
947
837
403
9
30
178
1182
1222
1120
8
148
175
42
24
266
999
150
187
100
383
770
180
366
116
214
193
113
76
753
242
184
137
703
664
70
164
877
183
89
98
419
971
298
458
176
6
538
245
113
224
62
1076
315
109
1132
237
788
83
171
174
909
128
198
216
82
839
641
244
63
12
82
905
124
139
241
260
154
164
168
805
132
489
10
808
182
118
447
121
209
216
247
1198
156
230
866
1129
132
91
38
267
724
129
184
242
1221
94
257
251
951
994
106
191
894
31
143
186
101
143
16
335
133
337
67
117
151
148
43
468
93
466
235
224
1229
142
115
236
149
230
1146
224
1031
169
89
1260
118
496
62
250
79
73
981
895
25
199
256
193
365
11
169
234
229
6
322
91
16
1035
1203
145
868
1
92
180
1139
367
1182
410
54
1230
117
80
412
234
200
857
75
73
1239
92
85
81
20
169
101
158
114
180
191
273
137
1113
210
1025
559
69
89
150
127
75
37
80
46
956
148
828
72
421
53
55
183
476
185
112
92
3
171
42
155
155
104
1215
99
74
544
69
515
45
378
1044
30
134
131
118
23
710
159
214
365
211
238
849
56
59
240
111
169
151
17
58
125
225
53
52
491
205
220
989
81
411
495
1251
26
227
208
80
194
215
998
47
423
1116
694
71
154
832
130
462
76
165
678
1118
1209
244
381
794
927
3
0
977
735
919
95
98
1043
250
253
822
406
1173
383
209
214
150
709
1081
253
243
1256
237
379
349
58
206
973
110
192
216
121
234
194
722
143
41
689
913
889
1027
184
9
203
18
36
92
83
75
84
391
697
244
16
12
192
175
613
50
3
149
198
31
248
68
116
222
248
881
31
848
1116
78
1043
143
57
229
188
1150
52
226
81
106
511
900
868
83
90
27
39
1259
25
459
1240
221
180
16
85
727
26
1216
105
96
668
59
37
610
200
150
119
848
227
91
101
281
213
785
994
770
920
1002
120
144
97
879
676
51
117
158
109
251
117
228
213
111
674
43
197
136
704
197
229
155
479
262
129
123
221
85
1244
1186
124
59
73
16
42
161
20
34
20
150
13
116
1
167
164
119
156
861
253
867
170
146
110
293
784
107
100
178
1245
823
233
138
166
61
232
269
100
250
30
153
15
72
131
801
230
192
39
1158
140
0
165
162
253
301
194
232
30
122
134
133
639
46
1033
17
124
1194
199
190
463
248
268
895
1216
1213
24
362
197
79
252
70
521
142
123
125
1160
630
969
179
225
52
399
60
130
12
68
169
439
993
141
235
820
412
245
374
61
435
189
1183
60
52
1045
774
219
134
128
37
437
70
204
1078
57
1183
199
39
663
136
474
801
768
266
89
13
497
111
41
61
176
1196
9
121
141
247
217
102
202
1064
69
824
83
124
865
505
78
29
750
255
636
483
36
417
253
877
222
138
224
248
464
1068
56
38
235
1166
31
312
616
583
150
957
976
119
250
247
250
148
297
205
908
18
98
67
200
618
184
155
129
172
7
623
275
164
93
155
677
88
10
399
146
199
736
115
107
11
258
169
54
263
32
95
362
1178
82
1225
864
170
976
66
107
81
104
76
152
123
199
10
198
1029
254
141
87
615
982
252
181
147
156
1
157
147
93
27
1263
54
906
214
27
123
1149
28
1084
75
18
39
1073
75
39
147
1223
135
99
16
831
200
162
174
198
54
134
40
7
1143
23
177
754
70
244
41
153
35
311
1063
533
945
197
96
28
146
931
1015
14
13
1089
90
187
137
170
187
214
238
130
844
660
242
38
17
133
162
479
233
490
1188
367
5
45
235
641
127
139
258
1021
148
980
39
97
370
249
201
56
10
13
211
15
214
245
878
218
124
919
874
59
8
126
109
219
197
91
193
630
181
1229
954
187
140
122
53
17
1128
107
18
219
99
403
51
220
47
584
82
99
136
16
198
80
77
61
70
653
95
1161
251
565
72
194
2
135
229
247
184
67
508
1056
51
211
62
161
255
451
1189
23
118
26
439
65
110
118
977
703
679
387
1043
926
250
20
594
74
1066
120
57
42
214
70
398
1088
13
32
419
214
240
76
258
33
138
237
192
352
1171
166
258
61
96
255
602
18
132
165
218
726
427
294
103
173
121
994
439
75
150
179
763
233
252
245
149
61
663
14
58
415
131
78
401
334
138
152
58
70
19
239
632
196
243
1033
111
55
911
7
549
305
87
66
4
44
461
71
246
245
19
236
536
324
256
944
1231
201
59
478
405
32
886
74
748
382
196
98
1185
153
34
29
778
242
81
487
160
222
162
99
885
73
48
847
951
137
665
123
1035
880
173
953
34
618
77
198
262
618
228
119
221
241
1025
509
189
7
91
33
86
119
1075
175
571
143
53
47
8
149
6
919
28
170
143
89
584
242
24
67
695
202
621
34
243
88
108
245
222
183
77
71
942
743
200
93
190
1112
33
716
235
112
55
164
164
1103
152
23
529
58
191
201
245
493
38
129
260
119
211
23
181
969
30
163
144
23
81
220
1248
277
254
238
33
162
28
98
1114
168
1162
217
52
185
2
681
250
1083
111
182
1223
749
535
25
250
207
529
29
172
197
974
204
207
84
1012
205
113
555
110
601
215
99
845
145
210
63
66
513
220
108
64
392
35
66
1190
461
165
248
27
75
538
251
320
157
181
135
649
914
162
52
147
145
209
10
383
934
1073
332
997
163
245
81
281
135
226
69
154
178
542
596
229
246
106
208
965
111
705
253
22
259
142
155
253
99
321
11
1
144
778
177
213
526
284
72
827
139
3
385
25
208
86
107
256
231
261
59
167
259
195
78
188
138
476
226
251
78
232
224
436
223
94
252
545
58
1
179
84
141
246
51
101
319
955
254
66
1108
458
46
141
103
123
258
153
30
293
463
1117
25
37
208
142
67
100
127
120
255
100
128
1078
99
251
228
245
144
103
11
173
207
208
768
239
501
553
121
215
47
279
124
691
686
575
163
145
412
124
968
20
845
14
177
136
95
59
1076
1097
481
241
540
1096
207
865
130
853
507
78
220
445
165
355
48
125
76
256
137
204
907
198
185
45
228
165
21
210
111
220
196
105
252
241
175
251
828
204
114
575
243
216
97
243
72
690
388
27
115
831
1138
111
1190
58
1193
1233
77
3
580
148
149
216
147
222
1039
151
1150
150
158
201
138
1086
188
145
266
449
73
163
262
37
164
1165
391
234
191
1040
1216
41
254
247
870
518
400
142
929
150
20
1060
224
761
149
161
976
176
62
96
13
175
366
29
263
52
221
880
1190
253
37
176
230
110
777
344
43
944
240
774
134
235
50
646
245
484
49
58
1262
207
18
237
60
222
905
42
104
918
48
249
89
241
815
59
19
38
1141
200
492
235
245
992
170
219
49
62
894
240
147
1022
51
249
886
624
86
156
81
753
63
445
83
233
959
276
79
1103
288
547
218
199
143
165
216
164
1029
80
489
77
121
139
729
771
1023
72
251
313
115
131
238
915
142
168
56
463
968
144
197
142
251
252
128
179
1254
144
135
442
1103
873
11
210
167
199
93
11
10
467
162
96
244
865
200
470
220
215
190
186
12
252
855
7
302
153
7
789
8
699
172
90
225
110
213
29
105
35
870
621
796
682
514
262
831
144
847
155
145
658
925
36
227
1024
102
218
336
210
263
222
125
182
821
781
193
159
97
950
246
183
164
217
149
677
51
257
22
1255
811
587
725
17
253
68
237
124
59
935
337
664
664
180
205
497
108
137
33
77
158
421
45
139
87
743
854
965
5
611
263
46
1012
188
464
61
678
251
163
552
180
878
41
17
219
233
128
140
272
152
200
62
227
170
40
119
39
239
229
1248
352
979
116
165
1243
96
75
204
121
15
875
756
1187
143
1056
1127
15
76
358
255
9
745
134
124
162
29
262
115
421
1178
180
48
60
184
36
1165
254
46
236
832
548
193
919
160
519
51
78
480
1172
29
56
115
463
36
1067
645
242
191
168
1128
23
102
202
204
9
509
39
172
191
150
237
928
1257
330
1101
237
96
704
52
126
153
180
924
158
587
1161
231
1115
236
39
124
1084
1231
621
119
411
352
599
45
1244
189
16
941
523
191
129
191
2
246
168
48
864
120
113
356
194
27
16
522
653
454
796
43
705
339
686
251
247
183
247
838
180
560
181
28
835
197
317
1204
1046
50
298
76
126
1169
60
159
238
1
114
61
99
73
88
54
910
1197
665
86
407
16
229
58
44
64
147
226
872
222
72
957
187
170
38
231
816
58
990
149
202
35
485
174
685
78
106
492
139
172
110
25
28
194
90
610
180
965
732
1151
200
247
178
184
888
72
132
9
126
12
813
54
606
235
235
199
1204
180
666
117
248
1032
517
90
1260
5
109
1085
116
16
214
1083
548
17
177
46
933
1258
788
154
1233
616
139
2
178
664
235
1263
198
690
465
1241
253
226
126
251
536
241
125
826
172
191
795
14
485
172
446
48
1115
66
406
154
127
221
103
209
206
58
60
254
837
1026
237
112
98
208
49
83
73
1214
860
59
1092
732
114
65
193
945
41
4
136
15
243
129
98
226
65
148
922
169
120
100
1167
732
159
210
232
235
15
193
1142
93
257
871
421
886
131
490
226
86
83
132
182
545
777
135
201
257
49
1241
191
14
14
17
102
38
136
263
173
1172
623
1055
1223
212
12
38
53
1085
158
163
743
149
227
71
75
216
186
173
796
73
71
98
100
1047
23
53
1001
249
943
600
747
170
328
812
236
69
206
617
1102
529
244
155
88
589
113
165
249
156
765
858
227
195
92
222
112
1062
97
1065
152
69
228
131
185
108
140
65
149
31
421
318
39
50
147
210
245
934
44
62
767
142
114
229
118
701
54
237
141
577
70
867
211
259
215
330
183
148
82
188
122
185
147
942
192
0
5
304
230
32
87
91
213
524
201
112
117
536
135
943
106
650
52
253
1131
58
1040
92
285
562
450
294
99
365
638
210
9
3
64
85
180
804
1207
274
307
144
970
946
48
5
1253
4
176
160
93
102
614
186
207
889
1123
244
101
296
561
154
168
145
202
164
134
170
245
184
189
228
185
217
742
68
24
178
186
1260
165
251
536
46
77
163
429
185
161
107
369
169
882
193
256
979
428
145
398
893
51
1085
313
994
232
1231
1107
36
188
625
205
1048
1114
1075
13
181
233
229
88
708
40
80
160
849
136
232
246
920
173
92
1056
184
789
28
108
123
254
450
195
171
155
385
206
918
208
169
220
99
73
904
186
138
750
193
592
16
26
145
1258
80
183
1060
68
194
258
1236
469
463
645
1050
132
186
103
986
62
96
517
219
597
240
885
228
57
460
229
152
371
190
176
106
37
131
784
1057
763
107
140
157
196
406
44
143
448
151
191
500
91
117
779
115
208
133
53
1194
23
64
716
164
208
187
514
813
149
57
362
11
923
35
67
223
569
1072
466
1090
166
148
795
240
278
589
857
103
38
184
121
1096
147
72
195
173
63
479
176
1201
235
595
20
714
526
770
205
218
212
189
169
1209
174
232
412
84
432
232
479
185
662
603
25
200
181
227
82
251
120
35
770
22
40
727
262
31
90
104
1003
438
37
30
225
62
208
643
96
122
376
222
269
200
159
5
118
145
70
513
129
62
243
37
41
28
187
615
89
576
369
261
206
500
212
193
1000
32
445
45
89
48
118
223
60
228
259
630
558
195
460
74
137
446
1225
87
68
187
788
122
51
167
130
50
44
1042
106
1184
63
246
467
655
549
192
986
92
202
1157
777
142
35
102
257
454
248
212
240
168
50
179
179
224
1141
3
109
614
95
802
213
426
15
18
156
239
62
217
220
11
793
36
193
61
4
178
35
262
248
6
26
232
189
141
248
209
88
356
34
856
254
938
975
606
694
620
79
127
147
267
252
238
207
55
604
59
681
1103
124
232
199
222
1254
271
12
64
315
101
3
146
801
74
193
4
415
174
150
234
979
141
1212
142
194
148
214
208
152
241
1170
30
75
1246
159
531
180
149
15
115
1093
133
22
125
195
123
104
103
253
738
438
101
250
891
257
43
119
757
197
853
126
869
575
141
168
86
71
93
268
59
206
824
124
559
161
1253
990
315
139
92
209
336
38
254
891
160
178
224
129
81
196
232
231
41
64
158
235
234
231
28
646
191
146
182
226
133
108
554
52
91
971
9
675
121
246
140
95
228
200
47
90
536
1163
216
986
548
230
440
28
49
151
152
874
91
209
261
166
14
815
141
132
817
38
303
107
262
910
182
1100
231
193
198
601
162
27
197
39
134
543
611
52
19
64
378
928
981
157
253
176
74
218
180
190
134
198
279
202
653
183
38
131
185
127
31
1102
0
202
751
142
127
653
223
121
88
136
8
1081
439
228
87
176
113
1182
193
250
203
202
927
630
72
223
251
125
115
1249
241
337
160
898
263
135
1103
143
148
93
81
97
52
612
104
800
81
710
131
129
11
144
39
81
193
1209
702
128
629
161
699
167
1036
122
172
89
1027
234
446
341
874
38
260
9
180
240
80
120
245
402
40
125
122
496
10
821
252
186
207
65
229
599
1131
985
128
250
1123
649
133
223
157
295
162
22
147
178
170
695
128
140
242
29
1048
65
214
219
4
110
0
9
19
634
137
22
106
183
445
191
189
129
1035
7
146
117
138
44
149
123
261
232
254
77
280
861
12
77
527
391
653
34
565
30
139
27
955
217
440
225
204
195
186
777
103
0
1015
479
84
240
217
228
229
51
179
129
223
68
226
177
390
774
69
130
27
177
85
108
89
125
965
48
211
156
466
89
256
1084
147
174
71
139
73
221
235
217
0
169
7
1145
100
717
145
887
93
263
211
146
219
61
701
219
9
202
388
260
981
977
142
114
46
48
243
1219
436
199
797
320
244
70
136
827
961
234
914
2
1195
255
67
874
155
174
126
20
212
121
150
842
652
2
17
50
240
111
88
26
1099
184
204
610
1199
231
178
252
145
830
192
167
9
260
213
503
63
80
76
126
1047
1060
177
246
245
370
994
684
33
66
86
70
220
10
209
85
241
1236
278
12
260
435
979
150
357
13
240
1075
166
810
951
179
24
418
1173
944
914
107
255
712
882
25
30
649
456
227
259
339
2
492
402
105
42
7
859
359
17
442
76
269
32
27
167
1098
881
1085
1066
193
58
1044
90
559
241
652
230
2
232
1093
145
243
634
58
1048
180
36
52
752
939
212
19
561
1037
21
237
245
1107
17
813
104
119
181
661
977
207
24
75
1208
945
235
903
149
677
129
651
47
142
168
97
218
32
14
576
15
187
389
95
927
774
1224
720
1096
228
51
1118
174
82
125
142
74
30
1113
129
343
209
192
1064
135
150
216
262
193
1192
24
2
158
223
89
761
119
3
78
103
736
15
44
1087
672
87
10
38
222
225
66
92
69
199
165
42
72
859
235
1156
118
250
968
199
134
41
167
12
228
42
235
91
58
575
64
1232
23
181
614
1097
995
491
886
22
176
168
226
215
170
119
152
25
192
294
16
1169
160
170
241
158
870
76
527
1075
245
262
240
138
75
94
145
241
193
218
237
160
257
1170
374
129
710
129
353
942
38
28
78
110
227
144
246
337
1205
55
539
30
521
1196
130
123
165
50
491
245
24
968
175
979
126
151
785
103
1226
209
86
236
242
204
580
464
1230
853
790
907
169
205
53
1158
238
447
48
237
499
167
69
133
185
260
677
118
209
758
35
25
152
208
125
58
195
142
97
158
395
160
209
158
194
285
1103
66
468
0
769
143
479
22
213
25
106
245
45
544
233
207
44
519
630
172
319
1168
73
1163
1021
8
289
97
223
209
25
23
928
122
219
1176
108
857
127
128
29
137
261
53
841
939
190
106
189
233
62
39
237
246
29
1209
1120
135
136
104
192
92
76
147
231
127
76
109
1228
963
205
11
955
213
232
1036
16
262
736
255
244
799
247
1247
797
644
93
130
1018
177
225
173
940
111
461
225
30
151
45
81
14
101
128
121
817
222
85
80
418
250
47
126
19
66
153
326
137
114
186
445
28
0
1090
1088
68
42
83
17
205
76
208
1011
115
1183
168
209
822
1090
243
82
487
85
115
127
256
64
885
259
136
128
1109
82
12
378
189
114
79
14
5
804
34
260
20
1091
43
442
45
555
986
43
922
51
287
184
189
779
637
171
145
1238
66
39
205
129
196
945
1192
257
220
137
749
832
134
57
401
121
199
548
16
151
21
24
778
657
90
84
1179
89
705
338
14
63
71
629
218
258
107
964
709
215
125
229
59
39
226
490
311
29
22
207
39
309
504
145
204
214
121
144
143
800
804
165
125
110
103
396
228
973
72
259
131
67
105
65
101
816
45
911
190
71
151
90
124
206
777
14
62
1225
258
139
16
146
871
916
197
244
91
131
19
259
125
630
242
205
88
68
324
219
54
792
430
208
132
36
245
1088
194
63
66
146
223
7
534
110
96
95
158
199
209
90
415
1250
1058
117
226
445
139
72
1201
24
1199
53
56
214
84
159
60
117
25
124
207
721
1111
252
17
236
600
175
168
153
35
249
120
148
245
89
131
1059
136
669
219
495
263
159
82
203
224
27
264
59
240
334
652
558
82
16
209
645
144
202
403
241
111
216
263
112
7
136
126
255
209
129
65
49
94
1012
126
1070
254
158
337
92
150
83
243
2
192
436
1071
71
295
258
47
943
127
104
539
53
89
68
873
322
116
1189
301
100
85
838
859
183
175
1
71
47
27
685
99
163
337
120
1001
108
493
133
892
1203
1154
631
491
430
105
739
326
218
35
258
190
122
242
68
168
62
100
189
1155
308
839
739
725
539
238
149
1081
178
1154
21
147
101
592
71
809
0
33
255
116
185
253
182
116
697
239
78
128
1163
116
225
99
780
171
237
1119
105
5
194
157
131
990
81
154
133
178
142
428
212
56
263
331
246
1146
99
48
187
114
524
32
47
726
180
761
45
701
427
178
1244
1184
263
247
94
193
49
195
1084
174
486
268
98
102
139
763
17
258
144
24
39
197
14
249
152
4
248
227
176
111
189
207
214
165
1036
158
795
203
917
93
224
901
78
250
1123
403
620
868
26
861
245
70
229
7
92
43
96
77
172
707
126
159
851
1053
103
190
1
338
138
205
46
176
211
120
6
76
62
263
928
46
249
580
258
184
773
120
206
1247
5
50
224
56
126
111
102
188
133
146
46
172
171
221
122
100
540
1046
63
163
258
43
137
233
158
133
135
256
112
240
493
84
9
41
261
538
192
1190
60
747
745
937
875
1058
991
77
227
9
251
1159
191
1120
177
765
133
134
186
130
101
93
164
240
376
169
259
83
145
953
148
588
431
133
236
3
249
197
4
228
160
120
192
187
15
1146
130
231
238
20
307
1002
1242
823
43
758
230
112
75
1
22
190
154
265
62
207
92
1209
310
182
36
506
280
71
27
554
32
217
38
216
147
698
211
141
128
198
723
148
9
232
106
122
394
879
34
14
241
170
163
233
988
116
414
759
69
552
228
364
153
125
731
992
340
34
585
219
166
34
6
144
648
226
62
205
239
166
276
1129
272
887
280
1125
1130
575
146
1259
1134
2
43
9
122
126
162
1199
89
195
261
108
116
236
187
164
260
60
248
748
228
9
97
1132
243
148
187
92
56
686
144
95
84
156
1081
178
539
244
196
253
178
13
159
232
170
58
218
143
235
71
257
142
209
218
991
101
186
75
1164
213
214
140
72
1
109
1008
253
1070
396
615
144
858
1071
81
263
191
160
158
180
233
30
396
192
36
62
320
1128
702
182
11
387
58
84
254
170
467
146
182
230
268
253
8
109
14
233
213
5
354
142
1063
1039
74
566
161
261
908
204
139
3
54
205
148
81
114
594
229
166
995
52
172
118
1190
246
902
429
18
79
138
986
1152
28
197
260
370
161
184
256
71
145
11
232
757
129
142
116
166
201
1114
77
195
674
35
204
219
24
24
159
37
776
81
620
504
131
1048
1060
138
1113
424
89
646
231
73
47
260
233
1033
78
196
815
1259
686
674
452
1252
41
611
49
240
188
14
94
1153
69
116
106
376
158
96
245
9
240
224
244
35
40
57
845
293
262
77
62
194
1008
64
642
101
123
175
83
165
218
143
152
1234
508
1251
248
237
1137
206
1205
1019
149
172
1090
115
252
565
157
11
124
1130
1013
782
357
150
172
152
987
981
277
239
1122
223
70
44
177
261
215
232
119
1251
9
31
9
1084
184
231
297
193
65
625
616
362
1220
79
148
506
210
188
834
830
103
1023
117
246
193
239
1020
179
150
1167
840
119
122
107
178
199
214
737
241
796
97
1001
170
237
235
805
549
13
148
17
94
243
521
131
985
253
159
27
213
651
29
156
1042
1194
534
1
186
197
1004
200
163
45
766
162
122
1075
90
16
73
256
179
119
177
115
211
284
24
98
121
137
132
191
237
6
30
340
262
47
72
47
34
20
214
182
366
244
104
172
489
880
246
42
117
486
210
134
6
1203
849
1174
200
127
626
805
76
116
1173
117
91
23
28
227
81
13
164
222
419
199
277
104
225
110
14
131
348
582
217
228
72
199
228
266
219
239
125
1111
228
705
165
182
260
160
62
163
239
164
77
238
916
179
263
1247
936
72
559
186
535
568
38
837
67
1096
1
1229
258
1168
479
164
171
1130
128
53
193
34
574
197
206
87
423
156
201
936
232
498
128
480
171
50
22
123
162
121
157
78
193
63
77
97
159
116
219
144
173
68
18
21
181
987
245
360
211
161
970
191
223
1119
952
533
89
248
233
646
603
16
192
81
994
1144
108
316
93
743
219
139
12
258
863
522
529
244
956
1085
26
190
71
214
180
928
832
215
1033
245
280
227
651
395
51
641
1166
864
255
233
233
277
483
204
173
55
176
191
1076
232
451
32
130
610
160
735
95
36
8
174
83
250
259
41
248
832
446
222
155
1151
182
142
27
103
227
1226
152
211
358
102
28
1239
186
232
445
84
230
25
232
947
896
58
143
221
171
1088
60
513
234
153
99
750
66
212
179
811
67
60
21
350
1079
101
51
1138
145
237
58
1246
247
484
56
525
200
964
230
192
7
649
182
869
21
89
21
107
58
28
234
115
588
1220
717
504
125
214
192
175
121
583
1057
103
1021
680
21
298
113
106
30
170
94
794
6
668
129
29
33
880
213
172
238
30
244
41
902
209
39
152
251
184
80
47
106
24
887
221
1209
338
97
150
201
91
122
116
20
166
172
215
87
259
805
150
921
1204
69
1219
514
10
237
235
196
419
1024
1187
221
255
125
251
211
94
186
70
958
763
26
152
136
11
224
1206
208
14
249
601
250
21
222
1019
0
906
431
207
188
306
56
1053
1043
677
231
75
907
668
19
148
317
138
254
773
1163
204
124
122
2
360
81
45
609
25
54
263
1096
904
109
204
153
12
1248
11
1098
563
133
371
153
214
60
895
206
440
166
259
115
127
608
124
247
1
94
210
30
88
175
25
274
878
199
267
653
1105
256
23
164
24
1231
381
229
99
1149
63
121
206
59
146
2
46
164
154
109
242
758
840
473
491
1113
1007
118
1163
549
50
199
121
592
48
239
284
14
40
119
259
182
221
286
19
259
202
15
48
240
333
30
73
50
672
210
8
154
59
260
48
96
91
526
581
24
102
997
54
224
76
759
198
144
135
245
70
1200
843
258
820
60
158
33
144
43
1208
802
401
163
724
941
131
191
1037
340
251
329
25
277
9
95
569
30
540
209
118
151
145
16
925
315
228
185
716
198
61
104
610
175
68
157
154
135
149
257
16
153
253
201
202
255
226
866
167
91
70
267
259
251
571
1133
177
82
80
205
79
877
82
17
197
1019
259
214
37
1044
183
560
700
171
361
122
255
892
194
89
167
1197
962
204
21
48
124
550
157
479
750
770
119
95
158
254
153
149
317
1016
133
99
15
1187
569
1187
377
27
698
450
857
876
47
214
26
110
124
296
148
19
635
91
751
1007
220
466
17
175
838
813
107
506
83
180
31
42
559
538
164
172
809
18
1120
235
209
509
996
0
119
98
260
221
986
1060
84
244
798
48
147
380
868
195
259
244
1053
47
198
118
191
150
154
725
62
1237
174
126
187
1130
338
202
121
102
2
2
538
980
299
305
933
151
900
13
939
87
350
230
13
108
4
381
79
9
1051
894
128
154
155
62
199
262
1155
68
255
973
520
227
27
74
222
94
98
241
29
627
179
441
205
168
90
524
41
145
129
154
248
95
639
425
431
57
180
87
871
263
106
21
117
1201
197
1013
724
44
124
261
52
356
253
1098
78
155
156
149
62
256
196
553
255
248
35
82
258
241
50
1238
230
1129
499
1032
864
227
729
112
381
41
362
155
251
50
688
224
251
29
99
593
1097
1028
176
86
162
74
229
53
972
701
241
36
633
4
904
1132
147
249
53
920
665
223
566
811
185
180
67
1213
659
448
159
222
900
4
21
233
207
1244
59
1026
93
629
74
304
6
158
123
499
142
218
187
1158
416
101
351
141
565
178
208
136
174
211
248
206
213
496
131
154
224
125
79
1185
350
625
99
194
887
241
3
412
231
89
801
26
3
122
1069
498
1241
36
70
41
180
134
399
144
846
1016
194
618
740
239
71
147
149
217
54
338
298
356
104
143
1151
331
201
117
600
1104
193
216
261
1146
229
144
254
217
74
1068
102
228
659
407
219
105
165
511
212
45
777
176
585
1103
434
204
175
65
138
102
169
430
217
225
71
1213
1038
741
242
700
155
210
605
245
228
131
125
140
56
84
42
38
102
580
851
458
153
211
1013
436
124
908
21
957
54
164
536
547
591
1
185
7
929
811
739
241
583
957
155
6
8
132
39
242
116
678
208
238
253
13
131
82
72
105
1011
235
169
745
137
118
146
146
116
234
187
245
256
786
227
221
243
152
117
238
131
27
195
575
945
17
71
1240
136
109
756
212
765
50
809
128
216
197
141
674
1106
198
60
34
645
119
72
3
23
243
408
930
206
48
212
254
196
141
653
102
412
124
105
261
10
160
166
161
183
112
114
727
211
226
161
48
784
144
22
79
1133
782
71
208
168
313
1125
130
2
368
89
262
567
879
160
197
227
207
1056
556
293
1263
152
195
199
173
11
1249
171
21
229
538
23
208
932
193
82
46
103
77
124
1236
450
31
233
78
224
418
38
190
263
578
1154
82
887
253
358
177
186
716
621
126
1005
250
68
35
237
963
250
223
259
1118
81
64
1056
124
26
193
249
390
1213
21
179
49
62
201
143
45
184
77
79
593
1110
219
159
249
860
862
188
952
18
332
120
253
41
28
27
138
163
1064
147
991
190
52
68
715
193
108
72
987
246
201
17
121
6
53
481
213
23
1001
192
751
185
1206
213
147
123
536
771
122
219
116
254
71
67
835
11
223
308
244
163
464
158
166
47
274
77
186
221
216
125
13
1065
192
263
123
220
1070
1154
101
9
1020
137
51
130
13
1235
634
639
213
125
183
206
138
34
26
611
1237
251
668
106
25
127
112
143
59
60
293
108
256
211
25
1251
369
63
23
167
121
118
42
87
741
22
207
195
875
57
319
60
1067
129
130
207
160
939
444
979
200
400
1043
182
87
447
246
171
183
236
207
38
203
12
170
213
607
110
83
97
25
194
971
178
803
141
83
959
414
91
87
1123
255
131
397
504
109
151
963
1199
72
128
115
205
204
205
97
96
99
261
67
96
1070
135
192
230
52
169
961
407
25
438
11
9
848
102
131
195
217
201
127
209
75
219
387
950
226
258
1065
120
154
91
183
136
209
616
373
414
832
244
84
144
194
44
255
115
620
135
189
8
123
271
236
416
24
182
31
160
990
1073
49
118
34
944
71
185
170
155
154
228
206
982
90
130
10
69
11
27
185
1152
59
206
147
8
177
116
583
23
1096
11
873
316
337
640
181
220
148
219
241
241
983
54
863
239
1180
1030
576
105
159
72
201
48
6
149
145
492
167
94
833
152
412
247
234
185
33
103
42
63
164
182
991
259
36
350
289
807
91
1203
36
240
796
26
259
311
28
172
198
227
164
836
204
48
661
268
233
58
58
84
1017
42
473
923
42
127
82
203
125
582
69
136
78
555
240
153
255
557
719
622
856
501
241
607
753
918
473
187
1118
30
202
70
154
323
194
73
60
375
359
237
252
285
188
1055
358
304
213
134
61
626
46
0
97
90
55
136
113
140
202
674
1
981
219
37
53
156
87
119
715
250
1173
60
101
34
183
255
116
1169
929
647
21
110
25
243
111
59
21
54
147
105
31
123
650
688
20
25
122
196
576
223
153
1160
99
496
184
47
182
385
0
469
78
46
16
1082
816
64
140
350
42
657
1015
22
1080
829
130
1101
396
50
378
155
1085
136
37
1001
24
154
189
99
49
11
243
60
91
97
740
140
163
141
255
29
120
217
221
889
61
855
31
69
109
1184
195
185
1190
210
95
62
262
112
548
1181
945
230
35
238
168
146
35
134
610
20
136
175
94
126
181
36
23
459
83
833
231
571
703
159
339
62
215
453
157
708
53
55
156
771
242
251
165
200
499
231
101
884
248
828
37
120
271
381
420
9
229
1256
112
116
45
163
525
722
262
79
1131
93
120
521
180
385
71
1131
42
179
526
47
61
61
157
732
155
111
276
262
86
111
565
194
33
1226
141
494
218
1024
98
157
913
595
870
217
247
711
194
55
1224
35
91
430
193
223
1233
143
89
76
10
1046
780
30
715
135
67
852
255
385
244
94
61
206
40
102
525
840
39
215
1043
885
253
49
178
28
57
250
210
53
240
69
163
221
125
239
47
311
28
212
51
75
162
222
797
234
38
542
39
119
259
344
610
103
211
11
252
257
68
790
194
1191
239
76
182
1099
91
120
1041
754
526
241
73
252
164
199
964
57
197
531
251
69
59
242
24
28
49
379
79
198
781
412
72
68
246
816
2
80
645
131
1138
8
128
43
50
1028
90
105
89
219
180
574
185
145
15
110
675
236
207
823
45
225
241
186
228
51
173
193
233
236
1204
127
1040
154
210
163
868
987
620
508
20
56
107
157
33
61
119
1242
869
175
149
57
220
252
433
922
134
254
228
175
235
104
118
164
101
1223
124
223
409
777
395
40
765
105
1242
698
251
168
892
968
236
1037
195
192
1078
238
5
227
38
468
171
594
1230
98
180
114
247
22
718
136
904
150
1261
494
781
4
1
100
1167
50
1012
1190
970
174
193
156
1202
215
182
237
205
1133
218
570
11
84
7
169
248
65
104
159
184
107
1068
124
178
139
305
475
950
172
345
742
158
211
64
109
144
151
163
208
209
1089
538
104
83
69
550
26
231
151
243
91
4
591
39
260
590
173
152
63
46
244
2
143
40
90
14
12
712
654
260
300
196
1169
241
378
812
229
169
219
1125
576
126
228
873
233
933
1253
15
194
1224
208
169
788
111
217
64
181
197
183
170
428
1152
129
724
483
1
10
208
108
152
14
320
716
120
130
240
1051
776
86
55
74
152
206
702
186
8
356
159
27
100
520
46
530
74
1136
851
129
193
135
62
138
971
33
73
156
971
61
17
1076
80
1193
1173
901
920
9
133
232
525
73
75
92
91
1037
357
398
103
143
224
17
929
113
238
144
162
110
249
742
790
133
77
92
195
262
49
211
192
34
510
877
974
70
822
176
562
176
126
10
248
48
156
965
1097
1008
8
1004
21
852
246
396
49
122
123
1196
274
1163
163
132
952
40
145
49
51
981
15
15
233
680
184
885
21
98
117
44
713
716
5
104
93
83
186
133
484
93
722
210
1182
193
644
137
896
234
118
180
149
124
829
505
176
149
157
47
63
77
44
190
49
110
259
91
112
20
44
41
1224
125
1212
216
133
1249
258
81
16
842
46
407
67
365
114
23
256
143
132
192
165
57
42
220
170
740
227
76
96
109
76
776
35
233
1080
228
1097
1025
183
187
113
111
112
40
180
23
622
263
111
119
5
72
94
366
181
108
1066
48
374
205
180
575
1218
26
63
147
183
168
201
147
489
1209
554
169
1211
137
242
234
71
75
207
203
1065
144
220
236
15
135
851
32
187
85
244
915
359
239
219
98
47
635
237
158
2
66
234
153
665
120
244
118
374
698
687
165
686
694
62
28
1039
86
84
470
234
229
112
176
9
479
14
110
489
1061
101
1058
137
230
1219
989
625
103
90
1028
1180
124
38
195
181
68
77
149
877
456
757
697
147
1067
432
14
194
19
34
512
38
158
249
103
1030
134
252
551
67
277
581
18
871
73
6
95
135
0
311
1158
833
116
198
225
294
1057
132
53
64
329
159
606
85
22
1194
101
1
136
613
197
719
322
315
209
41
9
87
160
211
52
237
777
259
228
255
175
147
53
205
677
101
603
131
1241
965
1118
174
149
27
46
599
953
446
214
62
954
73
76
127
190
169
1023
224
149
76
160
152
121
259
161
306
342
144
1216
575
282
1256
36
31
389
146
238
104
474
582
361
1132
204
239
731
87
1161
105
25
55
170
90
38
194
872
124
588
410
160
209
208
212
184
109
42
732
63
1048
1258
898
1032
41
180
199
199
763
796
192
658
139
1114
1177
200
63
111
19
557
192
86
719
116
72
291
72
67
405
31
156
154
179
41
3
259
85
949
86
59
1173
65
305
119
127
43
992
224
906
236
1189
231
14
7
808
120
813
113
189
203
174
10
1105
390
1061
1235
205
1083
156
134
977
120
157
153
409
98
445
1058
139
216
2
19
263
190
477
7
109
118
169
659
682
168
73
85
3
1043
141
72
1023
1121
37
254
32
190
44
100
98
185
166
905
139
410
177
190
1001
58
519
62
78
445
42
127
247
346
191
200
56
17
251
8
33
1147
256
813
1163
46
168
410
99
750
160
238
990
28
215
196
315
11
244
205
172
61
186
263
92
977
54
113
89
240
39
204
3
291
21
59
155
30
219
227
37
104
957
107
69
32
466
69
117
601
474
2
229
798
216
2
201
62
176
233
1063
705
114
530
213
136
565
200
230
728
260
111
758
23
204
1047
105
37
139
425
55
20
122
751
259
448
68
127
31
888
228
553
192
210
10
140
248
474
230
692
46
203
851
127
759
275
1165
218
745
107
251
144
26
149
245
155
20
428
198
104
244
958
242
183
294
261
177
873
338
233
346
208
194
695
128
153
681
205
136
100
36
146
32
218
4
130
17
1206
138
248
6
261
194
194
74
197
168
216
685
41
453
125
240
338
266
148
1035
87
98
563
261
238
1172
203
92
304
199
69
176
464
52
70
420
124
455
11
533
138
102
133
24
12
104
222
1071
1060
1110
34
101
80
132
1071
61
486
1112
1076
158
0
106
101
57
753
154
20
89
294
133
185
233
422
16
123
665
1130
42
109
257
141
462
33
252
36
134
143
222
966
249
919
198
180
693
18
44
162
181
916
771
772
83
205
160
169
22
26
128
907
221
1104
197
205
202
210
58
83
776
165
578
828
661
202
172
1211
256
260
113
41
243
173
20
12
105
21
232
27
169
179
157
87
25
17
108
772
115
1075
221
37
754
240
40
226
229
63
208
701
331
59
17
552
125
87
915
96
79
2
11
397
743
1060
241
63
212
775
116
10
199
462
71
42
93
160
15
303
258
61
971
954
94
183
1186
461
212
1235
1056
671
846
1165
200
109
178
207
50
226
175
218
198
47
160
218
7
259
31
1173
129
115
211
84
347
218
98
241
5
74
479
119
43
265
4
13
1111
157
88
138
234
783
131
154
51
715
1229
263
581
462
154
480
37
998
255
173
114
725
214
1047
235
190
1054
1085
28
110
1131
50
232
76
507
15
31
104
198
311
194
967
413
325
90
205
180
231
1220
73
176
38
223
132
145
179
859
233
16
51
11
62
218
1084
76
1042
194
85
83
252
762
49
179
74
451
140
932
1199
743
148
260
210
309
1136
50
221
53
140
141
220
256
323
56
98
201
91
65
311
21
244
1221
203
342
240
174
107
196
244
36
139
226
1029
135
1155
87
780
35
210
185
58
249
717
179
100
204
624
24
39
225
179
213
164
173
70
130
29
131
868
33
46
235
204
213
36
59
10
732
25
194
378
29
957
335
149
162
182
1054
482
647
128
90
174
192
701
588
459
110
191
690
612
82
168
16
191
248
192
66
233
93
262
55
85
1225
429
543
237
230
313
189
294
630
263
142
80
400
128
984
804
202
37
99
68
88
44
107
77
1180
161
211
207
19
21
258
67
230
35
178
76
109
157
51
6
69
1067
172
1234
187
1115
538
383
615
81
1095
202
226
209
1052
302
103
79
78
308
165
197
140
4
258
189
70
322
161
1178
903
225
117
251
228
218
19
64
35
1142
1059
906
212
1167
231
15
35
1035
194
1043
91
120
138
503
915
129
231
69
53
71
209
249
258
151
276
505
70
90
15
230
210
168
800
184
196
100
217
150
320
1171
94
3
378
740
92
57
921
72
91
329
22
19
421
49
50
49
188
564
147
1257
223
853
38
125
109
156
70
255
23
254
147
117
626
1121
172
86
146
796
1133
203
168
51
72
22
69
337
200
85
876
660
161
223
83
21
1049
453
42
12
682
122
705
23
149
291
6
35
1007
184
765
65
159
16
5
1130
125
144
49
1251
181
93
36
58
138
164
139
70
186
256
87
170
96
1100
176
153
36
236
146
955
909
96
1187
127
271
25
154
118
45
122
713
214
119
87
260
44
156
65
216
104
50
31
164
540
56
125
282
845
258
929
30
16
140
168
1181
102
53
69
247
176
86
154
462
66
56
261
28
51
761
244
1136
115
79
440
225
92
146
165
1
170
502
88
178
90
206
231
388
182
18
244
301
30
201
106
94
767
167
86
45
200
80
262
1157
144
242
469
838
97
87
29
739
207
64
202
63
81
258
141
239
223
468
822
242
81
119
193
795
142
52
122
461
154
113
928
621
78
20
573
76
3
205
499
378
182
616
200
211
246
8
27
541
73
85
228
1216
170
454
151
132
109
775
89
230
137
1076
457
458
228
1020
24
434
810
94
177
21
22
54
1145
1080
1039
1209
143
216
860
4
900
53
168
80
156
849
190
33
123
246
21
145
849
723
36
193
78
175
199
313
173
84
144
59
172
77
62
499
90
7
193
489
1096
67
75
132
32
26
176
16
553
983
62
193
1120
176
205
133
927
309
248
142
729
431
234
117
179
242
1257
711
85
11
102
156
887
73
235
114
60
215
90
710
177
168
980
178
150
26
55
63
3
91
686
133
260
206
13
150
165
31
658
54
1087
234
21
93
624
71
1160
170
278
193
78
25
85
257
119
30
483
151
651
496
139
697
194
214
486
154
234
124
259
492
1024
7
167
1069
253
204
1221
1141
1034
229
0
206
628
83
83
123
1200
44
183
985
191
198
37
80
99
977
247
449
616
33
75
121
179
570
215
341
158
137
13
572
137
153
72
96
186
211
1037
732
654
52
123
214
141
162
235
118
89
199
159
757
54
108
198
935
91
127
358
265
984
549
433
194
110
87
784
653
649
929
218
117
232
166
222
864
899
69
99
45
220
30
223
37
22
29
13
60
41
230
133
112
1163
54
231
257
183
128
215
191
194
53
210
63
136
34
79
1238
107
110
111
211
236
200
69
137
695
876
71
250
219
55
714
76
79
190
880
640
118
1171
181
557
75
487
254
193
829
216
64
248
260
372
222
18
1057
28
147
169
673
194
19
344
883
98
590
52
109
900
77
462
34
136
27
15
238
24
1188
259
655
89
528
198
238
161
657
129
28
122
104
397
1093
29
219
70
15
104
146
25
171
232
445
669
1115
247
119
469
258
262
165
1189
1191
163
55
80
105
564
710
40
163
210
708
21
241
39
462
804
201
63
245
913
675
82
72
436
1033
112
90
512
399
419
874
175
211
176
206
215
21
662
150
191
408
180
247
202
207
535
173
138
240
9
254
77
4
147
6
204
124
75
77
934
253
254
146
137
180
239
187
89
19
717
186
38
138
57
17
26
493
316
86
56
244
341
1111
30
102
1049
191
731
412
209
1015
457
484
903
1021
787
219
88
216
24
9
130
120
1094
49
87
130
207
125
0
178
198
21
691
191
1114
257
5
251
146
250
1216
168
1016
597
142
99
390
111
3
195
154
177
94
194
45
189
24
179
71
454
171
194
1125
44
203
191
1027
605
32
98
34
13
50
80
1042
150
819
204
144
64
24
1014
145
42
112
431
965
158
162
290
20
32
107
261
156
215
37
261
48
250
121
101
50
220
118
47
25
889
534
0
35
70
111
56
404
67
23
199
517
44
135
921
37
275
1121
138
90
72
66
1010
1193
217
120
154
1
121
91
69
100
124
248
63
54
105
945
129
1235
358
1261
250
204
191
182
911
395
208
6
107
1113
37
72
1071
22
560
165
459
857
171
555
546
1100
41
23
194
209
241
596
217
31
83
217
256
1100
224
103
28
1172
573
304
247
240
72
753
211
992
113
160
207
145
50
854
39
175
919
205
7
676
22
58
120
150
240
116
170
245
94
98
160
977
28
489
230
144
728
764
606
237
171
145
38
90
862
10
594
126
942
193
240
159
257
130
1239
1225
118
772
262
125
952
1176
259
259
147
656
33
31
69
16
63
215
102
16
8
34
960
1168
181
98
455
10
204
91
257
116
228
873
254
314
206
229
208
551
93
136
1116
213
14
62
95
143
65
204
818
54
69
138
398
137
191
258
224
107
59
166
677
768
57
117
182
1191
41
158
21
1193
214
258
198
1088
143
134
223
105
449
326
759
266
581
139
258
19
168
198
642
177
629
1146
39
726
60
253
144
1234
767
78
1207
685
263
40
41
513
50
14
123
84
248
20
14
179
249
196
114
136
192
302
942
253
234
61
62
1070
7
17
115
1106
168
1047
15
506
7
1066
205
400
137
165
101
681
190
38
149
115
239
205
936
15
1247
2
1195
79
1123
145
994
1249
105
177
167
73
132
1096
99
266
253
120
555
198
3
133
795
113
372
52
966
161
57
149
43
112
734
914
73
528
934
645
28
149
571
45
52
118
163
57
341
44
227
251
793
889
248
141
63
122
537
159
167
29
262
319
931
995
83
238
184
1007
13
41
18
4
235
77
59
1066
22
98
739
49
104
49
481
35
216
149
200
118
117
157
130
168
110
8
217
929
832
159
248
83
207
270
125
125
258
522
34
91
723
251
103
79
197
1171
241
11
148
558
14
1156
632
88
614
200
1
185
203
952
867
491
1193
206
1228
722
166
64
1
27
682
1234
380
125
376
167
88
58
107
353
26
46
49
44
634
158
267
766
79
235
218
25
70
52
587
263
124
1238
28
1045
246
191
188
216
504
14
134
650
170
85
142
21
36
15
50
102
155
1
113
251
977
372
175
917
144
1
247
30
831
99
87
260
523
728
7
132
126
32
841
439
12
84
1090
151
40
87
183
2
1131
200
193
246
181
62
81
851
313
66
235
116
237
248
103
789
199
149
1219
254
16
34
1018
78
125
839
55
176
1120
0
258
121
211
891
9
799
205
0
200
179
402
215
193
7
78
1069
636
257
186
102
440
213
78
236
143
974
236
118
1093
366
59
313
313
65
1
466
19
1142
79
762
220
45
185
648
256
129
11
250
430
1006
68
84
94
900
606
118
633
1146
235
985
301
235
241
130
198
252
319
206
189
27
37
164
173
33
191
149
80
120
770
903
117
422
45
229
517
112
49
256
745
103
57
753
253
205
226
99
600
240
980
229
425
510
38
142
107
151
93
71
369
206
13
1124
114
104
30
202
102
226
816
74
126
230
134
140
127
30
703
101
271
159
0
553
926
567
234
440
1222
200
114
621
659
26
19
129
204
259
125
236
255
418
121
1092
8
80
251
676
146
1093
62
198
115
56
227
144
92
759
33
179
255
178
174
262
511
340
172
31
50
466
740
282
202
33
46
295
127
115
110
8
86
106
177
96
29
107
149
156
195
237
124
245
52
143
913
124
667
1196
1016
428
1054
826
170
68
157
94
46
66
19
449
57
152
35
118
158
1
147
65
1214
180
268
896
177
976
863
197
235
78
881
163
711
58
671
92
206
2
42
489
145
164
68
81
482
76
985
119
79
11
103
88
135
712
101
202
178
3
183
62
236
92
216
15
178
224
197
168
115
220
512
129
191
127
779
259
123
44
144
86
219
189
1207
233
326
208
104
2
150
126
620
201
708
238
839
529
871
78
233
1039
222
146
152
497
569
98
670
15
27
240
105
1164
226
1263
141
125
117
165
188
120
124
1
246
1247
1084
197
0
786
416
36
865
1048
192
292
768
494
125
253
1159
141
26
1008
418
104
20
217
24
195
235
301
232
37
166
36
85
62
202
207
154
809
212
202
134
74
353
803
145
225
876
353
237
165
200
69
37
10
178
171
232
67
32
114
822
191
587
479
225
191
912
150
174
62
186
1193
1
231
482
14
204
1131
167
900
48
208
14
214
969
242
98
998
173
501
804
170
485
784
892
259
571
899
229
56
522
225
468
183
264
100
21
41
93
46
29
45
46
80
89
11
45
6
67
41
65
44
97
32
76
0
83
86
71
98
55
18
98
24
40
22
85
96
24
16
0
41
56
47
9
99
90
6
27
90
5
67
13
2
42
98
14
64
98
93
89
67
73
28
46
6
49
14
80
6
15
26
65
16
8
84
83
87
12
4
33
32
50
38
67
99
92
57
87
99
73
13
22
47
4
0
38
4
91
8
38
63
70
51
19
87
94
33
66
60
15
35
81
99
62
17
83
42
60
29
24
28
8
88
20
86
74
10
87
9
26
38
3
16
0
28
23
15
79
90
54
98
34
22
28
12
89
54
43
63
69
83
40
92
50
60
45
56
3
43
1
74
10
26
12
74
65
20
57
99
33
55
81
93
57
9
41
34
59
31
84
18
51
82
41
90
85
70
60
97
2
94
35
51
15
69
63
55
38
91
21
60
93
83
24
89
1266
false
false
false
false
false
false
false
false
false
false
false
false
false
false
false
false
false
false
false
false
false
false
false
false
false
false
false
false
false
false
false
false
false
false
false
false
false
false
false
false
false
false
false
false
false
false
false
false
false
false
false
false
false
false
false
false
false
false
false
false
false
false
false
false
false
false
false
false
false
false
false
false
false
false
false
false
false
false
false
false
false
false
false
false
false
false
false
false
false
false
false
false
false
false
false
false
false
false
false
false
