100
334
62
1019
733
141
219
45
259
97
342
22
111
539
91
6
329
1334
274
24
2
649
42
629
44
1044
313
230
165
212
478
73
246
845
33
1331
254
62
1318
872
1071
14
256
806
227
275
69
40
188
191
990
844
329
903
13
184
578
233
1184
69
16
348
298
191
626
106
28
4
988
104
392
122
197
1122
45
339
728
817
983
247
306
248
73
14
249
351
11
345
164
784
98
1032
97
23
48
240
919
195
21
71
907
226
645
106
307
314
581
925
323
1067
243
323
30
174
51
120
103
993
1190
178
1221
133
441
274
36
36
296
199
1058
172
2
176
79
449
318
90
89
1112
338
306
16
137
280
516
233
38
139
266
210
56
7
195
503
60
329
623
124
69
469
324
289
1281
333
766
219
12
717
7
47
1051
229
66
69
740
342
107
299
69
146
38
714
1152
874
39
27
88
570
446
291
13
903
775
289
169
187
273
108
224
975
978
449
210
283
95
86
396
113
187
231
9
736
1070
288
62
1346
230
463
37
611
354
316
618
141
24
207
303
972
91
31
95
63
515
10
60
624
253
1256
1290
197
1338
218
26
37
40
417
651
156
239
460
557
338
143
257
960
95
145
129
66
277
285
269
175
648
733
47
315
303
931
336
70
119
127
48
163
188
72
183
37
283
1184
339
157
326
28
1000
110
10
264
941
314
241
219
1250
533
186
1287
123
5
811
188
1352
148
14
36
42
156
1268
1009
99
271
66
919
230
110
814
80
322
14
186
58
1229
333
373
252
49
82
993
141
112
71
322
284
400
193
624
352
1328
13
84
155
332
335
443
1200
85
84
260
959
275
309
639
168
19
1344
973
185
15
1162
13
1072
93
255
30
690
314
287
201
164
305
1346
90
170
81
214
342
225
266
794
183
501
1282
12
201
66
283
314
274
209
986
279
96
62
329
25
30
790
141
405
349
1232
347
337
273
154
138
71
252
191
46
1161
1091
106
766
249
64
97
1321
1119
80
337
686
290
253
209
208
575
78
42
163
414
191
733
902
715
276
212
905
246
238
720
18
123
573
61
14
353
170
336
1337
65
38
413
62
659
138
167
141
599
291
58
1179
150
996
602
1041
1197
70
327
364
938
60
91
221
856
1166
758
261
881
243
90
205
333
316
121
749
561
66
37
86
92
1204
111
117
83
227
96
1026
270
208
401
666
196
1348
191
833
952
222
857
745
222
208
231
1237
288
617
569
282
767
743
12
192
226
702
1244
353
67
174
42
22
385
17
753
253
287
133
210
270
241
12
424
98
550
214
193
831
817
730
13
8
372
1014
216
71
222
194
602
131
293
612
914
106
308
100
1237
296
290
5
134
145
201
461
493
710
345
161
255
87
295
1187
86
907
2
834
312
78
174
587
57
17
179
98
101
1140
178
52
242
69
1078
901
47
220
137
47
975
1199
495
235
635
203
321
1221
839
145
298
222
95
445
134
156
249
233
522
290
1056
329
182
998
1102
10
1132
1027
935
45
229
59
494
166
342
187
209
580
196
918
204
49
237
311
47
1266
311
156
168
815
343
204
138
253
54
132
83
1342
23
42
44
1108
310
484
192
78
877
364
224
775
1221
760
53
296
244
277
1305
1070
88
427
37
1301
266
83
158
628
446
1033
259
99
46
217
324
326
263
130
372
416
23
169
280
85
101
14
674
257
124
889
1259
73
444
165
294
878
335
225
154
53
1160
196
11
225
26
69
542
328
184
554
303
113
151
497
124
214
1057
63
122
101
414
265
210
257
134
26
141
261
14
1107
64
278
182
283
193
1251
128
257
533
155
290
140
282
317
274
821
165
1278
20
289
178
34
101
350
553
296
13
67
1165
345
776
6
121
272
750
102
740
188
303
290
789
315
137
81
137
112
51
250
1028
329
2
349
787
352
94
16
131
354
191
1279
166
145
297
186
213
308
1050
145
618
268
290
572
275
583
157
215
708
337
58
279
1014
220
1272
594
133
335
162
11
321
22
249
184
1201
783
8
89
831
323
1017
334
302
224
325
214
211
1320
29
75
300
56
514
738
209
201
269
27
79
63
165
87
218
218
598
252
262
289
19
469
88
270
160
302
276
112
281
909
1061
284
991
139
227
337
734
28
62
1057
229
399
155
228
257
147
263
164
235
230
193
360
133
56
314
980
152
58
228
320
37
289
141
358
39
822
220
131
914
12
128
1326
1075
158
146
313
104
977
274
409
229
200
241
1032
12
43
85
330
440
851
1171
58
814
342
13
113
334
201
57
122
120
933
175
81
364
797
273
1275
313
96
116
190
169
159
573
223
12
66
103
138
213
54
168
327
324
137
44
1283
243
62
216
177
294
182
76
272
237
173
44
654
111
157
48
272
352
27
142
214
1100
263
133
260
578
275
654
251
261
23
1054
221
1158
309
210
274
86
306
19
148
1017
337
31
6
252
317
149
335
590
43
702
342
164
1105
1266
218
548
1320
448
1341
875
84
294
295
49
814
174
643
284
215
124
114
1149
160
182
1305
216
422
2
1089
74
789
6
263
163
80
110
269
186
271
1214
857
139
67
280
526
1251
20
36
284
111
75
318
185
212
745
166
77
12
467
218
1172
203
73
236
310
435
335
117
19
149
106
218
299
249
4
299
349
154
157
391
295
845
59
841
1080
313
219
141
7
122
733
170
317
424
20
281
338
1224
338
567
75
292
209
1107
291
1287
33
1234
240
192
1027
20
4
1122
299
248
911
80
952
261
794
873
32
236
710
171
626
1310
32
525
839
108
522
199
296
625
297
129
651
94
736
1216
93
109
131
1151
380
276
956
146
278
79
3
192
302
252
215
334
75
1155
1315
325
164
184
335
108
340
492
590
8
499
212
207
179
290
111
807
217
253
1350
186
222
1024
1236
150
983
603
95
160
334
200
397
189
1029
547
454
145
76
229
150
207
1188
336
143
67
235
25
1298
286
349
265
54
1017
204
124
71
283
146
130
59
246
1180
17
119
891
935
112
244
605
21
136
352
81
93
270
166
920
172
263
109
457
32
1010
232
984
276
2
86
185
329
16
549
32
877
151
840
1266
161
49
218
496
317
7
483
311
101
404
248
18
24
987
101
1057
191
276
1189
926
120
46
131
176
110
1262
588
29
351
197
369
303
1257
159
352
8
191
90
217
484
214
805
398
1181
136
310
49
11
520
157
186
290
1198
133
221
99
243
238
157
297
315
840
173
134
977
307
155
318
106
300
1103
4
79
300
426
289
933
75
172
292
407
303
338
250
123
92
200
873
48
1239
1133
622
35
702
1059
940
253
238
146
6
234
114
449
98
50
1306
1120
275
15
329
968
766
182
233
823
7
142
1289
278
81
296
347
328
671
456
134
252
108
1206
231
175
1015
348
324
248
243
83
46
348
30
197
182
42
1207
1067
31
148
128
1014
195
1258
27
251
202
47
294
319
81
729
1165
127
552
279
327
252
309
193
261
215
408
235
99
252
204
324
15
75
224
104
887
318
233
193
246
1051
219
315
987
204
92
267
199
323
13
524
320
72
183
129
3
1349
184
320
73
303
1125
35
1079
1180
1178
1042
173
199
97
837
172
324
288
31
315
55
120
337
11
51
3
207
265
172
136
265
1318
71
113
137
92
14
1195
282
317
316
285
256
279
116
105
781
733
167
770
987
671
436
603
351
308
170
895
219
139
41
192
182
346
101
1052
1181
1350
158
214
55
559
87
1004
161
70
68
1081
859
241
888
302
144
70
1185
59
99
317
207
16
284
241
263
177
335
1279
306
1221
617
264
38
76
1080
129
166
468
67
1125
873
1127
244
162
200
19
334
2
777
255
86
91
775
308
50
715
267
288
308
316
1296
371
352
98
579
734
870
576
253
130
264
968
1324
756
85
47
241
641
165
198
1197
248
292
13
87
177
5
769
964
1255
180
235
698
981
83
33
203
322
265
1
482
277
206
282
35
11
196
143
251
333
180
230
90
142
269
146
293
22
750
116
120
233
322
157
131
562
8
149
783
1059
1313
625
1032
129
326
1201
287
799
446
822
1155
1205
74
11
1276
154
235
132
1172
248
928
174
57
91
78
595
32
988
174
328
320
123
911
669
315
225
4
221
313
313
323
24
663
749
244
106
222
722
1235
421
255
342
370
1016
382
341
249
61
342
301
51
1223
286
229
601
200
193
195
581
234
217
119
136
346
387
553
570
217
300
393
239
170
894
161
1158
106
196
446
774
878
351
123
261
332
430
799
1089
66
1135
488
26
483
215
341
1
317
557
125
172
532
332
920
54
210
681
259
1155
12
160
664
66
59
37
611
247
716
159
179
957
303
0
252
322
262
43
535
539
1288
285
942
155
877
162
259
312
154
532
16
1049
286
1012
282
170
38
68
990
69
1203
30
279
104
279
1044
57
99
44
27
494
33
86
896
261
828
198
261
86
352
279
69
33
937
132
1111
171
1210
273
127
804
273
101
4
246
121
752
269
323
127
201
680
179
241
158
584
1195
567
224
329
120
1291
188
1118
76
240
222
1325
1023
334
171
291
178
851
1324
269
262
87
201
42
215
85
181
76
301
181
890
140
272
269
141
11
15
351
751
92
189
236
149
3
76
67
159
13
236
1268
72
225
216
176
137
2
895
110
78
244
537
874
14
1270
112
505
216
76
224
196
21
287
1136
159
59
108
110
909
352
1061
67
138
534
86
796
259
840
604
856
235
789
1232
295
1027
175
61
308
1055
213
1118
206
210
196
130
191
76
264
45
38
178
428
311
51
1281
98
254
98
941
991
245
228
520
14
157
543
5
272
952
63
154
151
62
131
149
146
34
698
98
1103
476
337
273
220
274
346
341
1184
168
216
247
616
11
350
109
244
165
790
1019
163
1
156
0
97
47
477
306
619
115
958
396
1077
80
289
646
27
197
109
1226
8
76
240
851
185
770
20
249
116
140
85
755
899
338
1118
279
173
199
151
205
256
313
301
210
156
191
178
162
278
332
98
159
342
308
76
351
76
1238
405
700
15
123
820
326
19
140
90
341
395
140
838
115
877
31
1105
483
174
1222
548
62
1335
625
606
85
536
1062
765
974
292
1064
619
9
449
43
548
635
267
58
140
156
185
319
1182
24
1246
1294
640
1004
1283
509
99
11
667
152
132
336
53
333
326
1339
287
13
1125
157
83
1005
257
14
33
1186
278
28
38
889
4
45
252
431
315
162
1105
119
140
213
993
295
561
1139
34
135
150
1101
202
243
491
196
117
326
341
76
1163
254
285
596
381
311
128
172
34
171
179
898
208
380
133
261
1265
242
99
304
262
329
234
1236
683
40
260
117
572
104
395
174
125
101
191
164
853
46
69
351
268
574
108
232
743
318
707
1210
660
241
305
69
241
323
232
80
172
265
947
787
73
349
1339
52
331
133
437
240
242
52
260
1069
1261
54
314
120
616
188
318
339
235
273
195
162
190
75
1145
1010
701
654
1269
204
72
1070
0
303
1
20
161
28
208
244
714
256
1008
52
101
215
170
319
124
961
5
520
324
302
92
215
344
99
195
279
1236
247
157
454
547
1155
325
147
726
346
229
250
113
2
153
486
80
113
699
109
1191
341
792
623
639
200
11
667
34
310
285
176
1118
174
367
124
351
825
226
342
84
1204
674
322
405
222
259
339
44
44
77
34
114
533
197
271
83
773
825
250
140
749
1280
1219
56
1003
332
688
260
1245
1195
626
277
865
737
675
271
1140
799
57
46
250
217
1341
256
178
29
483
318
34
41
182
162
234
289
1293
712
290
179
634
404
63
320
159
152
18
1293
60
328
161
146
399
168
335
407
203
324
1086
327
288
757
256
287
321
277
1127
303
81
247
296
236
189
837
287
37
111
179
631
2
0
769
258
352
11
1256
456
159
87
45
175
7
109
714
365
828
349
28
299
1135
407
985
1279
932
902
894
103
334
204
112
186
326
193
124
801
178
164
1069
212
350
170
119
289
31
290
271
318
325
189
771
129
488
63
84
221
714
292
326
1069
79
94
330
154
1144
1171
1205
308
85
301
160
988
171
525
287
1285
57
1177
432
50
287
398
260
519
222
590
301
749
56
325
260
28
363
56
239
492
381
649
217
285
169
6
261
227
129
207
3
229
222
62
194
128
670
1001
341
21
63
700
347
574
308
976
219
1011
1207
319
1262
259
174
339
343
164
289
204
374
349
862
218
259
174
1307
427
303
157
234
202
184
23
1183
537
260
117
271
66
152
221
95
31
213
134
167
249
1140
19
405
697
238
360
311
320
262
332
1079
183
279
809
297
244
289
821
121
181
298
174
40
331
248
24
176
249
340
139
230
281
226
712
72
37
93
305
239
1006
46
217
253
1273
101
388
1255
1030
114
652
121
315
165
68
542
214
226
137
76
331
204
198
218
311
319
303
66
96
1291
34
166
6
494
317
332
702
235
171
636
196
283
928
349
152
173
249
219
273
267
236
47
30
1349
898
305
44
483
221
302
86
193
136
173
345
165
1199
1319
299
2
205
1303
175
1196
674
204
330
718
206
20
245
173
73
559
227
252
1340
380
83
208
331
91
667
92
1092
999
67
826
246
227
415
281
312
784
415
54
376
1228
247
2
238
164
737
71
150
657
10
873
72
17
339
337
19
175
273
296
1020
1218
133
166
1200
236
610
194
319
195
319
196
298
346
4
29
20
178
792
122
174
1108
327
365
810
97
175
4
535
281
318
1067
661
321
215
53
984
172
405
200
203
311
316
1077
844
1070
885
22
102
153
184
92
164
12
261
1334
314
807
98
33
326
260
260
1350
128
212
351
836
1350
26
311
2
330
228
136
169
1082
125
120
9
72
430
583
17
931
310
1008
279
143
319
1
209
55
187
551
298
246
330
272
127
256
243
258
160
167
96
807
230
1093
274
320
1064
218
1198
1240
675
65
129
94
133
185
18
967
23
125
10
151
1343
982
185
253
301
93
522
43
65
14
90
1125
575
128
200
349
1213
149
218
403
177
1347
141
848
107
129
39
62
38
11
224
245
88
342
13
274
290
106
161
1325
1244
106
288
630
88
284
190
1136
510
233
159
245
128
289
157
23
729
485
127
1201
80
300
67
152
76
259
203
97
1278
254
317
213
62
245
43
90
195
61
52
27
78
178
978
404
955
287
1070
239
271
848
150
348
353
272
1207
106
1224
311
175
51
229
982
123
191
121
124
312
178
458
220
66
196
1052
276
200
369
161
168
745
138
178
97
127
73
122
105
275
272
291
337
778
1189
46
139
60
916
38
263
628
23
734
1144
205
270
149
477
54
737
1129
253
1014
116
267
512
648
743
1193
50
40
96
282
310
214
1287
10
33
89
1319
247
2
283
168
1027
458
796
1078
171
1048
268
11
212
162
104
507
302
1278
205
180
390
1049
220
1318
213
536
229
245
352
1098
115
938
78
1271
286
737
306
217
180
104
50
1203
156
253
145
126
319
345
124
317
60
60
110
894
860
158
144
956
1130
1276
978
1174
105
179
105
1283
199
250
707
76
1313
314
91
246
94
460
230
198
322
56
885
26
204
1218
179
985
624
587
315
142
52
113
1129
9
266
255
211
415
1241
172
260
47
511
609
784
204
156
360
205
84
264
674
1243
266
1250
148
159
63
308
263
151
270
301
274
169
195
1281
207
15
549
243
485
221
63
590
215
658
925
111
87
116
374
250
168
172
56
47
1013
177
1309
70
1348
325
416
368
204
158
351
25
107
31
102
88
434
81
199
1224
338
159
6
17
333
307
1340
314
992
251
289
268
173
111
1279
227
1007
103
17
171
71
1320
1232
883
32
24
284
121
297
598
94
328
148
62
110
1347
334
213
3
833
753
260
196
187
260
1089
1
235
76
961
134
242
28
102
171
142
742
596
1069
505
108
189
197
410
150
70
264
387
87
269
69
212
242
141
273
1326
304
142
45
575
16
268
223
470
160
197
284
178
306
280
1231
1208
684
227
872
738
142
538
101
1040
1070
1178
955
943
20
990
989
68
171
180
403
1152
484
1062
434
375
331
633
152
31
48
1048
237
1293
289
109
960
109
268
184
82
5
115
318
221
545
294
540
268
276
1194
93
641
182
23
57
342
335
62
188
6
1258
52
205
312
3
786
257
268
144
109
256
232
171
306
219
183
279
93
615
1126
302
1012
147
24
267
350
875
225
1299
89
258
132
1323
220
173
56
307
1218
2
191
336
612
237
5
886
261
296
601
232
318
147
616
787
11
556
885
269
182
22
821
358
54
90
333
111
850
320
243
255
250
208
6
26
11
837
1142
292
438
254
410
699
48
337
274
279
336
1258
595
204
95
633
80
727
23
175
201
88
70
74
256
238
779
100
115
1179
102
11
47
244
155
217
49
1197
612
48
536
38
1085
1208
164
323
85
32
161
223
154
0
280
314
809
296
8
332
178
47
249
656
82
471
30
290
689
654
180
115
173
264
264
116
588
1286
108
51
845
231
194
1340
207
271
559
186
623
18
1159
694
28
115
72
18
1325
239
348
31
747
363
280
92
294
318
250
1267
854
242
1003
164
171
237
88
323
81
167
835
87
1068
44
202
414
220
276
1261
936
583
197
161
217
130
22
78
330
34
1094
218
51
322
320
228
1015
1209
136
30
246
961
224
1091
206
269
30
750
892
890
91
259
306
306
191
174
287
368
283
815
212
369
685
270
22
106
286
319
355
690
124
180
289
218
254
244
177
161
300
22
39
36
82
844
601
158
339
338
113
168
244
43
23
315
18
328
221
212
256
331
288
402
366
15
1007
259
8
16
31
305
856
499
691
769
417
251
1289
331
320
44
344
276
314
860
152
1350
537
166
1173
143
13
62
1058
569
313
1033
131
896
280
868
177
139
233
209
279
17
40
225
235
1167
212
711
1123
265
325
598
937
1299
605
340
56
108
7
189
1141
220
638
100
53
281
329
328
337
283
126
171
79
524
186
693
153
133
230
82
1296
92
350
790
565
153
235
232
4
1154
50
236
232
364
1104
350
348
228
991
891
10
1298
307
262
29
1286
161
1015
327
1289
349
13
99
1265
163
475
158
635
204
323
170
213
238
1182
313
321
328
208
405
1051
186
310
75
321
1273
784
1187
261
230
276
231
1125
200
321
212
194
336
68
954
309
299
337
259
314
80
173
349
160
202
48
30
60
987
982
323
258
92
965
261
141
283
195
184
217
327
1286
313
321
1150
101
236
151
534
323
649
143
284
240
982
422
293
181
228
543
304
27
222
292
745
327
403
1263
811
1277
226
272
914
351
1123
173
312
285
330
93
104
21
943
160
1263
1192
308
864
147
192
78
323
392
201
292
1001
29
273
91
782
179
1180
133
668
174
5
623
1112
171
6
141
308
346
131
852
984
1103
147
335
9
320
136
133
1104
342
296
349
84
169
864
39
76
191
976
280
225
872
1150
280
831
777
63
862
57
288
319
662
235
334
319
26
347
319
222
1129
61
196
1107
76
335
165
140
316
42
142
857
311
139
309
292
1201
109
1024
324
760
141
239
200
487
1170
231
70
584
178
610
488
303
316
121
161
498
393
1333
987
7
205
212
269
706
255
66
259
218
87
299
1115
748
128
245
936
1230
160
14
69
918
294
326
234
478
274
42
235
491
271
264
622
136
69
281
843
969
112
1259
423
192
154
822
801
293
315
163
117
763
228
3
1318
346
1044
295
30
311
53
67
163
253
602
240
34
1112
243
339
333
21
139
1076
209
165
279
78
264
1155
804
65
96
337
140
268
205
296
351
959
655
217
1245
279
874
652
253
41
109
370
213
337
85
124
27
52
827
262
1284
293
403
598
511
301
259
64
193
239
674
636
884
298
1062
248
122
293
81
251
59
8
80
229
237
1017
1036
778
168
731
755
83
1062
26
31
1235
157
1
350
40
217
358
80
105
97
84
252
441
309
807
1124
174
89
133
21
18
6
242
49
216
330
101
157
779
134
68
152
1322
77
509
1049
314
115
163
270
89
138
292
286
313
144
7
22
197
256
102
306
1005
5
128
13
158
230
915
44
166
273
238
90
274
626
229
18
592
24
173
188
240
433
918
634
194
371
258
207
792
838
297
11
2
932
27
1347
294
640
195
325
336
1056
165
239
233
198
58
79
105
250
332
630
250
79
187
1021
67
608
76
44
681
156
175
95
24
1181
395
161
153
1080
337
893
887
16
658
340
260
23
141
130
586
156
248
339
348
204
224
267
311
115
846
542
1155
112
115
325
392
152
201
146
17
815
809
179
151
137
120
275
4
326
27
80
656
927
602
243
1122
347
11
172
92
732
70
163
284
114
933
319
312
50
1141
299
287
349
112
171
1048
210
47
167
653
285
951
188
142
134
266
591
348
267
190
235
200
125
237
70
65
161
258
305
2
175
223
345
300
1098
95
314
48
61
13
499
326
654
718
287
331
287
346
324
875
49
1175
68
206
251
514
745
233
1340
1130
761
273
408
230
1075
242
59
310
327
227
1329
1290
6
1230
277
178
335
31
1262
357
1238
930
116
316
280
196
1249
99
649
498
186
68
91
545
284
977
265
302
302
177
28
26
319
627
176
208
249
284
1066
1253
12
8
346
26
77
225
177
122
205
186
210
302
293
176
36
1222
981
111
233
272
900
60
262
299
17
230
717
147
620
349
342
331
654
179
1218
105
1274
921
318
108
27
1119
378
317
91
761
280
107
118
315
315
78
413
292
841
1302
101
1068
466
64
60
7
37
278
279
161
75
1173
515
151
296
80
1170
328
198
273
268
1030
100
1228
830
245
1181
488
232
168
455
358
1118
781
581
17
31
229
278
215
178
1332
1075
214
26
1215
215
235
1292
239
136
395
211
205
359
158
294
37
278
275
534
478
296
281
736
80
120
1091
38
75
1322
303
501
20
1279
331
722
456
249
599
1296
774
649
1088
262
160
1045
144
1299
138
869
428
52
1074
1156
569
1007
236
1130
45
960
159
789
266
170
147
185
84
261
315
231
285
704
867
224
180
983
203
112
17
165
252
95
1161
1315
1209
45
80
45
144
1123
62
989
1142
151
133
232
1218
323
850
172
128
187
1213
282
190
306
21
1119
104
344
25
1333
169
115
288
512
159
269
326
1092
226
198
970
473
1217
186
107
824
22
1266
191
254
260
268
8
194
166
3
75
283
91
710
1025
217
50
269
370
282
232
1081
1228
795
47
273
135
932
215
46
111
815
205
200
182
46
59
267
450
0
259
54
187
169
245
285
59
352
923
82
262
229
152
701
1257
622
1348
223
24
253
6
1075
265
112
232
281
537
1258
36
1307
209
231
248
325
572
106
980
126
301
907
558
998
89
786
116
778
265
293
264
344
329
47
239
379
151
324
269
9
235
732
349
1064
841
212
186
23
206
752
338
698
959
1111
1073
1352
515
201
191
1096
37
20
220
221
62
145
178
137
213
299
111
54
825
44
256
375
397
511
213
325
25
1180
1
148
712
260
220
185
669
313
24
170
166
120
173
83
836
928
7
75
73
118
127
223
271
115
1119
567
306
223
2
74
346
216
161
202
73
16
791
161
182
265
768
928
978
959
191
226
312
228
1261
121
647
23
331
23
417
885
289
1048
1241
41
258
16
132
1049
115
96
47
1098
26
75
61
78
377
1018
81
293
34
234
206
29
13
792
177
118
257
28
263
604
292
262
935
68
128
370
324
344
627
9
250
1250
238
90
752
91
221
1100
133
213
191
364
236
93
158
974
677
284
162
101
28
151
169
989
636
89
365
207
193
47
266
348
312
1013
219
217
217
18
139
880
29
139
328
253
96
725
332
108
878
38
88
301
445
1006
240
905
69
210
1019
8
497
339
323
66
584
562
168
635
60
467
208
270
27
130
344
1347
172
22
126
202
343
1188
116
245
92
127
36
31
1032
251
346
93
1194
45
230
34
271
643
71
164
313
318
312
78
329
1186
1167
362
393
276
649
958
97
1171
84
24
531
200
314
1334
279
350
985
237
42
313
305
226
207
351
68
277
870
106
585
347
263
371
292
343
202
1068
50
80
128
1276
270
255
532
712
189
2
145
51
632
970
197
93
102
552
340
217
324
36
102
136
173
81
116
99
1061
62
59
3
32
1100
1317
107
1174
895
832
280
13
176
323
125
247
162
135
62
328
63
956
225
17
638
240
72
208
181
652
345
448
150
130
136
53
178
319
745
352
312
212
122
319
87
154
206
77
130
25
351
61
134
184
125
80
168
1261
270
47
26
56
294
54
336
728
329
549
423
96
924
300
180
183
275
664
90
297
272
116
91
294
256
660
16
260
20
580
61
306
787
902
346
272
730
535
5
616
168
201
295
1341
185
294
149
340
11
40
90
584
1311
45
235
1318
244
311
13
86
231
144
523
168
634
335
295
272
68
818
102
248
1110
1125
18
958
220
339
355
23
926
227
158
1052
299
1340
555
107
24
743
1196
1033
1257
279
71
341
173
917
677
1291
62
109
328
1297
1034
205
84
1182
327
347
96
30
1067
56
171
902
800
256
98
339
135
43
490
132
261
316
1138
123
628
181
62
236
26
641
239
168
256
804
929
128
695
1120
78
310
223
85
787
1110
293
222
2
67
146
675
41
321
1280
121
861
11
209
125
388
396
762
1037
126
183
132
771
605
1304
56
23
1209
182
95
221
84
429
894
755
241
241
108
879
513
284
268
907
148
325
53
301
351
133
1
793
160
20
193
75
70
275
140
34
111
12
240
1267
1246
401
235
152
190
531
586
274
183
393
3
1024
83
250
90
998
99
397
31
333
1111
578
86
1011
551
109
98
120
153
304
48
241
3
312
207
1203
276
171
161
94
229
155
155
212
197
732
195
88
875
627
118
103
334
83
1154
78
157
304
39
1037
281
6
918
339
589
1309
348
9
187
747
234
351
1296
207
329
60
229
630
130
367
292
1159
196
430
838
211
177
211
215
1252
226
906
491
291
1342
521
181
289
1015
972
148
340
111
133
219
721
1208
200
770
994
1117
180
303
186
583
92
40
720
1303
20
152
154
320
743
911
322
789
340
179
145
1259
74
154
141
338
218
378
312
1152
485
188
43
272
84
309
585
164
1
625
74
8
335
80
345
131
172
217
79
787
69
600
178
274
110
254
316
82
29
689
311
326
24
38
185
992
363
1029
220
176
225
34
307
30
376
348
240
109
261
13
103
25
1331
7
1293
236
108
1012
69
399
583
873
83
261
824
1344
141
373
57
774
101
253
55
24
142
79
267
147
1259
29
123
251
134
17
660
882
147
217
280
36
156
694
297
834
219
151
160
41
291
151
228
289
237
102
493
66
112
197
101
194
61
365
1342
29
285
1176
1161
24
714
50
951
167
270
1316
67
82
205
297
47
252
65
892
229
820
66
88
850
343
4
127
265
141
235
647
158
325
163
106
875
325
346
454
264
194
326
649
124
49
57
877
153
161
338
29
64
95
0
237
13
285
1108
409
115
909
1111
213
63
157
1148
225
148
330
992
206
275
216
297
1293
1141
603
141
51
425
235
1189
311
1063
171
159
4
225
245
1295
177
96
422
226
836
801
337
569
167
205
92
1048
486
336
613
188
43
1026
4
143
1094
345
239
100
268
310
925
297
234
37
567
29
260
1217
252
1272
137
951
345
14
318
983
460
127
1163
73
1336
306
102
1348
136
174
298
35
973
1210
1015
130
79
1310
328
80
524
22
974
265
132
849
93
244
1341
65
1147
833
142
1250
883
239
7
96
397
283
188
1276
239
85
661
796
233
663
180
211
4
56
302
249
176
138
424
1049
321
159
257
295
281
142
328
327
15
464
1165
44
1278
124
1024
37
96
1091
310
35
273
337
712
177
165
755
343
183
251
282
661
126
187
947
115
775
430
200
1
71
323
246
267
293
518
15
538
129
435
192
236
55
51
199
37
1214
856
319
351
190
460
289
129
237
309
690
196
143
707
333
516
1187
56
195
311
122
278
251
141
133
1257
101
1333
774
740
16
1064
82
65
535
19
81
80
186
284
319
471
826
926
321
31
326
186
323
148
1222
842
101
564
134
8
644
219
218
350
584
101
20
223
150
649
685
156
142
26
1125
175
222
138
881
794
104
39
440
230
310
539
285
278
608
62
111
27
190
16
70
310
1180
753
199
1004
62
99
219
69
1211
320
128
37
124
998
135
74
203
166
1035
147
1187
186
786
146
72
1245
244
1246
307
1283
123
178
915
153
339
74
150
863
962
953
1145
417
931
161
624
106
311
1031
30
939
730
535
349
836
413
374
18
1
903
30
1037
1013
303
982
160
651
237
318
236
447
223
33
849
310
256
565
223
39
151
287
109
343
71
65
234
949
236
92
100
1308
1317
203
2
65
590
188
220
328
443
329
155
251
591
334
164
308
218
11
256
251
134
61
214
112
516
300
1291
105
874
56
167
230
143
347
275
930
1038
1093
257
54
323
20
59
134
232
891
855
636
1329
953
188
89
53
1078
115
248
53
1231
1052
217
74
139
10
346
287
342
310
1253
306
577
317
233
317
76
69
21
310
113
886
118
181
50
211
288
24
149
167
321
8
337
253
115
105
40
191
136
60
719
121
129
190
83
795
348
289
964
99
208
305
1228
132
3
1192
98
320
184
415
268
813
1107
89
178
809
944
89
1342
892
32
1010
884
378
201
990
232
430
216
306
142
49
59
309
963
191
197
1053
667
54
186
91
150
155
1046
91
67
49
89
694
350
292
206
104
258
174
44
244
268
539
151
809
57
864
217
145
160
24
673
943
298
475
274
56
137
177
617
1164
1257
277
227
10
928
517
51
1037
111
304
81
494
265
241
1117
9
819
249
58
769
179
156
1210
280
89
457
1332
496
1236
656
1243
908
786
337
212
1141
299
287
193
175
341
269
207
240
20
732
438
840
90
984
1348
1193
370
8
106
282
984
245
168
331
487
971
756
111
429
93
293
12
70
193
191
15
261
100
297
75
729
1304
195
86
1111
16
263
937
153
721
251
322
142
1102
58
0
348
672
85
592
1080
167
321
1149
210
86
1237
339
48
200
883
25
68
253
29
234
103
268
172
1320
20
791
40
1022
54
315
344
38
286
935
731
412
302
314
244
41
578
340
269
196
164
340
258
196
278
798
183
314
224
887
392
156
1279
345
1238
65
261
31
294
1019
100
26
273
564
26
164
255
194
98
206
33
234
985
1029
101
101
926
305
92
218
218
308
285
440
154
101
347
6
351
276
204
225
293
237
863
63
255
47
14
17
449
84
121
386
7
512
912
699
154
1076
302
751
1239
138
164
361
256
163
406
445
23
37
306
73
351
306
262
817
264
75
14
69
352
314
211
638
191
225
273
267
129
128
119
36
41
43
264
47
321
850
261
238
894
90
151
31
262
664
141
73
11
100
255
208
211
322
267
359
133
513
185
276
801
265
46
218
223
922
152
57
1117
729
228
175
764
254
1206
253
132
327
522
65
337
308
884
18
30
268
283
218
160
95
1266
703
266
950
1130
14
183
358
185
96
107
343
178
1265
482
221
943
186
126
144
146
277
227
1267
242
30
85
152
49
229
250
754
809
25
111
102
236
125
520
1000
749
45
253
199
249
259
801
348
932
97
131
698
304
245
1286
296
4
232
1326
839
1277
745
89
25
9
37
228
905
137
95
130
141
282
1283
130
82
162
707
153
150
199
5
1309
13
661
1289
156
313
59
748
43
349
680
193
932
283
98
27
185
306
307
700
1100
285
66
684
45
111
183
61
316
198
125
279
52
303
324
291
136
98
291
337
343
46
154
174
292
41
158
324
25
231
195
375
88
239
113
262
41
1129
625
80
150
181
57
61
71
1145
1147
309
93
43
307
414
1213
113
210
83
410
214
192
183
79
283
61
1223
326
259
439
32
1203
1270
14
653
70
291
59
111
57
304
170
561
1060
683
198
4
81
347
47
1271
5
139
65
883
146
225
446
50
235
1303
1140
113
294
11
40
25
149
794
351
39
9
100
1326
224
328
1223
233
400
49
1077
176
68
102
307
51
1350
505
747
156
229
351
622
304
151
1183
226
154
341
1301
171
258
17
40
12
561
276
657
173
445
1350
289
268
1074
1174
66
488
163
800
1120
1087
187
46
836
339
998
1251
35
126
799
1188
322
138
257
794
1138
213
652
30
169
317
132
45
502
507
51
448
514
820
665
915
304
350
213
261
969
1038
165
266
414
290
22
318
252
1179
55
53
68
1261
291
1096
227
212
928
1137
156
61
170
29
1111
275
6
613
1126
1340
762
263
247
207
18
133
342
333
224
74
253
973
156
616
43
32
222
1118
642
125
515
36
41
46
282
266
143
46
157
12
868
214
1179
44
34
320
263
23
755
33
271
1009
1160
59
334
321
332
351
1080
48
1210
66
233
342
864
180
186
168
916
352
907
135
231
141
811
245
131
59
177
63
316
306
182
308
114
379
67
207
196
247
223
306
117
815
285
122
656
142
346
465
380
484
303
36
856
283
1018
391
317
241
243
237
50
81
381
91
100
615
925
258
931
279
277
36
1213
510
306
1201
220
206
219
255
301
140
214
155
798
433
131
691
280
898
188
230
55
349
307
794
147
91
196
290
228
193
125
800
92
2
141
86
331
116
232
100
584
689
1322
901
1089
363
70
1300
383
243
1159
332
303
482
148
90
165
212
35
17
16
209
625
1011
1020
606
78
31
225
576
351
223
900
46
1000
377
253
824
19
97
331
272
610
125
1307
1062
312
344
249
809
1062
5
903
91
1245
809
126
187
410
549
365
299
83
547
497
330
66
223
249
140
98
186
1234
1317
266
309
378
63
207
122
341
315
53
138
22
880
100
1004
149
111
223
251
1095
13
972
285
366
80
57
952
1184
247
824
279
206
245
875
140
43
351
182
221
1330
171
63
286
319
96
13
1252
274
43
24
150
318
296
1089
58
272
80
330
492
82
394
220
880
938
119
279
38
5
330
461
213
323
149
320
503
889
390
755
195
633
759
941
251
84
530
469
653
854
335
60
696
163
343
333
264
34
36
1240
1055
57
56
709
169
83
393
138
1091
525
508
940
814
115
1137
296
3
13
86
904
784
324
207
298
852
734
871
12
758
1206
827
635
46
403
1283
1340
195
1032
313
131
179
260
307
319
86
291
352
23
368
890
209
1019
243
1041
58
67
1040
44
331
286
98
361
280
1265
133
138
233
183
411
214
104
59
254
898
119
141
56
252
172
278
83
257
637
628
221
47
649
67
230
1345
660
209
219
304
1223
723
1161
1035
345
831
1101
266
204
17
336
194
68
181
134
1048
48
282
1311
342
397
277
1323
187
626
134
270
99
330
1342
91
258
263
340
245
213
42
132
68
105
706
160
469
788
88
308
254
406
24
123
49
296
231
129
269
313
79
192
52
244
69
850
133
199
208
259
238
89
22
95
156
264
153
194
118
497
163
207
537
622
149
98
622
300
21
338
8
282
557
31
172
184
6
347
22
659
83
301
212
452
258
148
41
1198
85
111
446
348
757
128
913
318
264
921
138
194
54
196
78
126
31
147
317
124
270
141
202
243
145
1280
920
231
250
874
39
125
510
234
1347
294
978
201
49
777
38
897
100
173
159
268
33
301
31
409
110
1001
669
16
1276
291
76
350
112
312
106
691
328
114
233
137
1224
97
794
1072
1141
333
88
243
494
285
335
763
299
449
3
415
25
18
151
74
123
1146
1325
11
656
314
781
44
150
281
676
174
239
242
971
1241
346
210
118
737
4
144
205
1278
279
135
122
313
219
248
311
772
1333
855
264
21
260
414
268
4
460
176
30
629
306
338
263
75
102
35
173
570
263
1164
165
119
92
180
265
893
313
392
69
56
299
341
1043
166
127
79
971
36
247
880
379
927
680
204
708
337
154
1139
261
1310
81
661
594
350
98
455
987
318
970
238
303
23
662
162
76
1116
1301
117
225
155
316
307
94
644
1110
76
635
101
78
229
802
54
169
128
226
27
126
129
83
96
599
370
731
655
897
1132
12
1117
83
305
865
247
297
37
167
152
1203
879
1293
239
1205
41
956
265
274
218
335
102
42
128
255
115
101
1150
1222
1116
259
61
213
777
76
102
89
1293
310
310
281
42
328
49
473
63
350
303
1035
341
191
307
277
54
165
431
326
188
643
182
779
116
1099
871
140
297
164
26
1024
151
292
294
395
134
263
802
130
193
1299
118
260
461
1154
664
131
343
882
316
175
111
331
181
95
1
123
114
102
442
83
958
1311
73
1002
220
16
689
345
83
136
298
298
263
88
340
299
250
75
317
269
282
471
707
225
300
245
195
254
251
225
246
338
152
195
28
44
167
142
325
299
84
1345
5
498
164
358
1024
143
77
164
714
275
440
821
837
83
139
257
345
1141
201
255
967
675
919
1075
287
186
255
251
646
858
14
1022
246
229
207
78
57
82
254
917
149
678
1286
267
50
65
624
105
12
293
572
64
124
93
236
243
159
297
352
220
72
294
266
51
123
417
28
153
320
735
265
14
179
133
296
342
740
402
515
346
949
713
380
1312
134
966
1244
18
1151
800
169
565
97
82
245
309
1190
1123
184
1168
296
247
90
280
1266
232
227
217
43
271
215
1237
152
242
1077
679
395
105
40
215
231
138
127
240
243
421
342
1112
330
346
142
286
410
199
1105
27
459
216
218
29
73
196
295
1121
1018
62
1159
144
97
906
51
971
80
756
1054
135
324
183
226
273
83
499
371
1
5
116
121
278
309
23
431
321
292
26
715
991
257
25
1058
306
55
180
1179
30
60
227
65
727
68
334
890
197
59
206
927
11
226
289
55
238
394
318
127
165
1302
1086
130
67
291
737
83
930
157
846
192
96
119
14
162
35
960
194
904
249
241
251
236
120
118
329
338
1169
760
238
286
541
1231
98
234
80
136
258
347
882
577
342
1268
243
317
34
97
261
337
482
556
41
209
40
218
353
430
68
10
351
1
4
99
516
196
127
84
1086
188
148
15
270
101
141
47
351
232
121
39
198
194
1257
380
990
249
1117
82
330
161
283
367
1177
442
0
195
282
44
222
249
1164
191
305
1347
301
90
143
705
150
103
213
666
303
299
568
665
1349
1022
1203
466
73
1303
360
156
253
258
105
618
147
1059
795
297
187
332
227
612
177
228
181
75
216
215
595
831
260
261
37
158
49
82
1054
128
1350
271
41
347
585
98
207
166
46
289
154
1317
152
1025
238
69
151
264
264
192
1342
1111
134
254
888
67
928
101
1330
58
52
22
135
257
301
38
85
175
158
10
313
1048
706
72
540
238
553
101
105
1319
69
54
139
501
1153
256
102
5
217
152
640
314
79
8
79
336
300
36
313
100
69
143
95
963
345
149
899
981
806
22
69
58
321
905
1281
159
710
778
484
104
88
130
896
308
832
583
177
95
265
138
137
95
679
269
93
178
236
1247
988
38
0
231
175
194
321
812
41
191
632
571
65
41
543
46
152
693
301
877
22
100
209
1210
675
1283
40
111
349
35
1
43
25
782
300
232
309
240
109
312
103
237
485
324
188
11
250
1078
274
117
458
214
587
143
194
85
93
341
306
888
31
81
215
1256
15
25
116
18
49
97
7
345
94
309
170
247
287
173
920
218
258
971
293
159
34
301
253
1
62
115
227
255
30
51
15
277
302
564
241
1042
8
57
237
0
274
261
266
212
310
218
276
325
314
565
202
853
4
115
47
282
14
595
301
46
27
1017
337
136
25
176
33
1339
25
699
1008
157
176
146
950
310
216
1006
48
393
349
170
287
672
100
218
217
301
463
305
97
222
401
1335
350
255
22
268
250
99
916
43
252
156
853
110
103
735
538
401
115
224
805
129
874
74
90
265
318
228
1319
794
217
148
322
182
1301
179
471
257
172
1331
763
195
575
286
233
1233
149
56
297
123
10
95
321
329
846
318
228
46
39
13
111
164
145
248
126
283
273
217
599
213
135
64
339
338
246
31
1050
622
644
139
329
186
939
507
981
187
297
16
250
21
153
261
1006
805
1189
316
749
1156
1303
275
697
197
252
193
152
311
503
278
563
227
147
284
247
258
1348
225
136
109
135
256
641
729
307
110
104
477
485
43
16
312
318
297
1174
40
345
942
1182
261
63
102
40
297
32
1308
159
140
277
339
112
228
579
329
1342
411
776
521
337
241
92
135
340
176
641
1015
257
164
294
194
289
92
416
230
146
348
347
258
12
977
185
141
155
63
54
277
22
968
254
30
319
1067
202
121
336
330
55
91
292
141
21
880
309
333
297
279
1045
299
486
148
149
1320
194
193
110
278
302
34
331
342
368
195
296
56
1071
12
85
285
724
1222
33
1137
143
254
196
9
657
265
82
97
545
311
682
889
272
96
91
62
275
101
340
355
20
174
259
50
1312
648
851
166
227
1033
339
90
263
232
906
206
256
267
296
318
314
261
260
301
77
242
336
77
348
28
68
1137
248
586
82
705
981
144
318
114
254
49
244
293
659
328
803
336
197
184
87
298
101
311
179
1077
254
120
83
117
319
75
111
18
272
1255
314
33
1254
335
548
37
666
268
795
249
34
260
281
67
851
1173
244
256
104
248
74
9
320
53
1330
42
372
234
980
751
1332
1218
275
324
228
487
158
316
169
4
114
198
1253
90
268
50
21
570
573
260
172
567
970
159
149
1012
55
71
7
176
47
244
134
1209
124
10
165
607
15
250
1126
331
112
1248
104
180
238
153
272
1292
206
1118
1093
78
16
39
196
270
57
138
254
226
385
72
220
322
120
960
1210
70
19
303
864
1189
483
66
128
188
58
235
399
1035
271
95
324
201
176
19
291
478
204
324
131
23
501
189
192
407
145
560
159
224
277
98
1178
543
236
258
129
831
848
1011
211
318
303
210
123
166
44
1266
449
806
38
251
71
1132
41
249
238
526
746
566
254
379
960
1047
218
1278
1224
324
40
235
1333
250
86
350
294
30
580
182
564
168
212
263
335
89
333
76
46
1325
606
1322
963
235
250
179
877
149
173
946
734
623
65
632
258
131
222
1111
166
377
1084
350
126
133
494
214
179
263
1282
558
1093
27
51
923
1069
245
970
25
285
244
328
1124
199
193
368
29
842
186
298
38
1185
191
112
1199
1169
135
104
958
667
292
42
949
82
5
1106
246
473
1013
291
168
440
320
1077
101
448
99
1168
566
721
768
967
306
1114
94
265
220
347
147
108
191
158
164
15
1301
388
214
293
1300
1232
1024
106
259
551
221
162
510
1028
300
235
112
233
61
1025
105
328
1351
131
69
200
144
320
901
1347
329
183
270
821
288
251
404
489
243
54
274
589
134
226
95
237
124
91
241
675
1289
326
303
255
1269
294
267
32
99
225
26
1099
215
859
226
170
57
338
177
69
181
94
105
105
12
6
988
254
346
218
98
148
197
581
996
179
10
224
216
249
396
166
1281
1308
318
343
25
190
155
995
95
57
356
22
274
737
376
285
125
306
596
31
1070
231
29
69
170
87
24
946
94
261
229
58
232
368
175
200
267
612
348
155
184
282
620
70
14
173
781
95
225
324
117
39
151
347
207
1026
1267
506
118
198
332
216
218
279
161
347
61
127
313
55
252
329
330
401
555
148
966
322
136
221
251
14
636
193
87
352
753
365
1267
212
1004
528
920
610
275
107
168
288
174
145
268
343
174
274
113
1148
793
307
181
196
291
174
1102
144
339
349
672
306
190
72
77
712
303
221
85
298
1175
37
15
655
122
66
107
810
50
1301
1146
83
186
265
690
65
625
272
70
420
360
162
45
338
1311
260
433
371
958
126
329
29
192
53
151
803
201
103
61
177
149
314
1159
230
101
294
256
301
233
309
1162
151
154
186
618
632
162
494
283
313
121
50
75
957
312
1116
13
118
344
23
1278
176
300
12
239
317
1173
628
119
180
1137
175
71
174
164
186
116
256
9
192
202
312
259
1149
256
140
352
496
206
40
718
240
19
399
280
125
237
287
130
325
910
211
166
957
202
218
35
233
97
306
1217
1292
709
21
506
723
252
96
193
1324
265
1132
110
1027
339
26
234
386
410
129
673
166
143
17
613
286
687
318
256
25
150
336
287
1248
122
169
306
1108
184
352
237
152
479
120
174
38
116
713
109
168
699
964
196
1095
193
1338
372
1006
1048
52
297
174
52
50
178
296
134
37
218
70
154
375
1267
114
270
252
265
574
260
1027
24
1073
258
46
1025
290
283
265
254
1275
248
334
1185
278
1146
127
322
151
49
47
150
229
202
111
167
130
379
1176
40
890
1329
207
81
46
8
256
219
1251
77
38
147
1071
182
828
1268
42
1154
193
19
123
29
156
1305
930
91
1088
204
141
210
194
113
62
81
235
241
161
114
93
156
855
515
307
1307
28
116
95
1071
284
17
248
27
935
171
74
787
266
1036
74
1154
684
187
440
310
301
372
259
125
171
295
233
202
751
328
337
281
247
65
218
1
921
11
6
776
346
1063
31
132
290
961
666
254
120
162
719
199
47
104
146
315
961
819
628
34
80
334
298
46
462
58
215
1050
98
336
719
917
10
212
66
262
183
189
236
27
164
292
267
3
339
1323
77
142
0
111
52
507
70
111
320
207
620
189
343
85
292
45
507
380
1259
250
217
149
756
242
222
257
108
655
194
297
136
325
752
117
108
912
291
288
2
66
174
121
331
129
981
341
909
223
212
28
241
313
69
38
203
54
236
98
1249
21
318
82
204
105
197
658
706
1001
73
687
60
11
308
99
65
51
508
1056
192
60
86
278
59
141
215
103
204
451
135
414
1022
273
801
800
51
85
333
209
109
101
1252
124
294
36
459
236
133
496
140
1222
21
1331
120
242
945
219
53
18
52
196
105
298
120
328
148
4
295
830
1178
215
107
166
167
904
116
1219
1233
219
350
160
647
15
75
152
327
339
255
238
1231
91
291
1315
1180
1210
58
1284
134
192
33
277
212
249
620
525
1217
583
205
788
128
893
185
685
149
1078
36
318
99
1
87
44
92
31
245
849
103
601
960
315
94
66
160
843
23
319
264
1012
587
126
338
1214
132
201
317
248
72
178
145
190
265
131
48
742
246
874
1050
225
71
21
344
1017
179
335
534
236
490
10
1046
318
114
221
1227
95
4
246
285
269
1340
12
254
37
315
104
267
14
87
922
1037
807
287
109
364
971
241
243
1092
756
109
149
26
1343
356
289
916
96
725
277
260
65
311
186
262
199
263
214
92
535
638
27
126
191
413
169
166
312
113
133
226
124
956
997
307
267
241
47
189
30
818
29
633
245
169
227
128
292
277
754
92
86
250
4
318
42
260
236
144
1031
230
5
272
109
193
914
182
840
430
861
262
28
335
449
70
36
87
1100
25
45
50
369
1325
356
315
319
3
73
92
1297
128
88
642
9
60
54
186
962
1252
312
426
438
117
801
645
159
301
192
494
269
1146
85
890
54
1227
15
227
295
311
183
1321
89
291
289
301
798
174
258
163
8
164
1117
302
184
351
155
265
740
314
799
96
1352
332
316
292
126
1000
223
711
921
114
471
1047
31
72
683
986
115
453
4
1065
60
64
213
65
2
310
134
109
236
102
168
1296
209
423
1201
142
120
106
1275
748
201
132
1318
16
639
25
140
274
456
1323
1314
488
51
226
70
144
1078
320
49
192
876
29
1057
16
87
257
334
972
326
428
218
82
808
161
62
1165
275
339
78
288
24
66
237
65
353
100
99
77
21
82
36
41
37
83
84
60
73
57
81
55
69
4
50
79
12
17
0
12
6
22
90
47
36
22
17
82
13
39
84
60
39
65
41
35
56
8
65
88
33
96
87
29
34
21
45
43
16
57
70
41
43
0
8
81
39
7
42
40
99
50
26
49
13
37
34
71
5
94
56
45
33
56
56
80
74
23
22
51
65
8
74
18
73
14
29
53
13
19
85
73
69
1
60
5
50
72
34
55
60
52
9
45
5
85
58
91
36
19
55
36
35
21
31
89
78
62
82
75
76
6
87
84
12
99
40
76
7
11
25
18
56
71
36
21
29
18
37
87
49
13
34
1
3
31
18
21
62
48
28
2
14
39
63
9
16
29
88
5
82
74
32
72
26
34
85
97
5
29
24
82
24
80
44
76
87
84
14
86
15
41
33
84
62
44
13
20
0
90
5
86
41
57
38
17
54
42
1319
false
false
false
false
false
false
false
false
false
false
false
false
false
false
false
false
false
false
false
false
false
false
false
false
false
false
false
false
false
false
false
false
false
false
false
false
false
false
false
false
false
false
false
false
false
false
false
false
false
false
false
false
false
false
false
false
false
false
false
false
false
false
false
false
false
false
false
false
false
false
false
false
false
false
false
false
false
false
false
false
false
false
false
false
false
false
false
false
false
false
false
false
false
false
false
false
false
false
false
false
