100
223
553
82
520
214
165
367
154
940
73
232
172
32
763
956
46
195
39
151
53
7
224
91
14
278
109
583
187
94
174
119
63
933
86
650
1036
167
94
111
255
52
255
137
60
1
728
140
135
32
531
68
137
698
123
748
210
620
106
879
1069
225
283
505
150
219
24
132
175
92
100
116
117
141
609
431
127
280
284
658
602
167
122
1216
11
283
47
278
47
879
174
197
271
294
145
10
187
1270
269
89
125
49
1010
257
69
191
203
189
200
380
360
781
13
7
233
72
204
1012
102
99
159
256
922
6
48
916
134
208
494
186
223
142
410
335
185
1199
36
610
100
1
128
65
923
276
770
541
35
170
272
522
151
170
1159
45
79
19
477
178
173
1091
577
1270
899
150
897
71
1080
19
46
240
1099
203
947
262
205
66
189
184
97
847
118
1228
247
277
194
1064
1229
194
85
1220
79
24
124
921
300
176
210
271
774
50
8
195
219
199
124
194
273
132
1078
205
1198
96
105
135
161
881
62
298
235
284
156
213
220
683
112
234
35
218
105
118
95
896
117
171
73
40
880
89
0
56
5
136
182
47
691
914
114
37
570
787
66
276
1277
498
105
130
793
286
143
569
19
161
497
222
850
714
3
67
43
90
271
15
251
889
41
87
81
599
174
451
234
1125
247
210
243
112
107
322
21
53
172
164
57
121
141
99
606
251
240
221
488
78
1175
10
130
57
179
325
84
49
282
192
30
162
90
175
113
206
181
151
1075
387
333
39
75
43
237
3
141
628
261
199
123
104
774
50
131
428
1049
638
231
7
215
1219
1176
68
622
146
64
26
50
599
217
82
201
95
146
987
802
381
114
424
234
207
514
225
234
252
29
598
817
27
795
174
121
548
61
212
258
154
26
274
224
29
69
89
10
125
19
572
1140
972
182
136
34
28
1199
211
434
326
518
407
50
40
0
213
133
1122
1000
110
210
232
218
889
1022
1002
215
1030
173
1225
261
15
213
109
195
32
836
269
29
505
214
433
85
39
208
1148
163
1276
232
294
180
566
176
1128
119
31
549
8
43
518
219
116
494
954
526
460
8
97
151
1202
1177
82
872
152
179
335
646
380
731
1030
11
79
134
65
84
272
203
345
161
166
28
214
125
173
239
830
150
176
54
926
62
102
138
200
147
267
1151
9
84
202
38
1260
243
274
809
1163
123
461
85
11
41
103
106
234
622
251
91
238
146
62
56
897
49
84
717
116
608
17
145
122
228
153
155
526
156
135
51
166
86
1173
178
27
742
138
1105
1165
286
201
263
937
281
193
233
563
29
833
280
865
335
129
92
199
880
200
171
267
81
1261
156
344
223
91
354
200
35
189
254
244
208
1113
15
222
262
108
797
284
741
1140
1044
376
85
163
87
1268
114
34
189
14
199
113
57
77
21
251
788
1207
59
23
173
778
1159
812
398
189
115
171
0
54
35
39
96
819
867
1156
152
322
90
166
922
1080
4
68
166
90
75
641
132
17
74
691
134
126
680
1129
59
21
64
107
112
967
126
267
88
481
744
20
77
64
241
60
64
233
229
105
144
159
114
696
704
135
14
91
645
10
41
1023
180
141
23
119
1260
1
271
919
4
675
32
139
270
1014
204
665
176
138
277
1158
259
476
660
1040
176
227
257
28
432
531
47
123
149
217
279
827
8
140
313
90
930
1112
688
109
82
563
1045
28
279
120
179
15
501
162
284
1171
134
112
26
437
458
270
121
1129
808
148
226
424
87
110
153
186
6
15
35
98
158
202
59
117
601
25
278
15
265
201
161
143
582
105
141
763
29
59
43
155
321
686
157
635
41
1103
233
138
1128
100
157
1242
126
72
215
167
67
119
1270
210
78
109
198
180
951
15
379
21
93
1121
229
208
34
67
277
1147
69
398
0
93
227
1166
21
24
99
92
176
197
696
147
152
82
1261
458
37
250
612
430
34
221
937
5
193
576
234
387
144
141
51
285
151
157
227
138
71
85
26
210
552
100
177
89
223
188
1117
1004
951
186
1019
583
135
118
67
18
333
170
117
499
99
81
215
811
1246
110
310
170
1221
623
202
1
442
15
185
607
198
71
104
798
17
479
189
589
1044
7
39
100
923
152
878
342
879
942
1111
173
250
190
925
51
5
983
203
108
765
104
1158
20
169
207
59
20
879
77
825
172
277
960
506
260
254
10
138
11
447
597
215
21
138
185
40
596
30
270
846
134
78
194
167
241
49
163
725
182
249
79
1072
58
1114
204
907
167
346
265
261
263
97
1026
6
136
133
1087
248
1158
281
251
150
1271
220
96
95
85
957
882
1248
107
283
160
866
411
135
56
786
33
98
290
254
200
260
200
114
51
512
165
197
146
497
128
980
50
255
18
184
71
251
155
253
1171
58
213
248
37
153
63
1056
44
97
232
180
1031
893
104
45
1213
233
57
233
174
183
38
221
234
106
35
579
1061
88
762
102
80
267
166
89
16
154
12
198
25
901
556
165
645
1176
31
1276
170
309
133
225
29
886
180
517
45
282
20
95
176
9
758
265
227
146
2
1206
39
8
155
992
670
35
256
88
154
113
222
54
541
9
86
268
332
40
923
56
83
563
242
1209
135
275
504
26
11
44
1238
14
368
732
29
181
7
216
149
1207
450
1283
155
526
257
741
1024
527
25
262
260
393
274
136
94
124
31
273
576
1216
594
328
853
61
96
0
167
57
275
258
996
880
229
180
771
105
64
246
119
7
1049
66
83
50
184
268
582
554
1063
232
781
268
385
175
1222
44
180
922
45
344
478
162
116
121
91
458
855
196
622
241
160
204
207
849
48
18
113
50
11
166
981
268
138
277
13
47
441
64
158
1064
1012
90
4
101
218
152
4
356
233
81
221
11
1118
29
860
393
72
867
1194
19
142
49
60
1007
232
282
4
577
229
837
261
238
91
650
215
220
86
609
47
215
904
41
522
603
51
11
959
478
9
55
165
27
611
141
699
76
0
832
181
234
125
240
98
185
225
185
43
22
190
0
144
122
61
53
240
75
254
22
64
248
1082
179
1247
43
85
127
114
49
362
135
209
249
195
122
205
169
47
830
52
321
9
385
87
230
252
241
47
1122
72
255
1192
446
107
110
212
250
305
230
616
240
23
929
147
86
242
616
805
126
23
20
239
16
193
259
713
47
1224
114
240
153
128
827
34
1121
208
305
181
68
256
221
170
225
132
193
72
228
281
866
183
5
158
161
153
1040
865
84
174
130
259
131
1190
142
20
17
60
992
124
439
640
262
717
559
651
12
64
219
1150
570
17
821
134
1045
39
162
94
1241
81
123
152
850
505
987
390
182
509
142
215
212
198
218
65
77
718
104
859
386
284
778
236
248
1106
108
229
803
166
276
121
222
93
59
712
812
120
54
156
968
252
178
76
155
153
243
1146
45
1192
127
69
979
138
260
207
116
197
685
84
16
122
665
835
508
12
268
29
419
96
221
845
183
165
254
118
152
900
929
240
107
256
747
468
109
790
381
704
610
1171
260
100
63
88
88
159
598
899
205
13
29
54
519
80
260
275
171
898
12
259
133
190
769
1186
206
180
1099
145
12
1195
381
78
1214
104
252
141
76
17
673
845
15
179
615
10
829
182
227
183
109
138
256
23
64
229
135
769
101
31
115
143
666
255
70
232
383
207
1106
664
112
244
275
1049
24
672
244
124
68
1104
227
68
9
263
702
253
750
728
83
76
243
136
5
1056
190
171
895
576
955
244
832
267
111
187
95
335
119
255
156
651
250
246
469
11
911
146
281
260
106
267
43
788
101
47
908
123
115
201
141
568
953
97
114
149
257
635
216
164
19
770
1156
469
88
122
223
656
255
181
874
91
257
141
158
368
122
986
107
79
415
410
93
26
866
263
155
197
819
589
69
47
141
64
137
248
197
123
188
1250
585
261
963
272
511
687
248
830
206
726
170
208
129
39
140
87
127
949
152
820
1124
1063
285
95
192
46
217
284
231
589
465
112
188
133
1272
248
49
51
285
95
1144
168
256
163
144
35
378
132
907
897
380
152
258
360
180
143
190
1044
209
93
139
29
25
42
55
252
291
758
136
16
64
558
313
189
100
259
928
515
938
20
1204
744
199
50
6
219
252
45
18
203
193
159
164
113
193
237
157
75
76
206
230
88
120
1193
209
232
45
165
40
113
1219
22
215
33
130
371
255
378
1224
201
1255
248
279
233
153
59
75
243
683
48
589
183
118
85
698
173
185
491
105
71
209
62
214
361
55
126
344
89
102
586
98
254
204
254
747
220
1009
1020
2
358
33
530
11
66
164
451
303
257
130
225
181
1060
1076
5
41
223
317
66
970
705
1164
268
754
886
56
1270
11
264
1042
39
221
858
172
118
82
89
188
259
13
264
231
71
144
219
96
432
217
634
92
12
1273
128
131
227
524
530
211
50
141
238
149
233
52
102
37
102
223
525
276
362
1195
459
151
156
12
138
161
638
275
190
268
95
11
509
32
182
582
76
272
7
1100
181
31
203
2
1175
272
49
177
240
130
1009
124
806
54
253
256
664
48
242
215
1216
226
792
845
595
234
29
769
912
132
580
247
200
12
153
130
456
241
824
364
168
14
217
79
112
1273
534
279
261
6
19
941
818
5
143
260
128
559
35
135
79
43
283
198
878
79
172
167
198
62
262
675
1161
80
187
59
276
77
44
804
113
42
270
867
57
207
179
42
131
402
259
29
636
738
31
32
1197
19
7
340
558
113
82
815
67
46
27
1218
126
214
274
1128
0
127
1195
688
70
47
877
100
141
34
281
58
1032
264
33
132
89
205
193
91
476
1046
160
190
100
87
125
183
297
103
214
1049
337
213
125
15
433
434
132
249
982
2
180
28
252
745
38
1073
92
133
195
961
150
248
81
309
265
255
266
1229
388
1169
557
1254
49
326
795
74
95
131
252
70
1080
947
211
98
138
220
465
43
23
50
75
649
121
1009
596
663
885
73
108
576
172
1249
66
126
267
39
53
264
231
479
714
1136
273
215
217
135
121
166
180
1181
862
667
25
133
1263
543
275
251
496
20
93
69
342
47
56
113
2
172
1010
878
166
196
167
237
1127
233
82
141
268
742
1110
1026
192
966
190
738
46
11
195
196
929
686
186
251
18
714
137
80
243
197
421
975
795
240
59
62
104
164
703
45
76
111
188
195
78
23
284
173
570
271
71
206
83
100
212
179
77
1019
92
208
132
569
215
239
176
1264
54
960
169
100
1283
220
317
623
1002
105
232
7
118
227
889
280
102
144
255
277
129
178
232
613
940
430
175
37
107
135
78
278
180
1279
634
28
60
563
142
595
745
1124
125
262
1208
735
204
106
1188
155
861
126
254
136
327
43
13
183
69
799
29
46
160
193
102
754
201
187
800
1181
148
1074
291
195
130
540
254
213
253
207
124
30
238
205
1038
1124
829
1275
1057
147
138
154
22
681
50
247
17
268
1065
256
62
840
913
247
102
727
1064
2
279
154
35
26
59
182
1
175
160
1139
1237
718
705
343
31
1103
845
259
1189
122
691
0
24
248
256
787
95
109
74
110
50
218
110
739
1047
98
103
213
189
27
280
169
114
130
239
326
166
965
1190
76
78
33
931
129
52
163
462
599
316
144
20
181
92
86
252
126
895
34
1276
161
277
3
117
819
155
1116
191
130
131
260
204
276
1021
256
1198
91
219
176
5
540
45
150
113
647
63
716
512
342
672
117
193
177
51
139
820
166
284
486
278
562
141
215
76
138
975
259
1021
975
167
590
255
649
765
292
720
206
156
1178
234
316
1243
157
578
603
77
280
59
112
62
156
831
151
435
183
23
128
906
934
1248
200
21
189
248
228
2
826
648
185
605
736
655
347
60
1031
1283
1260
122
718
155
284
1028
436
673
184
192
86
76
379
260
283
24
746
183
642
6
121
997
1195
255
230
717
123
522
258
318
1204
243
6
112
739
27
204
202
1206
201
52
33
57
99
117
81
152
172
1170
63
18
281
118
231
1015
188
217
691
82
276
273
1222
278
232
195
92
114
204
152
15
1059
377
63
1048
199
223
708
27
268
212
207
246
336
53
218
181
1238
96
28
160
245
790
227
197
138
898
1204
190
176
33
62
116
51
168
648
244
449
241
247
753
956
591
202
536
169
81
50
549
471
111
3
65
279
1112
227
132
153
283
250
162
272
152
270
916
166
129
1116
252
254
51
487
1005
226
51
154
1275
1233
138
781
608
635
5
176
926
113
133
205
141
44
57
424
83
1223
1208
1043
532
139
49
70
199
202
156
211
143
171
32
239
235
655
92
194
17
457
136
58
10
280
180
6
437
420
865
589
216
869
218
111
232
682
107
268
63
1134
147
278
180
110
240
632
134
700
200
272
1163
714
82
18
34
15
187
161
177
109
7
123
282
537
125
448
227
123
1007
169
267
51
1267
142
273
1244
79
6
147
222
453
207
126
252
249
144
86
160
115
1105
375
1040
1129
23
224
272
185
559
60
56
108
122
276
112
107
1044
79
1017
7
217
172
60
138
171
159
30
68
35
277
457
69
195
208
78
882
656
1012
725
139
97
83
545
561
133
204
582
979
23
617
154
98
586
36
269
121
27
21
149
275
232
1284
32
141
939
375
261
654
97
43
525
114
159
1181
45
10
155
1039
47
232
54
671
78
1276
1204
68
282
9
975
34
352
26
182
56
54
1154
166
1269
184
105
588
280
156
222
234
559
1088
66
275
407
213
27
10
242
200
222
92
244
584
631
241
532
487
142
135
1194
121
29
19
247
551
39
700
192
207
89
385
418
106
200
274
172
89
266
183
115
23
652
102
221
235
514
995
205
35
1073
822
94
0
161
248
119
140
16
188
506
1277
145
258
275
842
97
231
104
417
326
13
277
205
133
229
948
174
279
213
140
795
1013
36
64
186
1221
1182
1178
139
5
158
108
114
222
1263
180
272
79
168
68
815
68
17
137
91
76
224
351
1202
266
192
224
7
243
18
478
121
103
58
319
285
236
14
1023
905
124
306
1110
216
277
66
1196
240
107
33
55
20
719
204
205
1162
1274
1160
229
225
150
169
175
1256
170
217
981
297
351
518
64
247
196
158
178
904
112
76
111
1
22
468
8
844
39
60
125
1010
620
1168
130
133
72
93
161
20
155
216
4
148
249
1110
827
264
86
1139
262
276
146
258
944
26
127
38
77
238
163
86
270
187
1190
77
614
58
1206
1088
119
978
1161
273
1191
545
806
842
93
23
1135
256
215
57
1007
156
263
98
891
225
148
767
13
505
641
364
935
267
224
755
15
1179
249
59
669
187
779
46
272
795
5
289
864
26
1048
123
266
158
155
216
271
940
192
235
280
281
70
45
968
269
996
154
10
250
156
263
47
251
246
8
191
247
143
263
65
853
1256
1106
251
234
741
153
113
258
56
167
65
259
1076
63
1040
856
135
214
151
280
26
45
26
397
60
718
817
55
390
206
255
206
52
171
86
28
1005
133
690
292
463
97
43
321
910
227
84
220
176
740
537
115
67
120
137
1025
271
242
138
794
450
238
537
220
248
200
240
969
56
253
217
213
282
283
1053
201
550
56
30
42
166
111
205
165
21
796
140
183
537
4
195
1022
151
102
135
1276
539
3
1072
169
177
760
1239
191
275
29
127
457
49
725
679
17
149
1285
25
187
172
1088
274
685
48
562
1093
120
199
303
60
53
36
598
11
228
901
592
273
219
274
95
152
133
218
78
266
810
1118
43
8
302
729
443
934
1027
7
286
256
491
156
180
535
99
43
15
606
237
547
140
507
192
637
1209
223
160
226
484
661
180
516
88
93
279
274
32
210
160
40
166
503
241
110
88
191
147
3
35
267
90
37
281
222
111
223
50
1
54
100
124
89
181
1235
242
577
221
27
844
961
370
220
781
273
113
180
7
69
228
801
298
101
63
122
24
101
187
870
223
213
187
284
236
93
26
427
1238
227
145
1089
253
283
163
139
241
247
140
23
356
109
178
116
22
127
1246
343
82
2
278
277
274
645
106
369
701
126
160
154
90
1273
35
974
744
1106
94
178
276
210
67
1249
150
60
940
1013
184
144
1045
171
147
6
74
886
34
79
1005
202
1162
276
275
281
990
124
135
36
348
1266
75
1131
377
114
123
13
367
71
1177
470
502
89
29
72
1040
244
192
122
140
280
580
135
134
1040
128
5
486
161
251
187
1247
255
70
100
1212
50
106
226
906
82
342
448
192
142
212
45
180
189
86
27
101
234
99
205
76
89
175
46
60
1140
1262
279
230
17
21
387
210
531
265
91
1220
940
333
1012
740
222
237
1187
84
84
13
517
9
432
470
815
179
39
280
711
6
316
1130
1014
44
214
0
517
955
363
23
370
493
37
223
58
246
62
168
100
77
223
143
472
115
494
68
276
65
468
283
65
64
248
248
193
137
252
216
195
265
69
655
272
174
127
75
1193
155
982
218
910
175
75
82
100
418
472
73
25
124
197
1227
27
328
285
495
719
1092
270
241
48
35
846
252
218
241
1158
191
82
1143
327
165
21
568
85
165
11
271
251
961
32
43
42
1063
899
1061
62
167
106
267
538
9
143
172
119
1050
253
598
119
239
1164
138
122
67
13
255
187
689
112
1203
204
197
226
1240
217
170
284
193
841
39
1119
78
97
979
774
5
121
583
270
175
117
1196
250
183
258
64
102
110
586
11
202
548
538
730
166
89
83
141
203
927
739
172
63
1075
484
241
100
69
850
210
219
150
77
1158
116
73
173
253
457
401
363
196
327
235
738
53
180
268
85
173
29
644
1161
1049
509
1130
273
5
740
244
1144
63
888
107
280
257
137
33
848
217
94
235
819
16
1124
43
74
21
131
183
682
220
490
216
763
126
226
238
235
665
922
1075
393
936
212
881
211
250
718
168
64
649
432
253
915
96
14
208
429
37
1208
87
803
56
359
236
140
282
156
557
187
625
369
13
1102
56
5
65
1104
768
121
1045
277
984
320
81
109
1047
276
105
20
223
1074
286
199
958
201
189
124
700
1017
929
98
682
68
222
687
802
122
129
1249
270
493
564
57
232
168
156
100
328
62
1263
718
90
2
66
120
278
840
31
869
28
245
207
448
84
208
121
1123
818
35
16
263
111
229
2
21
48
545
977
135
70
79
123
793
739
276
140
899
752
658
251
261
280
83
131
128
855
256
269
971
223
210
185
122
28
1194
104
405
785
108
249
194
179
152
119
1134
794
113
152
27
75
43
164
25
983
209
81
933
978
230
1051
9
1216
10
123
159
67
61
106
459
169
1105
32
590
243
134
168
496
70
154
62
200
1132
61
569
94
69
126
139
257
167
533
1270
150
32
256
260
78
189
216
99
58
183
85
953
64
103
232
279
91
726
277
1106
513
179
460
31
277
388
247
469
98
74
1118
122
107
257
211
79
81
279
20
226
7
160
783
297
73
505
70
206
193
239
77
196
863
1235
1085
1152
585
75
82
263
230
295
142
240
439
260
34
121
7
283
832
104
163
243
180
18
268
268
121
217
202
171
1040
473
247
207
74
65
124
451
462
132
180
62
99
237
181
264
183
7
313
272
206
1032
77
1031
191
163
507
80
0
167
80
251
944
1099
219
556
136
283
63
129
280
269
515
986
66
31
559
501
137
507
282
1005
1057
172
3
64
1198
1137
69
243
239
56
133
56
989
20
6
152
1170
901
279
36
195
158
97
881
1066
177
928
30
1195
578
209
153
74
57
268
129
108
243
7
66
835
164
138
163
912
255
1021
80
482
44
1184
1168
538
228
5
137
61
113
533
213
12
177
278
212
78
254
1119
251
256
176
203
284
1
514
23
553
2
260
145
245
1147
188
254
250
257
178
394
127
677
9
148
128
923
1254
124
125
96
373
433
190
261
118
240
46
276
195
7
36
50
693
117
1031
110
30
251
621
17
57
73
263
210
209
90
255
124
545
40
245
202
201
193
121
865
1034
93
111
534
262
249
203
107
142
213
343
237
153
9
42
109
151
102
233
268
488
134
249
180
239
84
135
599
227
183
43
187
1215
161
605
86
1234
115
251
59
97
186
156
5
135
792
96
463
165
240
121
55
805
1277
175
276
396
29
634
890
654
146
283
216
40
1273
61
137
333
4
184
809
101
47
85
266
271
259
159
84
10
126
59
112
757
244
666
246
1188
762
102
161
269
233
108
116
246
395
218
161
248
379
283
910
44
34
59
160
1150
22
180
7
255
237
282
115
15
41
47
81
234
120
382
37
676
628
412
233
53
266
189
18
156
38
87
98
63
136
226
973
68
561
1186
181
235
55
186
1000
17
397
221
16
143
1166
161
325
28
980
1254
175
1005
111
1225
205
676
200
233
120
172
198
257
33
90
179
277
405
88
15
91
1278
1148
983
632
118
1162
824
87
206
250
6
155
517
987
23
958
212
279
904
188
115
150
49
83
1128
163
1016
186
85
63
214
240
159
1223
123
77
221
42
53
773
235
52
209
77
120
33
454
0
1223
231
203
30
100
72
952
225
220
12
338
770
224
49
56
405
351
204
182
1027
188
1133
674
1182
254
407
771
689
96
11
185
78
897
101
6
190
26
227
277
139
273
28
302
101
179
154
163
214
161
105
257
1000
528
74
88
105
316
740
481
917
210
716
285
102
207
210
75
1159
216
652
227
150
176
73
243
788
268
313
64
955
232
470
169
127
1025
128
1162
82
148
124
44
245
857
133
14
137
132
102
1091
161
110
283
777
1091
107
1248
45
1107
182
61
251
240
138
19
253
239
269
184
168
224
184
209
132
173
242
2
121
1239
873
216
269
1019
70
989
889
346
171
1076
53
172
120
109
240
112
916
162
175
16
860
673
78
304
129
146
135
64
1197
954
937
848
41
855
466
90
323
887
38
33
149
44
822
205
527
66
20
171
41
260
514
393
253
87
29
1036
70
996
162
111
167
172
153
233
1212
10
451
271
23
182
255
270
83
17
73
102
1272
744
202
157
520
191
969
155
773
273
229
276
8
108
1089
277
253
137
1228
237
831
1168
154
185
178
142
254
175
128
241
10
215
967
990
259
231
517
85
184
195
268
192
118
47
716
217
718
1227
197
25
18
1133
219
157
120
18
126
128
948
282
273
270
358
431
216
253
284
103
231
129
220
228
1197
256
64
89
1190
251
910
145
14
1163
22
158
210
19
152
25
225
275
9
256
132
679
30
143
573
169
31
263
29
21
112
52
103
244
953
126
171
271
256
216
107
786
61
140
133
65
604
949
4
911
215
49
1088
248
186
241
21
881
999
697
49
195
905
262
79
163
218
1065
494
144
217
227
111
68
15
270
479
149
55
734
175
113
164
157
147
102
241
252
1106
206
679
193
182
206
160
67
1007
441
135
232
1021
38
182
468
205
180
223
27
1131
1258
70
269
4
268
232
119
159
207
40
273
197
721
276
16
1
1141
125
86
206
1137
277
225
225
258
339
57
231
97
268
142
785
158
1057
187
170
55
908
171
246
275
372
161
218
145
247
230
95
70
703
179
157
568
167
166
285
737
131
190
156
48
231
34
864
801
175
185
245
15
162
163
206
49
184
762
8
246
116
15
1027
926
1171
83
1035
269
591
33
206
584
241
753
513
26
157
1111
377
1224
649
246
89
548
476
262
417
2
222
169
257
62
127
750
241
264
151
215
145
103
682
6
71
914
972
1230
187
251
154
236
111
88
942
630
122
151
137
59
451
35
249
917
179
297
183
301
60
189
164
881
241
54
1061
142
120
177
1153
272
265
234
33
998
487
280
727
754
918
865
182
590
774
381
28
69
218
98
130
92
27
1227
49
21
554
277
816
218
1222
862
42
439
329
1160
93
351
61
211
708
113
144
120
84
710
187
238
215
264
564
545
165
57
42
999
463
105
27
123
28
104
456
18
1182
91
35
794
174
296
1276
718
230
19
104
173
28
814
242
27
33
1068
268
63
56
92
172
1198
249
164
254
71
90
283
48
153
102
555
934
132
547
4
1013
39
1272
111
704
463
231
479
246
203
33
706
130
138
229
858
79
126
5
487
924
170
137
264
329
220
12
69
90
271
27
107
688
188
63
216
129
419
233
177
76
179
110
241
820
117
215
485
241
1260
234
328
840
612
74
568
64
94
7
227
121
176
691
744
152
153
150
123
919
502
721
891
496
69
715
39
751
1176
13
121
566
149
1117
286
150
176
261
919
180
72
198
415
74
391
72
1012
234
1215
139
414
84
34
120
630
213
114
288
171
1095
221
1072
1277
1221
980
224
86
225
109
631
0
160
737
30
147
174
42
44
220
159
782
732
514
133
360
1026
118
120
157
912
786
116
194
67
31
89
1096
44
235
196
261
1111
422
92
1147
225
40
1
165
182
185
611
1199
60
68
63
153
338
114
701
198
12
68
1154
1165
1014
189
113
943
1046
499
736
181
260
1070
123
191
190
988
56
10
775
181
227
643
1195
278
266
103
115
133
45
257
212
160
49
87
116
157
802
38
107
17
242
490
134
135
134
276
192
153
754
139
267
241
962
186
207
1220
255
147
210
182
46
0
179
114
159
1172
80
1171
99
100
65
488
1117
98
100
283
867
160
205
218
200
27
851
242
230
137
33
667
129
264
1159
70
146
268
175
232
31
142
1099
12
168
755
95
1226
247
1128
763
107
189
36
139
231
324
82
208
495
607
19
6
17
195
57
637
1117
183
8
204
122
98
108
102
174
243
212
122
600
22
312
171
678
53
987
333
244
1125
555
445
39
20
1173
150
212
375
219
827
94
38
266
178
246
14
141
917
779
433
210
229
161
242
92
14
174
280
1100
99
162
876
1069
393
178
715
1150
148
11
400
184
6
200
56
125
816
12
194
70
217
210
134
214
617
96
168
222
532
40
279
218
977
174
149
146
96
135
118
158
169
16
1255
7
629
56
974
144
225
131
1171
268
1085
533
234
261
80
1254
40
4
247
263
112
149
752
22
1011
533
229
1011
12
768
1100
169
636
981
148
742
1091
140
414
834
102
108
301
174
393
27
157
367
41
310
805
34
208
1240
71
131
220
843
1109
390
218
1129
579
42
220
266
218
831
66
185
224
251
770
522
62
1099
961
193
72
102
1066
235
121
20
228
228
283
206
150
50
200
617
221
251
267
97
252
313
82
1274
187
136
125
1213
183
141
113
16
69
906
198
262
159
92
55
83
98
667
181
274
121
21
338
247
818
15
51
1051
739
409
1126
1013
229
1170
134
829
89
102
36
14
251
61
221
508
1277
423
136
203
1161
112
181
153
396
149
917
22
60
110
43
1156
590
59
289
60
1201
6
766
1018
134
255
1136
919
262
396
255
1031
403
653
152
68
104
48
898
240
16
215
61
27
75
34
562
6
519
180
262
147
991
232
157
220
285
153
12
135
507
46
98
179
166
285
22
63
158
918
1255
116
1182
280
102
175
25
156
450
88
1029
30
258
246
208
1169
799
562
336
1035
269
115
628
276
752
198
1072
300
584
126
35
131
239
81
155
386
85
201
1102
220
631
226
9
562
228
83
439
4
50
111
16
62
256
157
284
92
14
103
670
606
246
224
286
1139
635
174
222
2
160
118
185
48
17
726
277
75
14
169
290
285
152
278
718
200
285
497
578
274
236
260
37
998
208
157
104
769
53
34
221
101
181
690
206
218
280
1142
194
257
979
724
550
180
85
6
216
120
1065
103
42
190
34
844
589
143
1181
206
248
602
254
0
6
160
539
450
772
256
216
52
57
1025
940
103
20
215
302
1273
1259
91
225
681
1271
92
1207
145
118
914
782
95
65
742
429
1223
1046
1147
108
699
242
48
789
142
1121
22
41
84
147
42
51
191
42
72
1160
196
624
1184
1047
1279
1066
209
0
10
1093
182
124
419
67
169
194
108
226
945
947
19
279
281
101
250
116
295
220
239
216
178
245
244
26
851
356
887
276
833
174
281
715
173
172
267
1030
791
217
50
33
62
693
564
19
97
43
1269
277
123
892
911
134
97
1214
871
254
237
156
252
29
323
112
608
126
70
262
392
37
779
1247
197
974
79
115
237
172
74
1029
447
883
622
261
282
226
208
672
586
6
226
229
37
59
35
269
201
98
160
163
1138
100
69
133
892
248
83
58
3
85
41
210
62
529
261
567
252
79
110
198
741
143
9
478
43
99
197
668
949
128
269
221
192
34
187
257
312
206
87
297
245
874
433
154
901
88
855
1145
209
102
639
116
50
112
226
141
52
190
14
715
51
187
290
101
37
162
31
57
111
26
162
236
356
262
18
417
27
1273
66
102
254
937
98
749
591
775
867
408
59
133
30
285
269
276
712
364
166
35
139
98
1050
195
194
46
157
138
109
1087
9
532
915
530
162
133
42
40
178
17
333
228
115
250
129
213
742
116
289
256
40
244
1114
138
238
662
270
902
44
863
175
92
30
752
277
162
120
89
332
243
842
297
731
1223
1
34
22
92
351
203
262
123
1207
181
294
111
45
421
119
232
398
204
691
1033
2
382
142
197
123
212
195
81
1057
230
201
481
205
48
244
881
207
172
212
650
280
595
234
275
502
59
30
45
234
41
314
96
110
264
47
46
34
1227
227
230
865
191
212
162
246
107
1092
76
100
60
154
45
1190
49
25
934
318
41
140
276
30
127
230
235
71
275
256
129
255
236
153
226
21
548
931
1062
97
236
9
122
243
631
669
38
47
61
133
793
246
37
101
42
85
53
78
253
925
1074
1175
127
224
244
96
437
191
158
197
231
234
407
59
902
1219
130
49
228
274
222
119
170
1223
76
44
76
6
171
1135
203
81
265
438
9
123
190
6
231
251
38
154
834
17
131
1207
57
1223
608
101
250
276
246
106
177
321
172
50
182
338
466
260
220
526
15
231
81
179
214
106
2
341
93
103
152
1166
231
200
162
64
268
84
23
1060
107
1192
191
171
87
1127
1251
57
181
215
985
131
637
716
210
280
47
1097
784
277
1151
107
159
225
137
95
245
232
185
208
280
437
795
874
722
1006
441
166
1072
128
61
1007
1011
889
50
1115
249
241
194
694
265
0
151
86
12
1076
858
645
146
222
135
54
631
131
194
143
668
17
28
2
688
420
125
159
282
1140
93
106
55
317
42
181
140
124
252
79
334
230
139
682
172
159
49
135
227
461
116
128
941
187
96
142
388
242
423
977
816
213
36
712
237
154
1134
1197
55
21
214
1275
254
57
184
205
263
217
903
48
9
1044
167
74
1021
82
744
468
844
161
14
572
657
201
256
695
113
245
72
719
191
174
147
137
933
264
450
41
163
199
224
484
98
199
143
853
175
63
183
7
568
47
951
233
922
343
282
1056
376
195
14
591
27
209
169
172
1007
496
269
20
139
248
870
415
109
72
55
616
155
813
1
18
251
753
225
73
209
233
63
1156
125
123
208
1053
723
150
1272
230
811
517
723
193
824
221
153
120
102
244
255
142
233
468
1151
97
201
1256
94
61
211
100
272
467
280
367
25
52
86
555
356
278
36
342
18
7
232
387
717
246
862
122
188
152
396
21
548
264
275
278
19
769
611
1193
251
276
108
68
95
1206
57
402
134
253
142
244
226
284
168
248
942
77
244
628
157
38
108
275
835
26
305
112
173
256
127
360
1187
234
362
261
207
3
1068
602
482
103
116
103
123
183
49
117
141
138
942
655
346
711
261
154
10
5
169
111
962
151
88
15
49
407
21
1028
849
158
822
197
225
121
475
204
45
55
182
105
280
98
95
146
66
184
919
933
734
217
218
498
175
200
201
126
201
1168
252
289
104
3
63
3
265
1032
140
80
116
247
83
236
35
92
908
1098
892
155
216
1199
578
211
1069
1064
857
96
217
25
58
56
59
1107
274
1264
87
235
291
1239
42
626
105
134
149
591
165
197
102
994
874
12
881
577
263
848
1125
651
213
118
99
250
685
954
171
818
181
159
22
409
1081
87
555
615
28
271
145
469
48
1019
135
97
73
109
74
102
278
101
9
122
102
281
43
132
1284
563
81
662
775
776
142
1077
267
74
227
51
210
32
123
220
280
597
238
83
44
896
237
108
213
105
235
108
6
1166
104
285
20
155
908
10
646
187
179
89
155
869
232
99
44
523
62
75
767
24
28
312
868
15
149
964
1265
542
436
1151
160
279
93
378
278
253
236
539
45
211
88
725
734
151
215
160
64
44
185
212
103
56
121
239
84
101
186
259
29
137
111
508
225
219
92
172
155
102
714
220
102
763
96
418
241
161
108
849
189
148
453
207
155
160
265
818
20
150
218
48
915
495
5
310
63
1017
242
151
766
23
59
178
221
231
67
28
87
243
130
183
26
131
187
52
15
15
911
135
153
131
881
748
242
139
1236
270
10
239
108
74
77
79
133
179
613
30
252
551
159
16
218
164
510
104
241
93
427
146
55
36
494
177
171
163
93
60
55
791
78
101
261
252
187
8
241
218
1168
263
838
136
165
175
1260
248
223
176
232
278
194
162
261
57
100
262
373
962
251
108
475
275
227
187
276
925
1055
860
110
256
186
347
668
501
100
44
1079
280
196
201
285
70
886
209
396
173
31
1113
229
32
147
50
158
1019
275
761
15
644
174
202
55
448
155
59
70
100
133
159
224
258
276
128
103
286
201
146
261
100
236
55
856
387
583
879
6
196
45
17
1070
40
743
28
579
429
165
795
137
599
282
82
196
192
433
266
18
1130
269
1064
57
184
208
712
40
236
639
31
1281
232
411
230
551
1180
54
263
247
99
28
385
80
632
24
125
248
245
105
383
857
153
166
477
1137
224
179
183
198
42
944
207
195
162
109
110
195
187
251
81
667
813
239
179
1048
474
532
88
236
162
423
10
995
1228
247
1164
829
40
225
1065
89
47
188
708
256
99
360
139
142
145
133
1044
85
1024
653
130
245
469
147
22
877
1109
531
45
88
208
160
622
52
512
1134
1167
62
84
726
29
121
42
88
758
23
203
258
133
254
278
282
240
416
3
112
641
194
91
247
626
70
1
649
18
105
145
1208
12
178
12
186
649
32
276
133
543
142
106
41
69
168
788
369
266
452
1021
81
255
279
15
166
1035
709
194
89
162
281
10
21
282
1121
182
210
1040
1048
547
229
328
96
92
232
177
807
75
887
165
903
213
71
117
259
540
263
276
9
1040
414
531
121
219
118
140
1272
201
177
338
926
278
700
903
1043
232
209
680
371
139
143
77
69
47
141
27
185
134
971
175
340
10
916
164
589
395
463
875
120
55
775
88
26
158
49
1028
79
207
137
886
634
437
204
987
22
1045
88
799
122
148
261
255
165
35
803
118
1158
499
663
1202
292
73
248
222
501
53
36
344
30
1134
799
14
541
257
34
16
211
269
254
184
289
253
73
201
84
87
1195
78
207
18
293
63
252
184
264
229
0
78
55
49
744
70
932
57
224
231
7
221
783
14
16
1201
56
187
58
251
92
27
51
1204
468
162
71
11
167
1155
19
85
69
1072
907
357
79
183
93
430
711
479
257
165
98
224
17
178
226
189
25
244
178
226
401
37
104
138
402
165
168
691
203
4
189
134
8
115
92
74
48
258
1141
1163
57
212
1177
119
991
186
106
285
19
979
204
184
783
37
242
223
203
133
129
252
17
825
184
598
114
129
554
370
136
433
90
1
255
19
119
16
52
188
240
201
65
45
147
768
122
219
13
251
38
93
219
501
1250
733
256
223
294
897
45
12
124
133
0
1090
164
21
247
171
1080
65
1223
251
713
726
694
373
14
41
189
85
102
167
243
223
164
77
219
228
259
123
166
291
143
25
26
1045
349
102
1217
56
599
649
432
779
254
13
105
978
97
9
829
4
206
473
948
506
134
222
278
89
239
59
496
211
334
109
99
348
284
891
284
185
207
1135
250
205
173
103
543
584
35
281
68
253
7
211
101
421
127
1159
14
824
21
1104
964
1256
155
16
105
252
156
249
31
96
127
2
122
79
146
483
167
23
30
121
686
37
472
416
276
87
234
96
54
1140
226
584
87
13
258
382
267
256
12
199
119
4
253
92
124
117
180
172
182
926
147
804
271
134
243
38
860
662
75
65
361
701
333
159
499
302
100
43
66
429
321
1198
95
121
65
256
81
564
280
60
25
1070
1218
116
132
205
303
274
76
147
153
506
750
237
66
144
454
987
265
228
85
17
100
56
183
765
274
15
206
174
546
235
260
191
781
239
221
91
137
115
212
278
415
60
35
245
652
623
1008
800
142
88
86
231
961
80
1055
899
148
830
31
34
79
592
24
262
1105
1008
70
614
18
495
273
201
688
1265
265
265
800
1210
1266
249
189
242
512
180
233
37
10
9
389
300
63
1185
257
937
114
252
166
79
702
147
868
151
1282
40
43
170
21
147
232
52
136
79
36
181
742
767
109
123
118
181
448
15
185
327
268
1065
116
161
188
82
268
207
38
590
118
199
968
234
1023
107
913
74
1117
18
96
75
222
77
739
467
76
191
48
1048
602
241
1056
276
371
864
277
61
1169
687
285
22
690
990
502
9
1206
201
188
456
142
1281
182
855
1237
140
110
226
808
261
67
294
31
712
591
4
243
197
625
1046
246
494
179
1008
90
267
1062
76
141
106
6
161
231
593
197
36
242
369
153
16
428
166
190
253
256
216
229
1082
176
278
131
14
795
202
96
125
59
238
22
788
232
194
86
106
131
1186
242
91
1210
159
211
518
663
56
78
84
170
1188
230
171
158
171
71
121
259
218
1124
38
228
138
47
242
730
279
110
57
209
3
843
24
110
4
825
342
28
121
112
100
900
139
178
470
1124
180
475
135
947
49
469
68
269
95
84
79
1104
180
115
1091
150
221
203
180
20
469
57
182
252
282
262
82
296
154
12
1094
133
76
104
105
226
1185
51
173
43
76
486
21
169
615
108
138
171
504
245
94
65
87
94
96
18
225
849
883
153
204
92
147
986
17
64
45
497
259
275
2
939
1132
195
209
42
38
729
800
90
67
8
48
14
8
81
136
1176
834
188
29
88
299
979
0
872
23
233
159
0
124
173
160
856
237
62
122
351
25
183
33
142
927
173
600
39
315
202
283
513
77
1221
1161
162
188
174
12
134
145
143
277
374
167
30
282
469
6
218
194
111
222
281
276
816
123
244
256
225
600
188
183
124
150
11
1260
108
210
43
42
668
1048
1128
97
58
99
565
74
192
106
681
54
263
271
438
786
148
224
125
25
495
93
166
310
850
278
511
163
648
126
377
251
122
1265
529
140
946
280
280
1219
252
79
23
1041
16
295
715
1010
119
266
587
184
1208
136
221
757
482
187
1094
34
221
124
135
163
93
161
76
378
525
29
34
36
882
84
183
51
107
407
136
183
560
280
248
195
145
709
309
246
170
673
151
1204
622
181
48
237
45
13
27
279
264
113
22
107
200
219
753
247
128
747
124
243
1116
1083
261
879
256
622
881
229
25
151
138
228
647
80
402
876
58
265
37
104
582
183
38
142
1185
1154
171
211
121
452
270
175
235
355
310
81
1074
284
70
276
664
163
78
236
1275
79
88
560
115
389
282
135
109
181
387
39
32
99
180
193
223
263
832
282
1108
191
81
184
346
68
89
49
139
63
234
18
207
54
283
110
129
1185
70
60
184
0
90
176
264
476
289
263
590
451
191
234
80
201
157
18
109
32
425
388
251
197
242
1138
254
191
181
7
240
76
507
123
170
27
152
255
36
1159
177
245
272
521
120
12
255
131
1073
18
981
7
68
102
1195
607
1061
242
266
1003
226
17
111
34
879
900
21
264
1112
125
1218
578
23
221
1044
247
932
241
789
207
72
7
583
32
445
94
65
1066
25
154
160
115
153
1241
1103
362
1213
188
43
70
112
1136
269
55
42
82
185
1140
266
162
173
112
421
937
2
226
150
36
240
90
1220
187
153
155
168
157
95
189
173
145
49
40
207
163
1076
141
90
151
43
9
216
848
99
67
46
97
82
229
198
209
219
203
44
1041
82
20
309
15
233
91
275
77
293
715
984
21
933
982
219
958
267
978
83
89
1107
345
832
475
60
36
131
232
223
400
204
564
454
95
125
181
156
913
28
239
273
188
584
46
111
267
285
192
130
76
12
1068
224
421
200
285
241
242
129
94
89
277
107
45
711
81
117
827
89
1034
196
583
136
9
358
89
781
75
55
1160
99
474
3
900
1252
1082
75
99
652
846
60
137
25
68
62
266
90
250
270
271
44
15
125
149
11
635
250
135
130
840
83
941
246
129
273
125
159
146
234
229
254
841
58
166
160
109
260
43
141
931
951
111
8
45
469
123
247
597
300
1152
151
147
280
637
190
1101
921
888
341
143
985
229
12
1145
76
212
1045
216
128
93
271
253
92
949
284
118
180
219
911
277
131
87
1090
583
21
165
266
149
182
86
202
366
760
1285
282
162
542
270
47
200
254
145
178
92
222
46
67
81
1065
1061
177
37
201
17
1136
168
132
6
948
1234
117
88
162
17
504
419
122
879
198
169
179
165
104
3
238
763
740
826
596
95
430
34
96
11
730
111
250
537
26
43
117
1043
22
127
188
282
25
8
217
588
55
339
149
644
901
38
21
232
191
86
19
230
195
123
243
705
247
206
102
78
162
71
133
505
272
303
85
702
281
198
31
202
650
65
1284
53
305
243
67
249
202
1097
273
47
1269
132
163
273
29
294
185
901
189
86
938
62
1168
317
157
214
101
232
90
265
8
718
265
481
92
89
253
4
99
335
221
189
80
380
947
78
258
252
42
220
274
33
294
507
148
242
261
254
212
911
90
209
208
802
202
233
246
26
213
66
139
243
78
135
618
142
217
760
915
19
2
131
165
323
237
91
175
20
120
1045
62
35
347
489
527
852
246
194
593
83
127
28
1073
58
402
21
1047
273
194
159
505
189
1046
124
1027
32
39
136
1209
152
927
18
858
163
852
2
67
127
1014
235
0
219
724
137
81
261
22
188
21
262
155
1130
193
191
914
281
281
775
118
117
224
5
18
256
263
206
697
37
39
16
186
522
223
148
156
718
28
274
217
233
103
67
712
55
91
107
83
834
1005
705
1050
151
492
4
34
61
222
284
962
717
144
198
1013
800
133
897
83
138
233
122
277
342
255
89
626
894
84
515
58
368
78
271
80
19
184
374
222
116
233
134
106
207
52
217
683
282
631
37
197
231
394
180
1186
215
205
1129
840
847
213
675
261
203
281
171
126
20
829
161
215
180
237
1261
7
133
178
230
914
156
1193
179
16
257
210
288
168
33
240
1163
153
1148
966
937
51
234
278
38
213
226
150
114
86
403
619
258
133
115
163
36
34
249
254
374
159
141
81
1234
1193
876
106
160
55
108
264
919
61
88
1188
33
58
104
476
90
509
40
36
36
179
1083
112
155
789
180
89
144
98
147
51
828
85
416
105
327
367
283
174
595
156
991
153
786
33
149
5
193
191
76
684
233
882
186
211
176
27
182
220
46
161
1060
262
261
161
916
117
993
284
92
647
261
801
1248
123
1275
1205
85
128
270
681
156
1026
834
488
200
441
690
192
162
82
915
295
138
260
56
81
169
0
251
110
111
164
56
16
262
1050
253
109
197
122
958
59
339
675
282
594
122
745
250
58
152
32
99
688
183
51
783
46
174
1217
97
107
45
1175
918
1210
131
948
1262
227
2
81
232
716
1
3
256
81
103
646
809
186
117
205
247
382
1058
12
253
111
258
880
20
470
870
531
194
52
1008
158
800
1252
19
26
55
63
111
584
379
1232
97
11
93
900
280
266
1136
141
216
208
103
86
346
1081
491
149
2
97
68
442
57
112
980
165
95
102
109
63
132
1062
481
203
1223
402
70
991
9
257
1249
119
594
263
318
230
1146
7
802
110
911
460
155
41
90
222
307
15
234
26
121
265
257
122
167
19
52
30
232
562
59
143
111
307
593
20
178
72
163
248
70
730
152
187
407
592
61
283
260
89
1189
203
1182
247
202
17
54
269
103
22
196
781
165
129
56
195
237
2
238
284
970
180
282
164
234
98
254
188
290
52
250
253
267
18
1140
134
286
59
626
221
280
144
78
267
452
535
589
213
149
1270
139
151
491
99
199
23
1106
1237
246
30
953
30
1151
1050
358
157
28
19
86
411
102
74
414
149
95
129
167
396
23
160
874
248
1156
1104
837
915
36
1046
163
811
98
38
152
116
1032
211
1069
26
271
930
272
328
279
835
786
254
159
207
264
107
1047
281
55
175
30
1254
11
45
187
1159
121
86
747
127
217
236
1132
15
271
228
1156
22
133
215
1131
43
58
248
77
234
196
89
681
811
4
226
791
136
168
183
105
103
479
1007
1182
0
195
29
434
179
223
187
114
230
10
560
35
1035
0
508
69
230
698
325
796
73
1284
34
1079
102
264
105
283
137
234
148
94
283
62
162
1011
49
280
161
691
347
218
28
104
167
275
260
813
853
206
145
755
128
90
30
111
123
1002
20
261
88
158
191
151
45
977
92
29
403
16
982
132
521
1216
202
443
162
525
1037
259
267
283
14
238
24
74
348
159
1228
11
1062
258
131
170
933
328
239
221
1010
1
94
264
10
42
117
41
233
33
121
456
2
249
282
100
179
27
936
896
92
38
190
244
273
1073
1104
45
685
80
134
40
262
134
156
197
48
149
128
499
245
160
126
25
1165
94
100
110
597
252
181
526
67
46
973
530
645
113
230
92
256
183
29
79
131
42
106
247
154
1280
98
1206
1107
21
352
611
69
206
266
350
1192
247
75
40
23
159
154
123
72
932
2
266
125
398
178
83
854
1112
10
733
210
552
103
133
94
261
216
261
41
7
857
284
151
92
235
28
269
838
46
656
64
81
1102
137
350
267
246
674
57
191
1198
138
309
256
92
218
162
67
17
54
10
592
29
183
215
208
104
921
561
160
719
26
186
71
49
274
278
200
134
39
183
82
51
851
193
53
227
1209
423
794
14
1154
129
200
121
212
124
75
45
263
773
140
279
329
1029
97
220
584
672
185
1240
988
141
254
364
102
844
217
252
765
31
150
773
58
1130
1246
158
115
672
757
271
357
138
127
258
58
201
162
1196
127
68
155
107
97
818
1211
190
4
130
91
36
207
823
199
113
81
172
99
97
1065
523
19
146
886
183
107
224
88
3
924
1
518
133
127
306
1026
239
17
174
232
585
34
1245
281
234
222
163
554
264
174
50
197
823
83
103
110
41
1237
261
38
1174
586
90
164
685
876
1178
39
130
151
980
400
264
113
121
246
382
841
164
16
122
1221
240
100
150
959
715
50
75
1156
288
946
189
143
150
284
112
23
208
202
279
1101
111
180
1205
242
872
275
68
63
144
99
1205
191
34
39
199
144
20
453
1
181
15
485
33
67
169
981
264
261
104
109
182
224
24
533
189
218
180
137
451
212
748
900
1172
1261
51
182
54
249
27
187
254
99
286
100
66
24
4
40
15
32
37
79
61
35
35
19
4
0
0
18
94
91
57
66
65
4
11
40
87
26
63
29
79
74
43
34
42
91
35
54
2
86
76
58
96
59
92
44
28
78
68
49
90
21
52
94
68
88
47
74
42
35
52
55
20
53
16
18
14
76
99
21
82
97
55
88
76
97
30
75
86
3
52
68
8
66
84
76
18
43
58
85
37
1
23
32
96
95
45
88
71
2
57
87
35
81
66
4
10
99
0
47
82
9
38
30
85
23
55
28
91
85
31
28
95
31
34
64
37
49
93
47
45
75
8
46
21
73
85
99
93
71
80
88
60
4
98
76
16
45
47
71
87
12
18
76
97
42
39
91
1
75
8
29
91
54
91
25
33
9
1
33
10
87
44
10
88
0
86
13
90
6
37
51
94
26
91
32
18
95
63
53
70
47
39
87
74
46
25
8
45
86
45
29
1296
true
false
false
false
false
false
false
false
false
false
false
false
false
false
false
false
false
false
false
false
false
false
false
false
false
false
false
false
false
false
false
false
false
false
false
false
false
false
false
false
false
false
false
false
false
false
false
false
false
false
false
false
false
false
false
false
false
false
false
false
false
false
false
false
false
false
false
false
false
false
false
false
false
false
false
false
false
false
false
false
false
false
false
false
false
false
false
false
false
false
false
false
false
false
false
false
false
false
false
false
