100
1286
1282
429
72
452
1403
1049
49
459
457
215
411
395
179
152
272
451
203
145
200
1449
1192
97
284
117
253
966
144
746
37
264
43
251
1457
262
221
378
245
271
394
12
342
56
396
450
148
141
744
627
19
124
990
233
426
751
207
102
625
371
230
461
536
19
1212
229
1026
104
487
1058
1032
41
480
13
361
102
202
506
1420
1468
354
333
1278
1406
462
955
408
877
507
391
1495
301
154
58
638
199
1492
812
120
774
751
323
275
10
316
477
152
1072
469
1432
344
703
379
267
1084
1369
178
1112
375
357
407
318
672
108
602
135
381
581
47
298
29
1379
223
147
168
657
86
214
99
103
554
118
685
207
115
288
440
116
115
17
99
97
419
315
393
407
1078
1036
805
329
974
40
452
384
619
253
443
1155
524
1362
380
379
409
310
47
264
56
173
116
65
765
787
354
443
280
338
1066
270
238
430
236
794
1256
1336
202
225
309
266
1017
243
210
506
266
265
107
119
1104
59
224
268
116
1384
118
345
421
88
1046
132
259
496
42
310
272
1483
37
10
200
430
970
475
320
374
374
32
1224
464
1092
1075
229
240
103
416
378
472
338
580
131
302
304
1007
251
296
454
347
456
184
1397
1384
1152
93
56
172
127
296
1379
164
80
128
260
1263
207
1216
485
34
263
374
456
1477
13
1026
396
1303
119
142
133
1049
460
1069
453
94
390
88
79
303
447
341
724
12
60
21
437
376
1507
487
775
1201
6
1103
164
53
495
399
1112
1183
588
1186
47
387
151
43
613
551
1290
756
1063
219
263
1147
750
673
357
154
196
506
686
237
55
292
351
207
83
148
1147
73
322
1010
967
123
103
350
208
885
341
1397
223
435
496
1237
191
298
696
365
456
466
1106
149
584
656
345
660
1339
836
656
446
1484
8
237
254
281
558
228
77
460
709
86
497
862
1404
173
830
472
1272
433
1505
252
793
101
496
849
406
353
84
792
250
467
181
611
454
89
427
491
463
450
592
135
464
742
134
1172
1506
500
1293
388
831
606
1240
955
619
1181
456
479
504
139
493
475
591
199
395
1249
138
30
731
311
490
998
763
85
1419
367
1008
268
391
421
545
343
456
1178
98
771
312
105
421
239
266
234
47
617
546
279
427
93
7
90
406
257
1395
1200
199
1143
226
1228
401
114
395
506
253
113
152
222
181
98
126
1386
575
1234
477
166
679
37
136
172
332
291
28
371
165
838
353
508
277
1067
520
359
93
425
976
283
690
259
959
146
99
286
780
417
66
264
507
306
458
217
237
269
8
245
397
938
219
474
924
75
848
240
710
495
442
436
312
197
281
33
1500
1146
80
252
363
1298
215
999
370
411
822
397
377
28
223
494
438
1120
784
432
54
70
22
387
931
36
498
66
715
284
403
1489
378
245
897
122
382
12
1373
301
17
207
113
1467
746
345
360
746
337
72
253
144
156
345
113
64
218
118
974
106
409
1337
405
15
692
21
264
86
107
1132
396
511
465
1218
84
68
366
304
397
321
259
232
437
506
240
3
55
1245
136
240
440
181
685
730
256
114
386
88
1275
1092
409
1328
449
13
489
1129
288
17
647
146
392
740
306
910
1067
448
212
66
1083
1490
460
426
249
451
472
1225
1115
740
232
503
468
1039
109
59
394
497
1330
53
367
177
350
1232
140
1367
594
419
1472
289
294
506
211
1070
283
504
600
1113
98
339
168
386
58
832
478
494
315
244
168
330
346
308
400
337
76
929
166
60
83
108
1133
120
452
508
0
143
444
1055
381
69
466
283
67
871
216
858
1050
195
160
80
874
997
961
913
1218
347
264
93
26
348
417
63
220
163
648
294
870
977
684
210
1276
326
154
656
186
194
104
636
341
4
55
425
482
397
241
406
369
974
1014
238
175
281
98
837
161
69
414
466
71
744
456
109
1465
1074
159
160
953
390
365
456
119
463
241
81
790
349
368
395
454
347
625
1130
306
428
1394
1360
1361
93
388
171
240
149
229
480
505
298
395
286
825
918
14
0
283
187
1438
498
130
1474
237
360
73
902
420
206
87
280
1199
1124
139
1079
161
1185
556
112
146
96
775
335
374
881
489
202
1422
471
701
192
218
228
171
118
386
411
379
83
393
347
185
580
351
54
123
305
730
164
1502
846
86
291
504
38
679
60
985
971
950
57
185
456
45
984
282
334
1316
261
178
294
44
186
12
1437
283
1493
707
180
484
587
112
1104
161
1150
164
116
1086
388
436
159
271
513
290
611
359
278
313
231
187
111
769
192
316
228
133
308
176
324
1220
174
413
1203
756
498
421
4
468
137
1385
1020
864
257
3
871
173
582
1157
1240
81
738
165
444
1179
67
197
408
311
1476
816
496
511
411
365
251
382
199
448
350
122
133
496
985
628
386
315
1237
426
1299
241
221
222
299
248
48
518
506
974
1351
842
293
116
17
483
1248
299
176
245
478
1071
374
319
357
434
1466
621
197
143
1421
149
502
806
389
626
227
127
748
267
1030
99
751
164
269
85
280
288
189
311
325
382
72
407
14
848
1325
306
473
1340
444
487
397
433
1396
105
1074
50
1129
176
28
1185
98
342
88
46
310
276
12
222
532
1450
48
498
168
260
172
60
467
77
891
438
706
325
174
663
561
48
442
456
724
184
659
336
110
457
716
386
355
16
1233
23
390
22
22
1389
1255
244
237
31
326
224
418
1475
501
340
503
356
1321
297
193
655
101
1396
141
699
367
28
450
435
110
1365
297
498
49
100
48
432
888
197
165
294
113
928
177
411
279
227
15
38
219
179
783
1138
868
199
411
454
436
527
1068
391
105
490
178
33
259
347
72
113
82
212
208
259
761
91
1239
1472
382
1434
730
891
728
78
142
354
173
42
233
9
740
343
947
1231
414
309
511
423
197
204
1185
1253
128
264
508
313
193
172
28
1036
68
1071
645
220
1055
250
40
751
453
235
528
1033
629
68
76
114
329
55
231
366
342
165
382
813
101
1430
149
320
643
62
368
326
1234
58
1489
373
48
1439
104
84
211
201
273
818
656
455
253
416
355
335
198
240
361
1252
1201
384
130
146
1234
452
75
688
305
118
34
499
94
1269
15
538
236
464
279
503
130
30
375
329
787
260
730
178
1403
237
491
73
97
7
380
62
177
133
680
133
241
783
149
755
730
673
185
53
273
483
269
293
420
911
225
827
290
1321
311
78
233
40
429
179
343
82
391
1060
1122
599
452
210
1319
341
1327
158
608
324
225
1324
58
99
357
146
357
1212
456
1363
134
462
119
942
80
181
878
1170
872
943
436
111
266
265
1007
284
90
128
390
480
492
214
123
199
332
999
307
317
363
449
1265
131
234
275
1045
509
297
168
104
79
1009
450
89
876
413
401
782
1121
108
210
1064
211
56
1335
810
803
1334
431
454
809
230
100
190
62
41
1219
77
457
1163
497
415
475
1478
198
283
695
1207
1401
1408
651
610
343
871
338
17
1465
489
482
288
336
112
473
648
1356
351
446
403
1148
109
317
501
363
149
1137
126
581
1360
280
360
45
109
380
572
1039
15
90
30
23
498
501
278
154
108
496
266
1264
1299
447
301
683
273
165
86
240
1045
499
983
818
49
327
248
1384
354
36
110
285
106
441
382
326
354
193
219
135
192
15
1143
279
208
79
403
387
416
228
836
537
396
311
194
1213
180
387
825
476
77
218
630
1248
215
315
139
407
1497
310
1408
1204
1309
242
1168
916
663
642
175
1242
887
593
375
1369
897
1296
778
574
278
211
405
894
154
81
505
1209
652
667
1456
1219
242
256
14
1031
899
716
841
157
273
308
48
102
1364
503
346
356
409
153
348
33
421
196
243
302
462
499
1475
137
1412
179
54
449
325
978
353
443
808
502
132
260
508
475
418
338
64
30
181
935
1326
400
1423
181
174
1051
1105
405
499
165
740
242
375
1140
621
1346
443
437
185
373
1131
702
114
314
96
1498
704
468
18
901
1374
454
68
265
877
849
299
77
402
366
1296
1091
914
72
484
675
470
318
227
1388
211
289
876
1103
274
181
1119
346
352
1483
437
288
0
155
168
368
165
139
218
1052
224
467
831
136
301
558
10
962
34
52
121
468
265
259
75
85
149
421
329
486
206
131
433
456
1079
257
351
220
480
326
166
7
366
1344
1153
400
36
302
458
392
494
576
1177
251
16
565
373
287
308
163
82
410
123
32
1270
910
85
11
1473
721
190
449
407
32
381
438
64
268
1255
246
157
1368
1376
39
1197
429
325
52
460
435
72
136
260
233
302
57
439
417
487
65
970
219
308
492
31
342
462
487
242
578
196
362
613
1398
1406
403
151
307
963
1157
320
110
609
444
201
228
482
1326
1397
84
457
41
335
939
445
500
336
897
674
377
185
1079
477
604
700
1355
38
219
613
144
323
171
57
17
368
1186
44
1252
1103
1203
1118
1308
501
368
717
260
228
207
18
397
43
711
112
491
7
744
6
20
216
45
319
192
120
76
92
444
590
418
71
212
297
449
55
114
24
76
183
402
496
476
127
377
1168
466
179
524
421
325
1428
408
150
106
42
355
439
38
1122
1407
933
61
349
428
506
431
533
303
744
253
349
317
273
130
572
350
280
1432
507
1052
353
116
489
485
701
609
1249
83
164
80
253
134
122
330
11
505
488
224
254
375
283
1274
436
265
500
42
434
144
409
363
1446
333
1087
708
346
18
1431
236
1476
1252
614
77
19
92
64
1239
165
45
1459
305
396
790
426
759
131
373
621
286
847
605
505
264
363
329
296
88
465
339
505
439
189
14
148
66
304
53
181
1421
1217
50
11
920
689
229
12
76
394
882
96
1445
618
404
120
264
919
1449
188
371
360
510
440
328
425
353
79
1294
1292
739
370
309
3
363
470
1294
42
486
343
719
224
614
317
184
218
318
228
395
1234
481
114
303
30
140
61
428
300
1136
249
428
1205
73
379
901
120
46
1352
141
1106
176
63
508
740
790
219
260
264
328
300
804
446
212
363
290
266
955
1363
477
1374
1182
124
428
466
246
237
469
500
320
120
316
226
994
253
308
560
463
322
131
201
419
399
174
442
398
289
26
118
590
413
652
388
114
396
1134
341
193
507
269
71
503
444
245
242
359
765
178
1046
171
418
54
721
309
384
828
375
95
1294
1358
272
272
105
371
301
956
384
440
430
417
353
228
96
792
504
601
225
125
229
84
205
402
379
408
1093
220
31
1238
395
348
175
488
507
1489
205
1458
912
93
55
58
293
132
1195
221
312
28
677
276
84
388
155
538
120
1331
1307
478
393
709
1048
437
244
471
265
73
462
234
443
206
242
706
217
1321
369
117
656
56
478
1353
374
820
418
438
396
596
544
439
499
223
746
815
439
339
561
337
731
1122
206
1
395
99
355
377
94
1131
494
226
442
979
495
399
256
377
892
236
151
371
545
1187
1025
397
1162
577
1452
436
439
49
913
145
209
201
959
66
1498
781
1333
177
155
187
363
1256
1135
501
462
456
175
37
508
338
215
1068
344
860
463
372
332
1
1320
446
780
50
474
596
371
1490
123
205
326
278
151
993
733
637
186
17
828
73
298
422
497
1093
1210
850
1163
868
14
330
491
1275
34
708
422
314
58
275
258
242
990
743
1475
316
1122
1242
933
17
238
114
204
381
41
1313
367
21
1362
292
1190
673
1467
1059
206
466
16
983
464
367
267
198
352
423
428
173
155
1289
289
1402
260
223
203
228
135
586
692
280
50
418
806
695
982
130
199
301
485
358
1275
352
1087
1162
116
553
628
911
852
153
150
35
146
211
1359
968
149
67
224
1196
909
1287
187
431
442
100
223
494
376
715
650
956
307
505
276
145
1451
495
151
202
208
150
11
306
160
435
189
287
26
582
488
572
1445
1457
1447
221
458
299
164
89
807
1498
434
1093
286
11
1469
18
285
122
12
882
383
1343
110
57
465
353
188
487
0
1477
51
347
747
337
226
344
434
745
1258
68
212
689
999
341
565
442
1043
439
92
326
1070
357
517
322
422
167
90
2
542
305
1502
23
586
187
1447
267
161
412
661
1036
407
476
300
313
431
87
95
391
369
1064
303
315
178
604
38
185
478
274
113
130
147
417
350
935
315
1437
1298
102
487
1492
117
404
52
943
375
144
182
447
83
1050
629
90
488
210
856
559
324
438
909
130
309
1251
413
252
1418
328
260
135
90
266
1289
398
418
29
249
0
127
233
116
1130
1255
830
817
700
131
571
910
1212
318
395
359
373
259
311
301
87
110
751
1027
212
2
290
504
106
1021
140
445
1294
355
114
1416
338
1114
181
138
671
394
1384
82
280
529
190
1262
485
436
342
417
592
34
824
146
1464
279
274
1150
297
1013
1468
484
1406
890
1166
1202
926
1104
186
44
318
71
205
294
547
240
317
749
286
1310
811
247
380
20
317
496
156
436
823
416
1415
56
617
43
376
552
471
357
41
244
298
444
36
465
504
907
161
679
662
769
274
1492
1008
598
593
152
504
176
250
7
213
185
476
165
92
406
1286
1077
302
512
350
305
171
145
1424
335
1226
490
188
101
110
253
230
1184
268
950
1444
685
126
1163
328
319
402
321
392
476
125
353
163
452
334
1164
1416
450
729
69
1129
106
287
337
349
1199
437
72
284
907
319
54
24
226
1058
320
190
94
44
0
347
453
917
264
193
324
384
396
123
858
313
94
251
26
160
346
492
100
1460
1177
92
47
449
975
94
205
77
1018
329
421
204
332
731
400
389
1229
98
1028
352
621
144
10
86
1031
893
372
889
334
171
105
1246
103
191
175
354
1384
339
650
271
509
159
553
459
460
972
395
277
377
1083
1004
23
1171
985
400
1489
1240
453
183
995
451
1439
335
320
360
102
322
100
30
482
485
880
475
1008
459
476
363
470
712
44
123
506
36
542
339
1167
347
165
942
206
172
178
433
75
183
421
779
679
617
73
363
120
321
1086
292
164
1059
209
298
379
218
74
1166
104
323
493
489
255
425
502
419
5
427
114
939
1207
1089
417
392
372
837
433
230
75
412
616
87
439
55
270
416
858
765
60
485
460
356
332
285
217
386
449
132
542
600
81
3
234
1214
543
489
182
482
1382
355
361
26
542
281
346
258
1340
757
296
807
1352
389
602
396
505
314
165
163
407
25
911
1133
670
1061
38
104
37
151
397
393
51
1425
182
25
911
3
523
161
1096
1243
295
227
251
152
143
350
200
1177
808
693
852
571
1333
114
321
443
121
212
133
227
1023
94
295
214
270
348
580
535
310
813
1460
1033
1389
329
1406
1116
410
361
228
1187
477
417
172
1232
286
373
494
196
416
281
278
10
197
471
499
374
157
801
360
337
1139
32
0
1240
276
734
458
234
457
340
482
335
93
244
338
453
962
75
283
881
282
573
444
346
263
227
143
1210
919
202
31
301
7
198
367
102
37
380
335
1475
642
505
176
458
288
38
373
1415
1225
1498
281
1224
418
301
278
1355
1027
276
418
1089
460
1214
450
85
1129
245
415
297
736
595
241
208
338
154
328
460
37
147
283
410
162
373
286
769
825
700
455
95
216
171
388
185
26
367
248
437
1004
730
325
346
378
347
830
336
600
1155
1379
312
1408
303
11
21
492
265
492
421
239
33
378
97
87
1340
1214
307
879
215
1379
88
489
310
824
618
318
423
417
138
1096
266
197
167
486
472
229
741
27
503
709
343
288
278
185
235
203
11
374
60
100
229
502
1199
27
752
158
172
112
461
37
408
1437
348
456
114
418
330
177
440
410
447
778
152
443
302
952
380
1433
446
109
1275
432
412
980
1014
478
345
755
229
267
1059
331
1494
490
146
402
251
1112
585
75
150
89
270
340
335
394
355
428
11
1318
343
1488
265
154
167
263
857
146
1209
683
329
1455
141
434
440
1440
211
980
1285
156
100
963
440
1210
313
101
61
1181
60
378
83
478
332
358
1064
91
169
77
339
1346
107
1411
416
439
321
10
301
451
337
78
1404
369
257
167
707
114
370
430
187
180
104
391
886
457
163
100
23
237
229
501
1342
157
139
76
210
327
1313
1334
83
946
192
10
367
400
410
52
974
505
232
84
66
176
791
1254
92
817
354
507
49
115
596
1025
1367
30
312
827
111
243
486
258
440
436
498
261
133
847
100
844
102
854
403
766
739
197
268
188
364
392
193
1019
315
1096
80
183
981
923
78
1162
605
411
1269
859
201
954
358
790
232
502
927
480
441
1061
534
192
209
14
149
398
41
276
515
175
456
9
226
302
390
137
1454
7
477
403
1407
502
934
353
61
50
1191
182
494
355
1075
12
425
209
1248
82
1012
688
450
1158
338
17
301
417
419
414
887
233
30
351
243
593
88
117
305
1504
993
629
42
200
250
110
1072
1308
395
202
968
1435
982
318
196
979
177
199
489
123
84
504
244
308
415
989
392
1452
594
586
340
186
114
379
170
450
1045
86
308
285
858
116
648
410
189
223
48
434
266
355
149
124
392
3
659
500
1012
125
322
228
940
425
20
159
580
73
1359
248
49
835
93
121
1094
324
184
212
1050
1347
231
773
34
473
8
969
140
195
609
165
1371
752
1260
1415
240
248
229
1336
37
225
187
1506
991
1088
399
211
436
1090
530
756
253
311
473
579
1133
1380
845
239
249
1192
245
330
139
1405
24
214
895
1081
437
881
185
1214
864
469
261
445
264
1375
199
92
334
557
1311
156
140
50
9
407
114
808
203
177
434
21
845
376
33
1121
408
523
458
386
505
1232
1149
72
177
1251
26
1221
1473
963
263
301
327
151
65
474
663
460
84
141
331
816
380
384
164
232
74
1437
129
1184
1300
60
964
82
388
1058
524
35
747
689
8
194
388
676
144
1042
606
361
452
436
60
446
605
1
523
58
428
355
96
1226
99
322
446
258
325
320
41
134
158
173
424
795
732
373
1165
50
724
238
77
35
1276
100
973
379
203
231
1287
772
244
370
28
483
1501
1037
49
370
527
938
1113
724
283
91
306
295
271
1162
224
425
181
305
281
285
748
217
1417
300
39
387
920
915
513
154
1399
1225
399
29
532
205
462
294
155
1040
466
1118
506
98
181
299
678
89
346
377
0
620
479
258
1021
1123
454
12
1142
695
152
118
138
643
327
102
449
498
184
369
294
51
437
380
423
1091
282
967
341
37
507
408
406
1393
373
1280
818
9
1028
355
487
278
458
244
307
130
5
415
591
233
85
468
320
160
458
1293
959
971
350
15
1362
2
0
36
277
445
225
108
465
736
77
1396
927
672
534
358
148
404
829
407
243
688
303
255
191
597
163
457
392
110
168
915
625
488
166
219
700
772
1063
376
92
234
1071
1171
594
315
487
274
205
363
851
485
188
236
285
391
255
291
415
83
408
42
742
1016
155
130
22
765
19
338
817
482
385
877
258
266
97
623
840
49
496
59
1084
343
320
209
268
731
881
179
322
6
462
1502
327
765
1201
190
120
42
315
1494
593
1025
378
508
1077
579
10
711
329
272
129
1501
152
315
222
325
279
1401
1301
322
133
247
298
448
146
1130
117
165
245
585
147
219
1192
497
1219
656
426
1037
246
224
236
448
1321
261
1119
113
17
943
997
84
301
1279
272
1402
249
187
459
1390
508
264
1247
617
353
233
605
644
868
453
206
1138
188
128
166
445
380
726
1168
345
1282
777
682
173
1342
40
1142
109
156
1020
490
1386
133
411
33
301
167
6
1105
426
444
332
525
501
106
961
1474
1050
494
406
22
25
923
45
5
239
73
882
210
331
122
8
300
74
372
348
9
302
26
241
667
1437
154
296
101
1120
1311
839
424
344
387
155
12
185
70
1085
389
588
60
221
25
409
312
905
1341
1464
1035
147
231
335
375
286
43
649
1409
1481
294
1064
177
490
397
952
360
248
859
353
642
1312
792
455
1192
506
47
1436
397
499
649
353
346
21
207
169
1444
418
276
454
214
987
909
29
1387
517
482
139
375
410
431
376
469
1408
687
483
1504
411
444
395
985
310
293
58
72
1286
311
359
1196
248
228
367
67
1375
112
354
163
533
226
175
53
145
1396
962
455
356
973
622
474
291
1462
803
1437
643
947
8
205
497
127
969
1290
127
210
730
1164
139
31
507
473
522
233
658
202
128
805
486
747
1169
323
665
1024
185
645
1344
54
331
270
889
471
137
1362
283
1340
272
692
353
218
16
505
1341
904
156
1045
1367
483
1448
784
228
1320
157
1148
659
488
401
313
484
1225
720
409
219
313
440
123
443
103
1368
212
302
347
468
455
105
206
421
325
964
364
335
78
486
905
1185
622
100
218
491
826
973
802
363
93
488
188
492
1270
419
550
337
975
466
1029
262
587
26
1315
41
340
121
340
96
257
164
262
197
412
482
878
631
295
349
280
274
271
154
236
854
724
1194
243
136
149
165
93
474
331
1239
79
285
35
208
477
119
169
1165
281
496
312
1471
264
482
11
431
136
591
453
603
185
245
16
372
313
142
502
23
707
222
1453
145
485
976
117
385
352
1435
125
1314
503
67
297
117
26
1427
375
286
375
389
296
287
124
118
63
293
157
171
168
234
113
985
1202
93
517
1175
97
741
128
828
400
310
161
461
252
397
103
310
347
42
1125
1220
943
1306
1365
1174
419
883
57
294
440
466
1347
270
294
81
124
494
214
44
43
345
282
1487
164
1047
481
265
886
433
1507
231
496
237
319
2
343
220
743
341
1084
207
29
1284
210
313
1276
1001
44
1149
308
434
488
385
393
99
492
406
506
309
455
71
743
458
794
1504
86
310
1242
150
214
1458
1291
316
449
404
282
1097
160
861
729
1245
238
1469
743
205
299
1091
323
62
184
528
530
187
139
232
21
1359
244
1382
750
303
353
1492
450
882
506
371
729
49
520
804
568
618
804
208
505
29
231
74
431
658
216
20
306
486
18
268
84
987
254
170
333
748
501
1393
344
109
282
505
1004
878
275
398
289
490
244
367
268
520
7
491
117
1291
483
1469
231
193
37
400
1093
260
1012
905
311
439
587
501
820
275
303
1263
417
420
120
557
360
493
439
634
198
175
763
835
282
1210
238
619
1336
319
935
10
1092
48
432
646
540
745
131
734
119
615
145
35
102
397
155
501
700
876
272
405
8
203
201
253
789
417
541
1489
103
507
460
545
324
1441
1104
498
1481
313
1505
365
796
503
550
184
431
838
1488
233
1454
18
638
441
413
436
213
86
210
17
444
854
786
266
430
13
391
434
503
1447
176
192
101
107
1255
11
959
99
1031
450
359
278
805
7
492
165
1054
74
174
448
69
569
266
1459
1084
614
1497
1124
998
200
431
153
422
1117
233
217
79
830
184
124
733
445
377
620
332
335
448
188
56
66
490
175
502
1310
255
150
1327
497
201
345
928
116
1023
255
1119
935
171
56
270
225
361
1273
379
457
147
1389
427
87
194
530
1158
159
1052
978
155
1385
99
147
145
139
168
153
73
1501
399
3
57
313
115
491
252
406
288
138
334
160
109
116
942
7
222
1041
182
472
1236
26
179
1442
732
1152
324
426
56
366
393
519
365
398
792
304
721
442
479
121
1211
302
394
445
174
873
69
419
93
1464
506
802
1495
467
1198
81
201
460
1162
21
253
245
674
821
1074
2
76
444
1041
101
108
713
259
484
645
261
1242
1436
1069
1069
202
846
180
1457
660
502
1266
316
807
1335
107
94
381
331
327
168
1325
186
94
410
480
190
31
229
224
33
148
77
1222
370
960
960
446
440
67
70
181
1440
28
462
110
8
1037
881
66
60
14
940
443
269
735
263
1345
158
532
1004
154
481
324
462
194
30
387
801
1168
314
1104
861
1374
1419
165
96
418
393
204
448
234
928
1205
1067
362
480
333
168
1393
120
54
1062
72
1276
691
195
543
325
207
300
1420
325
254
1122
435
265
178
311
314
1166
438
483
61
224
159
458
920
249
464
61
432
980
355
1318
183
534
39
884
1235
149
596
42
279
405
560
294
495
485
275
1085
1277
155
1338
760
363
136
298
246
401
287
1203
317
363
740
569
1411
1007
76
138
473
508
222
585
1029
326
984
213
482
510
109
17
308
317
263
298
500
1491
130
898
338
1002
1486
156
386
307
413
302
153
151
65
123
210
354
79
1115
321
464
185
867
450
170
1066
1269
442
324
30
302
568
30
751
373
358
1246
275
80
187
264
558
138
29
489
339
109
14
1111
987
59
330
197
1231
148
1292
899
1487
921
163
138
826
1325
138
101
701
322
354
398
86
447
288
59
125
490
270
168
491
313
11
410
262
94
210
9
755
73
43
1149
32
404
695
813
319
64
942
414
388
17
206
414
413
805
27
45
1335
108
498
391
95
149
539
1319
132
317
201
464
925
442
46
86
370
736
83
459
141
385
333
201
499
56
558
293
270
259
146
52
311
475
1194
416
421
951
481
45
387
120
247
1018
936
363
226
154
83
1459
341
71
131
367
253
310
1199
889
212
362
0
23
844
265
710
207
1281
547
648
193
286
456
465
195
503
105
90
498
374
643
230
201
231
82
1481
258
134
651
189
213
933
33
607
324
0
1110
695
243
508
435
895
991
405
963
388
465
118
691
780
134
602
73
444
428
1419
301
439
360
18
349
1205
360
462
1444
314
199
986
357
64
344
332
955
361
194
403
285
1412
714
1133
500
118
1116
428
405
108
1102
568
790
262
538
1015
1330
930
431
334
838
618
374
409
852
1069
150
311
340
394
849
436
589
88
53
331
488
149
29
12
610
1126
12
116
691
423
680
560
301
452
412
1246
372
60
104
1270
119
1369
318
1053
9
295
417
218
950
211
319
16
367
1271
1458
709
290
1072
110
1067
1391
466
124
52
57
143
489
487
109
1507
145
279
381
1248
37
333
34
607
507
366
405
1162
580
244
43
839
459
481
268
709
427
99
762
694
456
817
164
861
339
299
232
1119
469
905
1050
272
107
121
259
700
174
1492
90
1147
360
1312
1493
783
451
384
468
1406
284
55
141
367
910
1055
1065
210
96
24
32
368
826
188
222
8
312
154
194
1336
309
647
259
1448
213
299
98
5
371
350
67
252
878
421
479
95
646
218
531
208
1165
175
179
176
449
715
1443
597
206
820
229
360
650
1388
469
507
1016
812
971
263
434
20
531
489
253
1
56
476
182
242
321
260
689
1034
342
332
407
291
38
49
432
284
1451
199
1048
402
1426
328
384
28
402
279
1196
246
3
253
1178
442
454
1327
737
35
344
583
79
1079
1163
228
108
755
325
331
193
304
34
160
357
360
428
471
93
270
235
523
332
1223
203
1223
265
421
1508
372
342
762
328
480
182
1201
554
127
193
653
1025
464
186
296
242
58
1284
461
614
189
1422
304
263
315
225
42
34
361
1010
77
29
1189
1014
54
435
497
674
352
363
458
772
1281
218
213
466
181
62
142
83
171
257
638
302
822
142
766
6
1359
11
27
142
1073
335
496
1289
458
264
822
1224
991
539
408
115
1279
22
301
291
628
176
844
1387
104
119
494
493
858
1412
956
230
302
285
916
435
1084
289
33
1261
387
259
52
31
1459
340
364
45
1071
93
418
1242
1194
604
215
436
3
185
1127
368
5
56
401
267
134
296
421
1100
316
333
588
4
1206
118
207
740
235
188
643
743
951
167
40
492
1334
1250
142
438
408
369
425
134
102
382
741
271
832
767
5
29
269
611
701
416
386
290
474
1320
493
313
332
187
794
227
367
1067
227
614
461
346
226
328
718
1431
76
352
254
237
320
335
166
147
838
447
246
235
626
375
437
122
815
209
1299
168
25
2
146
138
749
190
394
279
109
1474
935
67
489
1299
145
357
744
424
642
416
300
239
488
692
273
478
289
155
320
239
443
1209
1284
156
1173
502
121
117
343
119
421
301
940
21
462
844
552
136
935
963
448
492
407
268
863
1107
981
335
775
258
1128
483
906
23
263
92
544
421
1252
426
317
366
150
111
75
193
463
348
102
1127
294
224
491
51
274
417
1487
66
728
778
785
306
1261
560
584
358
305
324
1134
156
350
441
419
482
131
241
105
1225
122
696
282
371
493
167
1370
348
208
79
112
37
137
870
273
124
143
310
1039
48
727
302
583
175
74
210
537
353
212
864
141
691
342
46
520
506
486
695
192
564
1
214
990
495
525
100
187
506
1016
70
709
1398
304
150
209
152
1043
207
284
449
278
440
362
1058
266
438
193
101
1386
14
382
145
483
110
941
248
957
767
100
422
356
201
691
386
10
261
734
73
266
1271
252
1419
127
51
642
669
110
271
1179
475
217
236
1051
1043
280
162
771
448
1367
1299
128
367
1226
1123
362
469
301
654
682
230
65
173
455
392
202
24
401
176
276
897
354
1031
346
506
346
30
528
104
745
77
317
493
133
141
470
483
447
1396
66
1220
104
231
396
560
172
737
3
293
471
1138
164
282
1301
66
1243
325
405
1300
558
165
109
1063
474
163
26
15
380
395
265
405
123
1118
982
383
269
157
112
1345
404
956
388
1163
393
391
172
490
80
295
581
763
352
412
820
79
57
69
1413
259
464
148
235
393
30
6
88
1183
58
92
101
291
435
393
376
374
350
873
367
383
1500
307
110
344
580
661
1209
1072
184
317
476
138
617
411
513
156
286
1352
300
314
499
156
155
1139
12
448
222
488
307
476
1125
821
132
268
91
505
67
310
629
463
507
141
337
471
333
30
338
54
480
296
1103
396
16
114
137
435
114
660
1486
62
47
1157
423
208
303
75
1416
284
200
41
27
144
647
955
581
759
105
362
1440
327
358
302
251
409
318
1404
978
1303
315
98
783
1102
965
797
273
232
218
286
74
999
199
747
403
1402
415
1258
235
342
382
415
25
212
404
794
355
1029
337
134
310
271
470
98
312
934
94
251
414
137
194
146
184
1229
444
433
200
570
479
252
277
50
353
672
725
332
71
182
340
377
356
320
889
1366
501
5
882
362
362
3
406
300
156
127
555
176
625
69
80
348
297
1031
6
716
51
1424
1295
473
148
799
392
1267
6
237
102
578
418
239
1389
320
60
1420
232
322
36
89
203
0
837
35
232
366
424
973
336
464
1100
951
808
78
225
725
1063
901
168
431
1398
213
984
395
416
899
346
1022
25
696
176
1303
90
229
503
1119
100
1003
1323
251
250
348
116
69
244
215
177
156
452
271
298
885
721
369
849
441
195
244
401
527
1072
943
140
94
206
215
214
1481
478
438
872
372
519
1377
386
1001
706
1103
795
289
329
113
1393
492
475
318
132
1216
15
368
102
671
1029
415
188
124
132
366
72
292
209
648
560
455
420
463
316
442
256
439
212
116
163
417
138
258
379
276
70
146
343
10
1240
372
113
1150
438
106
142
454
287
340
925
384
92
96
786
328
354
436
326
751
3
1263
614
675
399
1132
143
857
686
310
546
194
188
211
1181
36
1153
426
375
1356
1154
123
169
1079
1507
901
977
912
412
83
243
1496
305
16
745
1005
711
178
409
253
190
79
1067
313
290
229
143
53
189
180
243
369
507
397
208
707
99
111
142
351
761
668
970
673
864
463
224
770
1151
366
1381
443
111
151
241
362
1324
319
739
913
53
98
896
600
307
612
1286
226
328
242
485
381
997
153
897
175
177
219
379
1141
304
76
381
50
364
337
302
1392
504
1152
502
41
1504
1384
444
437
547
718
918
22
232
140
89
96
466
291
487
304
357
844
376
1100
11
359
9
540
23
14
128
423
0
1199
445
759
319
440
755
328
39
1494
225
556
1038
97
93
1187
486
1281
35
124
400
562
649
536
1105
137
408
170
1131
1140
439
142
141
949
786
507
71
205
9
1092
234
588
363
118
286
472
1027
287
365
336
85
160
359
754
1190
152
568
273
97
546
802
100
269
992
1238
374
268
407
288
430
187
1071
111
117
501
1282
410
41
895
264
1186
938
681
247
456
1365
1062
957
1492
155
28
77
73
691
438
465
126
1485
52
86
450
360
1308
245
1477
472
227
300
421
228
1088
500
66
459
81
346
112
947
1202
314
71
1060
291
3
216
132
213
183
349
434
186
330
1253
403
280
226
297
1096
1479
51
1426
336
479
204
526
454
496
1381
181
431
978
1109
1285
472
194
259
479
13
124
167
176
427
186
68
478
243
475
448
972
405
439
507
253
1075
41
399
192
54
488
908
233
436
910
576
491
1462
357
3
228
214
1166
474
602
283
1111
123
311
48
246
461
868
1457
390
1470
1070
275
471
67
446
17
843
339
257
867
177
0
789
1309
249
440
34
1312
15
47
745
1252
1159
320
555
194
938
633
42
1295
180
18
330
1353
1125
1439
27
167
446
89
1489
1315
353
249
789
108
124
722
196
1490
1403
116
694
201
112
400
403
453
335
165
1484
313
265
299
171
644
1272
73
206
12
32
915
637
223
1326
106
484
607
451
347
1508
47
286
306
452
306
44
902
986
417
503
327
97
251
413
976
4
340
1318
312
464
362
411
98
497
374
37
65
257
165
523
476
46
495
441
1274
1504
363
524
95
178
456
1198
795
29
906
1185
1188
198
495
166
322
1067
288
1479
1350
129
755
90
106
80
420
1462
309
165
242
60
624
197
506
380
112
66
242
119
426
768
699
306
186
901
13
1357
126
97
484
146
171
793
163
214
413
79
5
427
205
431
19
270
611
214
1484
277
1004
1225
1442
79
425
1177
115
323
219
309
1187
461
1134
477
989
259
23
234
38
480
398
182
171
112
934
303
300
1093
133
278
211
382
68
55
109
1476
486
776
108
234
104
951
489
137
394
81
902
76
497
132
72
804
274
359
6
186
380
284
396
1491
342
1353
81
842
330
1048
335
1434
243
1213
499
183
481
991
359
515
94
1230
439
44
594
76
275
95
90
501
507
56
1068
179
381
393
378
38
360
54
181
278
610
1044
463
324
308
53
387
23
1451
259
500
348
208
965
567
81
237
880
730
55
895
32
864
347
172
34
836
378
650
463
433
59
612
1250
1001
235
1083
10
1460
120
431
282
697
406
81
167
235
118
1138
327
1192
1341
1168
434
342
104
600
131
160
950
201
177
930
406
70
755
487
133
248
255
263
193
1246
753
28
394
335
677
1475
95
733
9
810
718
255
428
372
1287
1268
1049
501
42
448
209
92
360
201
435
32
437
730
370
111
246
305
248
475
250
397
997
881
427
428
565
261
1132
799
429
261
1466
850
56
1008
450
1165
1470
128
1262
277
1472
365
459
102
1
1289
115
459
1018
375
1437
59
44
462
126
1401
447
388
180
1180
188
392
92
547
294
81
339
355
107
354
332
238
215
345
985
1197
294
763
303
1414
816
170
307
479
119
23
205
389
417
43
361
41
35
509
127
494
42
1132
211
401
1252
1231
507
856
1084
281
363
259
983
506
401
113
435
3
474
326
953
501
1310
1368
215
242
500
82
351
861
1422
339
657
219
252
258
133
1264
1182
91
282
607
441
168
328
410
439
739
76
504
339
1175
1399
424
305
1336
9
94
99
1139
657
471
188
493
364
291
592
103
1007
164
149
527
258
1163
1118
381
483
679
1007
845
18
325
152
7
508
381
396
153
545
148
1343
311
442
878
650
490
73
7
830
134
177
121
861
81
202
181
947
817
483
980
815
448
69
440
1328
190
276
302
465
388
482
443
378
408
362
743
1111
462
16
202
318
489
435
476
532
204
243
445
343
599
1289
1258
365
794
390
753
284
313
1166
169
61
187
1405
226
1476
4
1027
469
469
365
467
271
333
277
45
262
1379
273
441
244
452
1403
107
1097
652
369
760
27
572
201
507
11
250
536
73
373
784
305
688
1500
475
1038
408
279
314
1150
156
45
152
115
434
736
47
498
1204
920
263
52
17
279
50
497
1071
134
1099
431
736
189
468
461
136
1472
696
272
706
298
370
1038
229
86
271
958
313
457
146
487
181
1256
423
182
1451
256
83
151
135
350
157
1140
140
119
221
516
177
301
72
145
943
502
129
330
149
1287
456
714
161
343
401
88
997
1304
360
132
817
396
127
623
491
419
500
407
145
143
99
596
1022
360
218
490
220
284
46
1460
201
1077
475
228
323
74
163
299
65
1137
849
62
469
1256
455
697
257
689
260
428
1272
1125
138
319
443
324
363
854
24
297
406
107
105
1140
69
385
504
719
342
4
685
216
83
1312
1369
689
308
825
442
472
350
537
809
418
167
879
862
285
424
22
1115
487
377
335
180
707
321
398
81
204
74
298
457
498
13
408
112
1014
30
77
645
464
1064
483
349
231
188
722
101
170
114
220
411
474
1088
237
292
504
294
201
53
472
862
291
947
189
808
419
1400
1416
491
284
118
1472
177
7
409
362
330
484
494
110
612
689
1325
1481
347
246
444
306
1445
1449
397
311
239
119
58
1475
1
6
1369
374
229
1416
281
109
146
252
298
16
1332
79
319
25
276
459
719
1334
189
151
369
43
884
92
996
291
251
101
78
177
1163
197
199
373
180
1139
970
929
433
90
489
405
1273
72
262
1145
82
98
208
347
1118
32
908
845
100
357
382
1297
481
400
57
388
222
255
61
48
10
1012
1018
1291
400
487
198
256
1373
1377
256
327
385
502
1351
400
854
278
45
114
97
251
125
345
479
316
3
1089
274
947
398
1087
368
932
60
38
98
691
744
190
52
926
124
297
348
227
200
109
25
1395
54
233
155
276
253
5
177
358
1316
623
7
589
461
314
175
1010
1035
198
473
304
149
401
226
389
453
1486
958
726
179
93
336
242
386
1006
1254
15
482
47
236
304
339
862
320
666
121
444
339
264
674
1501
210
1089
530
86
1441
74
676
175
1052
365
1
294
911
1053
445
397
77
358
265
1190
105
262
869
281
436
39
484
801
213
579
390
383
306
418
499
1292
1267
331
161
186
389
427
1291
328
90
75
459
902
1261
726
2
1157
232
371
613
280
321
442
443
475
810
909
1080
910
1391
305
1314
25
834
306
466
200
795
1503
300
152
5
477
1417
1220
306
162
462
384
993
724
612
223
156
438
209
139
1469
331
99
176
324
265
1044
345
196
373
300
270
669
443
143
350
506
373
234
62
1067
335
488
68
160
1217
285
504
466
1206
64
1277
178
782
245
1034
170
298
175
74
429
159
260
443
91
0
139
399
124
51
1038
928
928
618
645
340
799
449
530
462
741
438
975
154
692
844
634
1073
1212
1460
1002
445
1275
387
205
18
306
295
407
267
362
177
1487
442
1439
1072
940
395
472
495
577
530
69
1075
225
56
164
896
824
428
283
143
615
577
267
96
136
421
1141
41
74
183
63
402
1144
431
446
222
1422
478
1403
404
9
375
64
358
652
1090
470
154
1141
364
474
1255
479
314
1332
1232
123
218
258
1486
849
373
104
461
1369
100
469
195
306
225
1273
774
238
359
913
190
804
108
575
432
179
142
57
337
202
135
558
142
128
201
73
157
84
312
325
1014
369
296
201
390
122
5
93
1020
77
356
984
109
239
247
364
371
2
503
199
49
210
327
56
289
1199
1311
199
102
307
422
487
409
801
930
403
291
683
496
19
929
442
188
1272
1246
1167
768
11
13
329
508
374
470
304
53
89
355
108
109
271
470
120
451
1299
84
294
242
210
984
131
433
423
330
29
20
402
1104
378
1305
212
430
161
361
295
811
182
375
899
139
936
1202
182
616
941
143
642
39
21
1256
42
252
375
284
300
298
119
734
496
1164
608
590
1219
310
455
970
353
214
224
865
86
72
397
1165
433
436
430
400
105
103
488
260
3
134
250
1284
155
216
241
380
489
261
320
808
180
264
38
374
332
315
151
499
180
643
19
18
296
356
43
20
720
1284
186
120
1071
502
473
1186
211
918
500
1220
1027
476
791
607
743
717
645
32
446
442
270
1158
1380
310
502
475
460
928
1416
258
342
315
1028
163
1181
617
413
1181
1204
1275
1201
187
296
391
240
182
155
120
382
1104
961
78
658
376
148
482
1294
205
311
581
441
203
123
14
25
1442
1116
690
367
1285
322
2
1044
604
1335
437
287
331
153
361
239
487
625
500
32
231
1411
266
1384
386
202
299
392
670
7
97
567
153
788
909
191
454
561
859
878
91
472
82
31
951
1275
1114
483
438
159
192
206
1388
1095
1157
962
159
124
241
158
368
991
2
716
425
895
93
711
1
478
433
139
623
268
794
408
286
452
352
169
635
260
117
1336
322
79
304
1476
1192
1152
318
332
1176
153
22
200
1070
79
467
1005
1312
310
473
124
610
436
434
12
1462
3
1497
1178
627
127
370
372
349
599
94
448
368
434
1020
91
489
165
477
65
481
140
551
98
264
483
683
323
9
809
1322
182
441
42
282
474
185
1240
1242
138
18
516
260
367
1263
423
278
397
38
73
1355
1024
130
209
420
32
228
1422
184
321
1192
151
877
428
133
193
373
317
1476
18
43
597
774
1062
444
59
1423
793
243
355
420
897
238
12
903
249
774
684
415
143
300
884
40
390
72
327
819
478
1050
336
26
381
257
1420
197
46
732
435
273
87
15
165
829
441
1329
285
993
145
210
371
343
894
1448
1196
185
168
326
204
755
416
63
207
453
490
236
1006
386
1044
258
484
544
1485
239
195
25
481
194
280
91
278
138
345
401
1014
143
288
243
103
278
166
282
939
91
108
299
470
32
250
1237
703
289
319
80
316
260
433
376
229
439
106
3
71
285
1484
13
153
1377
184
1326
814
30
208
415
617
382
431
228
431
84
115
267
520
501
6
1205
879
262
127
1222
717
243
496
230
410
346
436
913
109
688
331
1244
376
413
204
254
573
1431
171
183
490
1213
176
328
120
188
644
214
262
1163
466
1155
815
1243
283
142
38
335
3
1372
905
48
503
213
124
131
1474
755
432
943
222
352
1370
159
481
408
294
936
99
465
73
1239
284
356
1056
1255
48
224
1455
221
378
207
276
399
1503
1220
367
408
476
485
30
0
1109
627
413
394
209
84
741
787
434
358
482
28
1101
76
131
299
280
221
819
428
1335
283
437
1219
244
645
348
34
1406
766
971
795
1186
1073
496
307
631
1198
146
145
395
181
106
326
167
395
433
985
270
130
19
186
286
406
310
1236
882
9
348
772
172
335
408
82
328
1104
1057
38
363
672
469
496
579
1395
327
422
380
21
402
316
128
358
161
302
184
476
703
8
328
367
255
213
402
684
1174
292
986
180
38
934
1146
736
1340
415
760
456
74
900
545
462
202
142
125
846
306
523
1051
485
240
488
396
433
95
1346
258
403
556
258
313
1231
344
1334
1244
507
126
62
294
278
1246
399
147
64
29
1282
224
1310
54
424
417
1277
1280
221
1248
212
140
325
484
442
560
209
1137
1079
1447
737
683
533
26
983
240
23
928
388
16
1132
978
217
657
427
186
1097
567
122
67
1011
900
485
279
463
545
277
1297
113
272
832
67
1046
1205
52
101
433
408
496
32
133
48
297
1082
41
134
1128
384
33
286
135
775
637
1223
478
40
149
1466
268
401
388
324
954
287
1006
46
1052
435
497
1208
407
502
1091
1450
11
43
317
225
1330
550
342
1331
54
294
1494
818
228
239
457
1056
425
1148
808
120
268
505
26
1356
435
168
503
291
0
62
330
1201
30
57
257
437
285
23
496
400
307
356
60
297
1273
289
899
244
629
894
75
1250
1255
279
362
126
334
135
139
293
1012
269
176
1044
456
107
1435
487
300
442
216
156
1338
356
464
450
296
143
1196
194
69
14
394
1131
273
278
458
263
17
772
74
287
401
65
388
406
577
294
414
202
90
197
189
105
315
394
1169
291
366
1375
248
4
917
283
25
460
505
726
235
231
387
63
290
474
1162
173
69
371
458
1486
453
116
239
924
808
466
867
275
143
450
862
211
40
1073
248
388
761
813
304
645
411
73
1067
170
260
955
359
170
277
578
336
1063
867
102
1253
492
326
1354
193
498
468
1156
477
323
343
107
4
179
72
25
135
1469
941
501
753
107
84
271
149
205
1044
59
993
1479
187
1043
1426
459
353
210
409
1089
983
432
1063
301
236
407
1336
164
66
541
219
1
411
639
469
296
102
258
459
166
1032
409
386
724
522
25
433
83
215
132
987
347
98
606
148
341
1068
1203
446
1168
309
442
1269
327
422
1210
391
875
53
861
1253
243
150
217
334
124
202
202
247
123
938
1201
1212
238
17
461
105
26
326
509
96
18
396
291
211
303
556
292
1430
983
1491
44
1468
675
481
525
259
169
382
117
519
327
567
222
786
195
856
393
273
736
236
363
185
62
416
283
266
1263
423
770
9
220
290
252
787
802
207
1116
72
153
497
46
437
164
966
1084
1117
105
392
1213
1425
376
167
316
235
248
204
294
309
144
250
228
404
1071
1193
369
18
954
253
162
389
450
662
258
1416
836
370
34
465
248
415
83
362
36
294
212
404
1328
245
184
146
1346
1058
296
440
1396
248
1363
399
10
181
434
386
339
4
357
273
39
629
10
127
196
337
795
208
349
280
390
10
2
1031
1452
160
56
307
1190
205
145
192
913
481
1455
140
30
1095
34
1460
1149
1292
1475
1156
689
304
125
628
657
8
315
192
1327
334
365
176
55
148
335
577
574
368
378
34
1063
40
244
365
211
8
33
423
170
118
215
84
176
13
440
417
505
351
921
931
302
59
568
384
982
1341
452
760
570
868
868
298
126
30
586
171
488
1338
182
398
54
166
530
435
481
244
1218
138
146
240
134
1037
486
961
349
448
478
380
531
1354
251
1304
903
328
260
447
250
210
1079
1394
413
69
229
111
55
9
434
1229
74
34
18
241
335
374
265
481
194
87
309
57
114
887
1061
953
475
304
703
1285
481
1120
105
1359
457
712
15
129
82
130
896
808
325
476
305
49
198
873
243
36
659
962
503
223
240
298
382
504
265
345
1260
345
120
1185
1357
1096
55
1079
153
446
347
472
597
404
836
97
296
250
1152
207
25
313
213
1053
137
455
302
1280
378
302
1210
1251
495
222
1324
383
229
982
137
957
917
478
650
848
147
361
245
409
306
450
1057
6
271
302
326
750
976
507
154
156
1252
726
416
457
171
28
234
347
451
9
77
300
972
195
476
28
311
1124
415
1255
284
39
298
1344
1404
680
65
50
365
413
351
444
862
236
508
192
783
129
659
788
505
1464
68
485
1162
883
448
0
42
33
262
59
357
1071
1498
1386
129
448
1412
981
397
316
28
379
987
103
840
1249
1498
485
364
751
195
315
506
1167
1456
286
89
22
237
692
58
500
381
175
29
1007
1035
383
620
387
214
391
22
970
83
1293
12
481
869
118
721
1325
241
1196
936
158
670
200
129
142
236
437
404
647
1203
821
376
468
1147
123
274
32
472
455
506
423
240
121
1107
299
655
118
354
105
11
430
1453
759
1203
320
313
83
183
63
1402
323
426
1433
137
242
90
426
1085
1088
119
150
488
453
382
756
689
308
376
575
385
1345
1076
417
435
296
305
125
484
453
81
267
899
291
1175
318
430
265
343
34
131
508
110
332
311
373
133
710
716
769
16
254
130
1327
950
451
496
946
1348
501
5
2
253
1290
283
489
324
248
371
1460
183
271
1109
681
261
182
542
517
326
271
677
285
89
488
414
615
292
347
410
669
300
58
983
840
1162
282
1285
274
482
328
254
354
366
355
495
228
440
489
427
238
471
440
1260
229
235
144
363
233
202
466
210
1190
1372
412
876
316
381
268
353
348
1370
244
324
244
360
1094
373
229
487
1505
808
461
176
1136
65
986
325
433
461
431
327
984
3
623
478
452
603
42
32
159
183
218
291
97
299
2
348
1248
52
1296
1297
66
816
504
66
525
1202
275
462
803
187
364
164
413
1486
662
1242
389
452
195
317
70
12
433
1154
392
345
1387
109
368
168
293
168
322
1361
418
1343
319
260
1249
18
615
169
1004
486
1311
502
476
461
343
381
305
57
314
588
26
1018
15
311
266
370
256
137
53
324
351
516
247
502
24
903
477
1069
305
119
905
330
66
207
144
967
890
181
417
84
450
56
1460
312
173
1421
766
27
433
226
707
159
367
528
1142
227
170
315
205
163
335
509
100
25
16
34
88
63
91
88
6
49
30
55
5
71
72
16
63
18
53
75
55
69
89
72
82
2
93
51
74
48
11
9
73
32
72
23
87
85
17
34
47
78
24
78
52
2
89
77
0
67
17
67
82
4
86
55
61
21
77
69
17
62
5
80
46
16
37
72
7
47
58
12
54
5
43
2
47
88
74
15
10
27
48
74
65
75
56
49
96
25
24
27
25
61
81
22
55
49
75
45
43
79
58
3
33
70
27
83
9
80
18
39
99
62
1
71
58
97
82
74
5
64
43
40
58
63
11
17
73
27
56
95
45
49
8
71
34
9
29
69
51
71
63
93
30
96
36
62
75
99
38
26
14
88
93
49
81
55
43
75
18
62
6
69
54
8
18
72
67
90
21
93
64
56
35
4
79
97
54
20
32
29
11
45
86
99
95
9
14
91
37
93
72
86
1
59
13
73
14
82
90
1304
false
false
false
false
false
false
false
false
false
false
false
false
false
false
false
false
false
false
false
false
false
false
false
false
false
false
false
false
false
false
false
false
false
false
false
false
false
false
false
false
false
false
false
false
false
false
false
false
false
false
false
false
false
false
false
false
false
false
false
false
false
false
false
false
false
false
false
false
false
false
false
false
false
false
false
false
false
false
false
false
false
false
false
false
false
false
false
false
false
false
false
false
false
false
false
false
false
false
false
false
