100
31
536
660
31
103
1096
53
23
539
97
48
90
789
112
946
10
608
925
63
674
60
61
676
122
518
83
756
52
32
62
90
88
391
220
73
34
15
5
16
52
27
35
81
90
385
54
85
614
710
177
4
16
119
1029
989
48
64
100
63
105
83
716
21
110
137
953
2
47
163
49
11
433
410
50
45
103
14
55
55
779
676
24
802
25
997
52
53
97
16
110
93
556
17
81
517
92
267
1094
21
792
16
120
46
134
122
10
417
438
31
14
30
615
690
104
489
46
23
56
94
171
45
89
119
119
29
43
55
101
20
112
59
74
4
5
757
402
1015
113
50
517
112
42
43
69
22
23
1018
29
495
941
47
646
93
23
226
21
66
412
65
105
182
79
17
35
205
62
129
102
109
55
58
101
87
834
88
114
2
26
1036
5
91
1070
686
114
74
106
640
105
20
133
92
66
455
90
25
70
100
5
21
35
23
576
419
381
70
1057
29
178
78
14
160
822
391
27
118
264
76
742
122
8
846
37
20
32
52
513
119
632
817
871
96
0
69
107
151
20
324
101
205
79
74
116
813
88
320
246
628
38
2
601
103
68
53
62
94
63
87
49
47
28
10
79
166
89
589
31
421
815
43
550
878
21
27
93
50
107
901
220
98
103
550
68
29
570
880
81
593
51
46
162
91
109
40
110
95
0
398
40
95
19
85
1068
47
656
90
78
97
928
958
10
66
87
25
457
109
400
794
103
311
1095
910
22
51
45
91
51
873
6
1038
94
1045
69
11
90
394
746
46
6
424
117
122
55
74
34
135
1110
66
3
241
28
1106
20
19
589
82
45
396
100
86
21
646
39
54
42
622
948
164
307
44
76
8
1049
30
1005
99
7
270
109
122
220
70
813
14
161
100
1104
68
107
218
34
42
32
7
13
572
37
63
57
56
77
112
977
54
109
61
81
59
21
29
29
55
946
46
21
80
60
698
908
146
603
46
936
995
509
51
90
866
85
561
24
24
384
36
1060
249
108
917
940
518
275
121
23
28
299
1089
32
118
52
110
29
54
121
46
912
7
1083
1035
64
930
467
52
38
74
105
9
0
76
70
864
847
99
825
14
31
740
111
71
848
112
35
119
508
112
100
30
33
33
672
60
114
803
49
41
32
68
95
66
47
76
58
57
49
8
25
70
29
1074
100
121
110
6
41
362
116
50
0
25
48
73
1043
495
25
550
66
8
119
80
61
84
115
720
27
90
146
1059
109
591
63
45
21
20
67
110
336
863
287
228
114
429
85
25
117
1029
12
35
32
92
58
166
170
65
121
67
20
41
102
173
808
172
1
48
41
32
1028
790
98
779
117
50
11
208
115
172
885
258
63
101
25
676
124
1
33
499
113
81
5
70
29
2
103
777
46
44
16
33
8
959
80
122
589
24
17
47
175
99
9
108
217
116
20
91
74
815
263
13
98
111
102
32
87
37
14
104
38
26
57
25
707
701
92
9
43
989
452
68
747
21
72
18
77
39
112
0
0
81
11
250
110
113
875
50
25
75
1
34
58
18
217
29
43
81
17
6
63
73
831
2
93
111
58
30
6
644
100
101
901
61
79
86
73
64
62
177
98
44
121
46
96
600
120
68
35
1025
56
81
34
453
59
23
42
63
117
81
94
50
52
614
71
42
108
92
120
95
76
297
41
25
32
121
1034
97
107
101
73
37
100
683
111
35
6
103
2
5
100
110
79
8
316
96
19
899
896
11
70
427
70
180
295
102
1026
120
8
628
602
868
953
692
100
111
0
972
511
353
690
18
37
122
738
49
64
72
106
29
70
83
238
20
31
52
4
47
68
101
41
77
0
67
3
862
856
751
2
120
1084
107
58
4
29
580
10
648
111
507
96
888
725
778
72
919
878
750
477
506
89
95
24
50
464
93
696
894
111
88
121
11
56
58
6
1079
98
950
44
117
54
72
82
22
117
175
73
116
91
81
44
81
109
21
116
17
90
100
122
13
25
115
11
15
575
14
101
75
34
116
114
351
71
580
67
1106
1003
120
99
49
355
846
318
64
536
26
858
13
24
94
369
61
89
250
417
99
51
89
103
836
702
50
1062
39
113
857
42
80
98
0
151
217
4
692
109
49
1090
67
530
38
952
669
79
40
35
100
112
98
3
22
33
2
1007
2
714
106
236
87
62
28
12
122
41
7
97
13
58
247
906
106
70
62
119
51
717
373
81
1058
3
7
58
49
26
31
88
81
400
247
4
44
592
79
435
86
123
31
258
4
98
15
729
6
33
102
1072
687
18
32
57
745
116
114
40
115
977
821
65
33
50
62
175
696
81
219
110
40
87
986
428
154
18
99
679
817
69
70
63
4
995
22
100
1000
47
19
330
19
933
39
75
83
58
119
272
724
3
85
748
31
96
27
785
85
885
85
852
272
29
10
227
69
481
90
62
823
722
119
61
50
87
16
19
56
61
44
65
11
87
117
77
46
41
115
71
1006
56
17
77
768
61
26
42
33
98
34
75
693
1051
1057
8
116
118
88
101
80
15
96
171
54
2
596
21
54
83
118
267
117
359
544
101
99
103
42
10
630
70
43
54
60
1100
123
118
239
1051
118
45
809
50
72
24
72
94
4
38
91
1012
74
113
26
267
84
62
990
88
117
8
78
101
70
10
93
24
1087
283
76
87
352
116
216
348
57
296
36
43
652
101
54
3
45
1087
579
66
85
98
45
87
98
34
21
32
42
44
104
86
28
320
44
188
896
88
518
597
120
678
46
67
656
92
108
68
29
56
985
528
839
122
61
33
808
23
46
4
13
591
114
51
94
40
1048
41
710
1005
35
49
30
9
102
723
32
99
43
79
55
12
955
18
43
119
99
96
12
570
112
77
193
22
99
847
112
53
54
49
10
192
93
49
2
13
54
91
30
32
38
20
39
0
3
312
1054
493
114
42
62
622
113
917
111
1043
70
92
118
1
66
26
44
22
51
104
115
44
1088
108
111
305
21
4
1044
49
18
40
68
92
1121
73
85
55
913
68
115
135
12
18
73
23
2
87
26
35
105
47
50
426
68
99
8
92
70
78
248
26
13
370
43
103
106
718
120
64
118
431
21
762
92
105
880
12
212
1079
50
179
86
20
968
57
15
415
706
23
50
108
107
31
15
927
36
1
21
76
77
44
466
708
114
34
72
10
28
38
83
965
27
177
102
18
37
101
22
15
1008
25
102
566
53
412
955
31
61
33
93
28
236
42
392
653
865
947
77
64
29
18
10
12
98
1110
50
66
43
28
93
42
996
263
38
57
62
577
74
55
65
99
13
14
82
95
116
114
924
14
88
93
114
94
385
36
104
14
657
512
5
88
96
781
107
809
1073
5
764
168
493
647
3
145
56
309
83
118
18
75
60
439
73
101
79
7
111
78
73
53
372
10
104
42
339
96
58
226
102
57
31
77
112
101
797
65
998
9
49
779
118
79
8
595
39
1090
100
105
79
413
949
121
38
115
80
822
9
96
30
114
27
88
48
80
45
625
1096
80
51
57
626
15
31
5
373
104
1
103
103
53
1055
85
48
939
43
29
83
1
17
564
34
120
712
37
951
13
53
176
641
79
28
418
38
777
348
119
86
959
118
88
42
1
53
113
29
102
338
72
632
73
0
17
90
6
74
305
72
69
118
58
8
107
35
20
45
46
40
0
66
887
46
101
86
620
9
48
655
6
787
108
7
106
75
122
616
254
657
47
85
54
34
103
41
945
103
121
73
14
110
68
100
32
104
108
484
113
57
63
120
24
1036
300
8
995
71
73
7
58
11
76
1
59
74
106
75
121
32
348
178
71
67
25
1035
113
0
66
119
120
78
117
59
1033
100
53
55
117
7
777
107
1016
94
9
1016
587
633
166
25
112
25
25
107
614
14
637
69
115
446
56
19
109
115
43
1020
338
73
67
794
401
289
50
56
879
547
512
33
121
87
13
176
700
413
611
336
839
13
44
24
8
28
20
1082
81
54
103
89
99
812
121
394
32
37
32
15
293
84
198
98
46
99
3
8
84
349
227
1061
556
44
37
66
87
971
142
96
158
69
29
107
590
851
468
972
110
36
6
113
1057
109
81
37
0
9
81
105
296
33
492
107
1099
505
36
67
14
46
115
761
49
708
97
556
29
5
0
58
88
232
82
17
516
51
890
23
39
35
47
53
291
88
342
741
31
122
93
865
863
41
59
503
78
51
65
5
0
289
54
61
509
118
1004
22
43
41
79
70
103
13
100
63
629
177
1048
122
82
36
48
373
42
50
44
118
86
82
5
71
711
52
66
69
52
32
98
58
15
101
417
40
7
113
9
5
99
102
54
619
16
8
100
28
32
33
39
536
85
36
626
4
38
22
60
629
18
74
119
74
524
8
1114
85
0
104
904
24
96
469
71
106
34
72
160
19
249
93
108
68
18
581
44
36
111
43
68
17
701
100
714
75
849
89
109
26
33
41
23
24
939
146
539
117
84
63
320
67
19
434
74
93
861
114
16
7
931
84
5
82
3
44
639
744
16
758
140
9
108
18
29
841
68
19
117
8
79
1
107
72
111
598
91
39
491
935
96
67
93
284
10
60
347
5
112
35
38
56
999
59
417
750
52
75
6
25
40
122
97
408
67
675
343
593
74
65
87
117
22
17
441
50
62
232
885
53
793
29
969
31
218
103
36
86
16
333
413
456
45
414
90
36
82
505
97
69
724
927
55
5
16
613
13
10
795
849
81
252
103
4
39
103
117
22
118
19
844
54
669
69
61
388
43
616
420
8
120
113
40
117
230
60
118
84
32
776
294
84
83
856
36
105
83
87
96
89
66
439
16
944
37
89
5
1
672
104
78
9
456
46
533
93
175
97
918
893
69
117
63
34
4
18
58
61
740
11
52
73
25
926
105
104
40
16
37
820
69
110
25
72
13
203
986
30
22
197
100
51
13
84
29
749
6
642
64
706
18
8
820
935
17
945
111
457
52
804
306
25
36
23
53
102
312
12
40
420
4
366
21
53
17
81
14
41
24
43
115
3
851
99
86
920
120
671
118
28
27
112
86
442
105
80
46
640
1037
14
61
438
57
322
316
456
652
76
80
27
44
851
725
453
75
608
25
866
79
4
23
51
117
273
9
24
431
85
29
39
85
134
49
22
30
102
100
70
293
42
19
70
569
529
95
979
0
99
1112
21
43
27
64
27
107
36
28
76
106
248
50
39
764
83
2
82
70
74
86
67
36
5
26
77
120
434
8
4
16
32
56
84
856
985
994
26
594
29
939
51
855
58
19
59
75
61
88
111
627
22
492
48
202
255
30
857
116
77
9
47
126
108
120
443
63
61
297
1055
109
1052
53
331
858
322
80
93
54
61
78
66
109
1088
40
54
52
511
37
8
57
168
27
470
99
768
35
118
16
81
32
103
24
122
3
287
528
37
42
492
63
72
28
277
111
85
80
1056
30
81
2
386
70
6
240
104
104
699
827
103
1034
15
111
83
1103
652
44
97
1041
89
231
21
113
118
85
7
115
109
782
88
517
48
31
44
14
90
36
38
3
86
24
74
32
475
91
1072
216
80
104
11
49
76
892
1032
45
84
54
74
114
1038
50
118
205
48
108
20
366
512
110
285
42
841
64
544
568
113
60
110
30
118
588
50
379
771
750
4
49
81
113
43
100
232
90
338
20
118
843
93
1110
432
18
466
370
267
892
71
667
111
449
25
26
362
60
736
4
86
121
915
44
791
715
500
1118
28
8
184
109
62
101
72
77
99
120
20
57
91
625
85
11
114
72
102
48
96
102
36
895
73
839
27
1114
116
224
478
665
44
121
33
33
23
6
22
11
15
79
8
72
118
26
554
78
839
9
81
52
43
330
666
119
42
30
79
73
17
111
953
702
22
479
55
54
111
102
954
40
53
104
19
95
654
43
606
97
27
16
70
38
213
147
938
365
26
29
29
582
108
883
7
670
103
121
56
111
31
683
494
20
84
23
84
86
0
65
348
785
106
431
129
79
314
122
403
25
13
595
109
74
131
674
17
68
88
568
108
56
548
43
71
64
19
75
72
651
7
85
117
47
71
93
49
19
783
103
56
76
760
116
63
300
103
929
13
54
404
6
6
955
913
17
588
1073
528
103
116
23
48
114
805
6
1085
726
96
290
172
761
100
519
111
45
14
93
102
321
109
19
70
69
470
66
213
0
0
59
752
24
685
581
82
888
247
83
54
533
4
798
42
764
73
20
25
889
877
37
94
92
92
1065
349
18
65
733
46
117
40
511
82
688
77
0
517
0
1012
70
46
504
530
282
119
91
38
6
527
96
734
315
67
63
114
35
279
56
719
74
32
54
228
286
25
57
51
102
121
13
44
7
914
85
107
16
100
54
937
119
75
25
3
176
403
1004
56
73
55
86
6
20
43
391
109
109
35
663
76
17
1074
436
18
87
21
988
54
461
26
107
21
979
96
32
83
7
108
734
102
28
40
56
55
874
15
83
108
105
122
178
106
784
328
262
84
34
372
36
82
629
91
17
809
6
239
97
15
15
75
5
712
855
7
1
98
94
766
28
94
843
44
729
58
48
869
6
8
772
839
25
2
0
110
66
51
321
2
89
111
87
352
732
26
470
108
65
582
31
912
78
120
477
43
78
12
72
938
122
8
104
75
5
93
109
100
56
1023
299
396
75
3
1054
55
69
881
58
67
87
949
108
44
35
111
58
97
18
859
10
415
154
695
60
111
94
46
387
868
75
1112
73
928
56
96
88
116
9
48
214
74
70
110
213
95
21
11
271
23
195
733
102
77
36
13
110
44
29
40
96
93
652
163
105
959
78
18
3
85
42
118
254
14
497
32
67
111
3
23
54
45
36
42
68
111
69
46
65
14
79
53
90
910
106
664
76
59
16
120
563
90
73
26
528
1082
48
870
398
925
941
32
90
294
85
77
189
81
31
243
54
731
243
3
116
75
64
24
161
24
109
91
66
71
431
91
42
724
466
107
39
51
109
1070
18
119
4
988
112
262
362
69
12
979
35
30
116
14
15
13
32
89
33
40
79
776
12
8
113
78
350
232
65
35
858
92
797
37
478
114
6
22
993
46
471
61
162
69
49
430
9
88
21
105
45
105
17
76
998
611
101
373
121
6
214
789
8
35
115
667
667
95
99
37
61
23
9
15
389
62
68
446
94
53
32
107
87
363
32
63
631
20
748
834
747
122
82
92
98
112
104
74
47
181
233
64
73
65
3
81
67
84
27
18
642
832
448
672
810
40
655
92
31
5
100
121
220
99
111
47
68
1091
1112
4
83
74
22
336
204
626
710
93
103
363
844
8
47
51
139
721
44
122
60
57
51
761
245
93
105
824
95
88
906
318
71
78
971
70
98
2
108
12
96
23
94
46
435
115
13
662
14
47
113
39
96
462
111
66
570
62
114
101
75
119
907
22
105
17
5
31
292
22
600
56
78
130
106
99
36
84
120
52
16
114
76
118
111
1114
911
48
26
113
8
66
172
69
685
273
17
328
68
683
624
74
1028
1
89
53
57
63
74
55
1
20
802
82
50
112
779
63
79
551
779
15
47
600
95
38
76
538
40
1070
54
104
826
57
944
479
219
24
15
74
528
93
2
115
85
11
21
1101
33
419
151
119
105
55
71
74
98
111
995
15
58
14
123
784
403
56
114
84
14
93
119
98
122
607
78
91
62
12
151
63
104
958
122
837
17
734
806
44
6
78
879
93
95
104
1116
10
107
1122
121
107
34
77
34
26
76
116
25
102
107
1082
510
35
85
97
37
355
86
15
69
90
42
33
111
42
49
112
666
52
424
68
303
69
24
927
26
1045
1096
8
1
32
96
108
113
114
115
90
61
1106
27
104
68
32
106
19
32
95
15
71
173
94
67
472
90
22
97
57
95
601
28
795
682
80
111
72
24
83
85
26
382
94
469
75
473
81
397
41
107
89
59
122
532
100
3
5
957
47
271
17
54
243
30
45
996
100
959
39
35
993
7
529
125
37
72
430
89
79
69
47
80
0
91
6
61
583
11
55
33
234
8
6
69
827
81
115
50
61
228
49
42
713
677
907
485
105
811
74
20
932
330
565
557
49
92
80
7
12
34
86
15
903
1112
461
115
696
26
948
71
87
187
92
59
959
393
120
86
49
28
95
83
956
21
88
71
237
108
114
94
108
522
703
646
613
76
78
71
115
661
526
45
47
25
782
854
35
105
58
919
60
283
30
20
36
105
30
157
102
21
24
951
27
85
119
9
1046
71
88
110
56
122
3
9
93
74
96
32
82
44
926
46
847
20
712
398
725
13
4
51
40
87
13
49
100
63
161
11
12
381
54
103
65
841
865
27
10
103
54
154
53
50
17
220
1058
106
479
32
198
33
253
400
11
85
79
392
1
70
110
86
35
39
348
93
150
28
76
45
28
50
265
892
26
8
783
93
53
43
89
312
98
92
82
594
92
62
74
408
97
73
42
78
93
744
55
24
57
52
62
59
682
78
74
113
114
656
54
52
112
676
55
72
97
28
230
9
24
917
114
110
181
39
121
444
38
53
102
49
575
1112
979
48
628
286
32
41
728
36
10
1071
659
92
107
77
6
88
39
8
990
52
22
40
93
921
82
113
999
37
100
97
267
11
62
68
50
87
3
26
6
629
6
37
164
31
13
19
179
424
111
4
71
11
452
46
0
47
241
8
569
51
50
470
106
430
69
97
885
33
434
39
728
49
915
63
44
93
105
6
86
422
77
593
36
62
31
115
95
322
228
27
77
24
44
790
115
395
113
95
8
539
36
37
105
30
337
19
101
98
16
36
86
39
29
72
63
115
8
755
42
33
89
9
84
505
27
571
20
55
54
10
27
74
118
46
17
140
85
30
41
216
79
88
68
100
22
76
218
107
110
100
80
135
58
111
58
70
28
120
12
32
591
538
62
4
91
574
51
91
100
16
100
2
93
706
67
1054
64
108
31
471
184
92
103
567
59
66
82
114
32
531
85
3
63
52
56
51
973
9
19
32
77
1086
850
274
718
108
40
686
86
803
585
16
574
40
18
621
55
1090
102
0
60
23
942
82
96
1009
110
71
111
73
97
64
205
50
861
96
78
71
119
114
42
38
9
31
56
813
90
13
97
15
12
21
72
122
107
935
99
797
94
116
15
56
119
727
116
43
706
895
29
64
69
754
881
1
50
105
88
170
953
791
1105
1
9
7
90
633
99
52
43
37
70
868
85
66
111
28
965
26
48
613
69
38
1122
73
30
85
55
119
89
20
402
81
26
86
74
35
263
115
72
31
77
118
86
41
1026
27
76
112
16
84
32
878
65
282
113
58
105
20
21
112
101
11
920
275
23
498
73
82
40
66
11
94
9
85
61
68
77
121
70
118
106
568
41
48
43
130
17
1002
114
43
91
415
116
122
82
770
391
253
17
207
52
433
643
7
116
29
65
79
6
22
689
3
502
67
39
30
12
35
60
11
506
88
983
86
27
115
222
105
40
537
777
370
8
18
195
416
100
7
81
37
28
962
82
47
98
65
39
86
96
31
120
105
111
105
11
31
27
72
86
113
740
5
75
632
9
10
505
92
66
843
492
885
51
733
71
15
899
1094
61
22
6
17
34
28
79
85
76
103
54
19
58
94
119
44
581
1
89
37
68
55
7
96
422
443
1063
92
18
20
87
113
102
121
306
239
97
313
54
66
42
112
279
909
302
260
106
65
23
333
97
974
65
0
1076
405
530
73
695
642
52
539
69
17
528
46
767
10
71
803
65
11
102
35
954
208
104
813
38
15
21
15
87
22
64
65
25
83
122
43
33
20
1108
775
61
27
85
101
96
87
59
56
1094
59
46
109
1040
18
106
412
121
82
668
1
32
94
92
47
121
977
1095
3
116
83
12
113
55
117
58
17
858
101
74
444
143
114
9
421
95
16
70
116
34
37
1058
82
665
18
23
24
32
43
680
415
98
105
435
58
703
44
81
9
59
25
989
5
520
50
36
816
654
47
0
672
1017
28
1097
25
303
50
49
61
23
101
28
1043
845
1034
2
118
71
506
29
12
64
88
74
12
98
418
16
34
64
117
60
1019
106
102
25
2
10
70
68
30
79
33
0
94
80
16
145
76
93
579
0
6
80
340
31
922
353
6
54
55
52
98
492
517
108
109
892
95
196
426
105
46
23
554
83
666
318
5
64
22
50
68
619
57
72
1
37
75
5
19
81
406
795
1002
39
100
122
15
864
111
50
863
587
77
108
1
85
41
256
987
99
30
57
38
106
554
118
106
184
725
31
318
373
98
51
64
85
11
32
61
918
1118
65
71
62
26
64
197
35
89
38
46
38
49
103
835
486
560
236
969
94
79
320
87
667
32
29
181
104
35
950
876
19
19
6
61
477
67
864
25
114
74
50
89
56
368
807
87
214
552
921
346
456
450
87
12
39
110
521
33
96
784
1
83
1054
68
665
449
2
183
262
58
68
319
2
206
103
343
293
68
984
979
110
815
78
14
97
65
117
46
118
12
1055
53
53
34
22
223
21
35
813
939
725
51
994
114
236
19
88
108
1026
37
499
48
19
63
510
85
3
1
22
928
75
83
325
69
1090
57
43
46
78
93
38
52
178
149
99
64
423
33
60
81
542
52
25
23
71
9
18
89
122
49
506
218
111
29
67
181
450
91
12
184
14
80
13
9
111
21
65
297
191
370
473
1031
97
45
479
65
11
107
12
102
58
107
43
109
97
103
67
110
163
26
1106
216
201
83
15
26
45
984
18
62
1042
103
33
75
99
749
511
120
39
83
39
12
266
92
115
806
646
28
56
14
119
122
31
16
15
18
345
39
1001
15
72
108
79
84
94
63
434
564
625
321
90
102
20
122
116
48
31
111
101
34
26
598
946
520
10
512
80
109
85
458
1030
10
47
770
1100
831
42
110
81
173
764
988
117
414
118
1029
25
47
87
756
60
57
20
63
73
65
1114
106
58
757
93
116
778
186
560
59
57
36
27
272
93
19
58
98
12
251
92
112
646
940
56
475
731
108
136
35
10
36
84
70
5
74
563
472
47
99
119
69
89
10
87
112
47
56
23
17
100
38
600
85
1122
87
607
852
122
104
646
103
406
105
1015
44
110
37
118
1
102
48
33
82
24
113
21
74
493
922
1001
103
11
9
518
65
47
98
33
119
96
1101
857
101
63
94
21
30
34
625
120
8
4
745
36
98
41
14
84
97
72
461
66
1009
88
23
211
96
1103
10
520
60
108
28
48
52
21
137
22
72
87
26
30
58
96
767
97
537
0
606
35
29
83
59
47
111
928
44
19
78
946
61
55
103
391
712
103
32
30
119
448
43
43
72
51
1067
39
15
29
46
31
600
37
70
111
114
113
77
46
13
8
60
131
113
255
91
93
102
740
302
13
1017
198
88
103
0
107
75
63
47
68
457
55
28
113
337
40
42
56
59
9
99
82
93
4
44
39
22
61
105
438
22
551
975
24
418
81
10
109
91
762
550
395
153
56
95
22
111
48
104
37
21
106
5
901
646
111
60
121
43
2
42
113
51
11
628
30
25
49
44
71
873
20
76
27
27
16
234
847
106
457
107
18
451
52
356
6
950
78
1043
367
18
102
918
30
106
1039
68
273
78
699
92
23
27
39
49
57
577
16
991
971
22
34
107
401
5
433
53
724
10
118
85
474
192
60
85
133
50
113
897
542
833
119
169
110
254
37
850
13
50
46
129
55
2
208
65
1086
75
839
102
60
39
1
72
1
40
6
51
104
8
63
1089
19
78
68
69
792
491
70
917
113
37
71
647
104
930
94
24
58
553
769
49
681
85
116
215
33
301
44
66
459
290
122
101
12
75
101
914
44
106
21
72
27
28
50
107
35
48
76
1027
973
109
983
27
109
100
942
75
107
1076
245
79
41
483
1082
113
1005
72
411
112
12
19
87
110
27
41
64
108
370
103
53
73
1056
238
83
93
428
108
90
35
30
33
444
74
93
37
227
89
62
49
538
1052
334
28
825
60
53
43
116
53
474
22
808
661
644
46
75
33
8
64
251
567
39
27
631
750
103
609
925
2
25
37
20
629
9
104
77
66
31
107
80
32
120
82
4
89
177
13
45
1094
107
943
225
17
927
519
24
30
14
81
718
29
38
902
76
67
254
58
78
64
99
184
928
108
67
282
27
227
9
684
45
77
1108
76
423
62
214
12
32
12
51
12
113
412
38
602
412
140
61
60
76
954
163
202
35
120
103
109
958
5
34
286
39
81
7
84
63
98
638
109
852
225
996
121
278
82
29
58
72
394
79
82
107
16
21
335
33
7
79
58
39
1075
90
15
5
103
568
104
106
79
7
146
71
28
329
107
107
27
42
85
699
1037
1096
19
165
617
19
159
75
27
646
306
734
18
51
34
85
935
10
1114
6
57
60
54
78
799
122
42
34
1073
7
736
55
104
3
115
46
146
99
25
81
58
920
4
65
781
88
63
114
121
435
714
8
4
41
462
171
87
33
83
413
36
1
93
232
81
904
8
32
707
119
9
122
19
75
582
948
107
67
122
100
64
228
45
39
407
65
78
10
815
1027
108
16
253
227
21
29
86
1020
106
537
556
828
100
47
402
668
238
511
103
3
35
77
66
44
46
17
51
85
114
66
83
42
5
10
55
39
34
16
68
22
28
77
112
841
3
65
1040
99
429
45
103
35
71
56
59
7
39
1092
324
473
71
370
379
208
115
472
106
62
23
1111
152
121
84
62
273
75
180
276
642
16
0
851
1
211
67
80
98
20
89
30
54
1092
111
108
779
116
90
638
86
24
17
421
343
87
90
83
113
97
53
39
201
115
94
21
50
82
68
13
655
89
970
122
947
353
231
45
75
77
924
64
46
852
46
920
48
239
76
49
593
116
35
32
102
432
36
693
112
456
101
48
285
8
16
29
89
74
15
114
88
92
63
76
255
89
102
70
858
20
41
261
573
82
111
60
63
21
858
55
69
7
546
120
535
741
8
109
732
768
52
84
59
64
886
220
1017
597
120
118
447
309
669
927
107
52
33
60
961
102
117
462
304
112
705
6
1006
107
66
119
46
51
34
577
62
83
67
6
10
169
599
909
37
107
43
7
545
24
851
80
98
1084
848
90
77
48
121
887
16
46
575
40
616
68
106
874
73
102
55
119
415
88
83
58
61
67
109
17
279
110
24
271
19
44
118
33
1006
374
590
470
45
649
4
17
122
11
570
966
327
943
123
536
88
117
543
187
67
1114
49
99
24
43
51
40
50
78
100
165
89
430
797
28
49
103
17
8
942
42
42
114
24
73
20
92
368
5
995
995
23
567
11
560
29
118
44
51
882
13
111
11
86
29
19
93
20
65
20
0
67
34
101
250
60
67
20
11
118
855
76
647
56
29
56
816
110
13
29
14
350
261
107
10
23
122
53
7
21
50
51
991
407
110
80
698
122
234
460
711
827
67
85
2
80
20
814
13
29
98
23
254
78
84
50
17
16
53
1033
76
70
43
825
69
46
92
35
42
11
94
102
91
962
735
20
44
1008
60
3
390
642
45
61
37
539
27
121
71
50
30
88
98
71
426
812
54
54
113
117
116
1
10
26
155
30
318
92
16
33
394
18
772
3
18
0
78
357
815
72
88
7
29
1086
186
70
152
58
274
1057
119
795
254
66
193
216
16
17
12
115
906
15
58
141
112
121
347
78
424
87
12
109
18
14
120
79
2
50
612
10
109
3
18
107
56
111
105
51
853
69
281
103
544
9
233
268
1
507
328
241
1
1118
69
102
78
42
183
52
90
43
861
101
1038
7
48
166
106
1079
511
65
5
978
260
217
33
63
10
17
18
73
736
54
87
478
114
732
42
43
64
100
63
71
106
38
104
32
111
1
111
111
82
80
373
1036
78
37
106
174
35
39
24
484
9
164
81
626
0
948
893
190
52
111
110
1056
115
533
116
0
5
13
9
112
155
45
64
35
38
69
392
606
85
14
86
79
955
75
67
111
1094
106
69
92
53
47
7
307
147
30
332
10
4
79
91
53
96
91
76
119
129
105
68
1036
507
4
27
1071
80
119
121
17
49
51
35
61
9
308
146
96
755
681
184
118
98
103
98
411
478
121
187
48
50
87
924
438
97
1
399
342
956
87
113
92
87
83
1118
4
11
227
448
59
280
321
46
62
755
931
149
667
79
3
17
71
9
84
54
84
95
67
16
89
79
43
70
1033
30
379
91
1028
92
57
577
15
595
72
607
853
81
111
548
8
119
431
105
10
110
67
98
24
1036
87
85
103
15
8
964
19
541
115
113
16
37
4
822
845
50
37
585
38
47
35
31
786
404
459
77
98
64
448
1042
54
735
501
4
122
76
89
112
68
45
658
21
8
83
3
48
65
65
88
51
83
636
23
81
1064
58
107
25
897
916
69
80
403
51
960
85
98
61
16
86
67
94
30
1061
108
858
254
20
55
710
98
78
1084
62
35
98
4
47
726
18
43
1014
40
43
122
263
610
844
289
82
376
39
50
75
1036
358
165
59
64
74
17
44
4
272
9
69
119
270
113
1069
42
80
45
370
9
103
91
37
1018
44
515
712
1103
32
44
326
89
414
72
10
647
90
76
6
84
1113
109
53
36
38
958
21
64
99
56
23
110
96
93
113
45
983
69
119
55
657
68
12
110
20
84
216
93
113
942
660
51
47
31
119
9
853
1063
890
14
36
110
52
63
61
46
23
86
751
113
923
3
27
25
385
1025
58
83
108
891
60
58
7
40
98
84
737
80
18
65
119
21
49
37
704
93
52
18
243
102
200
105
95
61
634
56
89
4
64
655
83
44
264
0
606
737
291
47
10
28
35
566
1013
310
87
42
89
119
121
50
75
34
120
10
397
61
17
341
107
93
83
1097
66
101
66
376
900
114
68
66
25
83
81
39
71
100
1110
12
27
900
212
45
114
115
26
64
120
100
31
84
78
88
121
63
47
51
552
50
90
122
81
332
29
375
35
76
50
42
73
56
4
325
29
82
636
6
719
117
166
532
432
163
95
115
7
735
91
12
529
114
824
110
107
77
63
16
75
89
412
308
13
68
57
65
767
57
110
29
61
198
92
114
95
53
77
701
121
243
52
1050
694
123
42
3
37
258
61
33
296
19
51
1001
4
45
69
381
85
87
54
73
74
46
4
95
113
77
1
51
956
122
32
333
1023
864
64
121
115
29
55
78
73
111
176
92
93
34
38
65
102
381
15
567
44
119
57
10
502
108
68
427
385
104
100
443
283
34
3
977
636
32
79
71
0
12
14
934
47
81
86
25
1074
369
1053
102
232
114
14
118
762
30
109
40
246
121
102
515
379
2
372
8
722
69
646
13
478
110
100
863
190
37
79
1022
3
58
119
250
933
688
73
185
28
87
62
108
26
32
106
278
82
48
91
90
68
30
85
44
79
125
61
57
71
100
78
254
41
694
415
32
9
93
174
18
24
0
470
115
89
87
95
85
67
113
8
68
220
98
51
27
103
42
386
79
2
455
92
113
854
51
308
496
327
828
259
952
107
392
58
57
754
107
9
572
74
37
70
160
360
119
765
29
678
1097
5
4
13
1
115
73
671
367
727
205
571
40
6
1091
446
934
9
7
389
14
303
38
206
46
122
101
244
68
56
584
178
1005
88
86
119
63
288
38
45
66
54
88
53
63
656
120
11
338
1121
25
52
69
64
113
50
804
80
815
17
33
373
98
78
1119
90
41
107
1025
95
929
95
62
9
643
931
106
146
85
32
825
35
179
71
91
938
115
30
910
791
49
899
77
88
44
74
122
815
844
897
867
60
743
115
1077
874
50
758
101
957
428
1043
902
1004
112
84
115
119
190
105
65
96
119
270
788
59
30
80
120
266
291
106
43
0
870
765
29
53
51
88
54
26
74
79
80
30
744
630
12
2
827
53
52
64
72
113
582
101
83
6
29
883
713
4
71
111
9
360
836
74
15
52
6
93
129
19
548
526
74
43
564
79
539
1
119
852
269
69
93
107
29
106
76
1
229
88
25
654
12
91
1086
50
88
43
408
33
69
465
1087
68
87
184
984
42
32
20
212
113
47
261
80
12
55
168
107
35
41
57
39
100
1062
504
38
100
101
88
71
119
722
797
37
1078
103
345
64
85
82
46
837
633
652
102
98
106
584
53
34
135
81
80
1078
955
20
47
69
23
6
105
83
780
866
41
117
87
84
94
53
325
91
372
79
49
341
81
101
97
76
87
71
108
18
1031
81
317
4
24
44
85
796
433
4
848
252
97
5
660
558
74
616
26
845
108
301
445
3
464
433
112
42
104
116
57
60
15
54
64
933
99
109
5
1092
60
12
21
1042
7
662
17
62
240
6
21
194
1062
35
33
96
30
42
47
436
9
114
790
25
79
82
33
887
85
77
29
865
37
61
56
234
53
504
59
361
57
574
19
24
868
903
97
40
233
869
395
113
11
52
814
2
7
98
114
2
51
13
122
302
625
743
113
8
99
998
43
102
120
117
807
244
93
88
67
94
4
115
522
337
816
69
300
73
171
79
47
93
584
107
99
297
120
61
1067
34
31
111
245
886
68
53
74
497
20
24
431
109
96
90
64
100
7
91
44
21
52
41
55
214
93
678
546
117
680
20
90
69
51
25
118
626
298
64
49
18
85
766
500
76
1118
820
104
473
259
64
11
1060
46
1091
719
6
546
897
54
443
118
675
109
109
12
36
703
33
736
34
326
1
88
212
47
60
45
68
38
15
84
1121
16
71
984
57
92
38
27
714
32
25
949
110
64
35
46
29
38
20
43
101
48
1015
102
351
7
46
1059
83
102
747
116
10
6
45
111
66
100
404
117
783
43
1072
88
92
704
28
46
489
336
29
19
114
562
702
57
96
79
931
233
473
106
41
325
19
70
86
1074
105
8
9
27
1096
89
1044
1032
101
5
68
959
72
35
80
606
39
35
960
75
42
3
121
950
19
101
1024
10
113
54
77
602
73
595
16
92
94
487
76
35
21
98
12
654
109
871
119
1122
82
469
87
68
13
599
77
32
43
31
52
572
856
87
862
922
30
0
77
332
938
659
768
834
45
175
671
47
114
89
272
77
747
553
756
93
59
142
10
799
267
13
83
881
45
13
1085
48
489
723
655
96
65
436
51
951
9
10
1017
111
8
565
50
697
26
807
96
56
722
97
17
244
376
91
122
48
768
57
90
51
1063
28
99
43
2
35
111
89
46
114
73
112
67
75
56
1100
69
414
650
248
59
49
51
135
122
859
841
11
89
3
82
98
957
36
1000
397
15
607
62
112
3
237
870
2
94
102
106
967
92
215
8
85
110
86
101
17
835
57
305
100
53
105
98
72
524
3
94
63
67
402
91
682
78
490
976
74
703
0
18
465
96
113
75
6
40
107
479
614
16
95
121
5
31
1009
797
85
62
12
64
71
541
50
5
96
93
240
1012
96
1057
104
27
12
485
92
120
78
1031
75
19
45
265
1024
20
8
1046
117
92
36
948
72
27
1054
65
13
88
116
116
849
1100
319
42
87
93
700
406
81
10
31
3
762
498
105
118
119
109
650
73
492
37
61
113
930
57
169
89
12
119
1033
619
72
12
747
435
869
198
74
110
18
256
70
107
19
86
1117
47
364
114
504
22
102
267
0
271
75
53
25
109
20
122
1059
327
113
30
235
85
342
90
100
737
91
452
53
808
57
327
99
47
82
99
722
851
14
927
15
44
87
6
10
772
68
792
49
997
113
6
70
52
940
37
97
34
1094
50
30
62
92
835
48
87
527
37
93
120
17
79
93
372
1119
6
107
112
1084
103
58
48
46
16
11
913
43
1053
71
191
62
589
73
154
99
28
8
77
290
9
728
12
479
58
98
24
74
10
1023
62
121
120
62
697
101
36
4
19
61
40
119
1082
952
1057
11
466
78
59
153
44
84
59
0
746
54
77
267
100
85
24
851
293
122
319
25
94
115
94
47
74
19
38
107
111
115
36
557
96
38
97
102
44
89
526
118
73
114
41
998
47
60
68
155
48
1122
439
49
38
106
34
0
15
80
42
102
820
33
75
37
76
56
3
657
48
92
473
66
21
3
129
673
445
16
112
105
113
38
54
42
57
718
117
96
7
306
72
578
18
89
77
588
1014
54
8
117
989
121
88
14
722
852
10
73
105
95
7
439
296
38
32
61
1
117
82
289
549
770
91
48
27
92
21
786
47
393
77
38
29
293
839
348
32
0
50
36
882
43
109
634
21
63
885
26
63
74
461
54
866
712
23
15
33
88
105
100
1096
1098
42
422
46
306
14
611
45
736
97
494
43
340
508
3
830
741
975
62
27
61
38
49
34
94
3
76
894
70
808
73
104
1
1117
85
69
112
33
53
924
13
41
1120
39
79
773
6
844
638
79
39
401
955
107
92
39
79
111
672
1038
279
199
107
36
110
20
162
10
8
9
45
273
4
5
66
161
871
1105
777
71
1028
91
414
57
12
370
33
149
56
42
122
127
59
79
291
56
10
24
415
82
80
27
53
522
232
41
35
1002
57
30
1066
66
31
333
867
67
109
31
8
37
85
25
120
152
1094
8
79
51
94
785
8
39
1120
110
466
52
71
101
689
99
13
17
98
31
75
109
47
102
13
461
1
89
683
98
95
55
56
162
86
117
432
725
87
592
101
224
20
251
15
27
23
790
37
3
107
15
92
35
5
1099
83
0
912
858
123
114
42
613
156
563
12
109
226
14
111
882
24
28
600
538
459
21
86
921
151
331
389
49
5
24
2
649
871
87
94
47
16
79
4
28
80
6
114
103
682
225
34
83
100
936
102
11
463
82
122
88
537
948
16
130
23
93
868
19
252
424
42
3
227
255
21
508
75
853
36
672
73
56
39
110
32
105
109
110
102
1
34
51
57
24
67
22
115
65
122
28
23
3
116
88
148
9
93
101
89
494
80
9
203
431
122
31
104
2
50
23
736
26
56
108
58
701
39
724
67
1037
112
37
508
469
399
427
104
713
730
101
1
297
58
37
587
34
87
34
12
15
0
25
108
1052
67
947
46
85
58
492
739
21
237
29
26
116
804
475
53
70
76
51
1
86
80
77
98
824
34
48
720
991
43
55
99
199
81
94
116
21
63
61
42
25
40
9
1099
21
420
70
151
10
59
52
30
33
63
14
789
106
114
13
55
94
116
108
976
23
83
992
88
583
156
87
94
125
754
843
344
88
112
569
279
7
99
7
109
109
848
63
37
99
66
376
79
726
365
82
92
1095
38
23
160
872
649
871
1
95
50
19
19
95
1032
87
707
18
55
113
29
71
380
104
470
154
635
32
111
982
71
44
13
83
40
119
566
46
49
24
713
405
122
288
825
616
363
337
26
222
46
86
42
4
7
311
72
312
61
117
100
94
72
698
251
27
84
75
93
121
1096
88
57
55
39
228
5
76
28
312
454
82
81
11
19
13
5
448
111
10
684
95
2
76
108
1023
16
21
787
4
41
946
73
90
120
502
789
76
75
103
60
76
99
70
90
92
67
86
115
878
1069
56
252
66
8
40
4
55
100
808
28
47
2
749
106
121
129
112
66
97
20
96
179
500
20
97
113
805
87
112
77
115
91
1035
70
113
721
351
104
14
512
505
793
98
4
88
89
584
1097
107
122
114
829
70
509
29
336
76
89
87
62
791
1060
344
142
51
74
109
73
111
292
14
1032
29
164
728
117
72
74
24
583
562
732
31
406
692
179
218
1
101
273
915
1026
116
25
105
767
70
110
925
395
371
22
371
96
87
72
620
769
67
6
50
1
489
84
118
656
92
21
737
85
110
57
85
122
245
64
44
84
193
34
464
546
317
45
108
83
110
39
121
11
115
930
1026
113
5
51
664
116
53
46
9
1100
682
2
23
112
27
28
49
3
25
122
42
611
72
95
248
425
7
872
1109
61
3
20
9
29
116
110
54
227
17
23
931
11
52
169
67
14
102
51
104
78
66
114
13
1054
62
43
84
799
32
1033
70
11
15
26
59
54
676
710
1104
570
566
17
247
312
95
82
112
78
958
111
36
555
25
121
221
104
75
629
91
18
108
92
785
91
461
62
86
75
116
100
274
739
138
748
0
119
118
99
105
603
107
87
867
111
58
42
547
57
119
94
103
6
6
1082
102
93
461
71
99
330
789
115
111
89
35
34
4
979
29
55
49
75
96
730
24
48
101
52
62
488
126
508
979
756
35
42
1103
22
85
727
35
93
764
110
103
20
81
74
327
209
901
737
63
96
27
14
5
22
73
108
111
850
344
117
110
117
20
86
97
28
86
28
59
26
20
40
433
13
117
122
14
49
461
3
118
60
537
6
12
9
117
68
367
95
77
505
904
31
956
9
78
91
93
300
56
7
884
75
83
168
433
303
14
422
243
3
48
15
101
88
253
725
48
9
13
106
964
98
80
68
18
105
118
556
3
117
60
63
69
101
99
530
713
116
60
6
87
65
17
50
19
1075
51
566
69
325
976
60
453
29
1096
400
358
42
731
35
15
108
109
108
84
25
615
1037
26
206
14
35
15
18
14
65
601
28
108
237
6
109
37
43
48
43
117
33
75
523
2
64
389
91
227
167
17
93
120
81
186
12
117
779
27
118
99
68
1
14
58
89
19
451
116
16
40
116
25
68
3
97
81
74
42
42
8
26
74
17
69
24
64
25
963
267
36
255
1040
41
105
1049
14
1067
8
44
80
98
714
7
17
114
1110
10
269
48
1069
143
819
25
986
111
117
26
189
60
1
9
82
992
77
408
73
61
110
771
27
1079
0
816
40
18
104
78
313
57
115
76
61
82
53
982
1005
110
84
145
62
81
461
62
73
768
129
18
46
91
67
100
403
99
44
77
12
8
102
72
87
3
182
82
391
271
8
44
1
92
18
71
162
81
808
499
62
116
13
81
34
26
92
110
36
63
930
100
638
925
114
20
109
63
796
45
115
8
96
772
31
13
227
42
74
102
65
569
268
55
71
98
695
78
1006
196
885
16
75
99
86
14
78
541
65
190
32
21
12
30
109
399
46
54
94
65
60
9
725
77
158
784
92
106
516
37
34
78
91
69
229
859
897
419
751
86
48
54
89
690
48
110
979
728
68
503
542
2
354
118
59
8
43
108
113
88
73
7
936
494
102
57
62
967
49
24
83
463
88
39
60
600
50
82
74
431
122
1095
1073
110
1005
75
62
830
60
9
866
115
302
1067
86
46
107
994
70
22
33
95
83
73
19
81
79
50
87
107
82
40
56
100
79
82
103
62
86
810
79
12
178
10
19
576
119
54
67
46
162
49
83
18
73
761
57
729
64
21
788
644
92
91
112
28
47
94
1026
113
26
165
46
7
47
25
48
33
687
667
10
25
22
311
17
961
38
70
517
131
123
87
905
87
73
113
70
1036
0
36
89
62
66
38
586
14
541
1048
197
41
81
34
37
57
467
52
2
26
796
94
41
26
845
929
90
662
53
44
119
36
120
271
88
1030
12
31
340
56
111
82
58
16
68
59
65
57
189
84
67
850
22
3
78
81
312
85
683
516
9
108
731
110
99
336
61
54
400
37
43
361
70
58
62
98
116
811
346
9
46
878
112
84
122
48
0
11
67
37
991
33
11
2
110
182
13
74
1035
43
60
73
899
8
15
509
9
1114
104
502
1022
20
314
100
121
36
105
0
51
99
1055
76
551
76
120
370
13
79
789
545
752
107
114
2
1049
306
1106
79
959
107
17
959
14
10
21
576
683
299
31
112
223
108
84
588
825
73
115
101
17
98
12
104
119
103
571
114
121
68
87
48
27
106
36
81
35
15
115
63
109
88
941
4
14
341
137
63
309
112
57
85
47
316
22
23
842
48
92
121
456
393
5
5
83
116
14
95
57
38
55
57
911
272
72
77
869
11
47
999
109
43
9
89
61
15
49
88
96
7
44
63
1105
28
108
768
18
7
104
10
38
481
37
759
33
46
47
23
6
58
20
5
56
99
102
763
496
74
360
78
32
25
136
13
75
32
62
108
580
48
63
16
80
1037
101
110
84
70
709
985
317
377
404
64
32
229
67
117
47
311
49
506
92
41
89
36
76
384
697
68
72
4
1084
103
318
97
38
41
537
671
656
69
3
120
108
18
473
8
106
62
887
202
17
59
797
1009
320
529
93
107
88
19
546
57
42
457
119
194
999
67
75
502
249
48
535
43
35
116
755
33
681
95
17
90
312
409
60
94
27
122
489
69
69
8
84
92
9
74
737
933
4
378
118
977
122
81
11
434
757
40
93
100
45
269
344
239
509
15
43
30
10
994
122
74
109
65
571
674
121
81
60
503
67
63
119
47
76
424
172
122
8
64
966
108
668
34
70
44
16
85
1003
83
85
29
97
86
19
53
87
16
41
21
72
53
496
65
72
75
8
112
7
122
106
906
81
385
481
1092
1003
3
199
667
32
50
999
1050
36
81
36
79
894
1
7
67
330
106
83
94
21
1094
75
44
732
107
58
493
3
822
120
16
79
25
9
36
260
345
83
37
113
97
51
101
97
936
6
110
157
108
51
122
917
50
48
80
16
955
57
53
111
31
81
111
45
113
171
811
78
932
107
75
56
2
98
658
34
51
46
159
61
33
42
820
13
46
309
513
92
83
611
68
47
356
17
600
113
180
78
44
399
99
1065
143
539
81
707
762
94
64
672
67
76
114
59
34
131
86
98
88
461
79
42
16
74
3
17
333
538
89
118
80
21
19
90
76
542
92
448
3
315
943
35
1024
702
24
4
25
27
99
803
49
89
31
8
34
17
984
4
583
12
31
79
26
277
154
78
90
543
36
49
31
106
849
503
31
81
100
86
51
13
100
1061
10
10
831
117
759
136
43
39
104
120
50
924
5
87
659
4
92
44
66
9
100
72
113
18
112
97
377
241
34
428
24
1036
2
20
123
100
41
46
50
91
4
21
65
9
76
87
26
51
37
54
93
78
76
94
44
23
84
50
71
79
30
57
14
46
75
19
35
73
40
6
70
11
33
37
93
36
15
4
13
2
21
90
32
56
14
56
31
36
76
55
12
36
4
74
40
24
62
22
62
12
98
71
44
38
93
28
68
36
82
30
24
80
80
53
38
28
69
77
82
89
77
25
65
63
16
98
84
0
23
50
83
10
98
24
80
51
96
81
17
84
16
93
89
78
0
4
79
41
52
75
40
70
15
30
47
1
58
57
12
96
18
16
94
52
29
88
58
10
38
48
84
33
78
84
13
86
47
50
92
92
43
51
38
4
74
12
73
98
73
34
40
66
39
4
29
97
50
85
58
79
11
54
90
66
28
57
3
62
15
63
99
93
87
37
4
22
74
3
75
5
70
47
86
45
34
56
38
55
14
9
71
18
96
18
9
53
1299
true
false
false
false
false
false
false
false
false
false
false
false
false
false
false
false
false
false
false
false
false
false
false
false
false
false
false
false
false
false
false
false
false
false
false
false
false
false
false
false
false
false
false
false
false
false
false
false
false
false
false
false
false
false
false
false
false
false
false
false
false
false
false
false
false
false
false
false
false
false
false
false
false
false
false
false
false
false
false
false
false
false
false
false
false
false
false
false
false
false
false
false
false
false
false
false
false
false
false
false
