100
30
1168
1132
89
206
190
403
165
275
253
102
606
1199
5
200
352
179
58
714
468
499
201
228
172
383
343
58
354
374
63
769
1062
1386
282
48
335
40
118
730
310
215
313
32
528
1030
332
369
858
23
786
1196
68
272
616
34
457
95
260
70
635
667
840
302
208
223
271
281
89
776
372
88
256
179
871
167
151
194
145
162
317
446
116
370
345
75
93
184
175
336
28
6
360
286
177
331
1019
102
934
269
345
38
361
134
362
402
1112
1145
282
244
244
299
992
1350
225
180
283
107
274
269
1165
596
86
162
322
359
304
351
959
103
48
188
277
25
140
603
373
1386
220
30
50
3
38
1307
12
143
864
362
129
377
269
307
44
49
1251
25
520
373
381
219
315
857
1181
1160
341
26
78
208
400
356
434
255
71
41
103
403
257
618
1338
251
844
61
102
1023
52
223
203
92
827
25
257
255
48
133
244
783
42
184
399
1357
308
735
11
804
984
307
159
387
846
1127
214
127
372
1030
262
356
204
120
1341
139
1163
67
1052
746
1190
235
926
225
44
1276
271
1369
225
332
166
77
294
300
461
666
268
253
181
416
1208
181
309
632
1045
185
586
525
871
354
845
549
1396
314
882
111
891
398
165
133
142
355
300
385
353
298
602
249
402
326
295
268
697
66
218
331
71
85
329
291
40
199
1253
264
394
899
353
369
14
45
1377
1360
716
579
269
200
184
1158
53
639
265
31
124
1035
318
60
406
1343
849
338
619
188
726
330
92
1394
354
22
147
374
293
74
133
171
178
1365
104
268
84
175
767
189
41
18
1187
14
416
171
25
378
1004
969
216
298
832
1346
361
340
90
906
95
327
234
300
375
174
73
208
294
179
229
1406
1327
139
217
367
988
5
103
129
506
268
127
609
143
154
359
344
109
381
218
375
158
324
1243
397
1167
712
945
214
895
125
362
403
63
1040
154
134
209
1232
2
1060
130
102
35
99
105
391
98
179
584
366
620
159
328
228
280
90
822
1266
178
452
50
995
323
629
1108
405
28
38
1136
254
490
580
0
944
936
358
182
135
282
172
17
359
30
152
228
1368
1387
438
140
204
219
117
264
573
234
197
41
265
302
424
489
272
166
19
318
369
133
884
973
258
71
211
1
871
224
314
123
664
201
303
913
365
308
871
241
154
93
674
108
789
441
75
69
85
24
23
201
242
1091
58
143
177
664
223
47
1367
363
439
68
1251
381
1054
244
366
215
314
212
331
76
277
462
1337
828
648
996
406
45
0
68
323
194
11
251
1180
886
785
380
695
1343
1148
272
850
173
858
1285
358
266
208
250
176
441
262
86
188
120
39
229
274
1336
679
301
211
233
37
35
179
1320
328
1288
374
67
380
359
308
754
4
118
1206
245
94
186
80
26
308
389
927
173
295
898
379
39
1180
764
555
1257
1
340
301
176
141
82
701
112
13
305
322
259
1363
389
86
289
87
77
12
767
1096
363
346
250
1345
128
1334
746
78
1091
355
346
894
57
43
51
912
203
195
406
8
301
1244
1225
1041
154
165
78
353
131
148
1009
402
151
1388
312
397
81
38
635
830
183
26
51
333
47
44
388
273
386
113
20
324
875
297
371
83
382
148
75
133
435
1255
1112
217
1058
270
1079
858
453
57
391
252
475
145
316
133
89
401
25
63
1041
1391
1363
282
316
1034
1027
60
137
627
273
274
526
262
947
1142
123
112
326
289
188
152
201
231
757
751
39
320
117
706
347
394
1133
356
171
266
288
126
1294
274
155
105
1216
297
67
672
795
272
107
297
566
153
197
66
255
376
342
1165
1330
211
1268
406
369
236
233
353
323
395
1383
318
1031
109
363
127
791
282
235
486
312
16
1194
305
158
707
121
400
634
70
357
371
93
153
1045
302
52
162
155
1190
267
254
384
74
684
47
329
165
15
340
318
152
721
926
191
170
375
1119
1103
361
249
355
403
112
1009
144
394
129
219
367
179
658
125
250
315
1322
246
158
87
530
424
96
28
229
143
73
123
1314
1193
44
160
327
1061
1092
80
341
54
801
784
936
1072
25
179
22
335
8
586
53
148
1186
1347
70
1289
158
428
254
305
1306
22
297
275
339
380
39
86
300
235
362
284
371
866
267
240
89
129
41
249
352
35
291
119
292
253
235
363
29
278
299
328
257
159
329
694
67
474
60
131
265
277
1302
58
799
294
297
974
270
269
796
1317
1401
286
317
383
492
174
103
925
29
267
347
188
309
319
504
50
998
1371
468
661
219
213
569
1
84
132
3
696
313
224
639
401
820
597
347
467
970
470
162
240
1216
67
47
365
143
117
398
398
9
567
320
204
107
300
1293
784
1156
653
169
358
130
170
145
109
97
253
125
60
637
556
141
652
1140
1246
574
114
206
1258
36
811
7
133
999
335
1193
58
56
384
332
1401
26
50
1168
66
387
282
1039
65
10
625
253
650
832
280
9
259
81
11
75
406
162
336
382
926
154
1231
365
991
83
0
407
112
359
370
196
305
13
408
191
591
211
259
252
149
747
13
169
427
736
313
30
240
999
70
798
1257
385
139
646
994
1157
1314
795
1129
343
126
294
815
134
350
352
8
351
66
136
40
45
75
18
109
986
172
294
1041
804
1389
689
951
923
1132
237
499
359
148
297
468
364
271
757
819
407
325
172
27
887
93
1337
392
623
1401
268
1018
48
92
276
25
1017
68
21
280
81
154
9
707
72
110
760
179
211
341
1082
254
39
869
216
841
387
837
256
328
712
255
360
378
602
80
192
55
269
500
378
91
202
76
395
458
681
297
777
204
55
440
868
904
111
901
687
642
722
162
109
862
809
1295
382
180
47
1273
1369
140
153
213
249
313
207
291
307
32
1322
1189
267
31
30
967
132
296
183
182
1335
317
21
707
600
787
41
135
397
41
360
366
192
887
349
334
210
306
1160
798
400
372
11
65
256
53
120
394
1226
151
438
392
208
715
1027
561
352
382
178
432
182
40
140
200
276
234
1184
88
261
53
180
630
51
999
259
158
269
1350
150
139
341
764
213
98
1355
251
1150
371
653
1096
321
345
937
371
524
1103
63
274
66
146
921
58
276
235
99
224
34
36
293
250
432
208
6
1136
380
52
1088
182
371
162
25
289
25
115
461
383
376
362
374
1378
749
349
246
75
520
141
17
352
218
82
398
344
222
1281
28
1099
42
680
87
292
5
294
530
1280
224
173
315
1063
15
34
236
696
287
201
1190
1182
799
27
1165
175
336
217
97
32
1407
1007
288
964
176
228
551
588
378
390
16
438
991
320
299
193
258
902
119
340
792
109
206
308
210
581
126
732
599
288
381
324
12
130
106
348
733
192
328
207
194
323
276
187
197
564
52
805
320
207
247
1375
138
898
121
172
312
300
237
1304
237
800
107
386
924
809
122
322
234
270
68
949
1351
197
358
374
1339
977
390
429
1267
325
37
1337
122
344
349
1303
394
344
754
1186
323
121
1298
562
384
86
175
112
623
276
1329
1205
391
155
77
720
177
142
651
366
784
303
1209
826
155
670
283
20
200
65
276
923
120
1074
1348
365
232
158
257
267
203
394
391
256
178
22
251
120
198
371
297
395
50
294
355
321
499
29
1082
308
537
462
164
891
277
140
1206
275
347
515
345
262
207
73
320
182
113
269
261
63
131
346
160
402
695
426
770
534
275
388
1363
271
110
528
218
353
90
311
283
340
242
373
471
175
211
41
1105
190
340
89
245
469
239
216
1154
140
103
58
38
115
490
156
862
69
7
686
293
510
1134
226
137
7
788
260
171
510
1158
505
605
160
322
1130
355
201
115
144
1357
1144
836
159
73
246
377
405
306
69
315
369
85
194
386
46
233
764
170
319
52
861
441
178
1194
350
356
167
279
588
815
1280
313
1327
156
48
265
255
208
206
0
279
83
241
212
1180
390
330
914
197
404
407
1083
314
363
996
353
262
58
689
72
430
282
577
1303
1345
95
15
150
72
622
72
8
245
22
109
1032
1277
321
216
405
632
265
331
1079
565
133
182
329
1048
323
216
151
558
717
402
575
69
22
377
450
1390
36
1027
673
245
341
406
1321
149
148
605
865
277
90
332
401
31
591
49
299
1014
272
771
323
101
1096
796
160
76
57
369
10
156
265
270
636
7
240
291
689
347
374
1108
264
461
143
986
537
336
64
1085
1215
1325
241
379
205
378
34
279
147
254
776
677
409
176
207
194
160
332
398
590
1022
783
392
259
1335
192
1055
300
614
1223
337
377
1308
248
13
151
229
438
284
346
72
386
418
1173
1069
467
1275
246
1158
332
504
900
0
1083
394
1290
793
518
939
435
209
93
386
173
355
189
93
152
130
1089
333
54
46
320
1351
306
951
468
320
83
166
1406
486
144
216
125
347
290
964
398
50
367
18
1146
290
771
115
661
152
94
1189
1346
126
43
430
658
185
92
542
748
460
281
199
1060
31
800
478
165
340
379
209
88
102
319
632
261
10
353
293
335
111
288
326
26
279
1256
1032
246
613
203
299
242
1343
31
322
339
108
84
281
1069
156
733
39
358
300
12
195
167
345
591
265
188
130
167
124
425
55
310
43
204
62
214
285
280
251
70
1303
1389
1348
366
10
971
269
911
407
254
71
37
37
128
256
199
174
68
272
1331
1040
1230
223
396
55
334
1386
342
366
556
125
414
341
338
320
276
497
87
228
218
880
1328
405
851
996
1367
127
263
285
278
858
43
217
402
47
563
270
1122
386
146
67
822
160
214
1052
154
384
150
389
122
1372
725
300
1189
582
230
273
1381
69
327
1174
1027
151
16
288
1204
806
259
230
1344
997
19
399
135
506
1367
246
1172
795
1197
1151
28
651
49
136
93
1195
1269
611
225
1403
944
280
74
368
210
957
205
765
275
351
401
372
25
368
15
84
144
193
849
58
377
1270
36
929
397
983
336
260
273
43
1404
0
354
316
180
77
8
511
381
44
348
43
85
191
819
143
133
77
330
62
40
189
25
212
811
280
19
87
373
1225
274
1280
206
1358
44
33
33
886
378
327
531
362
589
688
243
21
274
131
426
342
149
12
122
995
118
294
49
30
88
97
93
241
175
1275
822
650
991
41
504
298
42
421
352
399
904
30
484
71
189
973
350
199
240
1300
143
949
312
1223
85
267
303
748
39
285
33
724
13
1191
1107
201
170
193
342
216
644
341
218
54
296
1077
397
645
144
15
1396
29
350
330
790
173
784
8
190
129
324
900
255
66
330
131
63
1164
303
324
1206
473
78
1298
1014
312
590
1310
274
210
321
935
217
248
392
131
369
1024
377
165
22
631
35
71
98
151
319
303
444
648
318
1019
363
111
7
166
370
499
1127
123
979
133
144
6
294
13
269
128
25
25
970
81
326
200
246
190
578
1280
201
2
186
253
8
1094
1029
387
366
242
215
256
243
3
1401
53
366
125
60
132
300
392
373
296
48
253
135
249
394
392
270
143
323
141
120
116
404
1252
588
269
812
46
76
71
705
215
140
123
667
1292
90
148
102
980
270
189
278
1361
441
557
394
174
599
36
1243
343
870
445
212
270
55
1052
761
730
594
671
297
431
307
599
214
979
625
365
146
164
1259
111
186
228
243
58
340
519
325
103
329
98
1094
1240
21
771
150
49
308
413
1288
665
157
234
279
240
176
273
65
841
241
1255
165
223
348
359
334
1
129
172
975
119
231
475
230
1268
234
500
859
348
246
1048
407
381
99
177
656
815
585
86
257
750
435
518
860
484
398
226
1
649
416
189
30
61
243
101
54
1130
161
377
188
332
127
202
887
202
476
116
341
188
344
251
50
116
127
232
343
383
261
540
605
307
834
33
1241
352
325
334
176
1081
346
81
1273
10
198
1356
96
201
31
26
182
390
46
848
100
52
326
174
1287
272
1220
118
106
238
398
65
1137
305
1254
367
442
338
382
781
347
925
1172
317
1297
929
93
92
837
30
594
533
694
142
1368
0
251
366
1017
831
207
212
270
461
1006
16
1182
311
1236
44
93
740
258
894
1328
127
634
227
565
337
184
35
205
241
1345
41
708
125
300
1146
189
360
213
362
207
348
151
1244
396
1007
359
321
535
344
182
765
1251
80
245
223
808
362
263
494
263
93
132
206
690
814
562
171
343
57
100
43
972
175
333
278
73
358
1339
127
355
22
942
1001
1349
16
191
668
86
311
596
799
87
128
344
413
276
251
1253
1394
208
137
331
149
827
77
255
1237
341
102
567
1398
378
65
107
1179
261
1152
59
131
198
391
300
45
310
867
101
285
272
115
1084
1151
48
65
899
185
109
208
135
35
335
1028
36
383
35
63
100
163
68
248
223
227
897
275
378
249
1292
1350
338
103
71
383
407
1081
190
72
947
862
49
1045
1298
213
240
43
98
394
1367
56
290
720
130
183
276
869
1359
35
204
235
144
352
360
275
96
358
568
425
251
608
1069
181
120
311
363
238
48
241
928
790
502
150
732
1403
102
86
57
177
167
190
155
986
531
74
86
248
364
98
356
287
918
70
230
486
281
204
776
556
230
239
399
12
1335
206
260
123
33
445
111
838
898
236
1238
239
293
307
318
167
210
8
1286
266
216
293
73
832
246
252
178
143
131
92
1071
1060
291
219
39
129
370
1155
30
325
264
391
38
953
45
244
21
431
323
251
364
59
281
315
252
84
300
24
632
145
230
273
79
53
233
195
880
189
90
737
69
198
1248
205
1227
129
187
381
30
65
63
169
311
1266
105
1352
639
353
350
56
1403
1280
1072
85
143
112
346
879
197
1246
945
390
397
104
387
351
484
63
1
173
7
1197
894
706
230
118
791
334
307
168
938
372
10
108
353
746
665
1124
182
390
1383
485
94
3
838
268
344
1228
202
330
181
261
905
930
399
1359
178
183
259
307
160
1297
145
1155
14
158
288
589
1155
250
364
201
349
889
10
152
95
154
752
341
1020
787
31
237
755
385
258
632
179
391
294
231
406
315
930
1230
103
470
190
201
21
370
109
24
392
52
276
12
577
353
467
393
331
362
40
268
262
2
97
125
152
172
752
1019
980
399
238
28
349
83
235
468
193
195
161
234
319
155
926
1176
275
1042
272
114
79
798
1104
3
65
900
218
21
130
374
281
1255
170
1157
404
342
1263
246
62
1199
932
110
935
968
12
97
261
188
14
116
192
621
287
504
327
106
286
1360
125
120
17
1063
144
299
306
92
350
284
181
199
143
329
185
19
360
98
309
1380
100
127
290
208
954
1293
236
344
828
736
106
149
323
368
276
605
398
1222
362
405
289
1069
697
125
0
11
318
33
363
47
234
277
65
706
814
558
7
248
822
1189
783
150
376
396
404
739
227
608
1074
272
234
343
448
210
713
369
271
772
1132
73
353
95
140
435
717
820
627
805
839
1214
324
351
490
339
1374
205
223
105
72
961
317
202
1140
235
137
770
301
387
332
5
162
235
194
204
427
551
167
310
328
134
362
1057
1399
368
387
328
725
135
454
347
169
936
191
76
381
33
245
270
246
386
177
142
1153
1014
318
132
374
104
376
1296
391
240
887
615
103
30
226
253
12
139
166
1281
166
204
23
54
264
72
243
870
340
111
132
239
121
370
188
39
294
407
215
210
957
148
206
312
355
945
465
985
772
792
169
339
385
62
1006
463
795
601
284
521
199
241
829
351
161
41
1188
383
75
1044
254
210
13
194
192
101
331
74
93
253
516
320
335
256
40
78
691
88
791
1348
160
760
286
865
349
662
58
161
135
210
284
215
98
219
1029
193
741
286
825
321
41
304
30
296
56
216
347
603
183
1104
235
800
142
1299
9
23
308
222
99
386
429
280
114
327
14
267
549
1330
1325
211
3
694
1243
107
39
395
11
117
1211
6
770
136
136
30
607
177
130
290
145
61
222
46
94
98
188
316
800
331
1127
205
327
139
457
168
244
142
1010
271
1
165
104
62
1131
344
350
21
2
403
406
339
1294
1251
336
82
185
384
123
192
1345
443
1345
985
756
182
333
247
195
272
405
4
273
88
393
1364
331
1095
20
1294
0
320
160
17
232
25
188
137
998
65
503
137
1336
1034
19
287
171
470
709
757
289
1346
9
292
932
391
111
384
1058
254
1371
233
313
418
190
326
225
95
384
633
135
142
143
975
358
328
1310
1223
1301
1360
33
352
14
988
765
821
74
98
418
370
303
93
586
173
1108
326
33
1007
1193
77
300
571
154
359
156
251
922
351
98
416
98
199
242
128
297
229
618
407
1002
113
929
241
483
291
266
211
1186
335
224
319
280
202
122
406
1119
891
174
61
790
45
311
35
545
393
16
1167
179
606
343
355
397
363
789
5
38
121
291
35
211
75
820
668
349
214
207
947
336
51
836
85
511
114
332
87
243
807
1178
130
267
1343
406
1273
155
1289
1062
135
679
262
252
348
990
1058
261
62
153
67
294
386
594
143
63
714
304
256
57
229
207
992
41
268
186
359
324
1264
75
298
707
71
70
163
1230
1263
1164
1341
266
47
99
343
301
162
128
1134
190
124
223
140
223
485
134
381
277
555
160
1366
268
602
166
47
293
989
229
256
41
243
364
60
964
285
84
1074
333
372
1048
145
130
165
252
385
46
1246
56
174
133
328
180
182
508
44
355
359
227
176
546
372
36
9
175
871
27
840
244
197
253
263
299
191
227
787
201
29
206
721
1381
162
426
770
303
53
197
80
1339
508
206
369
125
88
1392
689
197
101
1054
193
210
352
358
324
360
49
1368
22
76
65
166
125
404
162
531
122
1289
147
310
286
158
1315
1110
95
976
363
100
314
213
7
974
144
447
171
48
291
648
311
1394
71
181
140
1367
315
53
774
41
127
17
130
360
238
1331
959
194
83
209
574
121
141
328
52
2
300
259
989
146
251
1147
496
1129
750
397
263
976
203
82
477
76
115
1368
48
346
391
131
94
91
45
392
537
831
138
806
1133
91
206
373
478
125
669
1152
1357
52
979
180
145
66
1364
8
776
412
1099
341
389
374
338
214
569
64
1220
230
1308
382
384
1326
218
745
46
389
488
392
329
40
69
1180
1325
330
964
829
375
34
238
16
650
265
362
385
78
331
735
314
41
75
102
860
352
201
1130
131
403
245
665
141
358
122
161
48
636
406
814
272
1300
358
320
368
174
316
79
238
724
114
809
537
1227
214
1391
76
113
150
1262
1306
670
51
697
969
133
319
401
857
1242
928
63
108
218
357
254
301
216
661
747
795
644
349
294
165
19
0
209
1140
92
262
13
190
255
392
889
55
533
87
45
903
124
218
8
873
218
902
895
327
95
141
103
737
693
858
536
621
25
609
1402
341
1129
873
232
46
325
299
1353
141
111
81
140
233
1189
42
265
1222
468
466
700
390
124
1196
139
47
328
106
1204
337
60
8
658
375
775
150
351
363
17
213
161
1235
1059
342
126
112
299
320
97
52
1351
273
69
289
239
985
350
22
109
60
109
75
285
878
74
329
271
694
169
260
266
1133
1048
171
329
118
596
228
263
93
929
842
1004
242
369
33
151
661
113
429
115
105
233
64
308
786
1178
379
321
145
479
106
369
308
70
242
432
392
118
924
0
185
49
257
58
190
337
757
669
223
108
1102
99
72
401
291
56
270
793
231
196
14
129
45
358
1186
1317
163
104
413
380
241
135
828
184
841
146
364
244
206
160
208
238
1038
268
851
44
290
18
183
288
243
225
46
142
60
616
263
611
260
362
189
957
834
316
301
287
81
108
62
51
147
361
1048
263
304
375
159
875
22
186
872
239
271
247
1216
271
120
592
162
1192
686
942
327
178
496
126
228
197
1138
359
417
350
398
144
343
257
146
156
55
302
62
1319
255
589
269
135
269
107
153
1021
1019
117
96
140
35
98
339
1390
179
435
707
132
104
404
709
316
515
202
1077
266
1
1116
35
153
196
27
338
297
253
396
382
56
83
162
259
619
219
358
1059
108
64
1025
1270
98
25
406
304
294
15
82
120
754
61
150
221
850
345
113
201
68
167
391
1192
345
322
623
127
347
101
102
1270
391
547
182
200
202
508
1396
1024
54
305
963
4
1403
157
227
307
8
35
526
176
9
612
335
326
264
56
475
147
70
857
1
1399
128
405
147
4
1068
91
1133
877
155
626
35
48
583
1247
380
246
187
317
131
360
160
220
250
929
380
284
166
192
330
89
64
860
174
6
224
432
24
252
89
102
134
1218
1346
134
155
635
185
958
125
77
1207
112
80
46
840
81
381
63
1074
205
527
250
362
326
250
342
204
76
301
687
530
980
350
136
81
139
98
290
281
314
75
212
115
617
354
227
26
37
213
72
29
276
1383
207
153
141
972
188
136
362
1291
269
1134
143
268
652
336
298
1122
124
45
258
1080
617
199
203
373
378
400
294
41
656
279
98
183
406
218
240
347
1224
475
176
227
134
742
342
184
1152
382
1
27
241
989
896
786
373
1266
405
266
148
266
83
764
295
65
1354
618
176
1112
479
880
340
255
22
325
1225
97
162
337
250
492
1017
31
464
128
474
146
1056
85
352
169
33
471
182
172
1204
1371
1034
366
1076
153
260
67
877
97
1261
129
1023
1240
122
600
162
98
185
108
65
159
249
1063
225
391
163
177
336
192
140
922
344
357
466
276
323
293
109
1075
806
76
349
1110
376
938
1208
357
505
63
234
338
205
609
844
290
305
274
935
611
314
508
1384
5
259
1294
20
139
181
1038
2
1
941
110
53
197
99
1177
201
375
351
124
739
1218
348
351
12
139
7
379
380
311
31
940
240
158
4
278
285
300
209
50
148
1388
211
255
214
1053
137
594
1024
295
316
8
350
364
510
1177
304
225
12
1397
201
236
1142
480
325
5
1003
1071
40
359
176
185
979
869
1247
152
144
103
170
56
1395
620
151
13
88
304
354
1126
273
1221
368
302
407
11
64
119
150
249
426
14
819
91
105
68
367
1204
331
89
58
651
269
753
1178
39
217
328
196
253
161
1039
159
238
203
182
102
203
156
218
292
51
87
14
111
193
613
363
1007
64
708
258
493
320
170
245
134
96
961
380
168
147
242
68
401
5
44
1359
77
85
283
160
78
315
147
181
91
1208
740
717
395
114
228
938
393
271
115
374
183
134
968
31
101
204
342
252
281
330
115
111
157
201
45
354
405
72
293
140
616
73
157
259
365
282
19
65
317
279
134
18
197
218
157
1265
298
1373
357
200
132
1173
169
334
997
222
193
1208
329
91
582
354
918
356
617
309
283
159
849
273
290
513
339
89
231
396
258
28
352
57
102
71
156
757
294
285
310
229
96
281
402
1051
61
265
900
288
1304
330
173
434
77
1064
343
253
252
356
390
211
28
1253
62
574
850
2
977
282
914
404
176
134
1058
1198
551
1169
1395
566
35
942
1009
299
1060
322
0
262
973
155
95
35
9
288
86
1087
190
181
225
393
35
261
1076
258
538
232
334
327
272
605
272
220
938
238
53
896
80
1296
1193
45
252
226
340
766
41
451
318
256
325
381
1338
1219
137
334
309
369
365
1372
149
363
263
14
276
400
27
351
267
0
25
916
9
170
323
210
692
444
262
195
141
585
270
343
438
1105
196
261
572
390
369
193
198
3
306
981
86
77
75
186
5
236
238
309
128
176
115
220
71
1037
111
1104
42
281
287
1275
260
251
267
1009
794
339
229
296
290
62
161
1185
302
681
37
286
128
203
64
132
45
885
340
112
292
3
325
316
166
553
201
864
85
328
47
35
607
144
362
865
353
334
309
859
205
29
207
237
359
278
694
209
129
1202
565
142
220
323
143
173
209
297
275
999
105
329
464
98
170
189
288
35
162
1168
550
99
75
216
25
1348
744
205
937
171
964
174
343
1189
511
56
438
203
290
336
14
192
71
333
933
143
140
1249
174
223
14
1175
260
313
528
243
197
302
307
111
400
707
333
66
73
406
172
280
1330
735
298
247
281
850
0
93
207
1266
164
1229
1012
221
133
217
158
332
219
1398
64
1249
249
5
229
184
1069
342
252
96
396
316
1106
569
160
317
150
62
332
289
365
58
579
240
156
1204
134
470
316
700
1317
256
205
301
2
318
341
563
707
49
152
1164
1271
571
231
145
21
683
306
35
138
872
105
64
313
1171
92
1365
618
359
216
51
973
114
378
291
30
891
395
316
248
804
1220
250
324
278
33
254
65
201
120
354
634
331
616
19
5
1102
1204
119
216
100
327
150
316
836
856
27
516
364
21
170
436
150
385
465
236
221
303
232
91
1391
270
347
262
106
61
1092
832
104
1269
27
113
1109
180
336
402
301
1086
1045
93
376
68
54
230
904
54
202
358
239
330
361
68
796
53
381
28
1252
118
843
162
914
87
89
77
177
197
623
14
46
941
8
168
784
375
863
1351
218
476
284
139
173
66
7
204
264
204
281
181
386
163
351
154
1284
322
864
283
369
107
140
817
750
1277
37
1278
252
311
263
399
1067
27
160
91
255
94
290
554
180
812
351
208
1259
302
81
393
253
181
377
404
196
29
1246
1275
246
61
379
495
379
284
267
597
948
915
134
69
316
70
156
367
320
316
830
798
440
301
1369
199
213
145
228
32
691
220
206
147
238
1078
1131
530
862
125
270
234
1269
43
582
1202
405
180
170
394
764
78
62
238
1137
544
470
1387
142
21
352
1014
358
240
140
234
677
39
188
320
61
307
110
325
181
467
151
81
9
654
871
84
1151
215
1201
226
765
304
1
1149
1214
74
894
279
52
312
159
311
708
50
56
520
199
261
724
15
53
1253
65
267
9
308
393
109
378
282
125
199
981
285
138
71
1270
504
741
226
358
45
8
1051
683
812
1149
211
349
300
551
184
356
79
237
272
77
240
49
220
1340
325
179
112
337
14
1000
47
317
1230
854
0
667
1343
207
350
49
224
315
681
374
1248
296
111
387
281
339
335
388
175
254
58
270
833
114
403
32
52
235
733
1316
669
105
193
60
845
171
799
1327
212
331
1201
899
144
1150
389
154
532
211
89
1215
1340
265
167
544
61
107
128
275
31
1269
187
194
212
133
108
89
176
60
407
396
128
53
268
412
309
243
34
184
824
1052
94
78
229
65
34
257
906
173
145
313
262
324
1191
1344
340
107
298
89
103
364
205
113
1334
912
1194
384
191
28
173
126
532
1191
1013
376
659
1112
580
234
1055
257
156
371
850
288
849
958
205
275
211
765
1059
33
290
830
907
773
322
544
373
292
303
228
473
227
319
214
749
428
1204
402
374
143
329
1033
331
867
314
44
246
564
126
77
796
12
734
890
1082
1404
253
1339
256
1257
79
49
23
57
356
15
828
261
892
226
76
191
945
962
448
138
122
809
128
415
372
240
121
916
929
918
193
204
274
1163
95
1171
1270
862
341
169
83
4
208
724
249
1370
388
192
1044
807
882
240
952
253
355
547
1228
23
147
186
674
98
113
46
26
285
419
1156
564
458
348
66
269
157
392
377
302
1098
116
298
282
208
336
107
125
1274
70
185
376
241
74
13
9
13
97
201
229
620
156
146
376
439
300
589
401
201
173
355
97
969
61
375
242
244
387
404
769
197
1114
193
45
1272
245
982
712
360
546
638
299
102
401
397
291
162
28
17
984
41
374
211
362
215
350
917
356
92
291
322
35
129
190
90
854
617
45
85
36
306
316
365
331
75
59
118
269
14
229
224
1074
957
252
385
466
37
56
1124
97
791
87
734
76
380
139
517
688
311
1193
298
968
68
302
405
589
101
186
205
253
1145
278
95
46
284
1167
68
353
147
258
149
113
55
136
480
195
679
905
210
262
248
322
188
98
326
1105
279
858
409
1029
314
908
355
1064
233
61
150
750
213
279
33
206
16
196
705
269
415
618
153
247
240
278
516
104
1203
291
143
276
299
322
106
925
828
289
757
371
236
790
5
1170
75
91
134
1105
1036
241
8
271
180
622
715
86
1264
1281
924
386
1040
98
768
192
0
333
206
345
859
405
167
406
8
90
95
331
1287
293
75
566
658
121
98
62
302
258
277
198
41
751
920
73
1259
176
257
245
343
242
334
2
777
1384
49
146
807
1169
253
40
385
1367
247
267
242
323
583
346
1278
180
22
78
332
103
384
21
580
837
849
243
888
129
41
40
188
17
322
199
294
819
550
178
1360
383
875
209
555
256
400
874
380
276
143
791
297
17
307
509
474
560
33
1337
170
28
1152
1378
132
1217
1074
476
216
55
107
529
325
349
687
1127
206
224
405
110
368
395
104
225
911
279
330
90
406
330
232
15
1037
273
843
241
18
744
843
121
43
997
379
372
1176
27
194
1286
131
1250
1382
135
377
49
32
155
1375
223
244
411
207
107
79
30
227
584
1225
365
902
821
395
264
264
222
360
123
384
342
45
61
241
31
578
277
135
142
160
357
345
945
1018
1097
582
994
390
1294
154
11
275
149
552
609
986
151
358
130
1263
128
390
73
327
134
241
1167
377
192
11
377
271
1137
124
70
1060
1244
659
776
1076
1175
218
407
353
322
639
251
1202
167
118
281
107
161
913
378
697
158
282
1361
949
287
29
83
46
53
657
590
1097
643
349
52
226
264
1180
239
714
139
51
60
48
839
160
1122
330
110
138
10
123
1032
277
94
396
379
13
571
229
1009
679
369
146
775
5
207
448
298
344
681
286
1089
806
1340
15
96
299
206
220
1057
385
504
1204
346
938
1365
222
723
42
314
27
126
255
366
358
903
130
265
477
20
30
190
215
396
182
354
29
81
552
1028
211
407
349
29
221
1005
328
567
252
176
101
184
1
12
393
109
374
405
550
289
1402
1271
725
349
259
283
1315
303
1059
387
454
173
565
699
191
208
278
184
72
364
1398
90
365
1252
318
1299
108
648
130
78
214
224
150
51
30
159
258
111
270
1379
280
134
399
121
114
1059
1375
267
46
1076
90
243
204
440
1147
319
316
1314
561
165
1305
53
93
1397
370
223
160
100
270
1392
159
237
229
546
8
311
467
248
908
172
62
1176
53
373
1029
203
311
384
232
130
312
1012
380
264
401
777
558
380
652
1403
133
693
93
1014
186
166
84
224
952
257
343
1011
6
1022
314
258
169
418
144
80
45
1242
160
150
211
168
2
4
89
81
170
1021
199
47
393
317
22
522
1265
211
1
343
255
233
829
99
136
385
1178
343
519
295
17
1051
106
227
213
1204
378
382
540
231
953
81
733
213
91
35
10
0
391
1218
261
738
77
270
172
810
152
338
806
319
227
348
468
140
1333
163
339
685
735
326
207
598
802
32
279
921
1338
1384
357
1318
304
602
260
209
401
105
10
169
354
231
1093
797
365
56
152
1151
290
381
1140
298
377
684
217
750
108
242
20
112
1135
67
736
68
1153
198
384
317
67
275
136
233
685
750
328
55
5
219
467
114
1249
345
322
141
593
1266
1163
310
16
118
405
133
794
1381
443
291
533
932
238
173
73
980
246
129
74
232
367
117
194
108
181
109
161
145
66
395
23
245
188
38
286
277
1282
77
1226
317
541
1355
130
948
1257
866
102
163
1267
1154
72
1108
378
617
285
60
223
105
371
251
55
575
306
344
197
671
477
559
330
163
432
213
167
403
321
1248
327
276
344
297
184
187
761
379
672
185
1134
251
225
6
655
631
175
199
211
9
358
617
1014
155
126
229
203
762
1289
12
321
85
929
1083
1352
221
1340
590
1098
156
193
1117
676
368
834
299
372
246
1250
195
250
217
246
1252
1249
258
174
900
420
1287
202
206
1387
294
950
6
158
376
288
400
286
897
311
22
8
108
299
97
371
0
209
93
1190
1399
1198
191
85
300
169
136
27
458
1155
608
247
1
319
309
177
1114
332
372
187
143
240
556
1226
262
372
1240
203
1085
228
851
72
380
798
315
259
72
256
552
1231
188
155
99
20
319
1348
121
273
18
327
280
265
385
132
374
929
271
220
1343
117
76
203
365
280
200
61
199
82
782
138
300
1249
916
211
271
1387
135
980
130
48
177
74
836
290
293
645
389
221
215
132
383
321
157
365
284
325
42
1316
1276
203
896
184
126
129
83
115
3
43
298
304
1312
444
295
269
258
164
403
1152
9
1208
701
172
831
318
1226
827
912
1136
371
874
434
70
228
674
1228
198
1128
42
368
998
184
1168
274
101
387
127
160
799
565
272
33
312
370
123
304
341
265
396
1217
352
235
40
1160
179
50
111
142
857
21
169
341
313
56
1147
329
76
542
393
70
92
177
51
14
21
1197
26
186
238
218
185
22
134
537
1030
399
72
1244
968
693
97
31
320
923
207
43
162
36
1361
319
283
197
163
79
234
8
1057
159
464
36
256
390
394
359
250
38
1267
318
704
151
180
961
111
281
358
90
854
241
44
28
380
7
380
197
331
208
676
62
441
72
342
1183
124
269
382
262
1323
49
184
422
1153
390
500
394
363
1393
476
689
246
553
186
272
92
206
180
214
1070
44
970
121
360
567
204
43
353
551
174
177
194
747
229
639
116
367
48
79
1284
280
377
337
209
3
404
250
65
59
853
1063
1121
43
11
312
348
173
337
447
8
859
49
1128
846
732
153
897
89
67
368
136
939
733
399
26
396
73
393
24
37
255
237
32
254
1284
1281
100
30
1098
918
284
1185
561
376
324
57
299
165
315
919
89
347
103
1096
25
19
507
50
513
298
50
358
18
268
187
149
151
889
325
909
325
339
489
1347
283
1323
197
152
153
72
173
1334
114
385
1194
218
363
72
300
641
267
223
273
348
243
884
54
342
469
278
346
90
559
231
24
1111
191
305
362
86
365
251
120
88
358
35
361
530
244
300
407
74
41
151
325
313
739
395
1217
32
438
326
404
77
328
210
70
1165
141
411
1245
361
248
894
276
59
404
169
245
191
36
799
834
284
1257
747
1117
82
514
289
117
1012
114
642
386
21
1023
54
342
692
406
441
59
889
154
344
985
503
973
59
1030
130
91
330
334
288
739
106
146
786
1255
1367
274
609
88
1
181
251
12
281
894
389
250
154
46
688
379
146
374
174
200
40
156
91
296
13
282
254
336
565
52
607
378
1061
232
88
369
60
485
174
81
164
70
287
233
343
222
324
250
84
196
229
174
265
326
353
75
1272
23
157
688
108
1202
90
925
250
238
217
324
258
314
87
316
46
23
91
1066
191
283
365
103
949
402
295
23
837
357
573
70
890
612
278
1378
310
597
2
198
239
204
723
338
325
203
1014
685
24
241
177
158
268
84
988
4
886
137
290
1186
589
1152
7
183
332
50
48
407
36
180
240
389
12
1388
23
19
1083
96
235
270
985
36
392
428
107
778
345
1094
126
1193
655
320
273
312
230
54
237
361
325
103
230
33
107
219
496
964
405
902
684
163
461
196
202
175
161
37
303
324
811
944
214
417
861
377
336
116
1187
380
694
49
1154
33
123
137
189
320
1292
1356
164
260
321
209
372
10
1051
299
156
192
182
291
83
32
582
1010
165
964
331
1110
181
265
318
697
290
1326
771
383
28
396
127
197
157
13
442
365
305
382
340
271
440
671
648
623
1065
831
277
275
327
186
377
203
365
365
367
121
35
990
192
329
256
1166
211
335
47
264
294
1149
1076
873
100
260
310
175
86
111
956
340
836
181
130
266
212
70
315
119
190
923
13
136
144
879
362
302
413
98
635
246
270
194
1125
2
675
137
325
115
256
180
741
320
907
1344
167
622
201
1325
870
71
1014
92
130
61
180
778
730
342
56
237
41
382
2
307
315
114
394
392
14
353
702
1406
1084
1379
249
220
365
675
907
145
391
391
397
1047
120
44
795
1322
1015
1116
386
1328
376
257
41
57
183
1025
41
158
113
66
191
308
328
356
1239
184
189
36
256
801
78
189
116
362
183
318
62
7
762
136
1235
693
345
1215
1236
1140
384
166
240
62
381
229
20
111
282
388
4
300
551
1335
120
238
98
769
274
294
272
387
76
240
347
692
13
58
915
215
402
299
399
122
382
182
347
651
28
1006
225
1035
105
689
1210
100
765
136
235
1332
304
58
651
730
119
254
289
589
741
351
16
722
316
151
44
404
36
23
107
123
160
218
222
1072
974
311
751
708
189
14
267
54
278
359
15
260
1100
400
1045
830
798
101
1245
240
1178
224
286
1318
233
144
140
359
240
51
201
124
290
190
246
311
136
81
120
623
155
109
845
768
430
951
86
261
694
228
21
1120
179
397
150
309
38
330
31
300
267
680
369
366
406
349
366
253
327
152
91
118
232
659
397
927
171
251
357
163
102
1356
310
1266
120
1262
1187
324
163
213
387
53
58
154
319
1047
50
5
344
1013
162
196
227
827
324
402
590
593
171
851
346
223
197
548
72
360
393
301
302
1105
87
80
593
656
1396
361
474
567
829
173
227
400
264
1125
73
160
752
394
1169
53
1104
320
1260
58
164
404
205
232
349
176
103
1228
387
340
65
902
314
164
220
69
504
166
81
1213
322
2
28
803
1140
650
350
1012
192
281
284
164
1059
198
203
315
109
328
397
270
767
1232
338
238
92
492
10
354
850
8
1263
957
1088
28
526
516
199
1035
68
206
267
31
970
212
1129
472
130
136
96
1148
1153
207
18
21
101
1345
497
184
31
365
252
154
0
128
209
1187
564
84
306
324
267
186
962
298
1317
131
127
1370
1355
296
1111
341
107
175
245
171
242
270
1002
673
1209
263
1158
149
338
277
1382
70
81
75
181
262
205
177
749
1017
6
144
60
45
478
762
202
170
50
309
23
273
736
287
135
1383
1128
280
303
1288
381
1157
311
438
43
376
327
177
856
267
276
397
284
364
946
1209
731
40
400
76
887
466
1393
240
240
137
7
81
342
336
200
340
330
383
1395
370
307
589
1161
180
140
215
158
294
8
255
238
1326
209
199
802
203
777
173
1115
280
297
799
83
200
88
302
128
1185
89
404
107
339
48
327
330
8
883
1070
467
387
306
200
99
139
208
170
1080
102
338
31
300
280
1204
335
274
252
401
90
761
247
298
796
1254
329
315
233
139
36
355
599
749
533
1177
1336
7
328
762
1335
225
830
375
864
317
465
865
98
358
404
255
1406
208
93
1356
342
37
251
59
1000
140
450
324
339
281
204
94
111
1266
119
492
262
70
171
171
1103
245
10
303
215
140
120
211
351
696
1107
40
1331
1048
450
201
311
284
1167
1191
74
18
103
985
156
1021
230
17
137
406
852
1060
1301
637
349
1255
319
1239
322
84
184
855
378
821
139
262
198
1277
404
4
1190
540
643
542
102
129
328
248
205
167
374
666
858
298
265
61
183
649
330
13
1328
323
287
406
114
724
245
1264
174
687
40
860
245
282
335
934
163
1223
386
427
261
255
205
186
1309
191
68
1397
1107
228
351
1390
651
584
269
84
1355
396
130
285
579
166
634
11
1028
202
197
137
60
234
131
1341
358
424
303
1205
356
936
342
188
71
305
167
211
82
282
1177
418
44
1319
393
1046
812
186
11
330
365
156
142
1392
617
395
43
1327
120
139
276
204
328
104
294
978
571
319
1145
1044
174
930
324
319
246
290
459
211
242
1245
99
49
566
47
34
179
324
890
41
104
114
224
308
231
160
165
125
273
312
31
390
57
246
96
134
93
288
288
384
299
29
141
97
295
343
1292
153
961
106
391
38
321
1292
286
1278
341
85
72
67
55
86
401
206
361
228
1251
294
121
115
143
152
343
44
1226
118
1108
153
195
426
123
406
1016
10
1194
1288
342
210
1207
279
360
391
20
325
1356
1272
1141
229
28
669
142
1303
368
386
63
384
109
1402
114
140
1131
901
217
1366
424
332
346
1156
208
50
260
253
918
874
161
356
105
165
396
84
58
307
2
227
218
270
402
185
382
228
279
864
164
235
242
1203
293
389
218
272
171
619
397
40
1354
228
38
203
320
45
967
183
774
127
94
280
30
1109
321
1070
253
1189
347
1172
112
380
199
348
848
524
249
29
1112
272
362
183
19
636
746
180
48
31
1406
286
280
450
345
597
940
351
348
232
105
284
247
208
357
248
31
386
337
402
904
347
206
599
986
284
210
99
678
277
314
940
736
147
327
115
132
331
171
348
98
158
18
290
243
182
315
62
1395
1093
615
1031
135
514
470
33
54
908
246
64
242
1174
317
291
1270
292
772
187
110
194
340
355
524
33
146
167
271
323
236
335
283
1116
34
859
590
137
80
565
62
162
264
388
341
753
122
357
1375
393
230
674
257
185
246
261
401
377
463
170
322
10
14
202
246
1160
404
276
164
1080
251
228
361
204
400
7
648
59
393
130
1380
139
134
39
258
249
394
617
314
781
337
60
829
185
497
520
389
400
307
821
1201
369
936
230
264
338
237
1216
539
279
97
401
405
242
52
795
396
186
1336
640
479
110
57
437
367
689
206
577
848
733
271
28
1054
1330
399
34
1098
230
176
120
213
43
107
835
1345
390
128
1405
341
83
191
41
695
196
255
20
73
41
989
228
110
199
953
58
227
203
247
137
1184
301
105
6
15
368
151
24
161
318
1057
55
206
45
104
262
315
46
203
82
122
34
381
1274
272
397
337
335
1296
149
1256
523
274
250
319
371
192
421
76
103
797
402
31
102
294
712
283
125
10
1301
236
102
292
476
383
314
37
240
1103
1226
172
824
356
111
71
187
363
151
1073
3
363
305
244
116
300
93
278
1115
1327
206
45
1376
1106
9
140
750
651
262
718
136
146
107
304
100
249
190
616
785
565
297
1170
114
59
933
111
290
29
98
85
479
221
66
324
305
375
363
285
993
1184
323
203
364
1050
276
571
272
24
511
661
307
1196
2
154
169
261
244
389
284
1349
333
133
355
100
1377
71
397
376
163
157
197
295
908
923
189
1201
171
1318
316
96
227
1125
18
777
250
210
169
1169
654
856
547
354
936
107
400
134
362
181
807
240
402
5
321
136
343
31
499
373
736
289
1346
498
186
201
118
243
48
73
97
14
282
37
39
765
385
970
246
120
366
710
213
581
1064
68
1070
530
1220
63
101
838
148
11
192
317
19
16
1102
1283
605
161
530
125
977
1143
664
133
400
392
1228
5
69
372
1143
16
332
371
931
5
1317
82
707
1398
431
213
1302
186
319
396
19
232
65
111
1172
374
235
196
285
1219
1358
1366
987
67
382
108
206
112
119
218
401
75
167
200
879
386
1233
334
757
353
6
346
405
340
179
126
182
624
15
1212
142
391
203
763
818
538
754
1137
74
62
368
216
328
1178
821
299
47
1293
361
951
1029
818
455
277
347
317
35
212
145
172
390
392
1181
144
198
560
370
531
832
337
91
282
392
78
239
387
109
433
371
1221
0
24
118
292
163
2
166
275
59
441
37
161
1319
216
479
399
352
116
211
334
377
13
400
171
775
195
367
149
104
67
1365
315
229
560
607
183
361
404
845
1007
905
303
169
240
107
388
735
260
313
905
868
499
37
1324
161
106
156
168
1079
361
1277
64
1338
1214
321
216
376
101
978
321
1105
233
157
212
86
193
306
1219
1195
990
400
780
1406
1361
283
239
96
1399
96
141
81
926
405
649
1381
407
43
352
363
68
246
34
810
416
785
96
147
475
139
158
1004
77
1094
312
985
49
1244
94
1379
441
3
281
194
933
400
45
308
269
205
127
382
4
108
111
295
77
234
1404
193
591
215
252
81
187
43
307
28
946
224
1008
370
1129
804
117
277
174
101
230
240
482
804
414
793
70
125
55
393
8
291
40
272
237
158
78
51
302
1038
61
112
989
262
694
510
542
788
897
336
72
109
233
64
1252
251
965
1189
930
912
1058
1183
528
1186
251
1240
316
207
276
338
247
1032
40
229
153
1055
840
1279
25
1194
1020
139
324
351
793
309
323
376
563
266
279
279
114
306
182
368
255
1255
309
387
117
869
5
1208
370
850
112
227
21
765
834
47
367
1064
818
1005
108
47
120
196
305
1224
246
207
229
98
1113
388
641
144
175
185
306
261
273
311
587
624
440
89
165
255
32
947
233
77
81
108
346
205
731
214
398
766
1159
955
27
119
363
431
1107
73
292
202
482
1354
10
61
340
142
9
25
402
1301
100
1349
11
322
1338
47
629
384
595
239
403
84
401
1241
13
96
313
1217
29
995
33
214
982
43
41
385
61
397
1084
293
162
1385
70
1030
365
328
301
652
275
215
897
1223
232
1180
141
1361
323
45
46
1297
1351
614
689
1196
1342
497
262
284
494
37
393
235
1285
313
885
270
310
127
33
59
1324
347
53
1061
180
260
195
45
261
199
1336
344
8
177
593
5
1217
1323
729
301
366
1253
335
19
1069
605
122
980
143
342
135
286
177
1268
606
1162
1136
1108
10
243
362
102
623
301
177
852
140
393
144
354
937
398
1149
86
207
1087
288
71
1292
1017
296
71
342
187
1362
74
565
973
115
389
155
171
482
674
357
434
681
201
1256
223
107
270
342
148
677
663
33
260
374
100
252
668
176
143
215
658
63
260
233
1207
894
119
757
102
735
98
455
348
921
62
22
176
57
198
273
42
148
17
316
269
864
295
882
294
1392
104
482
764
527
170
867
32
1041
1354
881
660
383
167
64
1238
289
1323
349
1307
131
387
290
422
138
220
57
216
286
166
1045
87
200
162
878
689
1250
1213
331
303
19
845
1359
581
202
0
174
182
256
354
15
121
384
13
345
328
1320
391
791
1262
47
250
1406
150
311
189
396
184
1010
21
216
213
1173
336
374
208
1145
430
290
1020
375
224
273
370
162
347
205
370
190
235
47
334
92
1162
101
788
101
336
35
386
196
66
1323
226
311
1301
135
341
428
1273
3
169
782
152
118
189
1278
102
335
98
4
64
57
1393
437
111
1353
1057
380
452
28
231
35
43
1060
1237
232
1154
650
310
379
344
378
309
68
384
1035
11
335
1061
126
80
33
469
20
823
1265
24
275
124
1346
272
983
110
1205
361
578
759
33
359
22
208
325
356
279
528
338
1361
491
84
1243
377
67
301
69
75
281
335
281
87
138
6
543
133
1283
136
163
323
534
191
146
1373
300
270
402
28
273
361
375
386
1388
191
50
394
902
257
106
58
184
98
61
89
407
286
180
3
361
269
20
154
631
534
50
244
339
214
100
370
297
281
84
204
327
397
125
119
214
307
326
433
888
231
876
353
18
93
89
329
201
252
57
325
302
52
633
1268
580
41
281
907
310
119
369
311
171
13
324
161
92
916
129
201
346
191
1271
253
66
1019
758
920
186
517
906
278
115
248
105
260
1183
30
225
1098
1233
132
125
226
218
1128
343
208
120
324
1172
265
110
314
365
150
40
79
162
1320
341
274
574
131
381
363
768
4
787
270
190
61
506
248
641
406
41
22
405
75
545
394
207
202
1219
399
519
3
516
106
150
184
82
25
302
388
469
101
158
430
1113
265
13
164
944
362
92
210
467
1094
383
587
15
47
298
132
1369
343
253
269
29
195
1217
105
184
362
618
370
691
637
661
520
624
182
777
97
1132
675
111
1159
53
577
100
383
132
283
252
46
1298
242
166
196
212
140
28
314
112
295
257
1309
206
268
723
938
1226
118
88
402
678
386
362
101
426
207
405
328
198
397
1205
97
1132
295
507
423
344
666
326
100
353
22
188
252
71
217
8
21
220
81
163
1383
637
896
189
1187
640
7
66
406
269
38
87
1052
343
159
339
287
458
48
953
831
348
175
98
440
637
14
1101
25
129
734
249
657
306
629
127
650
424
210
658
168
947
381
272
920
301
1097
135
515
1074
44
251
538
201
1139
92
177
441
96
106
278
408
100
6
95
89
78
74
51
69
4
82
85
96
32
58
72
40
54
21
82
24
71
1
70
68
71
10
54
9
55
98
76
55
69
91
59
14
43
57
7
4
88
95
71
80
87
33
8
92
90
77
79
81
90
50
14
57
74
55
99
74
26
25
66
94
91
55
90
0
96
99
32
53
19
53
85
4
42
65
10
51
62
26
85
78
95
86
21
83
94
2
62
81
4
94
16
27
46
14
12
33
2
68
63
68
26
75
62
79
8
29
89
66
90
24
23
24
79
95
31
30
8
51
75
73
34
58
26
85
60
5
24
52
21
53
26
79
11
84
46
13
79
50
54
37
7
80
69
17
2
17
68
41
39
90
88
99
59
88
64
18
96
70
6
9
29
78
90
52
8
94
38
14
12
51
10
52
64
84
36
51
15
9
44
93
50
32
91
29
60
17
94
80
51
42
3
12
77
2
86
4
92
1285
false
false
false
false
false
false
false
false
false
false
false
false
false
false
false
false
false
false
false
false
false
false
false
false
false
false
false
false
false
false
false
false
false
false
false
false
false
false
false
false
false
false
false
false
false
false
false
false
false
false
false
false
false
false
false
false
false
false
false
false
false
false
false
false
false
false
false
false
false
false
false
false
false
false
false
false
false
false
false
false
false
false
false
false
false
false
false
false
false
false
false
false
false
false
false
false
false
false
false
false
