100
798
142
484
243
1027
10
164
385
311
315
306
340
241
250
78
266
63
313
318
164
529
15
125
1184
236
370
614
553
353
515
453
202
168
1204
193
413
444
383
1258
445
374
214
116
1286
1141
1455
33
43
821
32
76
484
917
186
217
511
1408
553
1412
187
344
287
186
119
359
826
1181
1292
434
435
467
338
146
115
423
570
197
313
804
176
850
167
435
806
436
274
252
979
227
185
297
443
385
89
1290
1431
24
1103
767
258
805
61
455
1091
161
217
149
283
195
994
210
161
715
1098
131
603
140
564
284
924
399
462
475
27
160
287
425
300
73
1260
20
275
1061
507
66
298
989
402
593
630
1185
1400
27
157
287
55
221
320
399
1414
1165
234
1368
1145
435
782
371
405
335
279
327
129
230
450
31
430
236
129
338
16
981
845
361
307
413
306
73
434
813
357
364
153
118
411
340
413
259
154
383
1450
173
848
252
1361
34
277
317
299
1073
37
111
317
525
870
472
605
125
936
241
38
415
397
351
203
71
120
438
831
1389
338
220
270
333
129
341
107
379
302
1345
883
316
512
250
1178
351
1464
396
129
627
925
18
25
13
86
216
1343
434
67
390
125
70
164
100
169
621
1475
171
1100
21
201
83
125
265
252
1453
479
31
227
193
703
463
640
127
1152
1102
45
1327
1229
961
116
214
82
814
482
926
315
969
1088
567
144
399
232
1095
1255
392
305
140
34
248
399
992
1429
175
711
935
399
1334
790
400
151
134
164
69
259
965
106
713
362
429
306
367
242
172
404
447
404
458
154
78
203
46
288
81
40
14
246
1214
342
1163
1387
680
355
221
245
441
424
1407
440
1339
445
362
105
241
333
9
379
414
191
891
433
815
48
215
175
120
898
96
370
115
165
87
156
713
113
769
423
308
70
22
1351
1179
396
346
111
233
334
823
8
222
60
585
118
247
454
488
264
437
327
279
564
441
712
172
481
451
50
311
796
555
1014
277
345
194
183
1267
847
19
122
40
11
45
327
82
47
449
29
91
269
1120
303
573
114
188
412
211
177
1263
472
1084
1472
187
30
412
1480
870
179
896
285
367
343
127
297
112
128
64
150
347
457
626
30
143
1185
108
296
261
361
678
402
457
1317
58
12
384
124
811
1051
1024
272
415
307
256
250
845
163
483
721
220
410
119
1181
487
1087
405
1041
485
144
71
457
68
1346
279
335
1328
1304
481
57
474
1142
977
30
112
244
18
60
60
214
90
33
106
159
1107
465
337
239
73
119
302
1395
279
254
129
289
75
365
1022
396
229
179
474
373
1416
299
607
1096
465
1459
919
883
549
300
400
406
501
25
126
118
122
238
610
462
320
225
615
642
97
459
383
339
242
16
287
430
197
421
346
1395
258
365
943
424
1139
384
139
75
777
482
100
445
448
63
153
143
978
382
404
631
10
1241
1443
1219
13
15
287
225
190
179
1210
359
463
222
40
510
58
739
301
477
218
79
909
1486
60
634
724
252
36
1213
218
526
424
200
363
278
1307
70
475
159
77
27
249
466
76
0
398
252
228
199
178
391
569
424
871
942
837
61
558
226
9
1223
426
22
107
142
1144
140
81
403
1285
484
338
431
121
1323
43
259
258
686
1112
121
134
1236
771
387
1357
136
397
160
178
111
1119
325
476
775
378
1061
975
377
1137
162
287
196
207
296
1139
1266
417
444
1406
787
364
41
421
326
458
322
475
255
397
256
466
261
1015
105
288
135
163
391
180
265
726
373
59
48
179
148
413
481
1082
401
380
194
416
767
526
317
279
342
91
347
444
1142
400
54
236
1223
186
468
250
300
147
565
361
97
325
266
352
1011
305
311
1418
226
483
240
400
66
89
1455
388
322
1408
420
228
102
320
457
1215
15
150
984
377
388
152
746
3
350
917
95
594
61
773
40
434
12
383
827
232
1360
329
86
1324
1478
242
198
469
272
186
60
469
130
467
45
794
48
987
203
323
4
370
902
70
154
79
434
712
177
374
68
18
337
1236
264
193
544
1233
285
1334
1349
214
1223
246
47
296
180
624
551
923
410
940
49
27
172
366
614
1249
1213
293
59
218
1104
951
941
923
108
665
29
330
301
343
437
39
223
103
40
356
272
875
16
730
990
62
12
365
855
10
1286
366
955
296
6
549
1316
183
716
249
970
84
73
400
123
1258
1348
453
85
380
347
221
1196
197
597
214
1327
317
263
6
625
1214
413
1159
687
600
268
602
1225
414
147
363
152
168
172
1377
391
194
226
268
1081
614
129
282
304
113
331
439
138
172
1174
969
708
71
431
1197
211
924
122
947
58
249
988
458
397
200
354
234
215
25
94
459
1061
671
704
471
409
221
1176
333
375
1403
454
1183
808
1001
147
38
79
143
30
88
325
502
69
416
393
256
317
152
390
303
1346
170
409
125
496
797
393
935
455
333
722
232
31
146
382
274
298
787
188
499
170
104
488
339
211
1138
134
1262
196
193
230
940
26
1187
350
170
1367
1012
53
355
132
314
403
823
47
213
176
86
851
267
324
678
31
229
1354
337
260
403
176
324
258
910
341
608
744
262
369
1240
44
473
261
1121
327
244
438
56
244
1295
972
255
255
1298
185
399
177
113
59
906
66
341
797
71
40
350
203
228
392
434
1188
346
21
129
227
8
468
424
1018
202
98
238
227
1112
1418
361
473
112
116
20
5
139
519
107
516
521
712
578
193
70
507
297
225
148
402
435
601
402
375
523
519
997
700
470
75
243
245
427
62
367
1020
234
72
555
442
52
351
130
273
170
101
1160
273
1409
29
1316
136
1267
347
503
973
611
241
325
212
122
320
845
363
1280
225
410
315
462
440
901
875
269
4
1169
1465
854
373
194
201
246
1154
71
29
259
774
4
622
312
134
405
532
566
434
652
461
350
492
892
746
292
1148
291
200
1286
370
476
0
202
1271
143
119
470
510
489
167
151
176
463
440
439
41
1471
891
68
1083
377
1423
192
475
47
363
368
596
155
739
250
377
889
1
1426
773
321
417
612
71
432
90
59
399
828
415
272
1126
881
387
255
396
291
144
102
37
509
292
133
400
125
56
70
355
8
32
26
326
1014
255
728
1030
174
1274
393
877
253
900
337
467
1333
678
1
537
369
203
114
92
1264
568
1175
241
641
744
1233
326
477
1321
575
196
467
695
49
1385
659
483
6
79
350
127
472
121
419
436
197
554
41
784
363
422
378
355
424
13
483
411
450
437
290
139
779
630
250
438
393
866
436
298
385
353
456
220
146
52
294
169
398
398
474
326
253
293
96
123
340
140
258
1089
470
252
342
253
28
1224
799
876
101
4
443
566
297
695
131
152
53
488
186
1344
159
5
101
1320
150
1345
88
206
211
340
259
295
1405
179
92
377
27
90
268
201
260
706
538
220
484
1162
483
179
401
141
211
1289
422
247
353
83
284
357
61
210
1114
1439
991
223
475
192
423
651
452
342
1011
143
535
136
1076
212
337
3
79
213
433
401
374
434
947
222
289
476
1075
1385
65
302
749
300
752
469
55
773
483
243
463
8
153
488
110
240
59
1249
286
1098
409
488
1041
569
795
674
70
308
484
371
258
89
68
716
110
291
7
602
271
331
207
374
286
489
880
835
215
190
365
293
482
489
409
430
159
121
44
356
391
36
324
765
1445
344
502
112
374
1388
336
463
85
96
361
873
565
143
310
387
1414
135
270
387
667
672
375
227
445
107
391
348
267
194
325
1
334
316
157
111
221
274
66
206
279
173
314
1054
181
268
288
361
1259
318
396
517
84
430
298
418
271
1064
263
988
1360
410
362
351
74
449
462
463
143
135
175
1020
1385
370
42
407
1276
488
50
141
338
469
914
292
390
110
302
1480
211
336
200
218
418
451
439
292
163
367
71
62
24
433
434
1332
360
572
163
43
482
335
780
292
64
534
264
1003
38
636
193
206
422
307
346
343
1172
329
98
47
859
418
36
1136
286
88
1366
918
196
490
397
480
368
936
836
120
129
1186
728
1209
1146
488
121
860
207
171
251
268
344
1076
123
1443
394
1291
995
319
380
1186
1074
453
155
177
472
350
122
438
262
324
1329
61
68
1214
328
391
88
1327
401
582
205
720
290
754
404
401
180
44
54
308
1090
2
70
42
28
27
385
85
374
454
1318
1146
919
317
1159
90
314
1299
163
460
380
30
1439
208
64
391
970
387
352
1247
400
1041
414
297
396
140
575
456
180
661
1078
240
689
455
91
652
247
1173
40
390
248
11
1007
236
431
26
242
71
168
342
1098
263
792
568
87
150
1426
241
954
380
139
87
427
307
98
192
819
845
1206
69
122
207
971
307
506
745
1289
87
294
395
143
187
270
28
19
144
313
631
190
1041
389
675
622
1243
475
23
976
58
405
1354
37
309
19
164
275
79
1398
306
194
481
387
298
103
814
902
198
1309
49
468
15
648
1198
342
319
460
51
104
882
445
337
200
221
326
45
803
392
288
87
165
857
748
301
122
213
1277
322
319
133
735
1319
466
34
1
56
884
921
21
974
1408
639
1272
145
294
1485
155
385
338
1122
440
443
820
179
451
1303
1118
436
135
186
81
475
1483
1434
165
214
70
1409
63
1343
107
470
217
1284
195
306
1325
521
326
1439
1053
61
789
332
952
152
485
437
217
1260
427
52
424
431
111
348
122
1094
120
960
627
1267
361
185
280
369
459
208
303
443
897
469
20
225
483
240
296
761
608
363
244
6
1178
220
113
149
8
66
607
104
1159
1081
53
1396
491
101
31
209
306
181
48
431
179
62
223
54
345
511
250
292
425
147
429
402
1394
77
358
381
1004
304
180
370
158
272
25
294
887
929
379
335
1202
272
159
369
354
154
14
80
667
281
382
455
944
106
385
321
351
1263
1135
404
33
434
404
832
365
484
775
405
1021
1185
174
73
333
143
192
896
430
522
384
481
373
1423
1344
288
1128
104
328
384
1310
602
234
358
1128
433
1487
158
71
381
281
97
407
73
459
91
253
294
92
149
184
470
197
1008
426
463
68
733
129
387
352
292
134
67
85
415
393
45
589
789
44
419
419
986
481
1264
159
235
203
260
1103
62
1130
220
307
47
1104
405
881
35
1468
1350
73
760
429
132
1129
29
422
952
32
149
90
688
1300
141
434
411
63
474
109
177
598
109
120
244
19
440
145
148
343
76
1146
431
93
456
1392
519
1100
1178
281
348
852
276
283
1020
1160
236
755
634
470
1257
39
413
246
761
318
910
1105
1301
527
88
440
1352
296
176
579
9
150
178
224
31
450
70
340
383
247
36
773
1425
563
188
284
280
360
1444
484
370
520
439
401
270
120
793
30
540
485
143
147
319
463
93
198
454
929
330
126
340
995
1478
20
93
926
476
457
71
432
461
66
224
171
161
103
136
131
729
139
290
1335
1094
293
51
434
301
1464
867
605
362
28
109
457
224
17
18
357
1316
437
1347
469
576
394
1161
887
1120
1229
85
112
524
1384
561
146
274
481
395
416
198
356
1299
714
1004
443
238
1349
387
88
502
906
96
41
380
339
213
1406
10
1098
478
109
896
671
651
18
74
316
81
1356
389
1456
214
104
462
1482
420
351
475
1451
1089
375
53
828
236
48
400
218
1369
18
955
301
1464
810
407
465
764
1251
436
672
985
466
29
254
214
404
176
1252
81
124
305
22
1080
630
164
43
98
976
313
981
0
1046
366
418
730
242
128
1464
729
664
327
161
1056
445
417
290
1006
127
1489
112
303
464
1078
422
778
372
297
245
345
941
370
348
464
65
208
1023
116
413
417
1482
101
14
139
249
319
316
838
1462
88
203
821
726
378
85
13
333
64
335
28
1332
91
10
123
175
461
1439
632
76
61
204
1228
849
99
361
1466
180
44
347
130
636
164
122
209
354
217
118
258
371
236
341
983
68
264
1083
6
958
1439
412
230
427
1324
103
38
213
347
31
1198
211
849
1006
289
458
204
751
273
243
1446
277
840
854
1004
549
188
376
360
286
413
228
1228
801
998
451
1387
138
1405
109
391
163
928
756
357
383
1354
109
473
755
929
359
505
186
306
401
324
35
462
1072
379
217
674
171
181
452
438
380
86
29
355
901
143
69
384
363
460
174
117
489
1001
126
208
170
210
1364
181
368
300
1417
281
142
444
412
266
477
126
39
455
430
375
29
440
211
662
555
222
294
970
88
58
384
630
50
124
693
475
459
200
320
311
1047
290
256
883
576
115
729
1127
194
340
292
205
134
461
318
977
181
457
743
1211
203
1103
1343
379
763
47
1311
157
347
1093
473
417
468
235
315
274
189
302
299
5
806
1029
286
107
280
612
130
894
376
331
347
659
189
694
66
458
462
85
380
356
538
161
571
356
120
461
393
348
559
753
1015
1398
391
130
394
497
200
1323
453
463
1198
344
478
531
452
108
319
79
402
362
453
1488
498
85
358
297
179
119
280
1235
383
1289
91
152
897
784
252
249
66
327
1379
175
359
454
400
365
96
1
1426
84
1396
193
117
526
294
475
860
1052
453
304
305
449
169
1411
429
833
92
249
950
162
462
596
380
280
408
641
158
117
256
415
138
119
769
72
544
334
1102
548
1434
223
648
12
1142
782
213
386
814
864
424
145
235
748
428
314
31
126
119
347
130
1308
1303
251
939
639
117
135
614
390
152
227
446
857
1
779
1213
131
607
324
460
13
14
100
1137
1091
332
409
488
210
158
13
232
238
453
1393
233
930
525
227
255
466
129
395
278
411
392
271
428
272
1322
339
953
242
44
5
1286
417
142
781
269
762
105
488
184
859
715
81
330
332
956
1312
291
426
109
556
248
479
103
220
1417
481
832
237
238
44
433
486
45
57
449
420
427
279
496
333
1358
259
112
337
1098
478
1434
56
303
441
138
96
435
192
273
184
338
610
421
268
988
1112
199
195
314
1035
745
1017
592
620
489
280
187
408
904
367
222
36
148
223
545
1323
164
27
179
19
404
1458
148
213
505
492
907
18
293
935
411
113
80
1169
812
1014
855
314
407
122
89
1430
792
1078
181
675
625
464
51
389
70
318
412
1108
421
39
178
380
281
382
50
213
350
242
295
225
217
1155
124
209
976
124
104
250
61
222
749
329
1275
801
452
338
15
1000
1187
852
1475
392
49
1000
612
796
159
145
533
142
458
1131
113
1083
126
1396
1309
489
59
93
471
256
1044
151
281
4
395
809
509
184
239
265
209
431
558
28
263
315
176
15
192
475
339
1422
1419
430
468
81
342
430
214
345
459
431
1483
1301
1350
1091
164
824
428
1463
467
187
1481
694
661
385
565
420
707
1233
420
1053
442
166
9
296
360
106
335
261
294
71
348
105
446
48
129
1206
56
335
64
963
21
160
153
1074
753
99
883
485
430
280
608
382
1208
366
801
966
318
275
376
153
739
415
1223
108
435
348
1393
353
615
1379
405
316
129
224
1392
718
18
86
218
472
263
13
823
554
491
306
162
1330
1039
1176
302
367
1437
555
52
725
461
99
766
187
593
382
1334
462
1164
385
646
333
302
38
398
1192
1268
90
73
68
299
338
1216
1026
347
244
253
87
794
366
1442
272
282
295
105
394
1374
1378
108
207
1236
284
45
475
54
1464
138
265
448
933
525
676
365
454
445
821
181
1469
1255
28
884
214
318
173
476
308
358
68
1424
951
369
1473
893
690
61
224
311
388
352
809
179
863
128
278
152
262
1183
90
166
337
1074
215
610
641
453
854
245
459
236
260
718
805
1009
23
163
450
1446
180
79
622
3
80
911
1398
242
835
304
311
282
226
287
111
360
360
354
133
4
381
1167
652
145
446
54
419
389
1419
344
1464
285
283
1339
389
373
455
479
146
454
231
15
27
317
408
506
335
308
673
178
146
308
179
983
485
1022
104
1438
281
527
1117
47
389
1446
1201
466
336
1230
1106
113
779
277
438
137
788
234
1319
859
130
140
457
240
295
1111
116
1247
59
776
238
451
311
1395
158
1080
93
487
151
228
277
764
1009
523
254
374
483
983
70
331
73
350
899
974
868
723
406
197
176
159
290
476
318
163
906
43
188
162
848
1262
469
404
1431
5
1002
1383
485
48
278
228
48
85
209
235
427
275
224
645
411
343
1271
31
328
1250
253
204
182
198
145
335
67
998
1127
79
481
52
191
482
360
101
1452
378
786
466
24
351
124
1437
972
588
143
695
1022
328
761
420
343
34
443
342
707
72
208
113
482
670
531
741
423
200
1364
426
140
633
400
1206
77
504
1374
430
170
59
202
247
751
284
119
532
23
995
929
721
748
50
21
359
132
175
1183
1164
236
1389
360
342
57
246
65
865
4
0
85
700
314
1254
430
279
1020
553
259
1192
1047
674
262
206
11
1296
1328
239
1357
596
779
505
13
92
1110
115
939
311
1170
465
314
355
475
117
164
111
863
1277
166
154
657
88
846
311
467
220
114
1417
119
430
329
1073
195
781
60
4
452
2
242
454
430
147
929
917
41
204
206
136
11
38
1191
401
285
1111
169
112
236
11
295
131
215
931
589
594
128
452
727
355
272
1092
456
455
998
1057
158
245
729
163
91
1179
733
138
557
330
1142
145
491
363
87
111
19
443
1076
283
489
567
196
398
352
474
49
418
1377
447
147
1341
111
461
1185
21
257
1202
321
755
238
267
1368
316
1079
313
455
252
706
1128
1051
1005
1281
251
1281
184
385
1366
514
1373
123
126
1037
142
868
1252
678
204
682
670
309
222
100
212
121
23
465
430
230
297
1022
1002
694
267
1357
282
75
188
559
463
325
89
841
198
81
194
221
870
264
9
434
258
484
195
312
110
995
392
388
562
740
347
1245
124
334
984
1009
1008
710
770
232
389
522
1183
222
412
357
567
108
117
1271
119
16
1313
718
792
748
215
378
403
385
348
421
202
424
403
1012
464
456
390
1267
140
540
1158
70
193
355
893
303
627
350
329
461
231
44
1393
35
371
346
41
1395
990
106
1486
408
264
271
666
719
275
814
1160
297
382
1139
684
1319
454
1282
23
116
1094
323
510
1028
1070
466
629
857
77
405
235
1318
1006
1274
498
1397
428
118
398
1119
392
256
216
315
285
331
198
1365
370
308
340
366
1031
339
297
194
1112
343
443
22
484
447
165
935
137
64
152
16
1232
255
323
430
299
776
280
879
527
161
728
144
79
65
204
345
468
144
270
92
262
455
76
414
1338
192
483
207
1075
335
830
435
1118
1352
1179
1486
338
359
1294
404
410
438
92
419
1061
100
406
486
426
371
447
301
443
102
472
304
212
20
25
468
287
366
783
312
218
1474
630
629
1204
440
1273
160
387
1367
1476
54
40
111
33
109
153
12
220
430
1347
458
281
1077
269
487
1341
126
1488
411
467
190
469
807
37
833
345
296
373
151
660
60
386
681
473
1318
203
73
944
1019
80
385
475
435
1423
124
37
384
1272
1485
360
195
470
347
135
277
392
119
180
339
260
308
1103
280
251
177
76
709
422
711
280
97
321
935
390
266
138
115
211
329
256
399
167
1155
437
63
302
883
440
489
726
299
207
279
402
797
687
1341
187
1444
721
88
958
228
377
346
729
993
493
1131
1434
368
213
71
63
1197
206
29
441
175
470
399
12
426
88
1366
559
1334
196
687
289
906
438
340
229
998
303
1351
1298
276
1402
133
272
818
1088
377
383
422
1039
251
436
119
92
172
170
372
1235
92
248
229
415
403
718
485
1427
331
87
247
117
156
343
464
203
1427
1244
279
143
439
136
71
1024
361
237
115
402
464
500
317
1470
355
138
393
30
487
94
1443
398
475
1411
1007
451
483
280
187
342
66
221
479
1478
408
384
83
181
111
456
1287
230
17
84
114
782
196
132
953
191
292
113
274
120
396
280
1028
1117
604
1369
1111
236
257
310
100
461
338
811
128
333
99
171
276
72
235
1050
579
427
444
153
324
994
939
195
339
223
295
1374
65
413
587
394
20
155
1451
803
1048
58
149
204
523
876
464
14
1472
36
1340
195
230
403
480
109
20
506
246
1385
410
1137
432
104
1161
127
1063
270
256
181
347
764
484
887
449
999
55
350
282
710
54
269
135
1457
402
334
201
1187
203
449
455
217
739
1200
925
421
231
490
58
215
506
339
1277
69
356
231
90
468
1269
402
297
9
380
107
133
270
949
410
40
990
445
267
129
135
414
116
60
174
147
332
750
73
1390
537
548
486
158
487
747
659
132
168
396
317
437
54
225
415
169
40
53
382
130
553
560
374
467
468
333
60
280
635
132
77
730
45
197
563
321
430
390
27
346
408
267
369
364
245
451
1003
446
624
364
1484
54
152
106
244
1487
390
1265
671
108
468
626
451
359
423
1198
1237
195
348
1283
102
116
404
420
169
406
318
74
470
559
297
392
277
288
1184
29
385
345
1217
113
462
374
379
1471
311
510
775
192
292
1472
970
285
378
733
298
1384
133
149
443
288
404
1096
97
247
1011
262
1112
242
369
431
293
79
374
394
602
1074
43
191
458
144
158
252
23
262
401
347
469
306
363
874
472
529
203
289
111
107
216
72
307
425
386
24
430
848
837
474
218
54
1145
154
422
144
74
301
193
168
393
1004
91
710
612
1266
369
50
468
680
332
1042
389
367
15
432
565
159
88
139
442
1134
171
1063
120
413
11
350
70
240
409
7
357
18
208
369
1070
1156
417
453
14
1223
269
255
608
147
232
470
116
1096
175
412
456
200
1154
219
660
479
390
1109
404
283
138
55
219
1087
185
142
1279
1049
570
764
233
1413
445
496
835
912
156
456
1297
1
54
435
52
85
442
138
709
195
478
75
598
1068
133
1279
914
1043
754
391
178
22
984
82
135
352
604
375
901
106
269
248
1479
1225
293
323
101
345
958
78
328
452
189
26
351
152
509
161
412
1095
383
239
415
143
320
466
445
9
144
446
362
1464
60
586
68
246
302
468
15
688
724
68
1141
289
1183
47
153
325
1458
35
72
1041
294
735
158
24
1100
134
221
1378
61
419
24
4
215
856
783
1422
1183
260
71
26
194
732
284
410
918
668
394
921
751
156
177
207
971
98
399
282
400
217
357
320
272
1169
49
304
1118
335
963
371
1381
99
126
26
282
296
973
1352
451
329
1252
1310
424
1488
178
1476
1231
741
468
723
960
572
4
244
514
1142
1343
163
1151
378
253
1304
262
346
1148
78
390
447
406
1353
961
44
243
518
1450
1299
359
446
8
222
141
273
1254
1347
112
61
221
489
759
427
1104
131
451
827
302
349
1352
48
1293
847
854
390
82
373
480
470
93
27
238
423
1138
205
5
1182
239
487
236
503
359
300
207
133
304
306
89
542
43
1168
307
391
235
282
216
451
342
1317
357
234
301
1480
243
47
468
748
1273
420
471
1353
449
322
947
148
283
32
134
38
599
470
23
960
788
261
416
36
393
1192
182
2
219
238
368
185
190
284
108
462
736
1310
98
460
260
412
289
894
247
597
77
125
677
849
901
107
196
410
328
477
955
385
1320
162
30
407
320
906
207
1451
472
621
446
426
1129
1204
1
41
523
357
324
327
15
277
1102
355
707
385
211
86
195
137
545
246
140
254
145
29
426
479
785
254
1290
572
206
1226
122
1221
1146
341
737
89
388
65
467
400
422
340
82
326
874
161
20
471
497
1030
861
1160
227
100
16
173
182
1289
1274
190
804
77
127
355
827
17
265
730
703
357
179
289
493
1430
248
1090
112
223
439
116
7
1057
271
518
307
704
124
28
24
1003
61
837
981
75
830
1486
428
177
182
62
402
405
345
4
248
261
139
483
79
995
171
847
70
427
8
972
390
161
469
2
458
1244
959
27
353
232
289
464
168
79
228
1415
1147
1244
260
101
275
384
1029
734
476
144
1332
46
234
1333
162
448
346
494
465
151
342
390
508
274
285
212
257
432
219
260
205
265
1138
358
228
1131
470
429
92
268
108
1307
516
1194
485
353
1031
861
75
1013
238
263
1036
467
917
398
90
81
88
1262
223
12
42
319
121
345
637
449
1213
518
55
1382
352
242
19
70
1257
223
1268
999
113
984
980
1239
236
993
166
291
459
262
1308
1478
355
661
57
419
114
203
254
665
134
460
272
406
401
136
31
658
138
129
475
260
75
1198
33
1143
329
117
301
264
834
248
188
333
462
121
450
23
276
29
36
725
1454
337
737
459
763
77
435
1413
397
1009
302
156
10
127
486
359
37
1371
528
181
413
1472
446
199
330
93
235
432
329
657
35
393
585
155
780
1143
317
298
463
1110
380
1278
477
406
936
357
473
322
102
295
433
306
770
158
466
1036
57
383
1419
104
127
237
179
142
327
768
394
283
174
339
931
979
59
78
407
1426
65
424
356
34
139
362
1199
324
1451
323
164
896
393
317
690
1337
109
832
444
283
283
459
169
787
138
28
173
386
227
469
452
642
648
740
467
193
205
128
446
109
1418
85
359
241
39
487
86
93
103
275
431
406
221
248
967
189
608
903
44
316
1414
13
266
449
199
403
61
159
184
339
336
963
1136
120
221
162
234
353
299
141
401
246
231
479
1189
105
366
9
171
474
22
175
40
553
398
125
1208
418
468
444
174
145
58
474
488
141
1334
214
10
304
49
95
179
286
1326
347
229
193
1018
1005
552
450
291
183
386
841
318
128
51
502
798
265
435
1148
26
1094
395
98
1470
940
1235
430
469
337
339
296
362
488
57
460
224
350
1425
545
438
9
207
55
184
4
1336
1117
110
174
172
145
968
332
483
877
911
438
1106
147
1325
926
611
1162
870
1390
66
478
332
246
227
789
485
67
405
832
444
125
502
364
322
1091
378
96
678
368
515
172
466
107
439
1172
7
397
452
1358
306
791
210
361
643
401
1061
470
222
368
25
886
470
1440
713
208
1350
237
455
369
280
36
543
41
1049
257
38
345
290
26
489
118
254
74
745
343
139
333
872
53
641
1041
1464
227
280
831
179
268
416
422
967
13
319
1227
18
361
416
182
48
230
188
180
225
1486
184
251
68
1354
291
405
347
352
172
589
606
397
449
1112
699
403
1086
118
197
652
381
1351
98
296
532
203
213
68
299
268
230
1451
470
1338
533
937
172
209
896
1381
1091
464
152
294
474
194
1081
55
919
873
395
630
800
124
1080
389
1013
368
46
98
66
316
1483
381
1307
1288
44
229
31
201
412
283
47
612
459
219
232
117
395
39
1343
471
1327
211
205
130
477
814
1007
241
32
542
70
372
316
726
238
634
1177
175
204
124
1226
348
178
341
494
1406
387
1041
1343
100
600
267
241
415
184
69
1176
906
320
91
158
134
399
28
688
326
596
487
126
477
57
108
716
810
824
1479
1261
179
182
814
584
475
169
113
250
55
31
674
47
454
1050
77
184
84
406
644
145
590
205
84
194
1114
1300
341
151
427
400
749
1038
223
1206
1228
184
478
108
175
1274
425
344
819
318
1069
868
1453
244
313
316
763
443
202
202
1338
755
1356
289
399
4
631
248
511
431
1198
241
128
995
350
213
28
395
683
83
164
177
246
240
376
92
248
385
47
420
354
1147
95
325
116
308
8
210
421
284
61
144
572
1296
100
98
192
416
352
1489
436
189
260
592
351
1344
181
202
1267
438
138
398
266
160
998
277
472
1264
224
936
1449
1169
1284
717
825
358
926
418
456
419
23
1040
1052
1186
519
44
36
293
430
331
338
458
414
226
610
248
141
351
164
610
268
401
1275
207
558
213
41
169
513
85
761
1423
1427
421
81
898
241
1049
1103
25
1312
15
152
1402
415
158
1003
13
1206
179
66
863
180
435
483
27
605
212
78
379
1069
86
386
98
50
364
121
420
1108
1023
865
358
798
188
203
160
742
116
285
609
436
239
1018
9
34
812
99
984
307
976
1099
403
152
124
1346
322
1027
946
898
102
217
316
231
562
183
473
181
476
780
489
879
245
127
103
1455
607
435
1431
1362
651
304
316
279
595
1040
177
898
2
4
415
635
1274
190
148
655
381
475
45
28
342
498
253
451
278
29
573
369
425
117
268
349
74
320
8
829
531
847
172
1390
377
291
212
954
642
1209
72
67
200
1326
432
320
410
810
48
22
478
1412
32
1254
88
692
143
150
1449
354
362
309
232
34
1004
37
928
433
340
133
44
66
1466
34
1091
466
228
348
976
265
66
35
485
205
477
98
168
65
404
1366
152
5
580
282
292
451
460
300
152
440
350
879
311
227
139
108
64
29
299
381
383
243
853
17
279
476
1312
634
174
314
37
168
903
336
1236
309
1180
1484
428
1253
108
1112
462
286
1171
313
429
153
28
45
322
886
251
466
414
1106
145
309
320
422
157
394
101
246
1451
91
1367
404
271
306
466
359
590
305
186
696
948
1038
370
149
201
387
838
323
298
159
1349
474
900
565
307
150
268
176
696
114
726
415
17
336
28
628
912
419
55
799
116
445
371
254
228
184
497
353
479
55
987
8
166
149
826
134
277
80
725
1033
332
197
178
169
1210
162
1291
1163
406
196
1308
209
138
30
738
366
109
37
1117
309
1019
86
630
1393
1005
139
355
1212
190
10
272
343
1130
1067
1221
51
177
834
250
1026
364
1305
64
131
438
1439
77
1130
134
1076
244
1216
1181
26
821
929
393
124
422
995
41
427
943
574
26
380
365
16
476
1028
417
292
775
24
369
355
345
240
1488
1134
435
167
628
426
21
456
128
282
18
1339
69
457
141
421
58
582
1108
1133
89
197
947
135
340
241
247
614
278
98
832
551
125
666
466
873
442
329
135
1022
427
1028
2
1101
80
234
43
389
977
495
714
348
497
284
20
461
372
464
1426
416
1248
1312
70
412
201
104
877
1020
1093
311
1112
102
137
1111
984
427
163
1463
222
237
385
1474
8
306
1214
481
109
234
135
170
225
180
35
315
1007
188
328
23
293
390
1241
82
1170
211
292
387
1206
489
1029
1290
888
55
1301
1365
1321
380
246
399
1223
217
173
1446
122
561
122
259
50
379
1486
373
1154
429
437
343
336
336
254
460
320
280
6
1011
396
283
628
478
317
231
1127
120
390
244
427
916
325
68
858
1234
1359
11
466
274
300
295
300
267
403
173
250
217
320
384
96
521
331
233
346
78
382
363
971
152
1412
1285
187
347
538
455
225
373
90
199
174
205
1351
273
1271
353
542
106
350
870
0
424
595
144
503
326
976
372
23
122
800
116
726
1152
1181
216
278
378
881
460
1040
141
22
264
1187
169
223
927
361
225
1426
319
75
168
357
388
259
314
192
408
372
956
1053
696
328
875
147
429
43
248
441
571
433
233
718
5
231
141
130
52
702
1177
862
355
373
303
803
145
168
467
621
450
311
1119
262
470
308
377
39
475
615
105
101
1363
413
1053
48
353
13
312
55
1290
97
277
317
334
306
408
835
306
1169
87
553
1274
454
484
483
4
288
486
551
1379
442
387
717
324
369
447
503
935
440
86
85
431
270
339
371
178
83
472
68
441
917
1265
49
13
467
153
22
16
431
150
1454
967
212
247
30
448
445
414
197
441
168
479
648
430
570
875
94
637
841
497
214
348
844
277
112
286
35
356
134
605
1431
493
9
145
994
389
126
477
23
1042
38
488
145
9
187
235
277
1418
180
1124
470
29
1140
266
605
877
399
457
690
106
1111
1487
362
604
99
486
100
453
47
129
1077
265
231
145
245
265
707
48
385
306
443
19
778
516
443
435
422
220
292
386
376
342
183
774
1054
937
342
424
921
183
341
695
169
428
164
160
54
433
453
220
487
105
356
260
421
1022
288
259
70
1349
219
182
1456
124
365
286
265
392
1041
303
87
133
414
1085
107
197
263
1354
25
1039
41
98
980
227
289
483
578
305
167
1302
77
204
104
471
352
926
17
56
324
332
508
896
1119
462
179
111
250
96
482
94
4
279
493
1294
714
256
441
148
1128
194
1328
620
283
121
643
373
1478
1314
1319
120
309
285
1316
487
528
276
622
778
1162
421
89
767
281
85
319
1411
1123
1383
742
86
780
231
705
1263
240
16
584
224
1094
1289
1373
1422
766
439
103
1296
291
87
169
302
1211
258
1119
639
442
124
483
84
351
952
197
1001
369
466
454
176
188
448
730
375
322
1388
453
175
1346
696
1087
1341
1195
400
1033
763
454
132
326
759
1352
860
401
471
459
1121
127
1440
285
266
25
79
976
412
211
830
473
713
205
1093
51
616
1114
298
438
173
1014
683
1147
1187
62
1306
1019
247
364
585
412
249
447
63
217
303
407
512
390
28
471
225
163
318
394
144
381
134
1162
228
178
302
27
136
1098
737
914
303
319
340
306
723
1096
148
764
767
791
565
274
1408
338
8
379
189
444
58
202
1344
277
162
206
427
193
395
57
469
289
381
194
77
307
1103
127
406
299
84
96
177
252
656
324
471
271
125
3
854
341
21
757
303
116
60
1470
783
174
1438
337
166
311
15
1358
465
290
84
234
1278
442
413
355
184
424
471
1010
409
1293
1469
205
478
204
615
192
177
380
391
342
851
296
404
1157
23
462
367
242
113
1102
406
349
19
397
480
153
872
777
744
142
64
488
340
1425
667
1483
765
1147
911
1242
509
200
311
737
247
683
315
836
1161
1218
321
857
116
1416
1021
334
41
1237
27
281
1261
1430
899
1404
302
24
527
232
117
296
932
1173
608
217
1037
1089
391
841
126
301
125
243
1110
473
1308
1183
452
295
116
572
179
230
109
808
326
387
520
1242
212
315
261
1090
65
993
92
511
195
299
145
125
286
127
266
87
102
59
225
58
404
665
260
1150
450
339
113
65
471
732
252
1249
643
1065
197
1049
1292
815
287
924
17
387
1341
902
205
175
448
360
417
466
642
92
582
1280
1320
237
404
226
1477
153
89
919
458
320
105
408
223
202
138
1264
471
285
196
1445
107
466
279
1151
385
203
495
192
455
303
304
304
1096
110
142
1125
15
344
1392
186
191
375
1323
134
1470
170
302
587
571
428
734
89
1455
11
203
1410
126
182
16
73
463
35
146
322
943
799
1142
304
325
372
126
266
249
1198
493
22
308
460
416
294
298
25
293
659
435
404
199
510
307
189
15
1342
203
11
87
458
1198
386
64
1442
284
199
387
109
1430
317
450
378
177
16
1123
58
361
116
483
1120
854
215
205
287
964
44
1418
305
368
245
405
350
359
175
395
649
1053
116
697
211
1246
462
444
1456
639
458
20
280
62
63
347
312
370
280
664
645
253
75
151
16
1366
1325
364
46
8
218
1445
1351
1122
293
1358
204
195
333
754
1346
721
224
1001
595
44
489
193
129
87
111
342
1096
642
1359
261
25
205
61
256
378
787
194
740
1459
683
321
137
390
755
279
336
730
1045
616
1172
386
844
1456
31
302
1180
198
973
869
32
116
608
1415
177
147
76
105
1022
309
232
45
49
906
1456
400
745
1338
248
319
415
277
446
380
1422
222
230
451
961
118
1039
376
1189
790
1436
342
478
480
1226
431
22
895
846
549
374
565
13
462
158
216
26
281
144
55
119
1425
343
295
424
1442
1042
149
614
363
974
1264
31
88
264
1486
344
1156
55
143
66
1451
392
413
679
1282
857
294
1194
688
78
252
473
429
450
285
403
93
1365
525
659
392
837
894
895
10
456
1287
96
330
145
323
462
133
393
375
22
261
422
64
109
23
69
682
33
349
116
373
1307
409
1340
1213
1164
305
827
318
21
183
222
444
972
363
46
1319
341
404
370
1097
310
67
374
1346
321
218
433
237
83
1203
870
1150
264
1040
200
183
259
173
1345
782
339
190
376
419
149
336
440
575
114
314
259
487
27
29
305
372
266
465
364
158
393
37
1364
992
263
828
75
701
399
759
228
234
119
748
877
304
485
306
460
482
417
9
220
477
396
0
640
183
116
312
450
1277
367
1281
865
380
140
149
285
21
12
594
481
275
230
1350
393
57
466
29
324
58
1294
176
577
395
725
471
125
1451
300
641
786
403
119
1263
645
23
197
455
223
1429
510
248
836
133
124
284
450
154
483
484
174
169
405
19
218
61
958
412
11
184
836
681
771
154
482
250
39
847
339
1043
387
487
905
48
958
16
99
443
214
702
370
1378
231
463
121
480
478
614
86
377
293
345
958
998
1326
418
286
1394
25
384
366
193
1175
452
1265
938
316
329
331
67
239
11
139
113
897
782
1485
929
115
80
331
80
230
714
29
200
75
415
285
415
237
287
340
416
179
321
799
59
204
721
274
1012
1196
95
589
995
1322
415
129
366
848
481
457
107
8
1367
69
70
1199
233
169
156
363
828
273
268
81
9
327
119
103
1181
337
463
429
659
907
373
144
472
311
447
849
380
358
565
1159
1272
118
108
126
1423
237
351
233
267
267
608
292
440
263
217
252
1284
444
350
174
111
143
3
86
23
418
105
464
437
10
134
457
1293
1360
1274
1485
287
1229
116
234
1423
431
485
1444
73
432
1008
370
483
441
297
274
161
1344
419
126
1291
1326
779
821
1470
329
128
430
284
3
216
22
219
201
335
144
654
299
436
463
221
144
409
104
156
385
432
23
1025
1335
401
134
596
117
1456
228
331
274
1356
131
916
967
300
369
693
602
70
919
224
299
261
245
286
711
60
404
1034
1176
4
1393
229
126
372
232
882
237
1412
488
1297
159
74
52
299
7
117
12
124
764
1128
1052
347
264
214
461
781
331
371
153
470
670
227
130
140
6
922
52
484
301
58
1303
228
72
1062
357
555
1180
265
47
122
31
579
265
207
28
605
299
19
56
1224
506
1398
453
287
83
913
282
45
391
1297
1417
1447
451
1468
134
160
1366
1357
149
56
481
161
65
721
253
59
97
194
161
545
199
301
109
33
264
919
1344
267
89
258
243
1091
1143
1013
22
1105
427
98
461
643
346
101
816
944
206
333
437
211
239
353
310
52
790
248
129
150
237
159
1425
54
843
161
509
345
1109
209
155
17
597
27
229
161
586
306
30
17
460
93
236
321
80
1025
318
516
95
348
327
146
428
395
652
205
1024
416
1461
22
1469
142
110
271
14
1395
178
109
187
1007
363
1054
1226
639
338
893
1239
114
177
558
127
721
488
422
229
163
859
356
650
751
1060
460
1294
446
1187
1067
203
804
1157
468
850
182
356
115
259
379
59
404
286
1122
5
242
1240
623
12
72
978
203
453
437
801
1070
409
180
136
295
670
262
1462
429
606
1332
267
103
571
286
380
60
257
280
739
74
572
1219
220
1295
10
699
768
379
212
207
1125
228
221
193
346
560
409
6
311
308
347
847
16
441
686
373
185
18
126
93
359
68
395
443
347
1217
13
78
695
1134
82
1086
115
1
12
328
592
375
879
72
367
309
278
686
441
434
532
1459
353
225
1219
160
305
244
784
584
919
701
322
123
1391
286
1390
1170
151
141
40
157
805
226
238
445
460
392
11
1240
282
116
239
480
465
683
186
1153
242
1310
323
206
927
363
1150
483
105
53
700
1165
427
36
329
198
144
22
1141
524
202
1111
213
91
26
80
321
1370
1235
46
441
274
753
729
293
453
253
200
85
174
341
996
264
217
164
212
193
655
64
7
428
413
437
65
0
33
299
336
416
136
414
247
51
1335
147
245
440
1400
1133
104
354
70
317
685
11
837
156
326
190
150
285
85
252
658
335
108
354
358
215
1132
490
1394
775
1444
362
82
850
78
196
179
130
81
186
391
465
700
1362
355
489
621
473
221
359
158
56
1465
226
16
373
19
1428
450
895
106
2
143
400
439
455
464
245
654
62
890
511
1118
109
385
541
197
1379
789
736
349
1418
256
337
36
1483
368
762
1357
61
74
496
787
487
201
579
485
313
159
129
284
99
126
375
404
368
489
407
246
311
1487
123
1388
310
56
973
379
364
26
243
356
384
377
68
319
835
60
223
885
25
46
1081
89
115
161
480
830
800
62
137
830
963
892
59
92
1395
98
968
125
65
118
426
632
175
347
482
659
280
210
233
212
197
99
113
95
296
278
262
337
76
1262
1297
351
125
460
914
260
438
102
1078
228
717
538
82
1148
237
160
276
56
128
175
7
68
238
106
85
350
1155
488
117
361
388
420
444
467
1023
129
332
352
383
408
237
646
944
248
858
468
213
217
873
1173
100
567
123
426
627
474
378
880
340
291
86
289
233
454
131
186
321
474
937
192
1114
993
1435
230
484
1317
1352
230
407
1424
447
156
798
579
258
486
484
203
270
120
1123
295
69
224
236
1474
181
479
266
431
1204
792
168
917
1459
1238
305
209
926
912
281
673
397
895
852
1177
323
63
1206
443
1311
472
245
336
486
0
82
32
310
288
476
86
191
142
615
672
230
324
106
118
666
63
503
2
407
1020
232
322
395
393
56
125
1419
186
172
380
418
136
334
402
1142
85
1381
407
232
117
139
65
371
846
209
565
541
11
978
267
399
753
374
1020
533
900
153
316
1394
672
202
750
487
973
294
450
5
39
114
83
209
147
76
1280
240
1
1132
636
1056
360
687
1105
293
1438
611
406
334
142
1460
1484
175
605
95
300
1211
262
1193
59
45
370
503
194
278
426
1199
337
482
51
176
327
287
371
700
470
457
1228
1109
53
954
467
267
933
100
497
329
1264
176
378
668
248
1052
628
776
1196
234
273
88
298
441
418
11
392
488
321
341
28
228
42
612
1336
312
166
475
539
327
188
791
38
460
257
1007
100
413
242
830
282
663
388
167
119
287
136
13
1221
110
264
499
258
56
17
116
120
159
911
780
815
295
507
501
747
226
224
201
461
480
1071
40
48
184
681
50
201
83
419
954
90
433
1334
540
1380
479
949
312
615
66
0
71
82
1126
30
375
427
440
382
185
1190
33
171
472
58
71
646
143
14
481
166
720
1334
105
1351
30
56
1207
263
222
47
1323
303
242
206
14
203
110
270
60
275
32
855
461
307
415
160
537
752
401
224
875
191
23
138
94
232
489
702
407
257
230
1128
717
369
91
225
351
8
1192
220
125
332
904
1383
108
242
402
1354
1187
479
668
290
1162
231
314
352
289
90
36
306
1385
186
183
463
123
174
426
1286
383
1055
269
259
45
686
1112
256
982
1384
767
61
788
177
779
207
50
304
105
459
532
89
151
67
27
1438
239
75
395
250
421
383
53
1397
209
434
812
14
433
239
1089
48
12
589
364
152
226
32
1313
367
596
729
127
93
374
197
430
79
438
92
1270
1064
279
1458
799
2
346
341
214
95
2
569
315
369
1109
106
153
966
1307
152
1425
315
428
420
293
47
650
414
242
1451
186
148
661
362
84
385
27
106
747
137
1367
369
1354
1265
657
60
456
1432
291
352
406
318
62
699
59
38
320
23
139
1299
93
562
1139
406
344
0
694
218
102
358
300
58
26
509
106
475
283
268
226
283
458
166
221
146
674
145
293
908
226
3
419
218
1301
1033
486
828
105
296
658
88
20
524
251
415
1175
382
412
179
107
387
313
980
1242
433
939
263
194
727
1266
887
361
493
1072
367
842
424
837
386
1403
360
1230
1387
255
480
929
1007
468
346
48
717
148
214
143
26
4
655
14
82
1384
81
147
4
191
40
62
164
381
551
850
222
1310
79
1260
215
285
576
250
993
1260
472
43
391
210
118
164
745
140
43
654
88
356
359
72
412
52
178
262
180
40
362
75
154
304
209
730
9
422
1414
60
1277
47
95
223
939
247
113
132
30
436
1144
901
371
325
447
511
1051
231
1173
260
411
225
1326
818
601
642
1298
484
1341
1389
377
61
891
19
708
358
144
427
442
334
32
447
455
637
74
431
260
155
16
309
647
256
1429
436
15
306
159
1322
165
127
71
376
459
499
209
254
44
124
507
229
550
250
315
449
161
879
41
1210
72
136
540
1055
1246
308
416
371
821
1128
10
290
399
33
465
807
292
185
709
858
777
395
241
15
654
866
161
122
236
487
117
290
1429
234
207
411
1185
320
282
453
215
374
1257
424
372
470
422
405
945
149
187
458
366
644
424
159
718
145
217
1480
466
15
208
476
180
173
740
274
680
1373
338
823
596
173
370
308
2
1125
456
862
263
251
344
54
312
247
1431
325
59
257
1385
1110
469
442
800
296
1459
1237
584
1362
358
415
368
131
465
578
97
267
377
1234
517
1386
473
174
382
464
421
76
106
447
1390
308
447
294
250
12
805
464
476
1218
270
522
579
277
474
782
365
271
1100
311
92
440
685
1225
1110
306
31
367
318
284
612
220
354
6
247
58
0
1039
115
145
389
459
41
268
45
645
1099
325
197
166
201
260
326
280
684
1299
1333
115
480
273
316
407
427
354
502
354
456
180
553
1191
287
434
101
112
257
285
494
3
705
396
219
930
431
1460
184
1185
335
459
1132
373
215
1286
326
479
471
1381
251
390
646
118
317
985
285
379
672
229
5
1394
112
331
124
81
400
1215
222
354
233
375
988
233
660
104
124
156
237
586
1484
416
1455
1080
553
1387
373
1115
1041
956
168
353
173
774
730
495
324
475
16
93
1118
1414
1051
440
1190
203
162
627
319
235
309
276
1062
223
576
872
212
299
249
163
958
291
365
244
1426
1321
242
56
23
448
311
387
206
276
137
360
467
26
95
136
81
448
303
1376
80
1416
181
1422
305
611
333
28
142
55
375
220
1444
811
166
558
464
334
398
435
296
371
107
13
162
474
987
1075
246
713
358
400
240
447
288
153
244
213
109
179
388
1189
357
1183
327
382
166
11
59
380
569
407
86
185
106
212
742
355
471
1039
1314
186
1456
1050
560
194
363
77
145
926
431
1184
481
15
227
518
307
338
499
73
414
132
400
313
156
62
132
1245
60
939
188
358
340
714
34
653
174
204
1468
330
74
1331
284
31
924
129
332
439
42
555
197
387
586
23
101
1073
1201
222
951
1238
204
870
118
750
23
451
105
1361
707
223
177
55
163
743
296
266
459
786
54
142
315
464
460
75
585
414
709
44
1393
5
765
180
160
30
94
383
419
11
1208
236
17
14
305
342
385
48
835
812
392
262
71
300
92
444
336
295
1487
90
454
1448
48
186
218
61
270
4
345
169
452
370
954
1196
110
139
266
29
253
604
880
1184
135
403
1093
479
451
144
283
434
954
165
188
121
72
843
527
285
74
377
285
99
202
104
465
289
162
757
230
51
328
369
239
412
296
351
722
1051
1369
656
434
514
130
733
276
1219
427
486
74
1020
466
611
248
1193
60
1136
10
334
437
301
138
445
192
355
420
458
372
1085
1183
46
292
483
1163
831
40
432
556
205
520
124
45
58
389
789
349
377
107
20
314
894
208
544
352
513
176
110
123
459
881
427
86
488
146
177
161
757
882
1194
1230
219
449
449
4
358
465
6
484
238
13
58
97
1208
267
638
436
72
458
307
101
153
177
221
319
199
267
9
116
110
1222
862
386
305
1472
267
322
30
330
557
253
322
90
1409
372
428
1345
100
182
359
51
832
1238
372
1079
153
252
284
819
189
296
246
513
692
1050
416
158
66
1175
270
667
1201
81
895
131
409
334
1321
278
803
828
532
1277
669
604
202
285
1105
325
131
37
293
229
1086
1217
174
84
412
47
128
1295
229
262
584
166
143
114
488
4
449
244
14
327
153
664
211
283
256
453
342
857
1118
821
1013
217
537
1120
115
31
3
331
1317
339
1219
459
555
398
410
373
314
237
260
133
458
211
480
1436
884
23
1348
195
376
48
826
59
351
345
136
1220
1290
296
125
316
1392
265
300
882
419
791
263
414
804
361
935
603
1290
346
1445
539
870
121
1218
79
176
4
259
1120
22
391
165
125
1333
426
54
382
338
419
284
1404
317
1457
170
60
4
467
60
221
150
103
765
422
323
1475
1392
992
848
62
73
118
972
421
323
1120
210
655
517
324
138
21
1269
1227
49
287
831
79
16
375
547
469
156
594
272
85
428
909
912
134
460
1112
314
1011
39
163
966
365
141
44
310
218
962
325
290
375
266
321
1069
133
452
384
184
987
407
1045
108
228
983
134
205
295
134
252
613
490
100
45
41
92
3
2
88
52
13
15
14
92
27
36
47
45
27
58
25
99
95
10
65
53
29
8
66
47
5
88
85
43
86
18
16
91
98
4
48
16
45
90
81
9
53
10
62
66
25
86
77
94
76
55
68
88
61
52
80
55
68
52
98
78
44
13
60
60
77
30
10
91
94
64
78
20
87
25
7
11
36
61
69
86
54
78
26
89
36
80
36
12
62
67
52
80
6
46
68
79
59
4
57
55
7
72
12
31
38
13
89
99
53
16
87
89
25
28
95
45
1
41
92
89
99
9
81
70
35
72
13
96
69
22
93
84
13
47
95
24
93
54
86
67
15
59
67
0
27
68
31
23
36
63
92
55
10
22
90
46
31
84
14
78
71
52
53
69
82
96
12
85
98
25
81
77
91
17
26
28
34
90
50
87
57
49
51
15
61
55
27
27
23
93
88
83
73
63
31
6
44
1315
false
false
false
false
false
false
false
false
false
false
false
false
false
false
false
false
false
false
false
false
false
false
false
false
false
false
false
false
false
false
false
false
false
false
false
false
false
false
false
false
false
false
false
false
false
false
false
false
false
false
false
false
false
false
false
false
false
false
false
false
false
false
false
false
false
false
false
false
false
false
false
false
false
false
false
false
false
false
false
false
false
false
false
false
false
false
false
false
false
false
false
false
false
false
false
false
false
false
false
false
