100
1521
426
618
507
461
1516
276
879
24
1033
548
28
394
204
463
674
111
145
497
487
519
629
187
848
549
1405
13
440
801
19
85
285
270
441
22
447
431
443
97
472
1352
1289
803
132
190
470
486
24
1234
1000
200
8
419
177
722
506
9
423
1266
67
579
237
91
554
295
34
1484
354
719
408
91
544
218
189
1449
598
1044
9
57
45
1024
566
1075
298
109
501
419
84
488
166
300
561
1341
213
315
395
1273
186
984
89
27
72
957
929
1087
558
96
1453
205
520
143
1212
372
1012
369
335
362
181
28
240
547
367
96
573
552
72
1344
1324
287
206
1413
225
576
165
53
1493
482
434
454
313
370
219
1254
906
764
819
1285
834
437
191
1011
571
298
1177
283
340
477
587
573
39
1044
532
301
230
1528
1421
204
57
512
767
1026
1179
338
192
433
301
413
552
182
426
295
236
777
370
376
442
468
521
753
959
301
135
1326
279
1524
1011
359
215
1463
190
88
746
474
500
565
181
104
71
1158
1275
202
1325
751
343
1404
1092
46
195
409
103
277
574
587
64
1046
878
510
207
525
1014
1341
1575
420
35
700
533
1263
824
313
393
143
23
1505
34
3
304
404
241
1289
293
317
484
349
693
531
411
367
409
188
347
14
571
625
81
1085
1377
557
389
1458
205
1094
43
463
149
837
169
120
134
333
204
324
322
169
697
6
385
478
137
331
367
1479
394
1096
543
1187
238
1426
366
19
662
467
1403
166
1357
523
1199
1587
334
1445
254
17
592
1307
525
752
157
447
605
341
1392
136
517
304
472
72
248
557
1117
1038
290
224
575
584
440
490
310
264
131
787
209
908
979
517
347
464
139
242
502
144
90
172
153
734
52
40
1160
997
1535
576
65
97
308
588
1059
536
206
15
65
1505
555
382
406
568
208
53
976
628
573
560
293
394
1096
612
225
438
913
136
381
1333
321
1442
1303
36
808
735
40
162
214
242
160
486
48
1207
635
26
63
287
608
535
356
1315
435
960
420
1310
1151
173
214
1132
503
283
1295
1402
24
204
422
1262
1107
88
1082
1185
134
560
941
366
1195
120
1223
498
542
762
836
1191
50
367
195
1397
8
587
434
298
1
1016
351
1264
304
387
72
317
143
411
506
501
534
338
392
50
599
151
383
820
715
297
1256
290
25
70
321
272
936
349
516
189
590
1315
650
596
222
211
306
594
1533
848
1134
379
65
1162
200
316
13
1188
129
15
19
6
129
1532
609
175
109
1261
1338
150
1182
329
287
5
317
89
731
464
448
1126
512
444
564
280
753
419
4
275
1046
362
910
404
335
1202
802
568
1219
13
412
749
271
97
455
62
997
1308
312
980
17
1180
391
379
174
104
1251
20
513
1028
585
490
151
558
205
408
280
551
269
191
310
1
106
303
51
92
372
572
250
1497
559
584
99
209
98
523
52
14
439
1456
190
198
133
131
177
892
479
143
1186
185
967
513
430
222
342
1535
1569
610
556
565
423
37
44
1442
12
526
489
1012
371
542
481
715
586
1476
473
1417
226
545
192
1524
384
596
111
583
216
538
368
1448
142
186
700
108
81
648
127
454
530
335
15
40
467
855
61
319
330
216
998
521
167
288
497
1238
157
710
1311
262
461
664
520
357
443
57
196
213
1255
471
572
321
1094
137
67
360
507
157
1230
148
1121
667
285
1043
547
326
525
2
840
291
367
463
1262
1045
556
495
339
353
1383
103
707
229
170
794
590
475
20
236
1180
483
1158
310
136
1234
174
1566
411
322
157
408
268
190
1529
326
1200
135
0
463
392
1423
530
261
482
1029
275
1282
162
1471
450
68
1583
697
1507
25
850
290
180
29
444
292
414
599
311
42
107
1416
433
37
1182
605
465
1250
355
817
29
360
104
704
38
1406
368
61
364
783
37
747
237
565
1072
280
260
1086
762
318
12
1213
1157
192
315
74
949
274
97
114
1137
1496
592
330
1518
128
276
1381
1313
97
1182
82
739
343
1590
1524
0
738
914
371
308
381
800
122
412
529
253
1219
1042
853
0
119
111
543
1489
279
333
327
726
1380
488
276
472
55
838
187
1550
36
154
25
325
3
1175
19
21
402
1036
537
215
169
515
448
721
694
938
570
1578
267
160
644
198
432
792
1582
165
1461
553
548
358
71
204
415
1155
106
109
445
136
474
138
609
88
509
881
1252
215
175
305
550
523
351
1516
133
152
848
395
741
466
1497
443
59
479
1044
433
278
1171
1
727
400
368
504
662
1014
572
105
531
592
1420
36
562
338
946
379
621
89
195
201
440
6
243
314
212
198
61
1456
420
448
1094
257
1074
889
282
591
1435
420
483
327
76
432
531
856
574
225
228
176
262
1475
13
286
424
809
447
82
599
114
1312
1172
531
427
1299
110
527
1148
769
0
1297
619
378
188
24
945
444
354
376
4
279
1015
532
446
307
1455
13
506
186
1139
397
102
1569
119
247
1404
266
355
829
454
221
320
1392
479
392
42
846
997
579
1359
150
345
691
1176
490
396
254
357
1018
956
605
1253
1264
414
120
527
193
488
218
441
258
906
651
314
534
975
532
429
1163
134
616
96
311
1277
469
1460
263
432
222
303
894
595
32
707
87
207
1023
535
62
125
1084
563
45
324
782
628
588
94
251
53
10
260
85
1261
386
1483
67
430
1285
43
164
139
346
361
835
1357
91
22
501
228
956
114
250
285
587
37
242
113
93
658
199
680
426
949
355
1099
1512
627
483
261
551
13
1175
444
67
242
196
448
229
862
759
1226
164
304
302
1228
276
372
294
730
556
232
635
1407
117
450
266
497
186
180
1546
244
372
96
584
306
413
1332
573
445
326
904
559
488
1305
64
1467
245
581
1562
405
167
1196
1123
198
1538
439
1057
198
408
534
499
545
657
319
212
473
387
561
143
731
102
974
1416
366
165
50
368
297
154
453
292
348
285
163
366
747
768
550
944
254
431
1233
89
282
1223
417
302
1577
1285
504
252
354
206
370
73
595
942
191
487
210
252
907
262
1560
367
1594
1379
30
866
77
32
172
132
540
1433
314
1001
736
599
19
1503
882
202
796
502
79
510
425
104
223
278
413
597
230
549
381
398
1190
409
320
74
36
1301
92
181
297
1545
1076
61
38
155
517
570
176
1255
398
427
75
1552
764
727
667
262
1555
769
466
764
234
131
1083
1249
272
89
936
423
822
793
519
520
153
326
198
95
261
429
73
820
150
382
175
911
117
278
841
260
581
434
36
129
162
184
1448
520
512
694
175
530
346
660
55
583
555
1077
428
26
249
1401
1533
496
176
545
1000
534
953
132
69
924
348
414
301
463
293
276
934
1398
62
431
494
416
72
415
286
285
409
175
64
227
1148
231
99
1242
66
16
385
300
554
229
1415
873
1169
11
415
465
68
1124
402
1026
426
1587
270
229
185
342
621
12
412
123
533
448
151
173
641
327
68
1414
401
423
929
226
702
324
408
1219
237
12
772
166
437
945
1247
5
98
486
578
251
336
469
554
35
402
1348
1172
325
1597
253
1203
983
1578
445
339
12
919
59
189
296
1460
1479
830
1563
305
229
124
490
391
1046
515
277
244
19
356
270
37
392
516
394
281
119
243
364
551
578
461
530
808
1291
608
591
1141
312
523
1314
401
394
259
429
1508
63
475
1169
1384
1332
193
1563
1221
121
386
798
1133
476
1558
1293
199
448
304
1397
532
395
364
362
401
244
847
536
1556
750
11
316
321
1030
459
150
192
354
2
574
41
1410
181
329
715
188
3
382
1126
579
516
189
10
530
199
332
244
400
309
451
239
264
129
806
1318
68
366
659
239
39
1144
288
34
73
273
426
30
364
1522
394
327
470
254
37
1319
65
484
180
369
194
1058
772
1000
491
1234
374
91
132
30
620
920
959
1477
330
412
341
195
442
1151
171
181
346
571
75
187
538
545
1172
1256
286
305
267
124
362
20
217
554
524
1225
955
388
340
412
1480
408
203
144
397
1506
167
564
564
1202
251
441
479
570
362
9
1103
473
1069
252
266
64
1287
516
1283
1180
395
530
1297
335
406
588
101
22
1108
255
531
101
108
1414
1202
493
322
370
685
848
330
380
210
500
300
1295
654
1097
525
246
1454
47
386
1455
125
346
1395
596
60
67
51
49
402
779
478
1054
191
787
108
182
1519
29
1239
1449
92
328
537
1017
380
1376
161
1358
303
322
30
1469
1292
330
1114
241
966
418
477
1537
363
1394
1474
1487
332
80
1017
690
530
207
594
444
57
212
545
193
570
514
147
464
1226
387
566
234
448
259
1081
334
409
1108
227
1289
196
114
280
1433
160
194
91
311
219
327
66
274
558
65
1431
185
561
227
237
946
72
189
392
551
1102
414
291
295
1200
1072
67
5
368
202
303
327
317
618
14
664
76
1139
258
578
463
195
130
500
494
186
1306
904
368
755
21
425
93
160
151
165
683
241
132
525
1270
8
214
1086
538
368
613
199
592
43
1104
646
595
394
39
143
87
648
154
285
254
455
6
235
1006
1203
5
83
1488
555
1351
509
231
211
525
455
1068
798
742
1241
1124
97
546
542
232
822
1074
82
651
421
339
277
333
1145
41
721
585
448
140
882
107
457
375
115
2
287
463
95
1358
478
150
349
193
425
1
632
388
1232
270
379
482
296
1129
695
723
301
1443
144
1261
1032
157
41
75
30
167
305
328
232
367
508
333
138
706
71
1376
262
591
289
685
182
392
1559
1588
459
1178
672
170
1579
537
439
1437
748
474
148
1465
1501
323
475
401
351
554
37
1263
505
130
158
477
22
506
42
475
381
1101
1166
21
1586
1220
834
192
171
348
202
316
313
122
1184
442
438
76
1392
7
975
195
291
439
299
535
291
201
702
514
369
520
147
164
542
462
61
1196
1036
213
1134
587
63
1501
365
518
160
179
386
233
942
1002
857
1582
852
1382
528
450
1241
363
465
461
215
485
133
895
574
566
73
565
25
823
124
936
1383
18
491
1477
476
402
324
380
1224
249
8
1182
9
688
295
430
1451
1588
567
1498
13
531
251
10
352
360
951
285
13
278
286
300
28
164
1400
1144
533
204
302
200
743
218
220
148
875
240
1386
1072
110
769
1505
439
532
212
477
284
120
145
750
365
119
294
567
538
358
24
1374
1227
574
10
340
198
65
498
178
221
405
1481
363
100
798
340
180
424
198
37
137
1345
110
333
345
352
260
1472
1101
557
444
746
396
109
306
100
958
495
233
80
241
37
586
1080
378
542
135
197
458
488
248
1017
49
48
266
333
1232
397
395
542
1077
159
1495
173
191
165
1334
1195
130
1178
126
320
72
667
48
440
487
509
410
387
776
573
65
967
413
807
1343
746
80
98
1423
239
172
1213
386
276
870
520
560
256
114
249
246
419
164
1090
194
545
360
379
1461
1246
309
201
538
391
420
506
1331
344
28
516
222
464
54
154
1442
16
1374
145
361
180
457
419
30
906
495
530
387
288
342
17
1284
560
254
1166
55
536
775
876
404
52
554
566
543
301
1318
592
1223
696
109
1122
1118
548
467
377
397
358
1050
429
243
520
198
1545
743
1326
994
930
325
265
58
206
43
869
357
431
1037
499
482
1479
448
362
97
408
473
1344
1076
401
108
549
364
1043
49
377
230
1069
246
1195
1011
488
1097
179
166
583
585
68
312
1552
686
595
1278
733
288
515
326
216
251
289
781
406
174
162
531
20
976
148
1199
1500
192
435
1314
1282
7
113
890
162
1553
282
174
315
799
1157
202
400
344
1298
1537
524
1323
136
506
1009
1271
1230
1120
36
1150
950
488
29
255
15
556
210
447
423
67
905
12
54
526
245
355
192
516
1418
1495
65
48
913
838
552
441
71
428
253
26
170
212
192
496
845
93
1538
82
1393
68
830
719
273
249
70
16
545
397
520
1390
8
567
829
574
370
1033
169
149
456
496
163
91
14
298
1087
238
277
503
1469
282
539
512
403
973
523
912
824
287
81
662
283
1142
222
543
711
777
495
542
70
321
391
188
484
2
1439
110
57
248
254
535
164
421
598
1441
1118
256
392
544
1579
234
52
1274
267
426
386
164
386
210
335
298
468
591
373
976
379
523
242
572
299
453
136
949
488
730
600
106
1524
311
928
1190
367
1235
575
1574
202
355
587
1354
537
405
930
60
549
320
1547
263
479
1020
1341
1162
112
386
1451
112
390
465
285
182
354
1191
1504
60
1442
141
511
375
594
475
339
90
622
1340
400
164
595
371
384
940
540
511
679
87
528
171
175
913
1122
336
112
650
417
72
797
587
694
457
995
114
1049
221
22
891
357
497
445
293
1378
103
236
57
445
308
393
583
378
193
687
866
1425
363
337
127
265
597
289
368
1079
274
241
260
475
180
896
418
174
120
211
1180
182
270
296
390
1539
233
1467
486
1507
563
11
196
276
734
512
371
449
491
744
144
334
199
766
85
327
122
929
3
346
88
1414
406
385
85
110
499
669
824
456
407
0
586
252
388
438
443
804
323
572
70
488
202
513
547
321
137
105
670
538
423
359
543
222
302
1538
587
1089
135
349
93
435
169
352
87
107
331
1040
241
259
380
432
527
1490
302
330
234
108
877
292
537
351
57
52
427
257
8
317
1166
1361
203
590
525
1189
357
447
620
186
71
1286
1270
533
27
447
429
157
51
528
390
486
701
443
1403
93
243
61
45
712
1367
24
23
502
1247
629
594
195
88
462
1564
386
549
167
159
194
205
1536
248
811
28
85
1170
744
119
960
423
413
575
71
46
627
222
518
237
18
812
423
585
393
561
534
1232
172
324
1034
855
26
98
517
117
247
435
297
1338
389
273
494
1058
1271
27
520
621
331
491
413
405
155
513
469
89
592
1068
283
798
1233
660
1128
1186
312
876
568
44
1386
421
18
328
261
463
56
83
562
14
196
357
999
507
501
524
840
379
483
50
539
25
812
185
402
1522
162
1379
320
278
342
1221
383
525
412
506
17
152
1178
201
1065
343
189
109
311
59
831
382
1227
702
92
367
365
432
232
206
63
613
192
425
380
516
1030
570
1240
136
132
532
50
1282
461
306
324
76
1591
407
1098
388
550
1080
194
583
335
413
124
286
1206
210
284
594
384
1042
39
63
1033
361
1596
74
1196
927
92
1350
269
499
1530
192
1309
924
1
711
1582
483
1284
427
8
287
587
1275
423
1400
404
550
117
359
205
481
526
490
156
508
675
409
591
979
1482
1545
242
1230
375
1213
36
534
724
1273
1025
914
308
1105
259
50
491
86
907
673
1061
325
376
312
2
94
572
827
785
1362
548
1425
546
1101
291
137
237
24
276
584
195
471
277
139
380
1456
936
378
407
1305
434
238
282
43
1452
501
395
342
437
994
1379
543
139
365
93
250
750
235
1306
352
67
170
884
116
142
451
1516
131
350
1065
340
290
1565
152
1027
96
655
797
423
1278
573
120
1156
582
352
402
327
10
415
523
384
458
471
1116
919
1313
968
355
483
340
247
756
1468
407
230
395
421
20
148
287
252
1497
212
285
257
381
30
774
390
281
1
438
247
1185
252
213
25
335
288
384
1104
623
1541
100
204
651
710
60
244
1564
519
510
775
1086
406
1468
281
918
289
10
478
1434
1547
1575
1353
1019
54
1214
473
266
422
468
242
280
16
180
439
435
434
1370
203
177
498
104
798
1326
968
220
172
105
1577
163
416
1179
299
1541
330
169
59
482
241
1433
210
598
400
1338
301
97
306
594
173
638
35
1212
228
74
110
379
1041
1429
1357
449
326
1520
28
863
184
536
1114
572
1236
30
352
277
879
1119
239
158
184
149
500
1148
846
419
437
1551
487
1141
264
838
32
230
249
506
120
418
365
176
485
1199
334
1103
364
248
543
1387
211
472
1259
320
145
369
135
592
842
385
349
195
111
696
178
774
116
1144
345
16
137
17
496
1296
671
213
421
1227
83
1593
441
1153
880
822
992
749
1387
1412
134
999
319
211
1290
543
997
84
609
390
138
222
521
1528
76
408
197
1356
123
884
1221
1278
468
26
555
1320
130
255
62
640
192
314
248
66
287
168
49
5
454
249
688
435
584
1357
760
46
454
564
455
955
63
913
89
245
592
627
63
1355
15
325
1530
116
861
1388
1255
580
862
138
86
115
1246
139
394
981
1389
1075
335
14
105
81
451
446
574
307
430
517
1580
463
832
1152
1369
1033
278
243
76
195
88
81
245
578
422
1341
46
349
152
185
548
83
1556
570
542
166
53
1544
563
340
193
990
238
1071
233
481
201
1101
867
650
317
46
1170
80
1112
847
249
7
387
1523
1054
268
33
34
286
28
336
179
1530
1455
86
191
51
69
211
1286
1032
106
214
162
1324
824
295
27
182
178
270
240
271
447
1237
144
1211
194
55
656
362
557
402
770
1239
12
1154
330
26
1519
596
483
482
411
590
1172
317
1556
237
29
1067
317
808
134
936
8
1283
340
254
450
113
992
299
489
512
383
1197
956
1530
61
464
1497
148
3
361
592
166
19
895
1471
294
1439
557
450
1058
1369
505
448
666
237
141
1331
35
237
368
59
1333
101
1525
304
485
970
555
1250
731
790
457
128
853
428
403
421
481
491
409
6
309
432
599
1232
1303
44
1
866
204
198
305
1191
592
51
413
723
1108
51
1048
560
434
1144
218
29
422
1290
154
260
472
231
18
480
586
156
1071
281
781
750
51
1189
1003
1220
543
210
126
100
1586
991
791
148
515
656
990
714
263
555
678
86
482
469
1298
1364
456
383
542
206
134
343
280
348
711
537
89
1455
443
757
428
487
231
346
237
1120
1379
1213
1031
188
1597
333
119
419
452
50
190
434
1540
221
796
570
537
241
509
451
350
297
513
326
779
181
362
361
277
337
719
422
533
75
1551
808
471
1539
1518
697
57
962
366
355
887
233
592
611
1568
388
1571
1239
1302
355
1455
284
1046
19
309
1128
279
180
876
344
155
543
266
756
352
241
564
85
1231
1117
377
462
360
262
498
506
1343
1562
437
205
271
285
1210
567
1319
249
136
366
93
169
140
1361
550
188
1135
126
595
404
299
906
548
263
534
266
289
344
257
27
353
50
1483
18
15
352
865
432
523
460
1077
54
602
183
1122
24
475
651
131
461
230
793
594
279
431
545
210
1176
315
114
141
1165
1540
435
202
1157
494
590
79
196
541
599
333
62
151
525
105
74
885
498
424
683
1493
532
344
290
590
178
40
161
311
1225
53
993
5
162
185
209
103
25
547
350
147
1541
439
566
60
481
211
325
1427
1094
989
890
1213
212
432
1534
5
41
318
674
968
712
1465
432
18
194
492
170
494
472
57
747
6
554
564
1335
316
550
1542
356
1063
1538
529
149
422
334
203
108
485
325
339
805
173
1170
569
539
507
397
16
282
485
180
1089
31
1431
215
675
1278
88
547
370
208
520
932
389
116
550
1109
309
830
1169
328
192
599
66
189
270
1089
1427
694
32
1034
73
348
436
1200
60
1239
242
541
236
1133
475
242
109
1588
247
575
339
719
177
1236
156
165
226
233
56
396
617
342
1393
202
491
294
383
769
1566
282
706
532
494
199
23
414
159
21
796
169
310
786
545
627
530
1128
1297
1235
192
401
324
1008
85
1516
78
1292
308
53
1094
898
1031
244
142
37
842
67
1472
99
1433
169
232
105
511
185
421
1162
514
178
1322
147
500
188
738
845
367
1532
1037
74
1451
33
163
57
550
1528
505
193
170
240
116
863
351
446
578
152
489
425
493
248
158
312
1160
292
228
125
395
576
334
1184
34
805
527
418
284
2
1130
49
876
345
613
180
152
131
325
346
431
969
441
976
90
656
423
79
580
188
179
231
16
76
364
500
544
234
289
349
344
355
1013
1003
437
476
76
304
492
429
286
710
360
588
1157
310
191
1519
544
91
5
1316
1259
442
158
134
407
1392
458
547
619
495
194
1323
176
567
1023
230
343
587
165
776
630
558
7
167
211
752
420
346
143
263
476
79
1396
501
1184
79
131
410
1138
980
1002
439
473
576
180
1175
179
614
243
729
156
363
1047
497
997
108
64
250
496
358
151
34
385
531
3
521
74
147
867
115
205
261
937
314
1412
407
490
1201
559
541
242
253
446
52
301
1377
287
297
258
8
290
131
349
510
1091
295
533
13
57
143
47
941
461
1304
1591
252
1007
337
910
1535
216
295
4
362
60
481
572
907
227
56
202
648
476
828
344
562
517
704
90
702
192
1246
490
1382
596
463
813
358
497
166
1411
361
1001
719
475
1231
704
138
317
866
314
98
978
100
777
516
571
237
233
1292
265
594
451
664
935
437
150
543
517
425
359
289
1516
266
529
128
1
29
257
124
476
495
557
1360
178
563
8
229
82
243
22
202
783
468
227
570
428
1052
571
294
936
1130
1401
181
800
264
129
521
475
538
876
6
484
115
1097
434
957
797
282
186
530
305
497
200
255
1597
73
811
892
427
515
433
81
300
356
201
385
307
1419
267
259
547
1205
770
236
57
51
71
326
158
1370
398
46
888
122
1430
915
533
916
64
56
282
562
285
626
249
333
486
772
86
84
454
399
573
1455
47
838
1363
27
156
274
571
504
282
276
1431
1096
528
1432
559
195
348
71
495
188
108
534
195
269
96
1532
1347
1243
313
534
569
135
434
315
151
369
220
1494
128
547
105
889
1379
55
1384
117
368
1388
593
30
385
160
309
170
967
369
483
1143
530
431
561
597
381
729
372
456
225
1435
1274
282
231
1162
567
266
522
415
146
494
361
514
1376
1489
1474
428
517
555
9
575
525
613
1069
722
170
313
140
404
579
187
212
580
384
371
46
1115
1149
1582
373
216
1214
838
120
706
306
220
1511
1287
120
418
684
258
331
380
836
1585
441
563
395
175
1378
143
598
1582
176
1556
243
429
1150
372
915
90
132
978
1252
1392
465
1130
309
12
135
593
368
1051
185
662
768
321
447
810
370
161
280
77
410
1072
1226
514
417
589
291
1530
1449
295
685
1229
420
209
98
115
208
93
1047
245
1173
48
38
449
47
1338
571
1430
226
527
505
660
1211
720
357
1040
222
830
254
161
282
43
567
1544
660
1064
848
272
233
493
1191
83
438
478
512
28
1183
455
276
124
384
61
458
1583
589
1205
393
142
448
221
506
260
268
422
221
459
1060
376
1078
565
445
47
552
769
106
408
642
543
19
1513
320
377
753
1404
271
1150
493
1495
241
213
238
562
988
361
1273
207
890
569
1453
388
5
74
542
563
372
448
56
186
436
1065
314
417
1520
281
588
169
148
352
6
306
212
276
360
1280
1010
213
1370
572
22
531
25
230
567
264
497
396
224
209
263
577
118
1457
433
58
1169
113
348
163
793
40
1117
1054
646
437
26
384
1170
143
493
370
1388
352
1258
1499
19
348
323
507
595
583
473
125
1564
373
1075
670
357
728
489
503
174
1528
272
1121
1412
547
486
801
332
868
1346
512
291
444
1309
852
1370
77
245
351
748
67
1429
430
1516
592
5
92
1583
1153
1
253
99
297
1482
1594
149
989
194
185
1172
323
1392
180
438
484
412
589
562
490
4
423
583
525
622
446
912
185
149
307
204
810
357
1224
562
1534
566
969
1124
1457
399
1009
280
248
1148
205
221
747
1565
45
562
192
940
1123
1491
362
589
493
551
132
1342
517
1191
1242
197
1009
59
232
162
1102
178
352
237
306
39
1406
62
214
115
93
408
833
257
155
370
164
713
191
1561
691
958
514
1361
20
143
978
39
560
539
634
616
506
895
539
650
60
503
1062
1593
214
533
36
1151
68
298
463
1153
63
569
458
410
215
73
278
542
184
520
1065
1430
4
118
122
9
663
338
427
269
1085
56
256
1482
463
1049
1042
460
1081
12
756
505
789
143
1150
1448
42
173
313
552
215
1289
78
985
364
553
111
1171
407
490
203
96
813
227
571
148
390
301
283
564
516
245
543
419
542
207
416
996
176
591
222
36
387
887
1575
116
560
237
246
1408
162
1449
351
505
488
1302
496
411
402
1029
589
534
464
378
64
528
397
391
1593
296
576
562
207
785
335
262
443
696
381
338
279
143
608
1204
172
260
268
583
64
850
137
282
585
418
958
582
104
235
29
191
134
243
297
188
31
1226
153
501
1539
1476
130
443
105
11
687
566
99
201
462
1417
1172
774
131
501
53
311
1582
23
46
207
608
38
553
493
372
1456
439
291
21
385
411
641
590
805
271
1329
84
568
411
1029
866
305
68
1471
85
1140
1528
830
73
578
430
1448
284
504
287
14
49
441
668
956
368
273
120
351
274
32
150
230
470
163
27
1364
470
1383
293
1332
185
1036
215
768
144
1498
573
359
377
184
405
65
457
90
699
9
1210
936
963
473
652
1089
669
788
1515
683
141
1172
311
658
54
281
175
400
302
225
554
388
108
751
3
223
477
383
255
720
562
507
527
556
1495
508
567
1435
334
996
252
299
1350
116
331
1583
1017
32
542
449
1390
392
278
339
52
140
884
467
390
421
556
81
507
24
519
194
25
202
540
513
98
785
522
1074
569
350
841
1551
329
19
923
963
176
340
298
535
490
193
531
263
33
596
309
60
895
485
410
499
1455
514
332
1382
512
1154
1370
348
16
256
467
1242
909
132
1497
1557
126
942
213
579
188
433
438
134
305
130
32
528
260
111
1501
1343
78
613
954
480
51
110
419
508
850
450
515
1471
510
27
1413
16
1313
333
112
320
250
1157
370
1106
17
224
44
81
805
248
86
355
577
998
116
544
127
1579
931
915
438
1266
378
73
911
144
345
829
40
1305
1245
380
1081
1542
308
512
1539
45
418
176
406
233
31
452
236
250
804
529
11
456
552
393
534
415
87
152
690
1417
440
267
142
1271
139
1540
169
360
92
741
444
1076
958
160
11
1329
55
947
398
585
363
256
814
1022
454
251
1211
19
177
1591
240
923
235
192
534
26
385
491
533
262
157
828
1229
124
245
77
403
151
1554
75
82
258
257
576
840
517
1398
595
405
266
419
419
270
1114
351
48
208
82
60
988
233
329
1546
8
1078
1189
464
86
1455
98
258
130
330
1370
229
207
563
88
348
511
456
233
403
479
496
31
267
870
489
90
87
430
1081
139
379
265
174
434
1434
473
44
230
386
523
257
1334
347
552
523
580
137
483
134
148
522
232
447
1317
437
554
188
299
740
911
232
1593
137
72
130
190
1124
10
277
1134
1587
293
211
1116
1027
480
314
134
1564
451
595
267
1041
188
302
250
560
169
249
648
1074
548
45
1101
207
194
989
561
356
1391
392
249
191
1425
142
67
2
1027
10
260
1415
178
293
1182
240
286
414
433
45
603
29
204
54
412
297
191
950
298
18
72
560
1470
210
213
591
341
560
588
561
488
362
445
225
1256
338
467
820
403
907
151
460
1240
160
427
1124
1535
763
1573
629
362
311
218
231
203
204
479
144
136
121
1039
195
272
250
230
111
377
36
559
262
1269
470
42
414
1339
154
31
591
54
118
444
80
1569
561
735
365
297
1585
98
353
449
790
1382
849
507
446
781
476
314
58
232
353
125
134
451
408
589
127
1565
554
580
144
339
498
48
467
578
201
107
455
1415
478
1534
629
983
311
490
131
308
59
219
298
236
1032
1244
210
459
1540
101
76
439
506
340
343
1419
844
483
365
220
1387
695
501
941
804
348
940
522
224
362
531
63
200
1426
769
1370
1469
381
1063
223
293
102
272
838
142
329
481
1283
345
1194
108
102
383
538
1168
1568
508
112
218
447
143
408
236
329
1260
231
414
248
467
597
129
1100
21
1426
134
0
234
365
327
339
33
47
25
347
680
201
288
1519
1394
531
220
415
769
359
160
249
798
246
1283
66
461
1130
1431
366
120
588
87
431
577
416
191
588
579
12
619
323
192
547
1283
169
709
324
167
22
1265
553
461
83
92
397
119
1124
340
849
369
570
102
81
370
522
130
264
270
53
1060
263
1471
349
111
334
167
238
280
903
390
100
819
569
50
220
1331
605
291
578
32
1195
282
419
219
890
103
1465
205
174
1053
478
536
211
109
276
555
551
1421
7
140
171
558
254
371
646
489
319
564
443
819
1101
116
391
58
226
1151
1362
212
78
19
88
1532
579
541
1070
338
331
300
185
274
787
216
143
379
1146
1300
497
1577
371
84
435
88
165
31
561
1411
167
1062
35
1294
1507
359
291
210
62
567
453
369
293
386
549
516
559
432
701
158
227
290
381
261
304
530
1216
154
222
241
1392
1415
231
1482
392
1217
590
720
412
1044
57
497
287
246
140
604
386
140
48
745
124
110
315
156
800
391
447
1200
399
1447
189
173
453
750
377
512
352
523
7
61
21
23
296
320
236
132
1173
325
396
1469
1556
216
329
251
796
54
82
120
477
1241
395
509
1096
1512
220
77
1131
1500
1189
1327
399
294
1423
1594
888
1256
1323
266
31
379
134
234
1496
1257
379
848
469
1424
24
331
209
316
580
228
183
205
829
510
897
475
1054
72
481
344
1559
423
443
212
29
45
142
217
543
247
481
519
363
126
61
725
192
552
140
351
1533
314
970
867
538
71
1229
1380
542
286
1585
190
419
1456
593
1433
84
502
1295
1304
255
173
1431
911
553
764
469
420
217
1464
380
345
353
298
771
115
361
69
1060
135
1477
1510
416
340
1253
156
147
1282
155
535
551
657
183
347
1393
566
230
1310
44
92
1235
532
124
1423
115
1177
137
563
40
54
371
379
866
1007
505
1239
1028
213
1183
545
249
309
284
86
554
327
198
429
103
197
508
514
1212
137
119
458
562
569
736
277
328
396
1130
175
965
412
347
344
526
318
499
1381
1313
1147
135
428
383
1202
383
584
812
240
566
252
41
392
1
1439
288
345
526
230
173
479
66
490
896
301
234
48
519
1517
489
191
390
1067
571
200
290
164
931
288
909
400
559
1591
399
203
95
558
8
430
292
1556
285
621
398
394
279
817
83
1496
88
1260
1305
315
810
220
1471
259
374
253
344
1528
482
1520
589
1390
113
299
974
257
339
481
84
885
875
869
1249
166
286
333
333
128
373
1310
76
48
238
1057
852
568
376
59
26
596
3
224
187
402
356
833
1092
314
307
464
22
1494
33
345
1229
507
173
139
1391
393
180
1444
534
255
563
417
290
411
544
1074
5
301
74
1575
564
608
352
67
998
908
247
370
1328
200
1339
321
605
265
144
156
548
784
223
1
716
1511
33
1285
1528
205
196
96
1050
12
544
1070
1581
586
998
676
442
1395
48
464
614
133
364
1420
810
90
209
1063
568
551
406
778
1450
105
425
89
183
1
323
51
937
146
389
591
113
650
239
555
44
454
321
341
1133
158
1269
386
502
243
245
317
350
1363
636
566
435
1297
133
382
484
31
1253
653
1077
1014
331
371
286
1497
982
155
1128
987
385
571
193
1542
70
1213
102
316
112
899
7
491
193
1591
329
402
947
193
750
64
122
255
244
332
883
307
299
23
1591
291
1028
85
356
481
386
426
890
15
88
99
511
91
201
112
821
107
426
523
569
560
1111
227
101
95
27
145
543
310
573
381
151
65
188
1040
1061
1090
595
34
268
676
1124
571
799
448
371
411
589
96
148
179
87
186
80
1371
71
294
198
228
219
1099
1433
55
183
334
299
272
93
368
226
777
289
1569
1544
307
276
405
166
346
237
1217
252
903
373
382
194
242
367
5
95
169
437
1328
221
537
579
237
1582
195
216
521
253
552
1437
22
151
392
499
459
259
394
91
458
9
103
335
421
661
1457
32
452
556
323
351
53
520
280
265
1152
165
1203
503
283
560
545
579
163
386
499
289
200
391
502
1245
322
358
1437
751
1408
1584
261
84
172
733
1473
1310
258
527
323
555
286
1473
161
501
397
1137
603
748
315
250
142
407
223
120
84
97
418
26
1272
326
497
506
74
1250
874
479
564
132
160
114
203
1302
1284
657
293
971
16
1037
1167
124
291
182
668
67
287
182
679
248
218
543
286
1172
103
1249
1066
755
788
246
309
35
775
505
59
327
177
194
371
128
258
762
276
638
460
77
898
1510
560
1437
422
840
827
366
983
1589
1559
1046
526
146
977
228
108
416
126
544
199
506
1390
506
254
224
544
244
201
129
215
429
125
643
368
462
590
499
402
1178
1514
908
98
528
880
46
88
66
500
567
925
1231
408
156
509
662
1072
47
1551
442
494
68
551
559
452
428
1139
443
750
1280
704
395
892
165
546
174
1330
483
886
494
48
688
203
24
387
174
555
383
1417
423
176
286
246
1320
278
999
7
227
1317
71
2
77
430
10
65
307
658
555
97
1424
224
1524
1102
461
150
26
319
319
321
1464
671
565
1129
1284
954
97
587
528
147
121
448
196
53
324
1316
280
452
464
465
265
424
726
298
362
1517
230
282
319
312
497
72
1324
30
1541
483
160
920
274
1101
22
1483
1446
539
351
732
253
300
110
154
1490
987
451
302
443
345
912
1569
540
95
524
1253
195
498
431
70
1346
543
708
1383
232
618
575
447
446
402
1074
217
734
352
855
146
500
265
140
34
270
54
1553
88
339
1571
1176
1077
576
644
447
1402
12
384
269
173
1427
501
1033
396
240
208
1455
21
416
593
151
208
145
186
337
175
558
466
1527
70
223
507
95
12
123
249
304
263
1400
367
1591
354
190
481
945
39
427
218
74
393
199
205
361
135
14
77
413
621
1016
282
428
182
131
1019
228
414
584
519
923
209
14
484
146
86
394
475
492
1260
980
578
529
266
1217
495
992
214
810
309
476
388
1595
468
1129
331
237
899
134
307
1554
1556
1470
337
366
1013
981
1092
352
778
267
216
1564
125
1360
557
487
581
194
105
379
390
547
98
289
432
163
148
507
1218
1575
1474
440
860
484
78
1534
1255
510
5
1535
566
1549
15
683
378
26
182
567
58
282
585
144
169
277
208
986
235
563
1276
646
401
396
214
1404
799
343
279
158
154
145
496
383
64
976
225
462
19
486
1144
499
6
627
39
710
463
252
526
805
291
516
465
547
239
22
1523
354
383
312
1097
1069
443
1042
324
1053
293
297
150
278
539
272
456
195
1429
466
382
583
208
437
837
342
594
471
420
1550
307
470
352
298
1303
544
218
81
1138
271
54
298
555
627
536
402
465
381
338
573
151
536
99
458
1019
1391
16
88
669
464
78
304
1522
547
382
104
541
154
552
504
1523
561
154
1557
1179
1211
53
1559
470
568
1159
500
34
193
172
1285
51
284
977
345
335
1556
369
816
354
49
140
272
1575
995
301
29
279
498
1280
208
508
533
260
1031
253
168
432
306
448
202
234
302
923
579
83
13
1512
78
64
279
197
347
1592
565
372
224
88
119
227
542
969
68
299
786
930
462
268
861
352
589
1171
678
514
517
108
709
353
461
273
166
450
283
595
898
205
373
148
591
499
177
642
90
465
260
306
43
475
60
390
186
562
678
31
133
119
11
802
289
272
429
345
133
246
1329
1413
1410
238
207
207
900
261
182
1225
352
1552
450
214
1324
584
88
1200
344
478
589
337
412
436
387
588
1550
219
561
527
456
1219
1388
315
398
936
1418
1409
47
351
861
214
238
8
1312
570
75
184
486
1028
314
215
370
1253
102
297
584
301
352
1138
555
355
452
202
148
416
1467
1
80
22
123
873
586
206
84
1125
1406
583
88
1584
921
397
1021
1440
81
1018
1164
1246
1439
1201
1442
174
583
4
517
367
284
567
430
100
1224
315
402
238
40
380
344
392
18
508
425
786
555
1337
683
469
708
875
425
324
183
75
259
462
1235
521
386
1088
885
234
576
396
101
114
551
269
424
305
199
461
1552
111
208
753
259
298
23
89
549
44
795
361
76
154
468
518
476
387
450
250
818
324
33
167
243
380
21
521
58
1102
873
293
341
517
528
1270
700
470
258
955
313
272
581
372
120
397
136
369
109
532
210
297
274
910
434
1191
461
104
300
465
399
327
422
1339
251
487
1183
768
299
286
648
504
1501
924
488
411
576
1261
99
412
538
167
1095
241
881
141
420
532
223
132
1423
493
1058
1520
529
137
534
1265
146
784
73
15
1232
935
523
197
337
44
1340
1430
1294
429
386
209
539
364
1386
306
16
1477
369
417
537
244
100
1507
1448
436
533
214
4
8
1066
1586
411
456
1120
494
1432
356
895
1477
346
13
296
434
999
104
538
109
365
589
547
1554
483
507
1249
465
391
687
316
335
295
22
495
544
882
318
97
55
236
240
109
1421
453
582
1553
1120
74
1272
1001
143
529
76
640
1291
95
212
544
818
384
416
1519
65
536
393
927
414
526
1034
279
1416
32
1027
450
924
452
482
309
427
414
868
26
387
74
1167
1337
823
474
594
232
415
591
1442
565
563
2
577
457
858
1191
140
371
151
1524
802
195
931
124
453
39
1585
66
114
278
1249
1133
701
235
169
1527
58
620
428
1549
568
567
369
597
79
862
552
1154
421
479
1495
93
1407
493
1209
87
535
446
1094
219
257
724
800
450
183
1267
858
1288
1009
349
592
430
571
55
950
760
573
162
577
530
1596
148
548
198
247
235
751
1196
348
137
495
330
201
597
457
163
555
660
1169
481
556
591
1316
640
1198
116
417
420
1167
912
387
513
642
97
1245
970
205
54
300
88
43
97
1148
1134
192
391
701
590
26
464
812
189
7
559
443
592
411
255
346
244
400
485
461
564
376
1316
16
76
317
640
322
558
465
310
290
59
230
1435
533
79
203
358
316
1582
829
1176
68
46
753
835
1086
761
477
515
1275
1526
316
166
128
663
118
1432
870
1379
722
307
450
960
239
704
1049
713
523
663
1148
364
109
354
1591
1416
347
422
1128
455
1047
125
387
1029
475
106
419
75
1154
261
771
385
619
991
96
1228
1148
250
385
480
360
253
1522
770
309
224
283
668
1419
501
31
397
113
230
66
40
142
429
117
468
1233
1133
529
1563
197
394
223
55
797
734
114
539
445
633
345
371
844
585
1223
244
4
329
44
1372
177
198
397
345
245
558
20
1579
505
419
418
1112
237
141
1026
44
143
1575
1112
995
393
506
616
580
161
544
1270
207
1179
408
257
15
42
436
1239
448
1211
149
50
114
420
1443
1006
957
177
83
273
1076
438
902
18
114
1560
414
1056
92
1431
216
335
269
745
693
233
75
833
748
121
115
411
75
127
219
122
227
1
257
506
102
1291
746
329
136
1032
271
630
884
1556
497
14
737
106
802
1257
967
367
68
289
382
1055
308
1536
309
239
736
163
709
373
1178
291
1473
293
179
427
273
54
257
191
325
120
218
291
190
442
43
331
241
77
6
483
758
1074
418
381
311
588
547
545
1524
323
279
1513
356
166
233
1109
70
347
78
134
16
1495
362
337
538
162
88
108
38
54
234
427
392
545
1115
162
880
201
275
467
91
935
399
385
593
117
689
422
86
1417
293
1372
396
58
1468
1185
241
646
1593
107
334
199
1558
732
1146
112
161
246
499
1254
1030
597
519
121
986
67
1310
2
272
928
391
924
219
389
209
241
489
278
132
401
304
209
514
211
1441
183
15
890
1587
14
173
890
302
1582
361
502
947
1066
257
256
532
336
524
1110
1513
124
100
281
303
106
500
368
531
488
161
177
1361
848
2
24
1384
122
317
482
394
11
888
1170
1445
365
338
332
954
79
1444
39
160
564
58
929
1457
1208
616
621
239
59
159
163
312
114
1061
379
341
49
17
314
432
182
450
167
398
214
152
179
323
414
440
125
298
82
240
1062
576
500
510
753
1456
1087
353
276
99
488
475
550
533
294
1350
217
548
432
759
477
353
634
1212
622
46
405
511
511
1470
558
213
1351
210
587
469
423
568
560
460
521
573
148
97
185
181
188
329
526
337
460
740
590
532
572
1000
515
684
637
303
1218
499
171
761
6
808
1337
598
170
510
506
741
196
433
1299
550
427
311
952
1098
126
1048
1156
459
143
1355
1031
21
444
11
1527
305
294
1549
284
178
286
1113
140
661
539
128
285
1449
982
62
527
636
1103
419
468
450
186
385
929
111
326
516
776
422
138
372
225
414
294
13
978
757
1288
166
76
970
533
376
451
1296
1218
478
44
88
20
33
1041
316
580
1467
354
1154
111
893
1507
268
565
544
1468
292
409
359
539
42
253
509
1325
446
528
390
720
1297
443
100
420
593
485
534
584
25
752
587
106
1314
589
876
210
1339
1204
1411
51
1126
318
529
518
106
367
487
312
113
58
358
167
449
494
349
127
366
464
1388
543
865
270
98
288
420
70
361
1118
292
741
154
1071
617
259
205
286
1133
487
731
649
21
787
5
374
119
707
550
1275
503
65
130
931
15
481
540
156
169
414
1098
1309
426
550
522
1293
64
1085
288
469
787
740
209
122
151
158
61
1517
287
507
277
499
1061
729
457
17
286
9
564
521
90
131
364
124
598
1274
538
193
552
1011
225
187
31
1154
1231
1580
177
183
410
535
736
301
165
192
135
176
135
90
1205
411
365
576
1570
1481
465
279
1423
548
980
176
169
484
535
548
372
469
343
1425
655
893
173
388
567
613
343
1326
597
1076
241
229
461
1365
1403
558
1203
1533
1276
1382
463
177
211
1233
170
429
927
636
771
43
128
125
355
403
600
631
418
542
245
352
1231
203
1390
152
392
526
317
507
602
1585
1286
528
69
392
554
324
754
1018
212
477
1
92
713
218
1285
499
1387
1294
1107
485
227
159
316
185
343
320
961
216
1112
620
350
457
97
213
490
501
158
524
281
622
738
664
84
216
346
94
1519
764
58
293
252
1135
461
1308
956
123
587
478
1269
157
457
190
559
476
64
285
596
69
10
560
1006
214
287
499
79
902
546
945
164
263
1105
173
325
433
213
1031
1229
621
1528
56
440
213
45
781
952
434
22
462
804
1551
658
317
84
266
768
1587
1115
1114
478
682
265
314
245
89
592
795
771
515
438
532
1487
501
543
380
270
313
462
1397
503
38
413
1216
619
1168
628
97
1195
951
533
518
1537
146
64
468
424
602
224
91
58
333
166
1099
291
298
587
324
785
34
1570
85
70
891
318
498
419
491
291
564
1328
151
1594
1597
335
305
308
331
272
1417
653
1189
538
422
718
814
1464
730
395
181
193
832
429
1368
279
168
1263
446
1459
1567
427
586
1228
142
170
149
281
108
800
535
1462
1330
33
508
146
447
301
114
481
26
370
1451
258
15
775
589
1238
68
57
183
125
383
935
576
698
221
853
118
274
266
343
394
1212
144
543
1478
181
578
683
574
149
780
1508
301
301
210
1595
68
1037
555
541
597
571
1325
472
74
1416
82
540
1556
593
664
824
16
168
304
387
320
287
1557
161
52
35
397
922
443
591
279
1182
473
38
216
457
152
569
16
600
763
1071
350
533
1397
341
1260
363
705
876
1102
691
325
955
559
714
1165
297
354
1147
140
615
1215
47
419
249
746
259
428
1145
1345
390
576
622
369
296
1394
104
45
398
725
330
79
452
69
194
120
59
902
280
1495
195
1193
382
337
467
128
166
126
4
92
1042
371
386
403
52
29
358
273
1173
468
1247
82
1477
326
157
67
508
827
193
878
283
441
279
1580
1154
201
496
188
425
1020
1394
1519
376
351
514
1509
967
906
728
159
65
436
177
595
815
434
844
356
1166
188
408
1190
176
431
1326
1394
448
640
756
299
443
623
357
77
747
537
496
159
50
450
1034
447
98
1122
746
1518
231
396
1146
206
397
149
297
406
569
332
351
422
155
299
760
655
456
38
206
305
454
442
373
444
14
539
475
447
413
1346
555
532
447
1586
274
383
462
563
69
1013
177
81
521
761
441
848
150
23
299
618
38
118
245
49
390
400
95
1231
250
514
141
41
279
320
920
145
1005
544
340
1225
212
1124
362
550
398
426
175
328
636
1243
117
172
522
1149
1534
1532
224
1194
354
404
12
501
306
850
580
306
401
176
29
27
179
528
1043
366
50
568
987
831
248
480
307
897
1504
526
751
500
507
154
202
353
148
15
1565
258
1567
367
919
27
579
254
181
964
844
409
775
501
6
44
219
548
149
81
152
444
471
529
941
1362
558
434
130
143
446
4
236
12
586
247
431
184
501
93
1526
242
118
528
68
870
1353
42
434
271
267
602
297
256
443
124
877
528
489
301
309
1468
669
926
560
208
159
217
489
1134
137
386
254
41
760
1408
803
460
610
189
295
1443
460
645
45
115
482
289
992
418
121
710
102
945
319
408
392
553
862
228
1504
349
256
408
54
749
1221
608
133
585
522
476
193
342
555
677
7
1371
75
335
1469
201
1573
1273
209
284
545
526
494
126
321
367
1166
1414
41
391
537
560
113
1517
523
757
1022
1326
995
301
885
1515
386
462
14
319
1077
387
857
1025
1197
45
112
569
5
77
574
428
234
508
1492
386
1596
1514
382
448
446
348
6
232
1438
450
167
542
1022
657
1017
1048
382
1374
338
911
391
397
260
284
338
475
376
1116
1109
167
444
248
118
1534
463
209
366
814
270
414
548
324
671
594
344
576
1162
454
231
112
429
458
900
490
88
989
545
1239
190
390
545
1491
506
424
1135
294
158
461
996
317
68
247
248
231
1398
212
205
1246
1083
1284
629
1373
239
500
479
304
466
205
352
1291
128
448
79
112
471
659
164
112
465
515
569
652
1359
480
317
397
1195
739
331
417
20
103
752
253
145
422
116
15
714
578
1445
502
833
1125
942
169
334
528
1332
1377
339
577
1324
1591
541
59
431
238
58
185
307
1378
905
597
877
328
1059
211
178
955
852
308
466
413
744
450
357
1245
423
5
469
283
819
482
370
529
53
385
677
302
1554
260
214
22
226
120
1061
398
518
169
42
30
711
1103
323
1451
18
1284
1447
176
27
326
524
590
549
95
433
382
484
467
538
215
1404
1250
565
282
280
991
131
10
125
481
1526
451
166
827
1169
933
159
880
1418
87
121
188
1004
332
196
562
12
343
1442
876
315
17
439
1517
1541
315
41
486
372
398
74
446
969
1257
116
298
1312
315
530
292
151
401
979
463
522
451
65
588
668
638
1226
221
103
106
62
181
90
565
310
1
472
527
304
825
378
238
240
150
69
10
170
185
723
417
1032
1363
465
450
427
1153
661
543
91
348
396
517
354
447
527
389
378
117
91
372
888
523
252
219
219
133
149
227
738
702
96
1339
207
425
947
317
1484
319
256
1216
44
682
293
1368
177
51
561
1444
951
45
408
1133
167
586
142
1579
593
548
1484
74
717
141
175
256
413
150
473
380
749
148
376
438
1334
106
87
336
155
228
47
106
380
60
1411
1139
99
193
1597
1171
298
183
163
368
277
303
115
1121
483
74
142
1092
357
1172
1199
1448
107
50
1360
58
381
1
448
1122
86
769
613
339
283
307
457
261
1163
665
371
1293
424
275
216
245
1293
218
1113
12
1366
261
78
1103
1188
447
503
850
459
852
514
500
549
51
138
1163
528
178
126
314
458
905
1064
633
218
36
287
226
22
49
980
147
495
70
281
1198
280
8
349
347
1325
950
889
562
388
174
618
1572
585
752
1317
277
211
283
263
588
616
716
288
999
363
132
516
330
558
1202
520
129
1501
754
525
402
455
630
860
1076
293
1296
1228
1097
1247
75
350
597
1315
290
636
83
256
302
235
257
8
321
1432
1464
143
1151
1579
555
930
738
152
28
357
1356
377
41
1516
613
960
305
252
1075
317
31
539
543
1323
495
175
231
1322
596
538
145
1258
227
1014
634
158
295
512
320
196
372
814
231
1414
766
335
44
260
91
21
164
508
129
1023
122
428
547
161
17
207
954
494
527
412
1016
1112
300
55
453
398
369
1526
366
578
276
150
626
376
159
94
595
99
247
271
216
1178
754
871
28
717
442
565
1042
99
47
218
614
422
904
1215
446
1286
594
265
322
1287
1526
738
314
251
263
110
54
210
418
1501
1181
449
267
332
1186
428
327
18
348
212
48
356
335
403
190
123
1089
1461
211
409
82
274
1394
548
280
302
1163
562
967
137
867
482
236
535
1151
1479
1006
333
98
384
426
337
39
538
144
36
157
103
1109
254
163
271
29
415
304
1417
1285
1033
587
527
27
107
823
346
564
264
764
518
537
557
573
452
89
1235
75
527
160
1156
250
582
211
1503
1333
1234
907
774
501
88
460
393
198
716
1167
573
760
520
78
59
1490
304
123
1411
79
142
306
465
413
57
266
389
102
1093
813
362
1448
673
857
186
378
682
851
538
419
499
133
212
142
546
247
397
23
157
1410
593
482
348
1398
333
1145
474
447
316
300
1065
144
858
1541
1451
419
748
602
313
598
100
46
35
47
87
35
65
83
87
28
57
11
0
40
55
27
38
65
10
87
38
98
67
18
62
47
96
96
29
61
22
58
10
87
30
6
6
23
38
95
39
42
17
18
82
86
64
46
34
23
57
51
31
74
26
41
6
87
42
1
12
45
20
32
8
6
49
52
19
77
61
57
59
96
2
44
80
17
65
41
72
9
85
6
57
3
78
32
36
20
15
42
5
15
9
0
2
16
56
35
23
46
3
6
20
69
95
86
49
52
54
11
35
40
35
10
47
94
70
67
49
86
10
0
27
27
86
45
40
25
2
28
88
19
91
32
70
6
34
65
69
7
97
52
80
51
31
85
57
49
27
34
97
62
29
51
74
86
61
47
94
32
37
82
7
18
62
46
5
23
22
72
92
45
9
88
87
31
89
96
55
82
12
78
7
40
35
22
70
2
6
87
31
29
67
14
1
8
74
5
16
1315
false
false
false
false
false
false
false
false
false
false
false
false
false
false
false
false
false
false
false
false
false
false
false
false
false
false
false
false
false
false
false
false
false
false
false
false
false
false
false
false
false
false
false
false
false
false
false
false
false
false
false
false
false
false
false
false
false
false
false
false
false
false
false
false
false
false
false
false
false
false
false
false
false
false
false
false
false
false
false
false
false
false
false
false
false
false
false
false
false
false
false
false
false
false
false
false
false
false
false
false
