100
342
909
282
163
212
158
234
26
81
75
174
24
196
664
359
199
93
305
308
206
18
109
267
617
120
1
515
210
286
137
272
345
1304
495
5
274
646
1094
63
926
202
71
200
16
177
134
391
29
144
199
174
139
1111
155
866
307
16
959
86
82
241
227
99
194
733
95
660
58
66
19
1192
59
33
38
111
785
102
281
1312
269
703
165
593
199
760
35
189
47
988
1133
8
135
111
72
221
244
557
517
83
287
1138
134
601
304
44
61
119
198
245
107
1210
249
281
284
167
110
233
162
427
310
1270
186
1049
313
157
96
1003
168
831
906
715
413
102
115
187
987
1044
61
223
160
28
100
128
142
1035
178
210
23
273
278
57
46
547
83
151
1154
1294
173
293
287
6
1067
105
325
72
248
272
1248
546
718
235
31
141
288
358
178
62
888
276
868
119
213
200
264
94
1130
295
216
282
1222
133
240
60
81
300
177
151
146
333
304
1027
144
215
278
918
842
297
1296
289
14
1244
24
41
166
148
124
232
256
310
646
170
754
257
133
16
152
69
910
792
1
196
232
67
314
296
839
146
538
21
189
184
607
118
185
248
343
251
151
113
167
1223
525
147
241
128
223
1313
182
111
55
47
89
190
149
24
173
309
236
88
57
232
49
12
85
307
814
918
988
280
81
250
113
98
809
172
706
31
233
207
80
1231
95
228
260
1311
154
1230
22
240
75
269
1241
1215
296
407
158
247
664
1070
252
1004
128
214
118
449
162
794
229
11
553
50
288
184
83
281
143
140
1232
280
0
225
299
115
1169
99
202
193
781
220
34
237
588
250
746
97
256
269
55
29
760
417
1056
275
154
719
56
199
75
849
13
1063
23
68
557
476
173
200
161
206
345
256
244
794
230
268
517
440
743
275
296
291
18
616
197
186
411
882
89
797
308
1215
228
1224
279
771
1193
767
203
24
617
132
889
335
156
366
579
313
212
1082
624
652
91
245
34
27
215
218
70
188
168
165
295
56
202
771
134
143
208
1017
163
51
949
121
125
268
749
103
710
651
20
281
217
1222
130
21
193
25
536
612
92
934
237
739
35
653
87
16
36
351
19
138
577
81
78
120
1003
161
79
275
90
178
1185
590
630
23
156
243
148
296
50
79
622
232
14
96
59
235
458
275
216
108
37
265
6
972
182
490
302
234
184
626
971
1227
278
496
370
287
594
4
777
16
1173
5
188
136
102
802
747
143
9
224
271
51
174
1222
84
223
295
849
146
155
4
289
445
176
144
581
80
54
270
241
212
114
12
248
898
679
300
274
1229
310
107
124
71
6
224
355
58
116
195
802
25
751
192
280
136
80
230
244
120
106
23
87
842
1070
286
3
176
11
580
257
606
43
75
1100
81
123
210
750
88
201
869
113
282
258
64
93
31
123
0
558
299
1015
8
109
1154
385
228
945
200
51
44
152
196
273
278
863
276
89
42
1064
93
1078
32
685
104
1174
247
1300
38
108
54
410
17
692
1288
530
116
288
971
845
1123
977
1079
86
159
182
239
312
262
256
293
190
51
62
905
287
287
70
170
0
269
6
99
101
44
30
83
45
180
287
279
248
168
12
116
40
479
117
213
87
200
676
975
679
280
267
67
706
1144
199
216
724
17
22
223
165
913
129
194
268
1215
223
185
1221
268
28
753
71
479
286
339
190
121
250
225
797
601
255
91
70
100
182
391
220
312
86
678
455
189
40
170
249
830
72
350
146
493
1293
171
145
81
1105
1293
254
980
194
235
271
475
513
1175
212
1276
118
76
887
903
9
261
31
1016
194
55
215
1044
290
57
239
7
100
238
1018
573
68
337
123
15
978
177
268
309
184
310
1046
314
73
264
136
18
142
204
304
125
201
311
290
218
205
214
88
114
265
4
249
247
271
204
401
82
224
191
90
822
180
221
283
182
6
263
194
23
278
960
348
106
641
769
193
815
282
368
306
210
1203
543
309
522
37
268
288
171
942
875
669
311
519
295
294
368
61
112
138
32
585
11
185
1282
495
1059
839
153
131
109
796
1064
47
243
202
170
303
69
278
41
46
56
252
267
293
89
23
4
120
336
193
287
853
16
24
17
220
312
13
26
321
540
60
265
856
87
1141
87
715
84
5
16
304
204
1273
1105
2
168
165
237
482
588
146
773
345
1136
232
41
214
350
230
341
203
88
138
24
738
308
92
1314
76
868
599
19
231
71
162
166
288
197
139
1300
398
614
1152
0
247
65
367
109
165
286
291
180
101
192
245
92
228
359
638
351
644
514
727
147
1156
134
296
464
181
139
312
271
223
829
237
144
707
177
162
137
839
92
983
52
1231
494
153
178
174
187
585
198
5
244
176
267
1243
19
200
51
147
1126
6
554
29
280
66
234
238
847
67
136
104
69
579
276
177
7
200
93
157
193
570
201
473
938
50
371
1167
17
241
5
211
28
107
6
1102
708
4
129
95
165
258
115
614
71
126
1018
26
34
522
248
407
196
179
683
306
348
269
195
266
72
1071
268
695
484
178
18
100
230
203
166
719
1220
138
255
93
457
252
144
210
871
234
799
225
147
3
179
211
210
231
250
239
818
194
251
1004
1305
646
178
9
186
177
302
815
291
151
124
297
227
32
265
43
231
253
668
134
196
279
569
964
121
147
18
510
879
264
239
134
768
166
15
169
223
327
767
456
895
583
747
223
1171
1143
343
208
797
101
16
37
33
277
94
632
333
283
267
153
657
274
814
89
164
506
558
23
144
578
85
857
169
624
26
122
373
177
165
24
127
925
214
37
101
223
326
902
95
227
92
303
514
160
187
1030
1251
195
69
243
283
160
1275
110
1209
963
1
238
222
313
154
83
104
56
214
93
1062
191
134
193
197
96
11
598
294
120
107
398
535
159
117
90
109
267
118
145
305
23
104
193
1009
184
770
255
350
414
227
7
227
129
253
112
516
173
301
274
145
225
460
186
159
124
139
940
202
140
24
183
183
306
54
90
619
60
200
269
877
290
1148
374
265
258
250
65
14
284
494
835
21
1294
188
68
258
1314
47
1243
298
118
138
180
48
886
256
22
763
12
1258
748
114
930
312
879
166
159
235
714
1274
356
200
312
213
5
249
61
102
56
493
198
253
109
16
101
126
292
16
1201
377
300
409
557
207
141
261
16
305
119
239
0
82
147
132
97
376
217
1182
1113
855
34
618
148
1156
551
310
270
61
292
152
3
273
73
800
280
482
52
10
157
257
908
410
20
22
1278
111
76
674
1260
77
347
78
207
207
189
143
256
1239
136
869
142
1140
185
142
86
96
1018
210
118
3
80
726
1229
962
334
158
70
487
492
57
132
411
295
167
1220
122
101
240
195
478
144
79
38
1114
207
177
274
182
37
247
126
342
253
37
220
1209
94
719
257
252
972
278
287
295
89
31
197
97
68
1254
975
107
1184
104
663
98
183
55
196
35
257
109
53
563
915
1213
202
439
198
847
105
922
49
1130
179
262
97
167
1197
871
194
9
192
100
42
1037
95
1303
1017
585
134
265
146
241
112
105
37
272
72
806
247
242
488
262
578
231
86
72
35
171
885
710
310
63
1008
150
116
23
1225
528
6
93
912
701
192
214
283
1232
269
331
482
620
290
174
289
159
150
9
125
183
777
104
246
279
377
201
79
71
1105
247
10
155
276
2
218
244
25
78
482
191
1063
202
235
224
186
164
52
102
1194
68
312
56
236
295
1189
91
769
302
95
254
1178
117
287
1267
645
432
1185
72
309
214
137
52
370
306
115
124
959
1173
566
1065
593
198
979
498
56
749
305
43
311
234
267
802
240
1111
538
235
111
96
236
43
121
99
148
0
362
212
379
136
589
180
91
314
217
373
140
76
805
248
1112
110
261
76
300
895
9
209
71
989
205
266
39
290
162
552
779
398
270
355
1081
179
256
144
71
248
78
266
277
19
1278
71
152
184
983
232
438
491
219
178
173
313
770
161
580
140
260
291
175
46
535
1113
133
221
166
133
216
293
0
187
99
1064
82
2
58
34
84
134
226
927
397
97
979
102
0
1123
242
1155
314
1152
253
878
1036
1164
161
69
652
365
290
483
1291
1196
223
76
25
275
275
171
793
307
29
100
64
116
828
78
124
490
184
582
793
134
306
209
902
162
152
34
556
731
57
130
75
136
706
240
1145
62
526
293
215
337
36
144
108
429
69
941
196
82
771
191
120
181
99
104
217
277
308
141
230
279
115
1182
828
525
97
300
620
50
293
132
263
1
4
235
218
82
556
1150
191
736
10
216
107
241
259
722
18
212
79
171
928
126
391
115
186
287
120
115
82
934
43
670
162
144
230
68
171
155
197
963
177
143
78
62
45
85
506
291
274
51
1038
250
33
3
312
270
223
13
245
12
163
210
246
229
57
5
40
26
882
9
19
931
243
565
230
101
422
187
39
193
876
218
23
75
566
171
405
905
49
944
76
930
125
504
24
289
453
235
69
57
53
102
265
1135
1170
464
267
295
475
150
234
270
246
194
146
918
890
236
175
109
637
35
91
1150
1069
258
97
242
952
115
58
279
121
125
581
124
197
249
13
1108
1040
1137
186
86
371
619
470
455
237
206
469
230
15
337
110
498
306
135
1173
210
91
289
199
154
595
10
233
64
40
306
587
64
170
172
124
170
103
14
172
560
137
708
85
1237
103
146
199
1150
280
1148
92
490
120
177
357
697
219
38
255
210
299
34
181
174
120
783
585
264
171
593
275
264
168
903
1151
950
1128
94
938
286
1303
190
3
116
990
69
253
252
202
1087
94
285
988
225
814
242
137
141
37
289
113
1149
1202
272
992
232
253
278
151
64
121
231
48
1255
173
1150
275
56
1023
865
737
122
20
752
1114
627
124
308
229
218
160
1179
178
28
72
158
1183
36
1229
1162
5
1111
199
134
6
90
253
314
423
177
1258
60
199
500
1220
269
980
131
747
158
236
28
204
176
142
6
384
245
53
402
65
162
877
213
273
209
203
1160
1013
785
121
328
72
131
294
321
732
263
314
208
759
199
103
267
591
112
183
1266
171
207
191
263
1212
274
150
193
1217
52
237
201
2
448
291
1064
1020
312
266
1255
1263
130
203
252
150
6
887
100
180
221
492
1004
1201
13
203
302
34
225
226
113
284
1068
243
224
277
113
410
1261
531
244
594
1191
296
693
800
120
1124
24
11
194
358
238
114
136
138
642
1145
64
1286
693
240
257
26
187
185
174
205
168
254
1223
657
506
42
1033
214
381
765
55
155
43
43
1127
1109
230
252
138
290
179
659
402
77
274
616
30
65
1301
236
454
173
323
424
165
199
1056
241
444
308
289
227
475
627
267
816
208
69
89
642
27
848
1101
95
252
1243
1213
100
208
6
622
81
94
186
312
245
309
193
188
1134
204
61
251
252
211
177
297
1013
62
836
192
71
1
81
109
207
1028
142
189
307
183
98
23
47
867
1009
257
204
101
251
24
565
177
30
231
180
123
102
206
2
534
379
206
290
178
162
227
997
1088
64
1259
494
214
978
276
270
967
149
120
158
285
1266
726
702
1064
113
77
107
791
113
613
103
699
297
55
300
128
266
1283
182
236
1
131
468
2
171
160
15
1118
154
758
541
228
1048
386
162
1018
593
724
1101
229
1033
520
268
307
873
414
712
906
156
543
1263
276
110
273
193
238
733
166
112
0
607
994
303
86
189
798
1264
84
577
28
1269
253
276
482
282
572
377
311
296
62
148
56
217
136
1020
59
243
698
129
116
67
464
279
262
20
229
46
201
235
15
45
379
699
139
527
79
155
213
98
509
272
48
313
245
235
741
1184
474
314
1251
252
63
61
105
245
325
373
784
191
612
198
3
34
50
677
63
118
162
307
126
1063
246
1247
184
265
2
1075
505
390
66
602
530
101
223
267
207
191
828
279
60
305
29
377
278
0
33
292
236
211
202
836
263
255
219
720
721
176
675
143
35
734
176
10
3
1010
690
202
406
512
219
28
328
114
250
709
323
277
845
252
703
243
226
179
1095
281
651
121
40
1194
113
290
241
106
201
41
131
119
237
989
245
831
16
855
170
38
322
19
115
40
245
284
1184
313
1297
217
792
121
197
286
295
238
258
84
311
202
57
100
118
142
173
233
196
213
162
275
1151
117
340
284
262
869
737
187
309
126
858
113
97
270
61
863
243
85
65
63
274
179
57
284
902
103
124
51
183
541
114
1053
65
91
294
381
35
273
189
1157
246
237
930
26
143
788
40
277
116
415
265
91
23
699
47
85
1146
817
79
158
289
110
1100
1203
108
40
510
34
143
403
239
699
176
1239
244
1096
765
20
248
842
101
314
673
287
283
545
306
197
730
41
130
165
1079
267
1217
190
221
12
164
467
255
301
310
274
101
185
1136
1037
104
161
67
145
26
417
198
69
1231
113
132
224
205
199
113
72
160
221
1145
119
12
286
283
3
961
83
42
229
778
187
244
63
302
904
640
224
37
688
278
281
172
1260
308
291
249
98
307
274
497
139
276
1288
210
243
1029
165
414
286
251
295
333
106
934
1127
9
293
82
134
30
190
256
230
266
1290
50
806
140
39
131
889
613
141
636
128
227
28
132
267
781
50
128
1193
1285
97
171
271
107
107
174
205
83
126
266
50
192
165
39
107
81
589
26
1176
198
272
1263
1
680
32
1059
606
49
236
55
240
1291
135
312
253
60
988
800
76
135
629
885
143
204
78
64
236
17
147
40
241
145
124
262
93
111
109
219
278
233
75
7
199
115
137
253
204
99
520
282
708
227
202
279
138
269
233
38
298
36
423
8
447
1145
83
145
174
264
255
20
883
130
1035
204
34
82
257
175
250
1299
234
290
1092
187
806
118
1257
257
52
901
82
91
733
78
195
53
61
382
527
1043
4
206
115
196
29
884
117
895
118
307
1301
260
264
83
1097
305
901
879
170
24
272
165
273
220
691
272
3
0
943
1272
215
959
854
114
286
2
27
233
123
228
719
1132
934
59
248
280
779
202
538
218
92
41
253
190
135
206
293
255
142
676
288
2
97
1209
129
97
848
20
198
187
211
261
28
792
25
833
11
229
110
975
145
283
1018
45
2
1293
151
286
230
932
201
175
1219
798
803
136
211
1300
118
264
236
270
143
717
62
242
171
680
140
578
8
809
19
187
260
92
7
27
224
132
306
723
116
444
250
98
449
277
624
1008
21
1167
81
107
210
210
219
615
590
1226
982
868
183
69
946
195
87
27
102
969
296
425
44
193
109
55
100
778
189
520
213
9
115
1237
619
54
229
162
272
209
102
231
158
1034
1176
206
298
113
290
115
1
82
303
995
76
800
239
1002
71
86
138
77
56
222
1113
187
80
551
150
32
6
133
38
441
909
651
1033
148
920
202
8
236
1285
1092
527
164
195
251
420
122
292
581
111
398
156
46
1113
246
274
82
511
240
30
485
28
98
656
242
614
245
274
79
168
922
251
254
176
66
169
556
85
287
153
123
216
81
1050
861
283
343
288
301
102
248
49
270
120
815
478
16
188
231
276
134
235
737
69
257
250
282
202
930
152
124
920
871
237
217
341
248
1251
22
81
174
492
306
1282
171
228
138
182
494
195
72
659
63
175
81
36
198
249
294
150
583
237
38
291
294
208
1017
228
1137
94
18
508
402
174
304
1031
24
195
120
1251
303
90
239
524
737
105
852
172
86
171
1065
179
263
290
302
176
255
195
301
1223
168
1215
273
67
9
95
122
35
140
191
1177
200
179
270
156
310
268
235
1169
143
496
981
508
411
244
135
96
370
131
1161
252
240
171
279
234
141
33
42
19
971
778
152
479
61
1008
149
59
207
123
284
309
16
765
1246
305
188
255
108
978
210
781
246
124
124
509
1102
7
263
580
876
216
306
48
110
1127
285
107
212
311
121
13
97
78
222
294
177
1284
116
1015
86
835
127
10
222
165
391
148
739
295
893
300
1200
199
295
307
268
849
131
1226
153
127
125
948
433
311
1280
100
741
220
220
482
8
153
266
38
1292
1047
191
52
39
245
135
158
44
213
791
383
61
56
2
46
301
938
237
140
139
1001
1266
249
77
603
43
533
651
92
102
40
282
352
563
282
1309
291
125
234
301
1098
207
217
251
1177
201
25
1208
188
139
232
420
1278
290
20
197
153
198
293
1294
267
150
350
54
1166
1091
215
102
125
423
1092
112
881
163
274
40
206
105
33
291
130
612
78
291
274
69
130
113
6
29
235
722
45
1037
220
640
144
270
771
84
89
74
136
92
485
319
818
42
46
540
228
45
140
138
385
466
242
65
228
73
715
81
419
313
551
179
101
379
1115
887
88
10
210
257
602
1055
40
247
1263
442
241
7
857
143
577
14
63
141
524
108
8
597
185
8
90
19
254
252
1014
268
196
236
161
778
97
134
890
99
60
116
524
4
262
269
223
293
294
174
43
1058
19
1268
22
786
254
40
893
273
13
18
297
276
766
267
53
196
104
810
82
107
939
147
275
773
1121
155
156
1088
914
603
157
254
899
253
1015
27
293
152
109
313
459
253
606
66
298
871
184
1252
284
51
124
102
185
185
853
197
632
143
126
1227
871
72
43
197
182
45
247
556
254
267
163
157
667
556
207
1307
46
199
656
670
47
163
171
90
638
21
321
23
816
789
8
198
93
87
135
14
171
1105
160
351
174
51
280
204
6
1127
299
284
926
0
137
1032
196
111
680
7
22
288
258
75
100
176
410
687
164
233
157
66
155
72
125
927
795
259
256
1037
870
190
67
1052
274
86
75
316
189
918
205
155
283
1162
113
28
573
175
138
137
175
285
318
70
47
213
175
141
133
198
289
974
931
468
369
79
257
24
205
367
417
251
1281
44
257
55
180
223
103
256
156
152
205
309
13
84
5
135
22
246
288
10
276
1143
119
559
60
33
1216
172
137
311
834
98
24
301
307
106
306
264
425
239
216
272
47
617
49
938
64
61
662
380
68
224
744
296
232
492
36
165
213
1096
451
593
243
38
5
47
388
640
41
472
40
288
236
957
195
889
44
924
455
1012
1117
1023
59
498
55
276
236
932
4
1059
286
904
274
24
146
261
8
191
66
27
161
1018
715
24
439
752
209
688
570
326
13
883
267
470
1247
206
1140
919
1004
887
45
199
1133
201
41
653
57
251
43
6
114
835
131
247
759
311
831
125
142
38
183
238
288
56
77
188
517
166
1025
63
960
148
325
140
650
285
1314
147
260
536
137
26
193
194
131
69
772
86
1163
941
299
482
1142
152
61
155
268
188
401
152
249
298
558
1083
89
108
290
210
262
23
195
261
7
945
127
113
145
887
347
110
286
790
269
210
8
141
205
904
191
704
35
727
1162
1156
269
128
900
201
1
136
287
49
12
59
92
940
154
565
1084
131
125
948
267
180
0
28
62
142
1246
505
298
954
200
639
296
125
111
76
677
64
1050
86
662
1077
1161
56
380
412
1132
92
133
35
294
213
1301
4
1218
228
818
268
151
276
148
306
45
122
8
984
203
1243
898
618
98
126
244
29
887
88
539
625
217
169
79
633
393
7
936
23
1304
26
155
647
931
111
257
23
82
234
116
89
280
821
183
294
149
265
213
1168
183
92
196
91
1129
102
35
153
180
979
109
151
306
70
169
92
294
333
160
282
237
1063
1000
77
231
137
249
259
381
262
32
707
93
190
98
905
336
60
204
1032
231
156
336
235
277
1005
229
87
24
473
16
222
768
977
466
28
1181
369
39
238
210
153
526
103
87
317
164
101
107
280
1
307
156
87
253
136
693
1000
25
150
177
1039
0
160
355
200
157
1128
152
82
506
26
239
246
757
96
290
190
31
667
101
96
79
272
101
634
173
28
116
977
68
136
504
112
547
282
122
255
119
103
1049
283
673
846
1043
74
51
149
471
93
144
190
144
608
227
667
292
40
113
284
348
162
31
1013
189
240
241
147
7
173
1311
5
296
60
226
152
199
213
79
68
21
76
27
173
1125
20
266
88
52
36
644
448
22
903
636
93
227
70
788
204
297
581
179
298
259
216
143
1076
26
301
172
1122
1001
69
157
68
291
190
153
91
529
134
230
48
51
30
55
221
65
76
57
755
93
139
737
1057
660
326
85
64
59
280
177
297
78
41
221
47
117
1064
51
1212
291
346
249
68
69
119
152
468
82
122
226
263
222
203
969
79
77
32
269
1212
155
114
507
202
433
294
56
167
37
188
509
194
90
878
130
844
709
7
1020
23
504
454
263
138
438
172
192
722
593
79
23
67
7
221
268
51
209
1147
112
183
371
1066
170
83
54
259
850
689
181
307
1185
21
224
103
253
234
111
54
157
527
301
194
145
284
177
45
209
28
78
381
524
96
893
101
27
125
558
863
59
507
116
103
733
243
817
1282
14
76
64
874
77
25
1020
151
233
134
389
139
310
17
1202
260
167
96
193
297
113
1105
209
62
42
35
209
552
305
283
831
8
222
657
289
23
335
467
76
517
835
308
234
168
955
442
71
369
163
916
1041
55
386
200
6
143
170
1140
124
652
123
247
44
697
204
1161
26
168
282
11
838
96
115
278
45
645
149
19
199
269
1278
794
211
573
299
50
4
1173
179
173
208
1128
62
192
90
182
251
196
253
29
133
1
235
985
137
130
236
213
244
135
291
768
291
189
93
1042
176
215
1260
1241
171
368
282
46
1314
23
1053
207
166
637
157
167
42
13
96
47
4
90
28
1129
235
27
865
32
395
22
1169
18
256
269
44
258
97
230
76
1130
724
16
994
164
2
184
93
178
138
162
732
129
273
388
133
449
49
124
571
17
824
64
268
194
2
1185
312
85
1135
2
902
761
774
537
16
287
8
428
275
96
92
275
92
52
169
57
316
49
308
193
127
301
28
27
192
96
97
90
946
112
167
299
264
951
13
247
116
261
778
594
0
128
197
52
1158
242
245
167
244
55
3
545
235
1045
247
181
245
12
401
176
292
59
170
12
1274
109
101
240
131
294
265
255
254
35
116
89
156
619
860
234
282
224
931
415
28
197
371
1028
59
301
285
310
177
241
219
34
1185
1150
714
4
43
9
264
8
987
203
283
1133
631
1314
901
225
211
714
707
159
78
80
925
67
1114
64
745
900
178
594
397
139
250
69
1234
1145
76
146
27
841
507
130
81
108
86
443
296
149
29
132
1227
294
203
168
234
124
146
83
77
705
66
258
104
148
20
309
181
296
395
259
7
13
1106
192
130
710
164
423
64
119
1179
403
1283
660
497
180
9
61
68
169
105
1070
22
146
20
77
247
49
426
170
269
90
36
104
846
1143
1192
198
76
276
244
134
304
385
297
469
207
151
111
792
28
85
193
165
157
147
48
1071
302
397
289
57
326
121
1113
136
180
89
10
617
167
887
205
260
97
144
1018
734
259
165
233
304
209
109
206
482
783
93
306
810
152
104
57
171
211
45
596
856
1022
301
948
608
158
147
440
167
47
170
72
824
99
242
157
421
156
745
59
302
136
73
365
1177
108
160
314
1017
13
522
379
50
2
270
1046
146
248
466
239
69
511
1116
106
266
63
63
302
150
97
5
261
105
36
280
61
981
52
261
517
92
275
1055
175
170
1062
136
9
182
115
33
761
60
113
861
97
123
29
0
1231
90
163
135
102
54
227
164
189
263
195
469
164
13
262
164
209
22
157
1311
30
170
142
839
2
243
1142
972
10
569
311
271
92
178
194
170
656
321
118
1042
204
466
59
270
36
294
279
221
63
6
1124
249
250
285
1293
157
295
1100
71
1146
576
669
191
76
482
872
1304
255
184
67
8
262
141
170
43
8
814
130
453
19
466
903
33
176
231
210
443
154
251
23
85
687
765
490
266
760
166
225
185
215
243
372
212
152
51
98
220
1213
256
12
251
161
79
24
109
180
98
612
13
148
233
240
173
65
418
71
213
50
152
4
1010
275
135
1087
251
773
11
107
432
217
287
714
505
142
968
73
204
129
122
37
40
608
1019
26
121
74
590
0
271
131
17
810
1152
309
39
194
298
904
214
341
271
205
19
596
84
157
176
226
595
1124
598
619
271
280
231
1119
196
10
265
68
61
66
145
141
651
182
1049
221
247
130
266
961
300
113
285
1191
95
759
1124
275
304
50
1140
81
69
241
248
281
230
1179
290
61
708
47
1026
979
63
571
258
215
619
1159
305
954
832
286
13
238
301
250
1
286
67
29
84
93
186
140
228
905
777
34
93
118
405
244
189
54
271
1123
229
146
1162
28
161
239
697
420
172
983
1190
216
286
254
59
1299
25
27
1276
125
47
207
1276
1013
1155
245
222
275
424
742
1158
394
88
493
0
242
152
1145
4
616
154
10
189
703
125
99
660
154
171
120
286
5
880
247
206
488
232
110
251
45
1033
193
220
250
285
195
29
103
265
1072
363
264
529
1010
140
203
165
1205
55
53
76
136
951
1157
228
1118
764
578
1295
567
146
295
201
186
289
156
43
923
16
261
313
1283
26
1219
161
1128
90
304
95
288
36
180
190
278
204
258
110
246
307
66
289
111
48
26
310
21
43
775
7
248
262
67
48
126
42
138
76
224
195
1062
261
880
694
396
123
87
70
157
8
157
21
281
180
8
116
1243
41
676
1293
104
218
82
337
523
87
632
282
174
90
37
278
176
97
222
1279
199
212
870
139
117
196
249
946
72
160
1200
66
783
1039
867
1045
236
169
273
537
1231
77
1297
93
43
151
289
161
206
56
374
446
111
230
239
681
663
98
124
599
1027
167
291
133
68
28
671
234
174
58
397
173
180
243
224
106
295
279
83
297
1220
793
880
225
47
1310
96
252
151
224
561
394
135
52
209
227
249
13
188
271
178
991
238
390
288
47
156
159
20
284
121
212
293
303
1007
273
155
122
323
591
280
302
251
310
1135
213
130
138
1281
521
44
292
111
202
279
507
28
1166
138
1204
364
989
802
538
24
1013
283
10
311
83
534
405
305
1271
259
30
791
183
132
214
270
218
220
200
173
1196
287
202
1
432
220
152
264
828
1069
992
234
206
125
14
161
773
253
1196
47
58
291
58
589
8
134
164
273
73
126
986
257
234
122
287
15
190
1181
301
1177
651
2
671
217
290
127
113
1113
1070
91
302
142
1097
983
1166
58
297
136
121
579
290
1222
102
901
863
170
240
194
307
1130
141
219
59
241
576
257
629
150
119
684
66
116
719
490
24
270
174
129
333
1116
1059
117
1213
97
210
403
157
14
249
312
151
36
251
287
1159
104
169
168
230
199
36
55
80
314
218
925
70
171
289
117
73
92
225
187
1097
202
219
152
489
231
244
1159
14
46
250
87
1237
254
64
354
381
117
234
102
137
158
94
68
276
285
31
1194
132
502
236
286
263
159
131
125
93
296
251
259
241
144
288
1283
538
819
218
242
1231
1031
270
219
9
1046
182
80
584
101
460
111
200
984
575
108
99
109
294
39
0
139
33
751
556
604
42
114
27
215
725
227
99
76
190
1195
264
205
250
51
73
48
91
102
292
145
939
145
8
83
96
46
237
250
292
191
296
79
21
496
323
360
175
263
1028
117
114
242
178
13
1077
80
162
632
756
130
414
54
1273
486
252
720
1004
267
17
78
1023
66
877
224
120
278
116
303
465
340
849
157
1110
219
289
750
377
264
81
200
216
31
276
177
425
860
218
135
1086
163
6
102
105
34
487
129
168
1143
947
305
237
247
202
266
750
91
926
1
19
43
289
123
87
218
1046
141
650
242
268
121
72
131
129
157
296
217
272
222
1196
393
734
616
18
1165
1188
88
51
340
95
102
1206
95
1309
29
68
772
279
130
285
51
90
130
118
74
123
787
628
236
88
1110
426
753
191
54
4
21
287
778
141
274
271
96
204
230
4
178
945
293
215
201
264
965
234
45
10
176
913
221
638
283
144
126
140
77
284
36
221
286
1070
208
215
185
178
48
58
869
158
44
1096
170
1118
156
1264
1077
1040
462
145
569
63
211
236
1263
1260
166
217
861
289
158
268
148
179
265
198
653
265
247
101
140
62
704
112
75
221
183
1000
416
287
288
88
104
159
88
1238
290
184
96
881
244
928
474
279
166
36
1102
268
719
160
295
197
199
272
260
144
954
180
1133
937
314
73
73
1115
78
756
65
957
26
768
86
95
118
15
232
119
221
476
280
37
553
176
264
70
812
76
196
162
748
603
934
270
99
134
107
819
1083
1036
1240
846
225
249
286
873
143
274
242
851
48
233
236
189
199
1282
224
870
159
284
188
73
46
215
143
673
287
148
875
190
34
140
116
1072
5
100
20
125
981
20
231
191
300
217
145
552
265
14
259
1185
489
1123
187
159
37
340
166
82
342
909
840
272
97
290
213
97
85
781
155
544
71
13
154
22
1184
109
221
260
1156
0
134
76
867
8
270
71
1297
885
402
807
261
1264
270
80
123
84
165
184
228
563
41
1
219
1003
163
1308
8
503
750
188
904
10
383
228
150
111
670
33
0
372
317
95
266
55
720
186
560
361
169
720
116
901
265
199
298
244
354
158
677
164
213
13
155
210
1047
178
181
27
520
44
204
204
239
198
295
191
1130
103
1301
265
8
872
250
95
262
76
266
826
330
330
234
570
261
9
296
744
1032
828
304
277
871
862
36
1219
388
49
228
5
985
1228
930
565
1301
1163
114
923
268
111
225
969
156
90
208
132
6
202
404
248
282
567
102
70
198
137
100
296
433
138
17
24
287
141
249
192
176
288
149
85
251
309
277
264
152
274
25
228
225
245
292
819
303
211
1110
225
700
843
136
1
926
246
9
362
314
730
296
204
149
34
293
248
25
252
21
198
749
216
240
498
307
53
335
138
267
158
544
242
513
1230
238
318
139
128
240
1234
931
191
943
65
158
141
253
224
151
228
363
184
272
308
297
111
2
555
104
146
761
282
16
572
1162
141
1252
144
722
1141
75
918
437
1190
29
337
193
956
1260
145
732
32
288
159
1218
230
194
80
79
250
265
164
18
304
143
1017
298
99
639
776
321
205
255
669
152
135
675
1221
160
224
425
567
296
82
266
470
813
177
165
12
109
10
94
917
281
289
133
650
294
288
1296
1253
913
464
947
185
38
920
15
825
1169
202
1176
85
962
1107
286
1210
713
360
269
166
187
169
621
940
43
1
20
128
387
215
808
217
198
138
77
1191
198
722
146
956
273
56
309
793
67
319
104
229
295
541
942
267
302
259
395
46
565
25
107
38
1087
173
314
55
227
70
1170
274
1114
100
492
26
132
22
186
2
179
24
69
362
122
37
20
45
396
308
1104
289
249
1082
225
1275
688
50
404
15
1044
15
184
1191
231
270
293
1081
136
111
190
126
989
952
644
102
1041
86
501
134
144
628
683
198
174
1156
76
163
259
942
274
112
272
20
844
992
285
16
9
1236
223
7
215
156
295
75
895
100
85
168
286
82
599
151
877
1311
190
312
1255
53
72
270
40
207
248
139
307
1037
451
889
173
298
260
255
231
141
210
144
275
69
274
111
108
9
309
22
238
828
139
228
113
1221
308
104
452
299
484
119
38
486
1194
302
141
189
380
255
261
29
185
935
300
93
22
272
95
125
239
208
79
1145
114
1011
101
759
873
253
199
1052
17
30
183
1274
213
126
894
269
845
1283
372
2
840
349
96
108
212
973
28
743
1047
779
253
278
413
2
156
622
58
239
197
94
231
319
124
298
156
1259
123
125
57
91
204
167
194
657
33
140
269
229
250
150
229
1139
237
1115
207
557
62
399
72
67
283
195
142
93
284
40
145
111
727
84
45
217
42
203
913
1242
267
190
834
807
153
125
1128
107
570
66
260
305
299
102
487
205
380
308
689
179
711
259
811
289
949
90
1012
306
133
122
287
360
113
169
1236
31
500
32
38
23
102
15
6
221
96
66
66
172
228
251
1023
339
306
52
134
111
210
190
38
12
158
35
309
81
176
1252
447
197
145
1308
207
73
109
290
22
13
294
164
831
158
303
275
998
144
287
55
139
607
144
37
27
83
141
294
41
27
81
916
21
166
284
190
685
258
247
1217
281
307
215
578
224
1087
217
889
220
13
282
307
787
112
176
1246
185
450
1077
1274
1226
292
34
86
183
130
47
768
312
223
977
313
286
284
275
27
239
1265
287
60
240
235
165
8
252
38
89
122
59
38
10
197
135
39
1188
499
172
1090
1307
992
245
256
1293
88
312
45
100
90
224
593
1050
147
254
95
203
45
170
77
30
859
709
140
111
44
234
127
163
270
216
226
923
301
224
172
3
15
704
300
260
250
423
144
106
119
187
52
204
981
260
685
1151
93
232
170
60
1049
206
107
227
114
639
211
157
151
163
316
111
61
214
9
1280
64
1264
5
221
33
91
278
1005
1269
243
28
78
630
181
63
1092
462
267
77
541
76
254
108
57
189
117
471
377
126
639
108
63
240
307
387
520
683
126
95
309
219
304
257
256
59
241
704
27
1286
1310
616
717
275
24
162
380
116
233
27
11
184
767
266
1261
368
154
385
1023
114
1146
881
203
625
1135
131
72
124
149
1306
644
1082
30
345
1171
23
876
169
1166
72
57
92
24
293
221
23
46
149
102
1173
157
60
158
286
77
280
439
1190
177
204
250
227
39
252
203
15
194
727
162
66
292
290
1218
270
155
34
309
278
653
273
205
1175
842
176
34
245
33
548
136
208
785
194
108
174
502
203
211
268
206
173
118
4
132
338
125
193
300
102
187
1200
400
151
125
1294
113
170
305
1148
1
150
1116
246
38
237
795
109
55
603
117
343
139
150
912
317
758
25
131
464
79
176
298
1064
27
149
258
247
238
181
270
1255
326
677
33
137
283
382
280
43
355
14
283
39
172
716
538
265
234
139
79
275
57
117
73
522
313
12
70
1094
274
239
177
845
116
567
851
1184
654
287
136
59
88
971
275
32
928
70
307
102
500
106
234
1302
1075
1280
41
209
105
268
111
120
206
86
169
208
517
291
147
1113
49
142
247
1294
986
1229
264
223
185
153
312
226
1182
330
176
87
297
774
564
153
1297
60
97
18
128
31
157
1117
961
502
17
99
23
176
280
217
17
123
448
336
122
204
201
72
539
1157
138
1218
1300
900
33
82
132
250
226
74
1009
186
966
168
202
251
204
30
680
830
203
281
36
123
946
38
919
121
103
189
287
301
501
182
623
417
183
60
845
696
265
104
168
451
15
240
1017
675
127
4
283
1280
180
219
76
19
311
199
474
795
284
93
113
296
275
18
27
130
272
289
293
196
252
65
147
788
1249
1241
63
11
611
142
108
146
1303
24
289
262
236
164
160
234
678
413
254
85
703
92
149
202
303
1033
68
752
12
117
1110
13
73
274
297
235
217
856
232
283
307
166
16
347
572
128
730
274
51
241
273
48
427
264
126
41
46
122
161
105
293
198
9
272
35
722
257
1250
1051
131
40
393
70
143
251
0
433
233
284
1199
54
186
208
1186
1292
55
666
127
526
106
1261
335
594
86
148
250
203
297
157
417
118
116
710
85
639
256
865
50
112
930
175
245
868
224
102
851
905
12
20
159
1167
140
486
182
56
779
208
928
167
214
59
924
130
256
30
66
170
845
15
555
632
506
1193
82
829
176
61
616
214
283
42
1145
225
147
113
420
646
1301
178
1264
313
79
1110
271
49
1300
64
927
121
178
138
437
59
16
181
169
998
223
219
5
466
29
196
1140
133
1181
221
1044
241
438
610
261
205
318
143
564
451
73
203
1181
108
23
1067
100
18
302
1179
214
1208
630
235
206
230
218
57
252
51
923
40
8
229
222
231
118
903
163
141
866
1156
230
20
206
353
403
1272
996
129
287
277
269
135
150
12
883
693
1130
23
124
594
209
354
132
193
147
369
214
1254
86
261
276
272
23
146
1217
1197
306
377
139
50
194
697
452
32
242
136
1302
745
5
73
51
192
82
118
489
38
737
22
256
81
1278
303
176
1053
246
42
1303
778
27
89
85
153
431
51
126
929
242
272
1076
42
702
67
68
443
115
472
249
26
245
238
899
123
388
1122
225
303
193
585
111
44
221
198
117
89
38
224
93
78
375
1021
13
864
73
535
1276
841
1050
851
123
235
36
74
881
62
180
255
86
865
1077
70
712
749
184
222
550
95
306
38
153
40
67
951
1300
270
236
191
80
90
141
300
408
180
193
717
478
536
301
998
207
58
488
120
128
171
240
153
294
829
143
1251
1116
1240
180
162
837
102
713
12
68
902
167
945
849
182
173
1301
89
85
180
1091
1055
156
206
6
312
674
299
244
545
644
244
978
688
154
245
210
305
307
107
108
27
303
203
363
654
21
136
1268
284
235
209
186
182
106
878
289
44
1242
109
362
172
297
217
194
92
638
84
88
323
789
749
753
230
1037
221
118
233
183
247
314
166
1271
466
1191
253
999
295
85
359
931
276
209
83
88
297
388
81
79
76
255
82
287
260
1
683
195
90
212
59
792
190
305
262
71
1313
144
470
132
10
157
28
403
180
200
205
759
123
148
123
70
634
847
123
13
80
886
180
202
203
60
179
77
303
228
499
92
102
645
291
84
82
736
121
133
69
778
205
200
70
81
215
218
920
1057
571
84
242
136
288
409
62
251
76
1028
16
248
311
143
94
308
190
59
11
204
57
287
374
244
62
209
224
299
178
256
54
853
58
21
254
469
862
128
182
43
1061
231
420
1247
569
154
6
97
42
184
101
107
308
245
14
136
4
147
61
511
211
129
0
170
197
300
286
24
291
92
165
76
160
283
296
1141
31
105
158
304
125
93
15
1190
49
5
256
146
27
1066
360
1260
161
588
1300
36
308
528
247
256
64
483
34
16
1294
153
295
890
168
194
223
816
675
528
613
806
1099
554
229
260
153
144
287
275
9
294
857
193
629
1312
74
239
373
783
199
880
162
1228
715
4
655
301
1098
63
447
33
656
256
205
236
22
24
142
23
299
248
7
148
415
553
1123
149
257
61
157
31
272
153
2
799
276
145
561
920
283
1174
1126
4
183
181
1211
1276
306
57
116
1237
776
178
117
76
77
778
141
126
853
271
248
105
43
896
719
607
135
141
402
247
96
1193
969
128
69
63
148
778
308
300
32
171
705
1036
134
1301
97
172
1
174
602
1105
521
888
815
1295
160
37
166
174
264
36
408
926
227
1015
292
314
299
17
1110
259
329
144
1183
217
189
1299
1195
314
198
280
27
206
193
14
248
354
116
240
84
134
5
251
520
171
240
1136
22
15
9
182
198
1112
672
118
236
255
1253
127
1248
510
225
33
261
1306
24
250
681
1095
241
181
86
174
272
105
200
504
145
211
1171
221
664
101
898
210
1105
159
1156
106
837
448
73
1090
158
1285
287
85
41
45
39
29
229
15
240
55
131
586
221
1006
149
961
271
331
9
664
77
108
163
165
311
135
77
131
281
207
220
886
172
144
246
122
129
1072
231
1028
116
998
237
28
1265
7
1039
148
14
39
176
177
115
862
416
47
91
148
124
1120
230
155
1
191
591
421
251
276
296
195
786
217
115
70
1151
819
207
141
12
238
208
36
220
97
1249
920
93
314
54
495
425
497
63
93
292
710
98
427
46
9
265
154
189
273
23
26
110
42
1192
105
997
1101
249
270
567
74
1118
181
243
35
66
813
383
188
39
732
673
286
874
1240
944
224
168
487
42
1198
977
467
252
846
449
239
218
259
163
239
285
1304
212
1157
40
266
282
251
162
142
70
188
112
118
9
117
1232
199
108
190
621
60
216
9
108
134
232
46
456
57
347
8
553
1276
34
806
238
893
611
103
482
210
144
18
545
298
947
318
181
158
314
1202
103
76
5
1002
77
14
111
436
736
204
155
271
110
154
253
755
444
228
142
163
264
795
553
34
300
16
194
695
22
19
273
348
323
154
835
74
659
82
310
572
246
175
397
125
83
222
1220
1194
1083
11
770
37
115
223
69
967
11
226
289
133
48
195
206
1153
148
139
145
227
847
675
39
107
761
821
887
27
155
300
9
230
429
271
81
204
255
192
873
86
310
171
748
716
197
156
260
69
126
213
37
675
299
1044
199
88
876
641
102
321
599
705
165
1265
652
129
360
213
644
38
62
601
235
243
138
49
233
107
164
245
124
282
225
217
293
215
245
172
171
107
192
263
521
158
562
300
653
119
301
163
216
284
25
31
24
574
382
204
119
314
180
69
500
303
86
210
124
608
178
168
45
78
150
848
20
112
267
293
1235
215
274
279
891
272
225
290
638
74
1111
73
228
1290
1101
317
119
51
161
558
381
71
1201
164
190
197
246
0
957
136
171
104
299
289
269
392
172
231
261
127
275
82
59
94
976
1266
141
1271
606
443
887
142
64
146
241
156
177
160
277
425
727
148
1230
717
1216
98
42
151
218
135
104
182
735
168
308
64
298
62
29
179
624
270
274
632
238
570
500
283
179
476
208
284
273
172
438
1142
72
112
66
232
386
187
785
289
678
698
217
1092
108
82
144
289
262
142
195
294
284
735
119
711
37
157
608
740
212
531
927
955
997
1059
172
114
107
1198
157
997
164
309
90
312
114
200
164
225
76
73
433
42
80
65
516
84
261
195
422
275
993
290
1305
1305
247
54
80
618
299
204
122
717
437
278
578
291
587
450
168
243
229
724
269
17
193
64
58
704
290
251
82
227
236
117
260
1051
20
797
300
256
7
3
123
149
156
40
81
260
32
789
105
16
284
95
112
118
790
97
287
41
183
206
1221
424
872
149
1091
299
216
265
91
1119
886
93
924
726
930
65
37
136
898
961
56
992
300
176
1253
12
54
80
20
38
199
120
167
274
92
95
257
239
1256
100
229
423
226
1176
253
335
39
35
74
207
1285
814
255
388
39
75
938
224
1023
212
229
853
715
1250
266
115
134
228
263
79
207
114
1229
422
283
104
207
72
399
22
1136
386
130
227
171
245
78
614
70
240
174
705
136
151
184
998
1132
211
493
363
327
111
432
881
114
153
141
489
250
220
326
141
270
910
402
1041
415
31
750
291
852
307
493
183
113
115
305
127
156
1070
250
174
271
1306
161
756
1229
808
242
284
184
1000
131
169
160
312
39
114
32
274
137
171
866
665
876
971
167
570
179
286
216
108
162
111
369
104
66
63
61
161
223
941
48
193
1248
183
894
1003
701
75
467
96
75
34
1253
36
287
790
192
260
247
151
188
1305
89
185
225
116
1051
259
110
301
214
94
32
218
403
190
0
156
174
192
151
1168
206
309
72
1075
159
929
868
63
114
103
1143
211
49
62
482
52
5
1127
66
261
172
104
1255
704
182
265
424
191
106
168
220
191
888
1062
67
159
106
272
546
150
122
6
163
702
887
161
149
23
115
100
231
279
171
150
465
1275
180
439
123
243
213
199
236
137
265
285
14
425
52
110
298
109
172
1245
194
101
499
166
3
192
129
534
175
174
190
42
187
201
1184
187
188
13
106
746
1191
241
219
1137
269
107
784
3
98
1017
162
60
1261
44
244
216
56
512
921
404
219
148
257
356
129
176
1065
62
252
957
1031
101
24
111
744
148
94
102
188
167
508
506
985
84
68
964
626
53
307
139
1128
186
118
98
189
2
211
363
1301
76
263
671
162
273
15
93
267
147
273
946
218
1081
126
145
38
297
228
304
65
458
224
198
1034
943
187
154
766
784
76
220
381
221
47
76
110
88
308
886
291
186
657
59
280
104
166
837
163
285
445
50
1056
230
214
202
161
371
217
664
65
39
1253
368
465
763
122
46
63
64
303
87
169
1160
54
121
1000
2
412
236
615
260
942
79
232
586
215
245
284
31
1015
24
87
202
148
279
235
89
253
1090
71
119
714
1207
599
1227
144
696
347
244
78
25
111
191
250
1230
164
182
233
114
212
377
193
35
142
314
111
98
611
417
272
195
128
235
39
24
930
42
1171
92
118
135
1144
148
621
29
93
757
193
821
77
846
203
151
16
223
898
53
212
53
205
156
382
1296
310
99
409
50
377
831
157
64
112
577
246
150
189
153
125
254
847
771
123
18
138
191
753
301
206
990
798
287
8
1314
143
39
155
19
118
230
162
312
278
61
60
323
292
295
202
281
144
999
153
650
498
706
1004
957
276
458
76
145
310
40
1266
314
54
57
239
573
896
286
186
1150
108
232
1100
279
76
132
151
40
306
262
145
1154
767
680
50
1013
224
300
140
259
308
82
28
121
163
39
1090
85
292
1230
186
83
274
376
104
1144
292
452
99
202
536
314
151
1146
1
68
13
286
224
32
253
61
931
1225
329
209
269
572
127
646
85
99
284
241
88
421
271
130
1164
78
1092
111
301
860
1056
1251
213
202
297
67
889
1141
425
1154
88
773
554
136
164
343
180
10
204
428
912
291
81
222
72
309
236
71
831
175
917
209
207
23
169
817
81
130
139
768
290
25
271
97
366
191
39
1137
178
84
134
1183
195
466
177
250
264
1173
966
487
229
405
90
416
230
519
290
1290
1138
157
223
212
277
261
105
248
160
164
142
195
504
35
819
31
283
217
156
195
83
6
17
270
303
17
239
75
549
121
15
39
1080
165
112
16
552
128
170
1132
94
90
438
33
113
1054
226
35
262
304
83
910
437
306
1063
73
60
59
1000
112
675
210
23
531
87
1198
89
51
1055
239
90
107
961
352
1275
271
388
230
252
857
150
238
217
13
239
232
977
529
226
146
55
792
248
110
766
1043
162
662
1306
171
56
700
201
211
1244
852
902
1212
958
118
170
998
53
212
235
1233
124
198
854
151
4
87
309
584
886
49
599
982
197
891
1126
469
340
615
287
230
248
149
154
201
285
232
100
15
744
745
771
119
1264
230
956
70
32
203
413
152
212
221
619
170
1131
157
1152
1200
15
20
803
80
1309
1291
1029
9
54
269
640
235
91
295
328
199
958
142
169
1027
918
14
354
119
141
961
83
14
171
248
166
730
94
86
368
1163
27
333
259
258
65
631
606
169
174
278
146
87
225
180
236
16
958
288
773
132
37
205
56
314
910
822
156
46
275
862
205
11
165
4
562
305
24
950
137
277
167
79
227
52
197
1091
839
133
60
101
957
202
584
1190
63
138
163
191
253
889
11
187
157
6
321
1008
1082
646
139
0
92
232
277
884
284
309
85
181
191
748
14
1207
113
842
119
142
226
79
1048
123
306
286
241
242
147
254
634
6
283
269
832
171
196
223
234
144
232
7
946
30
306
238
1138
299
301
978
615
45
237
144
903
64
749
795
395
197
148
1149
145
209
244
144
300
165
241
383
507
1197
475
91
193
893
126
281
190
220
84
127
1210
110
246
41
180
695
124
822
292
108
201
123
326
1087
657
119
365
199
22
164
255
294
402
204
53
269
31
429
17
50
479
180
158
73
848
180
158
1081
260
142
185
304
1076
83
178
208
286
1031
240
163
246
300
32
449
303
683
1196
671
542
130
229
264
63
961
162
995
268
359
45
1200
131
904
949
29
51
1002
89
152
1201
51
985
248
277
315
100
79
48
67
23
51
63
77
4
9
47
80
84
74
77
88
51
27
35
6
74
56
3
88
78
55
84
53
9
73
47
38
79
62
65
92
25
88
0
39
74
5
27
0
64
23
28
54
22
74
90
39
85
77
48
53
87
65
64
17
12
45
92
72
56
11
99
53
41
45
81
16
64
57
25
33
46
55
8
33
69
41
51
9
42
94
25
36
74
80
85
75
54
59
43
38
91
34
13
10
42
16
52
21
52
65
57
62
42
84
39
77
9
93
27
77
47
68
48
69
50
20
89
92
49
47
0
74
56
7
72
98
96
42
39
95
68
75
78
3
72
52
67
91
9
85
94
74
66
26
11
64
75
38
16
71
59
44
43
73
4
30
15
17
90
54
60
0
12
97
77
9
32
68
46
25
34
5
55
9
77
90
60
5
58
29
99
85
50
20
36
23
66
92
20
81
62
78
1
10
87
1309
true
false
false
false
false
false
false
false
false
false
false
false
false
false
false
false
false
false
false
false
false
false
false
false
false
false
false
false
false
false
false
false
false
false
false
false
false
false
false
false
false
false
false
false
false
false
false
false
false
false
false
false
false
false
false
false
false
false
false
true
false
false
false
false
false
false
false
false
false
false
false
false
false
false
false
false
false
false
false
false
false
false
false
false
false
false
false
false
false
false
false
false
false
false
false
false
false
false
false
false
