100
424
56
179
180
28
682
890
70
388
1063
433
189
123
47
325
471
380
1113
1359
253
367
221
250
167
194
1432
1282
319
14
60
434
288
5
514
251
153
404
230
440
245
1245
3
915
733
623
174
150
420
154
401
316
112
381
73
391
107
415
205
490
193
357
442
30
441
140
367
127
402
1301
801
177
357
1391
414
293
331
285
195
386
17
349
379
118
411
1321
115
1393
419
78
281
558
937
70
343
391
162
1421
119
1270
587
580
94
86
133
579
551
106
168
1080
311
26
406
1247
1132
99
259
411
59
910
96
35
1292
205
397
420
90
782
1072
147
229
117
546
353
1130
535
159
416
63
1163
391
17
1445
414
353
206
300
252
80
254
143
1114
329
1141
77
52
106
363
1120
1210
339
327
150
68
1125
139
477
407
228
55
202
135
790
215
1127
361
400
210
350
1441
425
51
72
98
63
385
1281
566
251
813
301
297
354
8
170
1154
948
1123
1150
315
203
420
15
24
298
316
258
160
1059
320
291
437
175
330
829
1122
370
463
36
20
257
712
156
355
210
1343
120
1432
200
1312
2
635
222
350
303
367
322
1054
105
351
355
324
58
996
405
410
420
157
442
150
57
518
40
305
134
258
991
947
1361
294
73
1115
148
426
197
342
365
183
363
189
1050
273
436
201
281
168
236
1160
254
261
153
279
281
131
111
443
270
1412
260
86
117
751
131
1164
421
1385
2
16
439
478
149
842
214
1443
954
416
1033
87
268
71
382
59
162
149
135
376
175
143
293
253
1394
786
315
807
1417
1194
193
723
327
875
386
348
431
1261
1224
728
608
1113
501
597
305
205
33
1197
339
630
76
8
196
1252
271
1030
1280
295
179
804
139
322
279
1309
164
128
1393
591
250
365
93
153
1190
443
1075
295
430
395
643
1239
813
635
296
300
321
23
123
1303
1343
950
159
1332
175
240
872
535
374
727
1022
361
445
307
437
258
1150
351
243
105
139
308
923
21
1080
143
206
352
131
372
1142
256
847
71
381
1183
1083
351
656
268
713
403
433
982
21
395
187
194
1430
265
1127
351
341
406
158
342
415
175
299
219
405
131
351
240
391
101
449
255
299
88
1286
329
324
245
292
111
1078
944
1412
202
450
440
869
44
192
337
395
83
1422
74
311
106
84
883
120
271
24
157
17
150
1185
798
211
278
413
428
373
412
208
423
411
57
1079
805
125
0
964
607
424
143
251
1250
1249
389
276
436
54
1343
373
235
566
276
238
330
266
10
705
21
652
849
1246
763
289
360
229
99
320
85
336
329
446
75
384
300
346
1371
372
235
148
282
1123
422
399
54
1097
332
368
754
174
396
1038
217
1412
357
170
371
1156
267
410
329
429
1346
44
155
21
615
237
433
1053
156
576
360
306
179
1314
380
212
943
209
210
212
228
403
188
703
149
817
213
287
1081
47
580
398
96
432
1178
228
333
211
114
211
115
146
42
865
137
1400
313
1388
336
252
357
275
82
18
188
243
238
291
815
330
348
86
399
156
168
242
425
150
995
1420
112
53
283
940
784
5
409
148
370
112
719
1054
271
342
85
168
286
924
125
0
193
311
1193
67
82
931
13
55
416
70
1272
291
304
60
33
208
450
690
955
539
119
89
1139
539
230
306
1078
245
257
1157
90
387
406
156
716
404
317
802
1420
387
82
74
693
1333
89
319
696
302
7
807
1246
425
119
54
61
534
176
442
1249
848
315
123
1364
65
207
213
92
282
1319
334
397
382
104
415
337
454
805
595
461
419
271
445
395
165
7
229
292
664
689
167
629
210
253
757
240
297
128
195
302
376
152
98
63
299
345
156
442
381
408
380
292
447
48
400
514
336
967
447
85
968
354
329
211
31
202
212
281
320
376
1094
221
216
646
408
47
235
758
246
61
99
63
185
156
25
40
371
1058
333
1318
67
32
551
75
175
223
322
199
639
276
494
11
374
326
43
819
1389
0
345
787
1449
217
163
390
355
702
662
135
215
1332
237
309
471
236
1381
1112
46
368
71
24
384
381
826
39
142
21
560
675
72
127
418
471
244
156
142
961
1266
394
218
630
319
416
368
759
20
270
149
440
1082
171
400
1216
5
1303
65
382
774
145
100
360
391
152
166
411
560
79
340
1191
877
411
240
165
1204
285
269
125
417
422
168
872
506
124
67
872
282
375
959
260
124
351
439
799
862
434
116
26
196
13
288
69
1397
857
165
128
526
523
93
511
775
323
93
1203
347
10
200
540
1196
1293
131
103
202
266
1304
435
307
70
109
89
381
275
219
1110
53
510
973
494
156
72
436
20
386
114
158
742
908
186
1089
747
583
116
262
125
104
692
448
1314
384
1104
1100
1108
399
380
889
139
310
136
255
99
763
402
141
161
241
498
400
76
330
311
408
582
342
313
795
10
231
1438
263
25
745
1031
438
283
445
682
697
432
156
735
12
245
426
553
1329
925
425
420
1210
295
125
1406
389
1172
1386
283
888
175
171
51
244
67
211
52
91
97
416
58
756
956
378
301
375
406
78
231
215
425
409
384
414
1205
1036
699
445
950
451
227
1322
868
424
129
360
165
430
87
34
146
44
240
169
12
221
664
1045
310
11
21
873
193
110
361
1249
390
244
641
1292
132
132
1205
572
1224
269
264
82
134
425
1143
1292
280
556
303
633
1399
268
1216
446
214
1140
326
1088
1205
184
100
214
559
732
93
381
925
1274
333
96
284
390
1090
111
140
1085
828
97
88
433
1003
300
802
109
1182
1093
1282
666
1200
311
1332
314
1132
182
92
1106
438
301
166
1240
405
234
100
273
101
347
664
226
712
28
1181
330
126
953
689
293
1058
47
86
473
168
656
198
5
99
1000
44
403
1069
128
547
1188
448
991
207
392
1329
1129
9
315
1041
922
261
456
102
405
291
947
391
135
89
380
65
71
44
53
162
622
1248
122
834
329
703
1163
1180
271
398
59
1231
298
1445
53
71
655
589
19
1267
108
73
53
270
339
11
536
412
117
166
129
352
5
324
313
528
385
871
160
22
438
473
47
111
582
1053
356
1156
42
440
426
214
409
243
256
419
1212
438
89
281
270
360
258
919
160
43
1116
304
140
698
369
254
235
95
32
264
1232
340
331
242
176
439
146
179
1089
224
1371
1305
1353
168
186
15
26
829
1439
1236
1413
918
141
98
49
433
70
235
230
32
262
380
365
1271
615
441
268
286
443
190
907
449
191
29
40
1065
628
11
16
174
197
790
241
92
234
25
245
368
424
33
325
30
360
244
1244
1265
1015
78
31
176
96
46
188
509
35
471
25
350
1254
216
741
394
536
62
555
66
11
242
359
222
131
1442
282
591
118
370
282
220
368
129
0
174
14
231
840
318
748
266
62
547
1105
343
196
66
943
319
444
384
753
1017
368
1372
171
300
61
299
1314
226
303
1410
1134
69
621
336
1289
283
1162
25
294
355
345
1064
1373
492
86
410
95
195
395
13
384
289
444
857
247
271
348
372
114
328
74
207
192
795
228
93
624
192
7
1433
541
353
314
972
1313
134
443
353
448
1047
338
430
983
55
438
739
448
148
156
1215
414
63
148
1320
339
1399
21
118
767
198
143
448
1200
253
542
291
106
1434
442
56
361
346
194
143
339
2
143
419
317
771
80
339
43
992
336
317
310
220
921
426
260
302
221
134
355
195
405
187
303
340
108
1154
423
278
330
331
192
423
214
1240
99
160
710
54
273
2
324
89
414
327
384
398
437
1124
222
288
612
402
218
426
73
243
364
365
17
1003
112
255
405
206
88
620
298
154
915
1277
380
238
577
189
143
79
105
18
262
132
429
850
153
299
794
448
300
292
135
414
112
299
360
1034
1259
1258
297
540
1201
417
394
1307
763
80
6
1273
441
430
9
421
965
269
427
468
394
1117
133
1058
111
482
57
1440
416
192
28
33
906
1348
405
1399
309
575
976
121
118
1395
1
216
1107
41
1020
832
7
251
100
305
316
218
186
16
267
494
17
109
408
398
614
396
937
339
383
30
141
394
664
135
715
688
814
207
273
47
113
1122
115
820
3
334
35
507
334
201
44
28
1204
369
977
174
390
1227
1009
652
1343
416
1250
198
204
1084
44
439
1011
429
669
290
93
13
163
298
549
1238
367
279
65
399
157
1388
1070
234
187
228
437
176
169
107
594
110
256
173
1206
369
73
283
706
195
1444
406
96
422
288
393
1178
230
287
376
318
363
79
401
226
1130
1
20
51
1190
146
396
1344
148
410
1172
1298
345
67
53
227
413
665
212
185
864
21
1446
165
850
59
50
334
0
502
19
325
857
428
901
912
103
284
114
349
374
765
262
57
42
962
8
355
426
450
288
300
377
387
253
423
29
437
107
96
39
1433
371
174
432
147
443
923
760
178
1169
324
423
49
1213
107
309
266
737
170
491
136
86
95
25
982
402
179
1228
374
1
293
279
1181
149
346
215
223
56
292
929
149
138
422
427
293
162
271
153
570
1368
356
404
150
389
736
538
269
320
243
538
345
364
285
1278
429
33
385
361
396
358
493
137
101
181
922
188
314
24
494
112
446
224
596
220
713
6
519
190
701
71
412
1060
876
17
311
201
286
134
1343
27
65
1177
416
248
865
38
153
712
168
648
0
282
172
274
18
188
329
48
1222
181
533
289
453
1410
1240
1404
368
1387
132
0
171
417
1111
298
205
248
1246
1088
207
127
250
825
212
1025
306
893
228
99
581
208
170
56
1350
428
171
7
332
1324
1111
481
234
77
441
1418
82
29
117
27
359
40
755
2
228
265
803
262
132
335
895
526
498
1422
138
15
260
312
273
244
1061
294
478
155
229
379
130
835
293
1074
1424
41
273
405
314
233
852
22
400
460
359
57
90
25
156
25
340
877
178
162
1385
1449
247
1094
346
428
496
478
338
144
153
112
382
172
340
152
635
376
1092
184
96
73
71
410
1359
235
386
374
109
659
1381
478
720
257
773
31
294
197
436
936
377
440
49
295
346
149
323
409
555
1202
1368
720
95
1118
252
404
79
81
284
12
68
1153
1313
1124
1090
349
1424
1198
112
1150
377
762
318
279
423
253
168
879
415
1059
98
179
86
878
156
86
297
143
49
175
176
164
366
26
81
263
1390
304
188
159
136
322
406
199
178
359
284
251
438
1124
39
831
68
317
615
273
208
250
178
925
130
388
1184
422
23
1163
578
127
364
156
1172
233
76
218
1372
821
176
314
715
28
1266
73
872
852
1428
261
98
322
211
90
125
428
222
349
444
233
162
1208
447
142
182
214
121
321
34
369
335
33
329
21
430
198
432
441
746
295
1230
974
361
277
1000
1293
84
24
1028
69
630
198
136
296
109
418
242
149
250
362
1162
84
362
402
340
599
413
746
273
253
369
148
419
306
413
133
952
444
263
82
301
429
268
421
332
736
564
463
372
435
796
377
101
83
86
313
47
61
1193
15
1197
716
1368
27
611
18
517
395
38
374
179
178
681
233
462
421
1223
1243
547
370
337
104
387
110
367
245
83
38
1252
134
310
194
396
1328
87
619
50
13
78
262
427
184
804
236
359
256
73
187
165
382
339
115
1261
41
94
272
271
307
212
1220
219
319
424
343
697
379
296
356
755
292
184
59
127
774
150
1367
312
299
913
583
1274
193
288
54
132
194
2
968
1446
349
305
220
353
12
30
401
1276
169
1357
43
307
375
426
338
397
1380
496
115
403
98
965
232
217
107
5
726
1173
243
1403
1041
1252
122
1260
413
330
148
308
269
15
759
366
968
193
1301
21
718
206
433
114
394
109
12
942
158
178
309
271
231
124
683
4
825
156
1071
11
24
109
856
100
71
399
61
76
979
1370
311
844
376
138
313
726
89
450
86
1164
111
146
355
322
47
1335
175
962
305
447
671
14
285
379
700
1012
1134
11
258
967
671
142
285
696
1416
248
201
270
1427
301
295
462
437
265
1208
749
360
68
534
208
936
141
51
163
351
172
239
24
395
133
259
430
97
24
174
1361
205
345
725
54
466
175
72
469
356
131
340
356
510
1035
1021
779
364
285
1271
1004
435
19
282
265
1029
190
444
182
408
61
643
326
720
109
993
551
135
400
349
929
182
383
177
1
278
5
364
1287
161
48
98
241
153
57
669
199
365
141
740
107
313
324
255
108
540
287
44
1065
149
343
373
221
77
62
65
26
192
14
282
47
297
81
273
183
304
13
83
1114
423
412
884
372
260
1339
271
299
1342
555
1167
156
225
189
217
434
789
431
133
567
96
314
48
44
330
245
244
102
337
440
197
141
306
196
287
30
384
551
175
326
278
151
361
211
327
189
285
51
423
723
168
853
1377
144
997
382
144
240
366
405
107
66
410
172
171
123
118
341
210
47
354
1442
251
889
1275
90
1326
176
1444
1309
143
142
355
1404
1411
20
222
1012
12
61
432
69
60
98
99
1005
1366
137
1209
220
1361
1033
813
407
182
501
405
1303
27
190
223
104
1016
223
437
1012
448
332
159
219
918
153
389
694
261
265
116
278
154
290
431
52
298
233
404
360
1031
12
202
348
54
398
1325
243
11
79
47
540
974
26
427
222
361
1359
362
107
161
443
976
431
924
869
405
288
273
141
694
749
265
70
1135
397
402
389
167
1331
268
1269
109
1301
813
718
27
302
262
597
423
233
454
259
568
274
971
243
55
261
1234
1190
260
268
113
259
471
775
356
450
161
851
146
370
15
246
110
25
35
1211
409
608
995
380
320
266
71
388
296
59
424
1411
168
259
541
91
414
414
243
362
159
951
50
93
182
450
420
80
1097
427
134
92
285
383
1183
295
152
716
874
120
1003
910
245
309
15
98
762
1450
118
419
19
390
852
641
327
378
119
764
344
290
1046
1048
713
970
123
304
803
414
290
284
549
400
467
1076
225
192
216
316
151
115
1302
84
286
1310
395
123
556
1305
387
309
449
126
120
231
63
76
855
155
1326
687
350
110
628
445
609
316
1406
28
123
56
451
287
197
107
345
454
3
51
388
120
247
337
176
2
247
88
198
64
228
326
173
76
167
1044
330
846
245
563
161
720
236
339
211
105
76
1264
296
200
409
721
1264
443
654
7
92
822
245
61
243
747
171
975
307
309
190
76
515
360
918
69
541
1160
1150
201
418
223
1310
297
294
186
269
183
811
72
86
164
359
419
36
192
217
648
1339
450
33
140
298
46
1
326
221
337
184
38
418
333
858
186
389
623
1112
284
770
379
1315
104
151
252
394
309
1060
381
446
185
349
412
63
127
1136
220
5
250
437
1332
22
948
15
108
972
865
386
277
434
147
200
125
417
86
82
358
76
855
338
69
110
407
325
425
744
86
1243
755
346
1401
347
317
940
159
278
350
915
65
241
333
55
171
117
518
516
252
23
346
838
182
378
368
1342
37
242
184
665
390
389
150
318
46
691
261
574
1250
291
346
165
862
49
948
1056
8
839
558
265
383
90
106
1000
274
1212
126
10
32
289
438
954
579
248
191
462
639
296
704
184
106
341
148
447
39
146
661
324
65
719
185
923
254
714
48
321
374
1263
306
114
723
213
1287
1098
120
512
1443
321
1413
71
293
833
350
257
882
60
1405
402
61
80
86
400
1310
384
286
136
4
338
239
199
860
413
708
339
318
182
254
142
693
952
239
216
153
409
431
550
190
357
123
203
216
1116
117
303
49
85
199
343
544
159
292
1378
238
84
256
615
1172
297
1237
1438
66
1403
1262
586
96
102
169
769
216
689
734
5
221
399
20
943
244
658
100
868
354
215
302
402
318
234
106
1145
41
680
120
179
254
9
538
130
797
42
176
106
326
137
178
437
233
138
863
145
208
214
66
311
250
387
181
347
1036
384
312
248
1052
127
1300
326
1196
139
190
103
161
385
207
193
46
33
1187
547
123
484
159
501
708
113
305
19
341
530
4
358
390
266
334
76
278
25
221
167
1353
217
1295
478
907
1137
82
525
364
421
0
195
1280
1366
8
115
338
457
280
277
263
221
708
1347
1417
675
54
447
14
315
270
301
92
86
320
243
1300
1343
1011
678
313
420
437
1176
428
120
325
1330
259
152
259
380
367
248
705
194
204
352
174
286
241
69
327
189
162
214
870
409
860
398
939
450
157
1402
259
279
278
697
60
1102
54
554
1300
37
430
1166
346
178
449
1000
78
1348
267
1110
382
394
339
199
413
33
362
868
333
18
247
49
110
827
167
514
678
797
1188
100
145
200
340
508
1420
295
265
1080
39
415
435
119
1301
29
318
571
188
299
151
1130
1087
169
132
287
386
69
551
771
730
397
357
286
259
48
1304
705
354
443
87
296
589
840
66
203
324
350
192
818
1404
1350
1419
403
402
33
128
372
398
140
425
51
17
202
1152
360
1345
534
199
359
978
192
348
167
1204
438
88
59
301
372
261
286
365
542
13
4
201
999
2
73
667
110
370
699
530
397
86
185
208
366
92
187
441
1018
487
446
1239
334
1132
1119
278
52
168
189
2
341
190
349
937
354
983
814
408
24
1121
235
647
566
123
77
459
259
13
104
134
1242
42
233
74
604
354
402
1207
402
146
395
220
825
37
189
38
83
231
935
810
153
311
374
193
88
886
1422
1199
94
415
932
131
216
138
551
283
67
96
37
85
329
994
137
378
291
107
153
315
366
785
283
1076
223
588
1384
363
136
704
154
184
999
49
47
128
216
1022
269
436
296
332
1136
1164
1362
562
95
273
302
264
236
33
662
306
158
436
383
1111
1375
371
222
24
241
298
369
21
183
342
141
20
718
201
843
150
142
1339
61
499
500
401
275
915
935
1104
960
1405
726
1024
444
381
1237
1082
273
399
408
992
196
427
926
253
327
1157
380
11
379
572
124
343
1417
344
541
301
405
353
390
399
451
923
1412
680
1183
442
138
203
302
101
443
106
174
437
976
1133
448
340
172
382
181
28
341
192
114
111
1010
214
390
590
1012
279
505
420
335
269
408
681
1304
287
1013
317
326
201
921
288
198
421
390
1230
873
445
1260
930
6
421
1014
872
970
292
199
1205
146
31
1039
303
1
91
262
443
157
265
237
968
948
441
689
751
408
222
1393
50
397
894
1077
835
1375
479
67
312
126
6
87
1179
40
80
288
161
43
13
126
355
117
119
1215
386
1269
202
12
116
1309
739
438
858
204
26
692
1179
1199
394
9
115
302
77
404
147
369
242
1418
1037
220
132
235
214
105
1274
222
110
123
159
243
1200
790
321
853
83
507
299
372
349
751
405
1205
337
209
68
843
570
626
364
93
248
1037
436
206
276
441
765
39
181
28
261
41
58
359
183
222
960
1422
489
298
1399
435
252
447
1241
32
328
199
380
930
291
311
1310
94
148
311
365
252
422
150
86
1184
187
404
635
47
127
320
323
389
308
213
426
798
1341
431
64
882
17
113
1404
1074
30
609
654
514
77
389
371
815
718
1150
350
388
878
149
435
171
1270
359
1233
1079
19
398
312
397
354
220
921
256
406
264
1155
62
199
202
445
822
1274
233
145
358
408
1360
433
208
42
43
433
347
123
421
105
1053
403
1265
249
611
1031
1159
97
666
1328
1253
897
1425
1403
248
339
226
329
287
753
304
393
1188
46
396
38
99
18
662
1176
436
132
838
1231
54
105
305
130
355
748
203
195
1424
13
128
385
128
1423
241
67
234
228
434
1392
569
238
223
759
1185
369
733
754
4
129
859
400
212
263
1407
293
1153
5
416
418
353
168
91
147
77
150
1360
1167
139
70
68
383
1024
144
278
72
116
203
491
256
174
922
444
58
963
280
432
4
165
785
292
870
1287
45
225
398
16
412
34
1175
425
950
165
231
1232
370
144
183
413
1036
369
295
1086
264
4
1372
524
407
129
332
246
271
908
46
1234
373
259
261
133
108
428
323
245
1132
961
503
1226
169
14
85
267
88
423
627
244
306
752
39
111
229
366
89
613
1144
176
3
156
340
132
337
347
1251
42
1036
223
286
126
897
1014
384
1071
357
711
418
152
1111
203
110
87
147
544
1230
1218
362
881
68
752
365
11
621
398
1333
1051
196
15
190
342
414
406
690
91
173
81
1149
341
194
109
76
259
381
650
363
6
313
254
284
155
422
539
219
331
1345
166
50
1344
1080
1272
493
451
4
1289
13
1386
412
1373
925
161
33
901
381
170
426
1245
44
126
211
617
155
127
851
257
1390
397
356
235
248
52
223
153
516
1202
1009
157
315
234
571
378
1171
158
1019
46
399
922
74
387
165
443
156
192
378
1056
443
523
846
301
877
835
115
332
72
217
292
62
117
1271
223
949
356
114
45
1248
348
885
390
639
33
1093
315
1226
267
1055
86
547
1069
197
42
175
313
902
886
31
384
333
504
888
84
1030
331
1152
551
134
351
316
435
313
425
975
1402
343
842
123
80
97
107
56
478
1379
415
382
203
21
125
623
430
244
181
23
193
44
604
370
429
141
630
98
65
88
265
43
6
448
449
1185
917
411
292
114
1233
104
8
226
284
280
974
228
375
1059
335
432
317
82
441
141
210
424
70
1218
781
6
302
134
292
305
1021
269
280
1197
165
470
71
253
1243
29
332
51
114
48
283
1130
217
775
391
239
312
1197
310
442
90
231
44
1161
75
26
109
145
274
207
106
6
600
631
376
353
1049
257
126
85
372
564
450
548
100
127
28
360
150
304
88
9
47
810
186
251
141
492
385
10
343
374
22
419
1439
202
316
49
321
426
671
310
214
215
399
434
99
241
171
449
222
272
1008
146
793
378
226
0
107
195
247
353
617
626
1417
99
934
159
266
617
17
1069
406
1332
869
1323
106
271
219
809
690
313
369
529
40
152
203
1320
417
9
71
136
1064
1313
39
981
410
279
219
262
690
412
85
1090
85
533
820
1369
396
329
156
58
198
405
1262
224
209
605
226
144
194
1110
34
330
108
752
1258
1269
890
335
888
161
57
31
338
196
193
381
1004
316
517
133
281
293
890
176
395
177
170
394
598
181
222
439
599
7
442
246
394
811
445
1182
317
39
323
317
224
69
453
98
333
109
185
362
63
813
1228
176
505
303
1309
1314
54
428
153
211
384
264
131
220
326
298
163
1285
163
1314
1284
1300
23
190
339
317
14
1036
255
150
402
216
349
18
203
316
395
506
1107
32
262
254
133
16
414
238
1315
207
627
256
1382
59
111
33
514
394
232
233
412
712
748
522
285
19
652
517
30
17
327
1030
400
90
94
373
331
273
264
20
277
565
437
406
253
982
105
147
49
50
371
972
795
170
427
237
413
273
938
1159
106
440
442
301
850
362
117
68
106
76
137
389
675
213
170
1160
245
394
253
24
298
1117
89
179
678
165
677
1348
366
816
67
296
354
357
368
292
197
1003
346
1043
798
396
28
322
297
235
322
249
190
227
412
16
915
205
793
81
158
143
978
334
1411
236
1250
38
391
132
1036
1078
332
186
198
49
654
30
66
1182
741
1338
169
334
983
587
293
493
200
227
1157
31
470
1097
329
104
360
358
1212
326
113
12
323
824
340
1199
745
1295
606
1405
387
1178
97
24
266
399
5
84
450
56
410
682
718
289
843
438
191
466
263
142
620
595
43
434
1277
294
352
697
914
164
228
15
366
86
90
334
1270
435
168
290
593
1008
137
767
391
362
53
444
935
360
18
172
515
147
102
221
417
55
741
69
297
1177
690
365
284
153
375
46
1128
387
211
631
330
511
85
174
282
363
131
327
23
101
409
987
209
155
425
1146
72
1012
575
235
136
94
448
574
108
376
421
88
113
195
986
1288
1382
234
445
294
88
259
126
957
1264
1337
218
183
181
338
137
77
141
1389
766
698
381
258
108
344
275
102
1255
368
329
1070
27
228
321
1320
329
232
1112
315
117
392
1389
1334
310
242
4
269
1430
53
413
205
161
1306
304
426
315
176
833
836
199
321
1375
300
260
1137
1382
418
727
360
1355
875
410
308
788
326
336
738
170
64
107
39
144
13
1408
1081
771
482
88
9
381
1206
430
468
204
159
209
428
718
552
17
301
660
270
370
46
309
125
66
307
1250
10
125
367
285
64
240
193
136
1221
1029
720
644
247
631
444
252
161
40
312
117
445
1287
104
164
41
1096
214
230
840
169
2
1433
108
980
904
909
83
397
2
303
944
355
396
182
804
504
1418
302
463
1330
334
10
438
203
1392
399
328
1018
171
372
723
416
263
90
121
975
267
400
870
143
306
41
554
57
715
434
277
1037
370
386
12
42
346
214
115
826
162
353
314
48
194
1010
946
920
250
394
18
11
799
289
932
709
250
294
388
1192
158
1205
521
288
983
962
249
186
1387
1336
271
135
418
441
428
164
971
90
152
145
1158
425
35
147
197
105
438
84
33
397
734
276
216
294
741
1351
346
1328
561
415
166
153
270
136
623
1215
1225
828
729
573
309
138
376
214
216
184
1189
83
964
163
129
603
339
960
379
398
396
194
674
405
430
1260
6
1
1430
66
602
289
206
420
341
26
71
248
187
202
12
1266
330
1316
373
271
287
956
728
929
84
1117
440
154
405
80
313
1034
1236
263
413
164
795
285
1203
169
1275
1282
55
510
148
205
63
544
85
1316
90
256
182
1387
680
350
358
270
42
143
204
226
401
609
264
276
292
711
1201
1119
223
323
346
113
388
369
410
410
1114
151
409
518
138
1253
1135
397
252
364
254
258
449
93
150
262
800
44
149
168
354
106
1365
1004
891
322
818
1386
108
113
107
326
421
399
980
199
1366
547
242
1
220
323
1155
741
1207
399
1181
45
51
576
4
42
56
55
1222
344
447
297
33
198
364
549
272
240
1328
495
95
426
250
34
1194
113
616
310
1039
338
396
93
45
251
1285
240
5
507
73
399
445
431
418
128
445
72
735
226
164
842
354
32
113
677
289
377
168
86
115
142
219
414
29
153
176
1436
635
1370
87
39
406
1153
66
420
117
60
370
126
142
260
241
317
200
817
132
161
396
352
195
179
405
539
310
708
342
245
1436
315
292
103
1347
533
35
315
280
91
847
261
1382
521
1249
122
288
584
133
739
72
153
135
393
176
698
384
1112
314
169
1451
289
177
96
102
726
436
65
419
438
36
198
322
55
1187
260
163
173
636
81
142
386
1291
243
1145
298
127
343
101
122
92
117
143
358
432
284
346
641
388
61
155
249
338
347
359
149
365
73
57
225
670
60
1311
97
163
391
423
1047
248
1004
343
1404
319
739
279
376
17
179
895
384
368
435
327
1293
241
1138
245
712
1361
224
91
85
254
118
23
1197
424
11
328
6
442
410
272
411
172
1176
210
79
555
1061
595
1297
83
439
1074
54
286
1428
702
1331
399
351
784
241
255
1027
183
74
295
445
157
33
421
984
201
331
1066
568
1049
34
623
141
1031
525
1415
203
81
219
256
201
162
495
334
356
1133
103
1006
27
166
427
1204
1021
350
1216
110
288
1405
556
167
382
36
273
157
336
318
91
508
696
1428
421
1216
69
254
444
1411
447
201
701
454
441
413
1037
335
380
470
372
229
655
57
989
436
431
1114
562
232
629
1109
341
95
437
34
11
346
1395
442
169
38
409
437
911
128
1149
516
899
219
774
146
25
418
100
477
130
392
374
252
18
93
173
235
132
324
272
380
302
1337
203
10
403
1146
1238
133
151
300
357
147
90
392
75
294
62
1332
140
196
408
349
188
393
184
8
348
1098
127
107
270
413
334
402
47
441
122
408
101
84
834
1113
707
1233
346
512
722
313
932
364
259
619
27
360
57
314
234
212
445
447
263
143
230
262
482
353
145
236
277
304
1319
1091
1099
1288
651
14
274
212
219
72
1259
125
1396
38
227
404
260
655
1177
378
29
345
800
321
737
235
187
273
149
230
377
241
108
1102
1304
281
174
263
331
387
32
726
450
68
212
56
1227
446
1374
1323
1356
101
1184
98
57
376
147
23
729
287
588
264
1381
963
259
4
882
1047
504
136
393
435
134
36
606
345
278
254
283
177
55
399
328
1362
33
299
395
769
1431
755
439
74
170
413
234
1228
345
406
1448
259
57
81
191
493
312
178
371
243
291
235
361
403
126
199
361
405
1041
215
209
91
654
6
954
55
502
359
216
78
150
43
255
612
632
397
254
164
732
155
564
175
99
660
427
113
104
414
94
369
287
279
113
60
807
1133
1045
34
342
1435
1034
97
17
60
699
15
298
437
77
117
207
1380
446
1368
50
25
125
982
1416
969
68
431
408
630
308
209
1083
1132
273
402
1419
572
273
783
342
205
1367
1344
706
348
29
428
192
609
748
815
111
941
373
1160
847
287
11
942
444
294
177
153
30
1199
338
352
348
388
1120
354
675
221
260
1326
217
287
366
136
36
249
259
8
106
613
1104
352
977
174
30
1108
274
216
814
206
355
1141
715
399
42
152
381
30
86
1277
1173
722
1422
958
427
2
935
397
43
370
252
164
313
17
405
119
394
70
347
55
239
729
283
694
373
173
600
635
681
1224
268
232
283
284
59
264
385
86
4
448
43
294
437
304
198
392
180
185
62
567
234
153
126
241
30
196
8
687
440
1378
439
396
424
144
1150
835
74
166
444
243
124
663
716
76
333
22
48
392
526
1078
39
397
200
150
212
35
1135
336
379
132
927
1073
249
353
247
1374
1434
380
191
1339
299
654
207
82
565
791
27
89
246
111
978
138
125
304
1053
348
240
115
283
421
783
414
228
783
379
1264
216
577
274
138
151
1356
183
378
1028
1081
1299
28
108
847
433
150
289
342
423
190
1241
1401
664
388
6
1169
395
506
248
13
187
349
444
847
418
46
886
405
287
204
560
382
190
231
79
80
29
304
406
54
374
121
75
349
357
23
151
65
1068
1163
311
182
235
119
255
357
967
1256
319
421
44
136
686
60
934
431
241
338
601
215
450
974
290
257
851
221
374
151
302
140
98
1138
396
791
211
103
196
130
409
19
195
869
1210
333
455
341
66
148
78
155
1382
312
137
345
358
1399
91
241
440
409
149
259
284
1126
108
40
244
1381
244
131
1048
148
114
749
356
16
507
70
390
1412
933
291
263
198
206
1336
351
871
60
113
159
753
430
146
255
753
347
380
186
80
19
187
243
339
303
788
87
1193
1217
215
24
353
87
403
161
82
310
250
1256
700
165
88
1274
26
77
192
199
216
348
740
808
396
172
1419
651
323
399
215
699
255
74
819
197
407
387
611
1344
43
213
384
110
307
400
366
102
49
323
422
75
582
256
96
56
247
324
11
163
233
429
278
247
238
30
1366
292
828
434
62
287
95
618
26
149
92
354
193
466
306
28
143
156
337
866
119
1239
411
447
11
208
800
250
1288
844
948
96
90
651
81
360
433
55
363
202
39
280
18
270
367
408
420
548
121
17
437
347
130
411
624
176
430
161
206
594
782
449
515
133
277
1323
85
464
524
1104
778
448
1324
368
1090
145
100
409
264
434
405
431
376
1299
464
1384
648
160
380
268
624
248
95
203
204
1336
227
767
166
351
18
229
6
401
212
129
764
367
437
1116
402
379
198
794
916
121
1378
294
29
58
295
39
105
181
320
2
270
1430
101
1336
333
741
340
787
1196
13
120
434
1131
339
226
907
413
394
266
178
369
98
304
1004
699
627
769
1362
99
257
828
237
82
299
79
1446
169
1133
6
353
7
1087
1112
276
752
38
927
442
1137
588
1165
1373
180
202
89
11
415
179
1066
406
962
247
9
121
131
650
537
712
195
108
263
328
288
656
39
350
14
440
847
7
1344
437
109
914
93
324
162
366
169
341
163
55
443
808
257
98
390
1120
1334
831
131
106
184
868
1086
1052
746
41
334
84
262
207
340
1224
744
419
64
197
231
286
12
730
552
68
330
1443
364
1271
227
412
402
75
760
358
924
124
67
634
89
757
1416
1183
142
49
1
338
406
521
328
416
1015
283
173
1385
221
2
95
653
1283
81
770
340
203
83
451
248
228
477
380
1331
715
305
3
580
145
631
1140
386
400
444
753
1182
359
124
124
107
1213
133
285
242
282
51
1382
189
151
167
83
398
220
79
416
386
145
666
440
768
331
46
349
937
1278
143
1061
283
1135
1054
264
60
132
872
52
25
1408
510
715
82
114
321
777
426
547
433
253
436
230
355
22
3
1225
25
840
895
799
202
410
1262
222
25
282
84
328
100
62
627
130
1138
31
53
437
583
353
124
538
204
20
161
924
274
182
556
379
697
156
1079
948
23
548
392
60
1124
506
874
66
228
785
920
1212
178
612
222
112
330
391
374
313
364
1272
601
1112
304
284
508
401
150
714
338
85
400
368
133
731
284
351
862
73
126
401
779
297
183
42
295
143
357
34
250
239
428
622
902
261
440
388
250
310
375
325
864
81
49
22
448
121
84
886
133
175
1403
263
389
306
753
382
158
421
85
122
228
60
1144
258
543
385
188
245
215
126
121
786
360
389
415
374
366
1262
149
410
87
333
266
1307
509
647
423
180
323
902
1381
660
153
26
226
11
330
740
281
275
595
211
1151
173
763
221
382
463
910
1139
199
28
148
402
441
217
25
1287
266
919
1379
480
626
500
193
1119
444
722
420
163
130
1120
90
119
679
489
244
140
862
81
77
832
205
116
383
247
92
344
738
334
369
384
130
273
348
1162
891
908
78
158
428
354
24
437
395
882
798
395
105
379
226
514
247
661
420
401
137
396
228
17
79
742
77
707
128
1285
298
213
144
292
322
264
852
205
378
241
1142
137
43
158
163
293
354
19
359
281
155
1204
17
452
93
127
398
93
1398
415
356
729
1429
1078
844
400
173
196
393
435
1129
586
305
1368
1200
271
301
219
1104
283
682
1325
12
208
696
1236
75
227
171
1179
791
1189
114
465
285
56
590
443
434
81
178
45
49
141
137
71
1137
342
937
557
438
116
1004
1000
1324
174
370
220
869
616
931
86
1105
205
116
389
473
364
423
326
71
776
17
306
446
957
301
389
1388
206
263
270
472
795
644
95
402
526
230
211
328
900
38
1336
1068
218
931
404
138
1002
286
437
209
1421
514
395
375
1135
951
662
286
340
32
1299
747
439
1051
253
148
211
149
74
259
132
1344
345
1135
129
790
511
204
437
333
164
707
175
62
980
316
727
976
420
194
240
100
1179
899
293
1400
8
374
234
26
32
435
55
428
618
811
973
1059
109
390
262
333
198
150
183
377
264
251
884
331
57
1366
137
203
751
8
145
8
225
126
339
418
242
1156
267
222
19
311
447
267
47
209
356
421
167
158
32
1387
336
30
371
1013
93
1011
352
1432
371
37
202
259
207
158
189
245
768
449
385
984
103
56
307
285
188
384
84
239
41
90
47
39
451
481
240
1234
237
4
1300
144
7
339
1009
136
1100
1254
1293
199
81
383
360
240
447
262
228
554
390
956
1062
91
21
159
1020
205
242
425
470
845
377
1310
322
1386
1130
325
722
68
77
175
103
19
774
1289
445
774
1331
332
935
430
10
185
173
919
126
192
238
627
241
422
54
1247
333
57
262
407
324
176
380
83
613
81
1082
105
119
188
52
316
450
231
380
220
507
82
118
236
74
1334
426
75
83
8
391
96
480
68
67
342
2
51
176
408
301
1031
95
139
223
64
440
279
285
959
166
325
123
928
313
421
258
897
120
645
421
1422
186
511
154
176
6
413
188
420
1277
40
197
870
245
234
947
1272
410
66
299
203
370
857
1311
250
317
208
265
96
175
94
203
920
75
413
421
40
1359
1446
202
344
1068
42
908
58
653
13
410
173
357
255
162
8
355
371
1410
634
355
54
264
80
124
254
420
172
25
241
207
366
377
377
183
1058
217
1019
159
170
131
218
1421
439
190
667
195
1137
306
136
457
225
879
102
579
65
698
253
729
787
357
8
436
447
421
343
360
1424
423
87
201
247
2
434
404
25
265
721
405
271
431
447
359
1446
32
257
249
342
326
618
533
820
742
1070
113
10
627
20
408
323
55
1185
23
209
711
224
170
904
177
1158
1258
226
361
253
230
155
318
419
315
220
404
165
450
1393
81
222
682
357
562
387
64
294
405
1190
113
531
861
41
64
892
171
818
278
405
57
1374
347
256
203
455
1333
102
251
152
569
763
414
409
330
280
706
429
1252
238
1348
418
842
1118
93
117
1429
556
1319
1020
219
173
178
229
365
163
469
366
914
253
12
109
1049
73
1393
190
1331
421
933
150
439
186
685
256
1063
1113
31
863
679
856
360
1061
450
730
306
399
74
38
440
15
711
169
103
348
392
1260
221
314
178
89
321
137
942
756
75
173
200
349
770
20
79
326
267
156
762
59
1026
1388
47
1085
206
151
67
1
351
170
30
700
58
89
322
911
510
71
408
358
315
368
232
198
1263
255
188
224
307
1282
641
453
385
19
983
1441
252
250
403
410
189
35
120
244
202
1011
416
533
102
123
327
48
37
466
376
111
430
398
1448
1058
877
423
1448
275
761
597
699
986
309
200
1171
384
72
1143
198
257
358
319
203
220
1390
350
184
1311
112
131
99
1061
30
418
148
186
381
882
982
482
218
553
227
419
267
452
154
570
305
313
164
359
297
449
865
107
745
312
330
463
1069
314
338
400
264
302
403
153
182
428
412
1314
146
84
1278
849
943
790
361
357
196
97
881
113
1285
815
447
363
517
1340
203
151
224
1372
81
231
208
1012
1018
162
321
1301
130
274
275
50
257
204
332
663
715
101
48
1349
778
392
1123
54
852
428
1211
1259
31
272
1304
120
428
1202
301
196
1116
87
6
548
79
71
365
390
427
303
27
271
182
161
454
759
558
139
2
401
814
321
30
157
820
386
1030
292
233
47
816
496
706
589
848
178
708
1053
85
285
341
227
1168
418
111
145
490
19
282
119
1415
766
326
999
867
261
415
188
417
425
183
1148
792
253
388
467
184
1334
160
871
1419
70
967
1144
910
223
1249
23
395
178
6
184
202
182
622
513
1022
320
271
63
1426
18
220
342
210
142
326
194
269
441
397
366
1038
547
516
217
46
1047
218
377
774
316
257
273
794
812
126
1276
250
1202
1242
1166
89
905
1
104
886
1225
323
518
904
343
648
49
364
313
57
19
127
41
86
1003
402
217
540
407
148
665
362
104
424
54
161
1134
181
27
2
239
1275
107
371
302
713
87
348
1041
150
475
354
197
390
322
891
234
688
616
1450
1138
244
45
981
253
195
344
419
995
147
843
86
138
546
583
180
431
983
410
303
726
114
239
54
912
31
1306
163
58
1252
421
184
1201
225
379
836
34
176
314
153
372
339
714
205
482
302
274
356
196
263
88
189
143
540
153
94
112
106
224
238
55
537
110
394
989
43
384
414
115
3
578
347
290
376
751
313
191
676
296
195
118
449
48
1331
169
1144
167
81
360
321
1325
325
148
168
149
443
97
96
1360
72
105
759
864
1128
225
319
448
152
781
260
132
210
481
1236
679
285
164
121
295
136
993
975
616
1320
250
9
1206
1240
438
810
138
558
1156
317
186
349
412
775
126
86
1419
221
1195
389
1364
53
24
383
11
360
325
175
242
962
218
1038
280
279
174
153
1252
494
143
103
396
93
749
350
348
141
440
428
405
1173
133
0
64
439
64
1248
519
56
1418
381
172
475
1355
252
1163
719
37
413
970
279
582
184
340
226
108
282
496
641
384
10
221
13
165
398
257
1140
407
177
299
1190
718
1255
395
342
6
146
178
296
31
9
249
202
268
109
193
309
161
1233
201
438
27
1268
237
135
1411
275
946
165
429
985
216
66
129
1281
491
278
1168
275
243
675
1151
104
181
746
85
641
630
261
1177
961
919
49
392
373
281
199
489
693
336
725
184
1185
270
143
110
1446
323
284
65
252
92
132
369
212
237
288
28
125
420
43
311
76
29
1006
44
294
674
193
25
77
715
86
267
777
156
18
1361
223
1015
247
36
293
209
122
275
194
842
104
210
372
707
31
28
402
248
192
382
138
244
264
59
290
150
304
80
368
215
435
120
275
92
328
330
173
407
370
483
225
227
70
530
151
42
345
604
157
80
439
392
226
206
905
105
2
293
1400
404
447
251
397
408
67
62
254
883
1249
1434
276
1161
7
201
301
217
310
50
704
366
79
48
229
147
369
433
83
297
434
54
1114
351
21
935
169
368
151
381
123
58
764
373
239
459
84
752
233
7
0
734
1204
763
388
893
752
1442
981
245
431
923
249
179
1082
336
1443
292
426
342
878
308
125
103
207
285
928
98
213
651
343
512
94
979
150
302
473
242
545
451
808
29
1197
404
156
136
51
435
397
61
729
167
125
320
432
172
1306
1194
278
441
190
707
375
163
916
33
234
1396
282
88
79
78
706
350
1156
224
447
891
385
150
423
251
94
238
600
316
617
207
484
131
246
662
1191
1127
1321
40
5
212
20
405
406
151
295
597
84
268
1429
1370
1281
309
426
395
1396
1134
1284
128
498
269
260
1376
998
245
540
214
299
285
160
1345
258
279
535
420
1230
350
336
142
190
58
527
411
1335
57
512
130
220
365
84
69
168
251
612
345
80
295
251
160
147
186
397
283
830
270
1283
542
1282
30
180
693
251
641
367
187
873
377
1011
100
116
325
1117
32
181
1277
1126
208
381
134
228
849
274
261
139
397
966
330
294
219
69
295
364
359
440
436
125
985
162
34
200
969
136
330
265
346
1358
72
290
257
81
310
103
492
1
180
623
77
334
255
802
874
368
300
279
136
149
408
1049
102
11
151
1075
1421
700
307
373
1231
1159
283
255
277
446
1434
331
203
372
204
1173
444
273
233
131
152
739
46
215
260
425
85
374
322
339
397
276
159
123
241
428
442
279
80
134
1140
666
487
1065
915
1302
0
64
953
1156
691
415
385
313
264
1353
146
341
370
1060
752
15
976
286
404
130
771
1284
96
1443
376
154
341
190
1333
248
55
256
977
881
117
1163
790
395
176
1171
1379
988
294
496
208
1104
309
175
19
122
335
1116
282
993
420
263
54
533
1277
105
139
373
25
669
182
287
16
241
65
362
985
40
423
321
430
1023
351
414
1052
806
275
267
49
314
1138
341
419
6
252
480
120
360
230
172
1414
654
1081
136
193
79
89
342
106
193
264
131
80
250
162
282
10
305
15
190
1417
172
334
54
269
1249
822
446
261
18
657
344
9
391
247
417
189
304
58
52
121
126
344
159
336
164
589
339
199
120
36
1402
401
1
71
348
1129
399
98
445
1213
660
1042
234
383
279
335
1085
60
209
759
451
206
362
214
349
1051
1082
274
1354
286
714
1182
1417
174
150
49
1288
416
337
282
73
231
626
294
326
263
943
139
214
121
438
13
1188
674
910
80
201
973
424
191
90
308
1080
289
644
235
18
223
1262
1002
735
18
464
229
220
996
839
211
271
407
432
1
938
91
59
325
1265
11
878
178
477
97
120
400
33
24
1342
362
226
306
198
2
144
1431
375
84
197
1022
674
224
186
285
509
243
70
86
555
43
364
455
800
345
130
539
152
119
790
255
257
8
38
1229
423
941
917
157
413
443
257
640
1006
945
369
1055
31
420
6
826
365
763
95
415
1393
30
214
306
493
289
135
1163
1034
400
429
141
1
146
82
119
184
8
257
423
820
540
391
373
1414
264
257
39
920
166
242
875
267
139
322
801
24
445
47
92
572
915
184
98
266
386
218
306
237
323
1073
159
180
170
374
416
327
90
184
1156
517
1331
448
425
6
262
406
1305
540
268
355
254
188
345
275
423
183
389
1370
674
1071
1418
129
152
325
194
211
1208
366
1055
406
1037
8
335
97
35
251
779
330
102
334
1054
282
1392
350
57
445
1025
531
174
189
22
127
458
328
569
232
1
437
1357
18
330
200
1367
72
1182
190
13
30
395
33
396
1250
170
758
223
381
320
1083
708
200
166
300
1351
741
174
151
447
269
334
1122
846
44
441
370
682
358
1067
1319
448
1047
302
487
162
1060
737
584
290
214
373
125
95
343
204
151
41
12
992
1181
41
187
899
434
451
100
101
179
434
842
547
268
716
289
1008
285
568
267
1019
47
114
336
161
362
159
143
206
454
55
37
421
839
156
531
1301
266
386
425
125
292
1162
363
13
80
345
416
264
119
628
1123
959
25
162
176
656
363
1327
369
97
247
846
135
124
41
51
540
175
594
241
104
167
57
171
422
74
408
318
1286
162
289
463
1353
374
147
72
370
921
371
44
1129
412
393
1425
367
10
1290
924
43
423
722
420
105
279
585
192
138
58
551
399
113
496
822
1436
161
1327
124
1438
213
345
987
98
198
21
1030
389
441
175
195
68
148
726
301
124
491
447
753
234
305
40
342
1346
361
503
182
133
7
1275
845
860
402
1312
175
44
105
340
123
742
296
190
40
386
802
367
1084
189
275
341
448
1201
196
57
537
117
367
114
339
1087
338
30
909
671
45
117
158
1191
94
311
215
299
29
504
276
324
338
51
70
310
1200
153
967
68
26
385
647
264
207
571
1207
45
1067
95
69
27
285
689
89
219
300
216
140
357
52
108
200
707
408
438
220
144
103
1420
1254
324
609
1427
349
1148
168
743
234
1300
897
443
89
359
399
231
63
1071
220
791
31
275
116
139
275
398
51
411
182
895
796
58
172
432
769
800
406
57
548
445
1262
444
341
1221
981
588
82
1068
409
920
25
137
1139
166
358
121
386
286
240
175
275
142
646
1102
250
169
359
287
880
907
712
1026
156
236
223
442
304
858
491
320
1011
25
40
238
1018
1426
326
1346
133
159
334
757
264
230
1262
393
428
339
1015
62
516
25
355
794
635
81
950
18
62
424
406
430
420
123
317
114
184
555
27
32
307
344
94
70
436
399
195
167
117
82
1013
894
717
312
898
288
961
527
331
897
517
139
14
219
269
1446
11
372
102
408
326
1014
449
354
852
250
832
480
1063
1059
162
269
308
2
245
99
1368
957
59
33
113
334
339
162
16
1051
18
1145
991
172
1108
953
346
1450
302
92
95
316
412
210
427
34
370
356
145
244
1424
591
571
353
256
200
153
541
1444
367
244
437
110
821
985
248
818
360
1112
21
111
1383
20
121
1443
116
34
544
10
0
919
356
852
103
780
291
21
207
171
55
65
1043
161
78
34
54
64
449
211
18
755
215
1324
1127
143
401
902
303
434
916
286
417
531
875
179
1413
226
72
158
39
39
236
650
169
384
645
534
83
224
1346
331
130
73
11
1121
719
779
151
269
1163
27
1031
333
103
200
93
165
1110
350
435
514
308
932
396
450
119
432
156
301
217
335
381
1368
198
152
410
389
332
249
156
1103
1135
183
1200
128
265
432
106
375
273
928
857
110
253
62
206
447
877
886
1232
1307
523
407
1275
360
43
448
311
536
110
704
359
145
272
396
480
119
120
1377
233
225
624
339
442
1329
899
6
219
234
108
954
16
402
6
1001
871
307
260
186
91
208
412
333
793
598
1278
1170
1039
77
75
43
699
90
36
804
377
1228
345
300
214
93
180
399
262
496
46
1412
402
314
166
194
126
419
11
1388
270
844
100
1114
280
59
967
583
1375
95
120
3
191
83
389
32
196
56
301
266
278
1341
106
125
1032
361
541
331
891
157
18
164
441
1364
95
20
744
148
1328
89
226
396
629
319
92
229
56
1029
77
383
362
1255
1205
439
307
331
100
1288
444
318
415
467
335
382
403
249
230
23
1018
565
201
312
387
424
403
253
215
219
441
20
200
61
632
97
363
360
1165
171
435
46
400
355
385
141
383
50
220
81
230
404
764
2
47
233
268
492
393
188
137
393
1058
196
930
523
222
761
1120
280
431
201
177
751
305
121
318
198
117
287
1339
112
391
327
987
1398
273
12
411
448
420
1417
357
102
271
126
270
212
437
294
427
20
306
452
100
31
69
63
9
55
57
73
78
36
37
81
78
6
51
28
95
67
46
29
85
58
35
19
84
67
83
29
14
9
62
73
48
47
48
96
8
36
63
83
67
83
88
1
64
5
43
53
42
18
86
43
6
62
65
44
73
14
46
1
72
92
36
94
13
71
34
95
80
49
98
88
99
30
34
95
16
61
72
43
17
99
46
5
45
36
54
82
54
86
25
47
91
18
30
80
12
90
2
53
68
49
46
20
87
13
64
81
74
78
27
28
45
81
7
91
51
32
42
24
73
29
46
14
73
46
11
1
73
84
32
13
41
57
18
7
70
88
34
82
41
79
24
48
8
27
16
6
76
37
49
64
17
62
41
94
14
1
49
43
25
52
53
79
3
24
88
40
4
7
34
78
46
1
7
69
76
11
90
49
68
79
82
68
66
32
29
60
12
67
58
15
22
40
85
23
61
6
66
88
73
1284
true
false
false
false
false
false
false
false
false
false
false
false
false
false
false
false
false
false
false
false
false
false
false
false
false
false
false
false
false
false
false
false
false
false
false
false
false
false
false
false
false
false
false
false
false
false
false
false
false
false
false
false
false
false
false
false
false
false
false
false
false
false
false
false
false
false
false
false
false
false
false
false
false
false
false
false
false
false
false
false
false
false
false
false
false
false
false
false
false
false
false
false
false
false
false
false
false
false
false
false
