100
184
328
3
974
689
762
191
110
803
1170
140
184
1362
297
179
1096
659
232
71
208
166
944
799
852
12
357
1085
1132
280
502
110
230
372
490
102
277
378
1035
214
80
269
702
251
679
712
283
152
22
314
812
421
50
401
67
287
303
118
514
1307
370
100
46
440
154
78
344
202
238
864
344
388
191
130
155
363
309
1343
226
39
349
370
760
1131
720
1037
284
52
257
1121
257
503
68
241
89
149
13
838
731
558
69
388
422
78
327
30
1011
128
1396
257
202
698
40
19
1286
356
328
242
1303
398
282
377
194
95
704
279
22
270
200
74
265
382
89
289
226
95
102
121
754
261
172
29
162
672
370
168
225
97
306
1204
42
314
904
839
1344
379
16
351
329
993
219
336
95
116
111
223
251
115
72
738
1083
146
150
95
1043
139
285
1238
356
289
1046
672
41
282
161
1140
42
107
533
232
821
36
283
378
1062
367
305
323
424
225
646
281
382
290
170
376
93
51
280
145
158
173
87
242
397
233
521
252
98
351
1209
14
203
324
60
209
24
201
101
296
350
171
590
269
299
296
330
1002
342
96
397
689
405
7
1052
398
197
253
218
587
121
792
895
1308
1154
381
1038
365
65
379
158
1032
693
742
276
184
740
382
304
179
57
1331
829
90
249
24
239
187
592
123
120
371
508
104
712
210
196
188
139
161
221
987
1392
220
114
371
563
1120
112
368
385
141
158
67
143
43
226
16
106
384
10
509
716
107
184
111
86
173
1355
20
114
0
363
141
357
1081
90
262
85
212
391
264
401
856
998
245
247
65
206
210
389
81
396
477
1297
313
383
128
359
109
332
393
63
157
40
327
180
1357
177
546
164
86
380
108
503
305
222
489
201
303
158
158
325
403
88
333
133
22
1137
270
711
283
83
606
48
37
55
261
172
272
286
275
313
636
769
930
88
360
1241
354
190
588
252
384
42
68
1395
216
208
1
259
994
128
1278
286
970
1351
594
26
321
6
591
404
268
217
123
915
34
46
242
374
832
266
1196
1175
179
58
39
192
259
101
214
92
14
230
1274
158
83
345
270
336
935
182
158
212
793
1187
712
284
569
398
229
1168
86
152
77
777
909
353
182
395
25
466
287
792
326
405
247
744
361
91
18
563
845
348
7
1346
396
311
143
247
290
189
159
162
1032
251
283
148
54
228
295
67
61
340
106
236
148
40
221
170
122
104
1081
635
343
54
76
258
375
37
42
52
151
612
325
260
251
186
161
263
282
193
64
6
583
85
396
143
317
22
663
157
837
796
492
17
652
131
265
69
547
906
1258
597
319
600
392
160
13
342
679
190
656
73
130
109
806
59
358
21
718
357
285
742
384
196
75
161
379
146
149
1172
271
188
507
247
601
1
338
135
491
492
1243
226
282
363
299
409
351
60
156
41
368
210
212
242
1267
22
231
136
376
1336
263
570
509
315
448
10
842
4
579
36
135
604
197
806
789
381
757
169
256
332
1023
100
271
870
61
283
126
72
1317
313
96
345
1037
205
1369
313
1393
223
363
374
104
87
286
343
1354
225
641
148
258
155
878
1190
199
1293
279
250
1354
1282
136
269
127
900
210
405
1139
1173
137
334
189
63
384
401
27
30
1097
139
859
1337
651
130
3
50
208
334
10
1225
184
209
378
995
316
258
88
1130
167
46
245
1194
308
131
406
301
364
69
1045
368
885
84
34
900
1147
450
1152
266
118
31
212
139
778
669
95
760
1
266
156
198
194
753
371
356
224
403
320
611
621
793
107
245
338
163
754
252
347
48
288
505
125
1
10
384
164
336
305
351
214
221
276
370
340
961
686
196
242
1313
173
521
320
132
688
201
915
1406
639
678
1366
1043
852
237
325
259
29
103
1402
276
239
484
146
324
1406
304
325
151
280
1168
320
529
176
1313
1251
1088
61
1117
92
968
50
341
51
1195
971
10
399
336
188
369
372
71
362
112
382
295
333
171
250
95
202
217
108
12
174
390
356
279
1011
163
168
288
229
22
245
241
264
271
19
217
80
181
405
1168
1218
341
0
146
1249
115
510
194
92
25
63
582
250
1091
913
64
378
738
362
268
255
359
345
180
130
211
1093
371
452
949
1231
169
277
165
155
197
252
32
72
977
310
283
111
274
262
93
372
706
45
164
304
328
41
73
237
318
5
866
779
981
1272
952
1179
205
270
273
466
929
950
1145
290
261
80
1141
243
130
170
481
1400
1339
359
899
355
394
235
674
365
129
336
22
59
322
880
297
136
1048
484
426
1242
385
101
388
269
1052
14
228
105
336
339
51
285
108
343
37
743
379
363
175
159
364
206
57
917
1268
264
58
1116
694
294
119
223
250
706
25
360
263
303
1199
283
209
202
242
1359
374
23
905
1221
209
1154
280
349
156
319
792
196
16
351
347
770
120
235
949
132
162
62
1371
1201
141
116
179
493
379
314
68
346
311
184
559
179
164
1337
675
958
356
186
927
91
39
93
3
558
376
1031
152
430
114
880
117
149
1399
62
150
261
848
317
198
535
257
313
49
332
50
207
386
1362
352
171
707
235
256
287
1258
120
68
275
532
101
346
1208
554
119
285
788
575
526
328
1298
853
8
610
182
0
384
224
329
1347
1323
309
106
213
939
307
576
144
33
246
374
72
1080
1180
193
1368
123
409
1164
161
346
152
383
896
211
104
36
738
363
1123
202
215
61
59
154
217
277
26
335
281
25
1348
923
390
1044
62
387
259
855
1350
13
1011
269
245
108
772
191
67
260
341
381
564
293
73
225
1234
1043
1118
21
253
306
32
779
1101
8
176
1227
210
57
216
55
395
183
1069
386
249
47
325
849
5
302
71
365
18
305
820
139
124
87
1190
324
216
855
106
88
889
1321
274
1171
149
242
131
109
60
62
14
376
132
1118
152
1190
1389
1328
200
92
402
551
30
289
190
835
285
261
184
97
999
230
109
307
816
58
73
363
196
77
73
212
328
148
595
75
247
96
70
80
314
349
257
229
55
520
275
37
293
197
18
910
415
19
109
392
45
835
886
764
843
252
207
119
190
287
160
1065
526
64
82
302
20
602
244
99
249
1206
279
172
339
113
690
179
808
50
388
379
904
62
95
391
1391
1206
136
333
318
48
291
107
703
284
328
148
283
366
297
148
54
0
235
932
128
21
234
112
1329
221
1161
6
86
715
1344
249
214
1289
1185
190
1316
720
75
332
404
150
475
18
940
1373
559
1014
642
137
35
413
662
289
222
187
644
236
1164
10
77
163
318
65
219
1099
186
162
917
177
167
84
250
59
616
116
391
853
261
82
517
166
504
339
813
222
8
352
351
998
883
21
461
756
1141
388
25
202
227
267
296
1164
149
329
315
673
937
208
1087
334
356
986
489
130
199
282
266
134
30
210
18
452
367
264
916
1051
133
746
1139
355
246
178
123
1221
153
37
936
347
6
10
293
852
231
734
196
59
23
288
435
493
47
312
252
147
1370
1085
181
589
399
350
20
4
124
366
127
229
347
151
342
300
275
118
774
326
49
363
1236
107
272
184
384
387
237
588
932
401
1074
277
162
15
293
79
1103
61
173
129
304
813
72
130
231
115
329
73
45
1211
1117
259
396
18
292
95
172
305
994
172
322
128
42
129
583
663
143
327
1251
680
95
571
189
261
56
1
340
88
529
400
722
686
884
331
305
358
364
1403
270
1328
99
192
1006
183
540
50
282
694
41
556
1193
1190
362
51
1205
510
132
124
571
32
322
223
199
515
304
1216
765
76
227
5
13
242
1303
332
1201
400
195
300
1242
62
152
155
393
947
980
78
313
59
264
106
798
354
202
68
293
698
1318
9
18
51
188
1030
1216
831
301
310
1381
335
299
568
81
58
1130
501
313
223
345
302
406
324
98
769
795
265
875
844
116
1004
294
330
355
368
2
12
197
606
334
1050
363
151
82
992
9
707
287
330
743
590
308
196
946
575
277
104
156
202
224
353
132
1119
1101
191
92
83
25
1282
365
65
332
266
1265
263
1405
391
1282
121
1160
202
245
51
65
868
0
1041
321
1191
1039
74
1177
73
16
168
180
1125
767
151
381
908
1256
358
371
780
768
306
22
23
84
49
150
1347
352
318
330
362
85
830
142
143
218
594
378
186
300
382
864
97
100
851
38
1126
256
317
8
1108
136
373
297
1083
300
201
287
570
144
990
866
114
53
1140
169
878
181
512
261
230
343
46
203
405
272
1382
720
1216
1260
463
95
369
236
103
641
50
9
208
188
750
113
13
269
152
197
269
296
102
1315
25
146
861
728
642
327
1149
193
990
585
301
372
300
1232
1343
653
200
322
478
148
683
11
638
378
64
182
901
112
209
42
37
339
92
434
326
81
173
92
321
190
162
478
396
1045
330
1027
381
358
347
643
864
192
678
299
173
102
89
403
374
113
154
320
283
305
156
401
46
394
105
11
129
66
152
155
276
14
850
189
148
542
1219
206
401
276
57
77
35
229
960
295
195
93
347
372
69
1256
110
509
846
17
189
1193
71
283
1340
505
482
70
110
5
1143
246
73
304
367
210
707
123
33
337
178
244
11
167
332
64
309
495
1201
211
420
275
1391
75
129
350
347
229
51
168
683
1360
158
224
329
837
1301
16
254
861
44
353
1322
777
251
582
283
373
1101
295
214
1189
131
162
958
1361
747
124
596
904
216
1397
135
156
326
264
1122
108
260
370
161
85
474
140
406
560
85
504
29
346
382
373
147
1382
272
186
1398
345
248
32
328
296
995
350
1278
219
127
49
358
298
74
330
247
39
373
272
129
1290
175
76
256
307
654
1370
207
199
242
963
140
198
271
467
389
1132
326
835
542
123
242
15
122
318
299
263
193
967
397
868
333
296
1321
1076
492
6
18
205
181
85
741
518
301
135
228
216
1182
349
970
10
215
201
220
396
367
1020
143
258
185
1195
928
1011
164
375
246
57
543
71
238
279
188
107
277
25
148
288
258
290
236
76
234
78
136
396
8
396
525
188
83
330
234
121
277
963
170
222
1272
508
148
33
1398
799
202
282
1386
82
1014
265
341
232
109
214
17
11
115
384
1318
119
1330
306
177
18
1226
944
1005
162
225
183
580
367
56
69
921
1206
427
53
1393
484
266
231
43
316
63
97
311
277
115
1157
373
1286
206
117
243
1196
218
31
866
911
126
213
688
293
124
365
553
773
177
89
1343
112
36
26
722
914
601
641
809
291
274
192
445
1015
996
324
4
221
174
642
48
1138
518
359
319
278
411
297
1164
297
270
490
100
584
177
1170
213
995
306
547
557
401
1301
38
331
848
331
70
1316
21
101
112
330
207
1
1255
6
834
350
33
1
32
902
1003
998
382
220
84
861
620
1023
307
641
201
328
168
987
169
48
1016
767
330
664
777
285
145
269
281
908
786
91
672
217
699
158
1152
236
463
300
520
349
1318
644
105
80
392
307
1103
681
349
803
50
316
372
865
371
161
144
315
69
265
125
162
64
1254
287
264
1136
382
1131
251
945
736
123
397
845
406
598
50
589
231
353
1180
90
117
156
668
364
842
23
200
634
10
374
132
305
209
48
1199
234
7
191
474
97
207
1038
326
62
124
41
333
353
89
193
1051
1204
148
272
231
238
623
669
200
341
383
369
1359
288
340
691
46
115
715
389
228
1218
278
87
373
429
1267
693
6
42
826
398
97
660
316
995
218
451
649
82
1317
74
337
1326
328
526
18
827
68
434
195
121
616
354
796
244
34
1106
141
309
1160
3
242
13
233
314
108
360
405
255
58
108
76
391
288
210
346
43
4
0
179
46
1003
344
455
406
172
24
12
203
154
271
1196
74
85
857
299
219
48
1004
135
179
1065
799
116
26
16
119
855
365
77
312
284
314
7
181
233
165
188
1180
99
574
1186
1198
314
122
279
732
23
334
881
195
843
97
346
1245
103
759
1261
300
265
355
237
665
185
270
204
115
930
150
331
1150
208
62
81
52
393
331
64
185
322
215
197
275
634
1008
722
272
857
459
216
224
672
327
96
37
1224
274
1115
120
118
1259
220
1
84
3
395
214
253
332
79
320
110
217
306
835
468
180
39
1316
263
127
110
418
1211
248
198
279
354
695
25
937
942
187
95
1238
292
263
66
853
352
680
330
87
432
1180
678
994
1184
328
388
26
387
340
877
311
369
140
400
440
360
141
868
143
121
387
194
1140
102
91
215
130
943
355
715
425
215
49
58
990
998
88
336
1111
657
263
282
734
131
384
251
374
109
3
32
205
358
12
290
691
61
252
384
74
832
310
69
365
558
898
35
1208
862
152
79
386
62
273
68
284
99
120
1266
262
290
326
12
653
703
1088
86
280
245
1403
387
587
348
72
72
258
746
221
98
534
753
345
932
390
877
57
97
227
694
279
627
159
1336
1034
163
344
711
607
10
119
105
240
257
274
568
232
166
58
1021
385
929
78
501
1244
1231
250
207
81
102
1
193
71
375
395
1309
163
149
82
1000
1237
355
878
12
54
101
345
44
389
1375
386
606
104
161
156
98
190
88
87
382
338
642
231
226
142
363
243
537
174
137
952
122
145
72
249
892
287
10
1367
150
165
317
215
620
86
276
38
44
1031
738
723
214
627
592
750
100
76
135
404
227
10
245
1088
253
319
352
781
1226
1186
819
283
342
50
99
6
1377
1260
256
185
274
326
1402
372
364
116
331
354
79
420
112
508
93
238
217
278
402
390
891
394
1358
784
215
1229
873
342
966
329
193
90
830
460
453
126
933
862
342
116
115
319
349
972
272
10
295
612
612
242
293
198
1357
124
261
186
895
141
323
405
838
314
2
209
133
310
1148
700
100
127
618
223
524
145
1378
311
880
373
845
1404
29
112
440
903
955
343
294
1045
343
14
73
258
530
746
318
161
865
22
185
977
187
347
166
354
1026
228
345
1257
46
990
204
80
274
207
253
322
277
86
82
141
115
216
854
271
246
40
1058
693
297
279
160
134
337
89
528
117
1377
1398
234
1382
744
1360
89
46
850
200
951
375
1107
299
1021
1230
1060
40
134
196
255
173
362
1157
149
1256
1286
22
629
364
1364
1050
227
79
239
254
582
884
276
285
843
55
673
125
853
260
400
1243
43
1016
684
903
13
353
51
129
336
205
43
173
990
889
146
1317
823
33
127
574
370
402
923
167
184
531
48
117
253
652
1146
972
68
133
102
146
434
553
128
274
402
200
235
86
136
323
1110
907
251
244
1037
1272
1071
52
195
779
172
1309
152
296
62
247
65
31
1097
158
153
628
153
520
301
1159
183
13
971
1207
58
162
1341
1244
334
187
92
938
33
182
150
1198
34
321
758
181
365
192
1158
1182
481
347
202
349
252
39
284
724
35
646
352
13
98
226
216
107
81
614
61
299
608
110
144
38
41
575
204
899
259
495
84
366
936
96
42
1150
268
90
1218
1
316
1148
91
534
1112
1372
1228
1312
109
239
836
1171
281
808
209
117
174
1232
18
203
266
309
42
231
1360
858
1204
217
281
467
1067
157
191
36
362
652
317
75
1013
296
597
945
342
538
498
174
486
96
231
146
1173
377
1401
626
365
263
126
1352
272
1100
790
361
252
46
166
273
363
1034
894
79
274
337
206
70
134
175
287
935
276
889
63
56
328
440
399
261
1033
307
1015
180
202
21
1243
403
974
129
289
226
110
402
266
895
1137
52
151
241
83
1142
296
580
180
271
968
458
301
320
316
1113
40
397
18
294
105
218
661
263
185
1369
919
585
3
112
1333
944
385
187
154
396
112
216
78
906
23
1393
135
386
600
928
222
1022
137
146
100
174
1348
135
405
926
122
224
272
102
359
39
401
383
1381
523
47
227
365
1222
39
140
345
738
143
689
329
3
199
388
146
1140
388
269
4
130
980
1278
50
882
52
269
566
349
212
620
78
332
43
182
35
230
165
237
21
148
294
388
341
44
283
123
356
88
584
342
159
489
62
312
314
552
307
808
342
936
78
202
666
270
114
41
151
16
347
341
203
749
67
5
1142
488
682
328
204
404
1393
236
246
37
627
74
234
1192
91
270
334
172
202
121
344
213
838
161
645
1403
120
749
355
1279
111
371
1228
164
63
71
281
668
969
298
361
231
144
399
149
24
265
1012
373
951
38
267
211
239
210
895
273
343
88
496
40
980
60
166
1020
361
950
367
686
597
196
397
271
81
1163
207
106
451
338
132
243
294
154
507
329
316
354
327
937
197
947
957
370
380
248
282
137
1385
126
806
349
352
305
63
11
46
257
143
155
388
321
347
735
218
405
285
1261
291
576
408
175
801
178
282
218
366
1164
120
1363
173
260
133
119
133
500
585
1294
347
166
123
131
190
211
33
65
920
287
1262
18
278
122
195
90
232
27
277
454
93
300
134
75
309
126
272
1214
1
229
405
1219
436
334
1067
405
690
18
284
178
85
78
399
287
1355
12
96
185
443
496
52
199
297
269
205
86
152
919
365
215
37
1342
130
143
348
265
290
699
263
183
188
73
575
99
215
317
168
388
370
5
39
48
1
69
170
929
106
550
96
888
279
1030
873
320
173
769
715
343
1285
274
1324
97
297
1202
489
102
306
97
413
140
57
297
77
65
95
251
206
661
197
1307
526
203
579
780
1053
825
375
1380
226
104
123
56
85
355
298
1404
634
974
1320
360
298
146
365
333
756
1250
22
367
135
1266
519
114
245
89
272
245
141
166
305
1305
1303
248
240
142
1154
335
326
148
73
373
647
184
404
1329
1261
246
268
302
298
141
96
583
228
148
231
49
99
98
782
1309
510
85
157
226
1082
66
200
1247
138
1270
482
307
800
459
387
323
1
1205
1237
1400
328
1031
79
182
516
126
165
111
29
61
1347
55
257
896
162
206
992
93
541
720
228
126
1345
911
254
1226
259
1181
263
447
264
298
482
897
804
425
67
151
39
126
277
439
251
203
542
334
959
1122
288
117
90
322
387
166
318
763
328
775
110
312
240
307
147
257
40
296
804
123
204
211
336
186
214
354
607
34
1318
25
272
283
536
315
924
374
43
830
160
347
159
285
145
359
362
136
376
377
9
59
415
36
115
942
29
1207
32
1110
941
65
127
338
355
685
77
1134
672
274
41
13
919
267
461
88
49
212
819
985
261
1045
1102
52
98
179
297
317
170
417
35
1214
352
274
359
46
5
245
266
44
976
677
892
159
172
370
270
7
287
360
667
352
705
124
729
276
437
148
45
322
213
78
385
485
127
842
995
107
375
101
273
1210
77
405
14
297
406
184
650
641
370
51
62
372
368
282
385
181
286
1075
1255
600
106
397
112
1274
249
1164
178
154
604
5
264
0
528
333
1316
1271
339
54
126
64
711
293
250
296
398
1359
1011
786
400
777
1248
326
151
154
1105
724
186
1247
383
683
71
997
210
495
310
187
415
324
272
1237
322
854
230
67
109
291
400
669
308
166
651
20
113
285
41
282
217
144
95
62
90
402
136
70
63
23
239
668
167
18
345
215
151
170
33
262
197
467
944
269
33
114
298
159
203
909
231
121
295
78
158
265
377
227
1166
217
899
1364
1276
84
269
329
668
1250
1298
159
195
14
341
1256
125
1166
132
32
113
133
601
87
280
201
264
68
498
263
1083
463
260
25
348
380
326
1400
201
1273
786
260
287
977
336
109
50
1112
1142
1192
166
358
1325
264
95
150
265
205
155
1205
154
68
303
284
55
34
172
786
150
482
403
91
277
1175
853
237
263
15
42
285
259
887
213
23
356
364
301
111
135
80
1018
298
87
863
1124
358
457
292
199
368
406
404
102
360
7
13
724
49
374
350
99
12
123
9
140
317
137
35
889
127
33
325
654
387
858
349
120
249
30
348
1336
48
1079
222
496
230
478
40
380
754
250
761
670
1186
5
175
233
418
859
853
156
334
95
47
1171
113
193
209
1065
45
265
1092
121
110
279
58
313
67
1401
829
62
400
78
541
268
389
663
451
26
228
384
86
225
128
321
54
133
1144
1047
71
1211
670
1036
7
226
21
131
51
390
957
1290
658
16
86
256
387
344
206
40
1210
271
1191
89
356
495
40
339
144
132
330
126
346
915
396
99
81
1174
791
884
904
630
38
96
101
651
320
1257
917
640
114
1275
461
841
295
45
362
1212
82
679
37
92
139
152
1234
1207
798
292
331
269
58
11
304
597
101
7
155
310
385
777
1265
44
470
373
37
1115
256
260
488
1341
1024
1402
125
833
139
758
231
945
342
566
382
58
1098
346
290
256
68
1305
79
204
169
63
103
33
273
109
353
374
732
635
688
214
246
143
856
53
349
302
1218
24
11
286
347
118
377
354
5
37
382
375
160
41
1354
285
585
212
261
762
351
225
329
143
591
1047
1065
66
1028
839
344
212
284
335
16
98
344
57
83
357
573
274
1343
250
937
194
796
288
734
692
121
308
812
464
137
1222
1342
512
225
838
324
122
1279
777
1187
1357
56
1001
330
223
421
96
57
35
341
184
126
329
836
85
1306
364
188
397
369
259
257
134
127
172
1227
192
127
69
198
324
416
326
1247
355
148
377
342
676
908
152
362
796
141
880
937
1095
51
1104
89
1265
895
179
123
207
205
303
600
957
388
808
1259
245
548
822
90
204
294
53
43
363
720
115
135
236
74
343
104
442
321
131
1144
692
240
1263
686
267
1374
254
1246
215
1324
136
402
52
301
17
97
1324
300
36
214
30
383
84
536
1344
234
1241
235
32
1121
142
235
342
1164
1297
277
128
894
111
455
119
224
243
184
715
414
87
131
1390
353
398
310
1253
272
1316
1406
302
202
245
337
1288
237
1013
1228
323
1060
383
375
996
1326
299
366
1252
1376
59
259
754
174
332
523
11
127
232
396
266
444
10
402
21
298
1365
190
468
235
351
324
319
112
1192
266
898
73
36
68
880
753
1031
373
254
1257
20
47
300
194
44
82
897
792
126
322
325
857
235
160
321
584
1172
162
520
351
50
1405
370
347
241
131
1114
1261
149
114
600
351
237
586
371
171
625
32
827
221
866
270
90
411
205
397
469
379
1336
152
10
316
987
280
198
1343
321
363
288
9
221
368
102
804
259
1201
159
169
192
290
1217
110
275
28
311
898
76
160
180
116
97
20
97
336
198
310
105
393
557
344
1133
326
1400
126
256
305
335
545
971
360
396
370
1322
149
51
157
935
152
620
395
1403
277
74
1111
263
67
539
130
104
736
1321
341
50
70
440
94
26
27
577
393
227
113
319
386
243
1338
329
138
392
112
338
171
380
320
178
207
57
222
1309
205
361
403
175
80
708
254
363
352
36
331
282
1393
316
630
401
123
170
97
706
390
821
42
478
108
1294
893
179
289
1210
786
24
223
130
171
1041
114
70
122
206
347
205
234
168
408
218
280
1239
132
422
39
40
119
1319
711
294
0
173
675
390
206
676
322
336
543
245
361
76
388
4
1096
268
89
202
35
965
187
340
139
83
1223
175
1274
921
282
34
530
278
245
210
346
1272
314
101
977
585
553
1080
298
157
1025
71
148
383
970
288
68
347
356
37
159
262
332
390
346
366
88
455
1138
59
882
596
344
214
544
205
398
447
243
578
1006
372
305
535
174
183
599
262
166
391
187
139
99
880
654
303
242
100
624
302
82
179
268
134
127
104
153
1158
220
575
203
269
406
264
134
970
121
405
1057
182
161
13
141
761
301
1136
388
301
1234
73
241
64
332
818
79
272
39
20
149
1253
786
127
397
41
66
1269
186
103
162
93
674
9
1275
250
771
495
1143
49
326
261
341
105
403
120
103
366
338
300
17
305
362
304
1400
1041
646
394
1202
405
259
1084
1032
390
94
1041
104
924
234
1069
81
124
86
224
160
229
201
171
993
276
122
316
132
357
329
211
1106
38
383
221
306
106
159
168
29
1401
62
322
134
1310
229
298
316
534
1304
828
555
17
833
55
406
6
14
224
36
214
47
184
208
236
264
1002
58
363
335
125
1209
186
240
287
113
27
184
264
176
311
0
7
95
1082
315
565
462
426
56
38
273
807
607
257
44
436
209
351
776
253
200
37
400
374
153
368
615
482
284
84
456
223
291
670
215
401
178
347
113
268
365
1
307
88
359
128
282
258
71
166
411
260
273
190
698
282
46
270
256
228
263
539
1113
289
991
317
1262
25
352
174
406
164
340
31
277
483
1112
589
371
109
305
778
917
136
53
74
315
78
5
1067
295
659
506
325
279
31
343
67
980
96
370
751
349
1336
942
289
285
404
344
1078
522
4
224
968
123
755
35
323
995
35
273
597
164
67
907
693
582
277
1277
971
107
948
395
631
299
391
90
340
324
129
341
229
893
1020
214
280
376
1348
119
158
794
109
255
938
1244
212
271
908
98
554
621
174
237
225
791
50
297
28
165
532
174
255
274
293
353
75
189
7
909
361
1357
351
637
296
11
1258
370
934
203
232
317
216
348
643
181
824
349
168
862
288
253
1161
185
112
326
159
214
1034
1102
100
362
709
399
302
460
330
1018
178
88
1226
389
379
91
1337
246
35
221
1022
240
131
324
388
1
213
156
370
181
34
1302
17
254
104
307
1190
245
741
104
330
258
254
234
272
914
614
523
197
276
1200
305
292
1058
307
276
1353
345
101
156
379
330
198
291
96
715
113
178
515
895
892
61
739
48
273
315
162
375
316
1136
989
1203
1223
1381
290
406
237
152
201
849
265
262
209
180
301
259
676
385
1341
211
1173
815
8
127
986
544
147
677
587
563
25
761
312
397
722
1205
384
914
1015
1036
243
325
272
117
310
377
883
1381
140
225
381
321
144
63
326
8
382
314
13
116
225
578
863
40
127
357
415
53
1320
969
1328
275
83
285
68
974
533
472
797
228
1213
1345
121
0
6
328
158
369
204
176
49
1197
82
143
768
47
351
874
1248
353
92
874
11
1187
375
343
199
140
401
731
247
404
124
155
260
411
1292
345
1304
1005
235
57
200
1206
256
1248
529
279
659
137
29
354
300
166
177
293
152
19
302
52
433
179
1158
212
281
384
1295
145
65
342
1171
153
260
379
367
184
337
1286
91
31
59
427
347
173
0
49
41
443
420
254
258
123
165
318
376
365
134
290
704
6
271
109
291
150
192
325
89
278
19
39
399
195
1068
80
176
262
191
994
588
945
46
406
196
49
176
151
1172
60
838
100
683
316
318
794
354
155
568
31
1286
309
190
368
613
881
297
652
127
239
223
475
200
595
396
184
381
152
1130
1306
1033
47
217
263
29
931
194
74
375
814
356
72
301
426
269
239
31
55
13
123
849
56
172
393
80
970
1010
100
34
699
117
1288
926
72
151
304
275
599
1
365
64
398
485
358
1182
218
1266
37
192
385
1339
114
297
253
16
1325
109
77
1086
197
116
132
253
1023
505
279
314
108
1313
57
1195
1309
116
1267
37
231
271
11
1219
16
215
243
716
74
899
318
256
394
634
143
218
447
598
186
118
194
420
152
384
47
205
1016
68
578
319
1400
1392
85
12
268
350
64
300
1284
479
911
300
1252
319
182
396
225
1249
1019
632
231
140
256
51
126
200
13
398
334
923
261
20
292
127
125
20
307
315
190
1214
406
370
341
398
96
1024
330
41
127
61
174
14
369
359
96
607
244
138
405
254
21
1099
231
19
326
734
153
175
151
268
1
325
50
993
135
252
694
192
242
221
78
569
1111
259
188
670
193
318
98
232
68
279
89
60
316
386
117
30
155
296
0
398
41
403
384
371
136
676
201
610
12
1329
927
200
318
78
1061
363
80
57
213
180
325
288
4
1003
49
122
176
235
297
204
238
265
613
400
400
1326
85
1090
147
169
233
271
954
981
242
406
165
64
54
247
319
307
272
349
175
235
395
681
278
117
328
264
373
34
70
383
7
447
3
294
1073
148
392
288
50
18
654
128
227
721
345
71
618
382
363
172
183
277
181
810
971
42
1038
107
970
310
953
76
491
377
913
112
229
159
181
295
573
331
10
332
924
351
345
640
751
375
275
334
240
392
329
241
44
36
340
343
1348
243
129
249
192
507
260
284
239
724
1225
344
306
315
136
1088
279
96
1201
199
292
139
245
609
1224
1007
1135
400
238
100
315
993
337
82
151
1192
66
655
226
313
401
198
153
54
1201
312
1285
91
68
1163
574
878
1015
285
200
292
312
84
331
61
282
359
58
921
235
381
1252
43
125
420
584
62
281
89
1338
950
312
317
761
247
436
295
294
721
236
107
1137
210
211
130
147
52
538
526
210
460
724
41
402
964
212
42
199
1168
95
983
689
719
163
334
352
729
164
48
252
132
348
379
64
24
352
272
21
385
557
239
335
1266
999
25
128
147
1042
16
227
1244
611
640
595
886
394
135
474
170
290
337
449
370
433
653
363
141
214
701
13
322
368
923
216
360
280
64
235
307
831
93
182
31
146
9
193
124
397
1059
101
1123
291
392
1262
1162
393
43
265
23
125
172
1405
215
345
1139
155
568
290
561
1352
1020
217
170
978
216
292
379
336
176
530
49
129
145
345
56
335
153
327
149
1207
164
225
1155
168
589
138
243
32
77
89
196
324
850
322
155
876
1011
793
401
320
656
377
309
791
223
37
10
36
39
1032
451
198
71
381
41
215
238
218
89
216
1362
150
365
207
1063
1108
313
180
907
86
146
139
200
47
1125
231
1027
261
197
18
939
204
1008
115
50
465
693
125
933
901
963
10
193
655
17
235
940
173
463
714
294
742
632
333
196
170
122
47
72
434
936
528
703
255
749
1152
31
1111
211
51
124
87
55
74
921
27
727
21
165
132
77
221
1061
753
752
144
103
128
518
133
1196
365
325
156
466
292
20
1360
172
234
1092
218
189
325
485
337
306
356
1201
815
320
21
21
277
123
110
764
210
76
236
383
244
375
27
405
235
892
7
266
263
538
318
1339
269
130
339
334
261
110
268
310
42
404
71
128
132
79
335
1062
351
1363
242
214
1071
210
1021
379
259
94
1247
190
185
332
25
76
517
319
729
161
218
343
631
272
97
215
339
630
504
1292
714
597
984
298
4
1193
462
240
5
377
67
195
114
614
161
674
86
132
159
261
989
332
81
385
1147
72
128
1141
273
393
964
775
287
271
1390
74
232
320
1019
613
268
209
41
718
160
189
208
152
300
647
296
334
69
354
318
684
273
301
880
406
368
772
172
251
77
390
495
464
188
201
234
980
366
1195
5
80
154
974
214
308
842
217
193
168
257
172
135
319
247
102
281
355
230
753
48
281
1091
520
375
290
266
39
237
517
218
982
963
138
1285
539
1260
738
1249
32
1273
267
16
327
154
92
864
218
315
1168
756
88
671
161
679
233
263
777
219
89
234
149
659
347
299
392
189
379
289
106
577
334
147
19
374
534
34
280
98
665
234
374
213
297
1028
205
270
106
7
66
1041
650
2
673
323
202
216
995
15
295
401
761
577
43
255
8
32
1013
45
933
921
145
291
272
269
403
357
7
347
373
968
847
1119
65
86
443
187
1188
382
316
1057
174
989
233
193
669
322
69
308
97
193
193
287
200
103
359
4
169
881
145
397
186
1179
359
403
5
1388
18
890
94
64
213
1182
155
1001
354
176
738
1182
1093
128
136
376
117
803
8
1348
290
644
145
145
375
133
1252
577
69
1047
181
64
319
355
181
248
74
127
261
89
1208
68
135
77
68
189
1113
114
79
1112
845
299
1406
404
184
391
625
49
1289
254
352
298
734
351
125
684
520
284
352
322
199
949
283
381
406
55
209
358
1148
132
39
229
205
351
106
137
610
313
328
285
971
138
299
258
365
182
142
284
178
46
165
611
1072
139
69
28
125
262
135
209
32
178
43
43
222
1035
181
776
102
126
291
132
26
276
118
142
1287
352
22
344
33
358
305
848
111
44
906
730
294
1125
331
289
269
1000
381
129
1292
240
144
839
363
230
1400
115
141
63
218
682
352
272
652
39
325
236
284
379
144
124
358
666
381
133
617
93
52
93
243
244
152
157
87
305
29
747
193
932
385
322
110
358
209
221
365
618
393
119
155
299
150
219
44
131
350
323
1153
98
349
360
422
238
288
80
89
792
341
392
957
191
313
380
136
173
195
61
83
109
167
761
449
415
399
161
1009
1220
401
1389
1144
192
1270
278
218
434
3
233
294
240
482
306
764
8
882
92
81
527
233
1096
64
205
208
703
364
948
351
300
353
296
909
359
302
1246
1280
161
211
15
1103
737
1156
173
170
140
57
339
1251
293
299
115
116
309
115
223
354
487
135
173
28
228
333
1094
265
215
1372
141
115
311
333
766
651
82
251
1054
45
521
100
880
138
141
1360
222
53
353
9
810
682
187
295
34
381
399
296
1295
130
327
896
66
1192
240
318
84
198
974
394
363
315
346
110
942
372
926
1312
20
814
203
233
287
1178
206
169
351
139
1
10
1072
2
270
35
683
253
759
835
146
729
178
326
56
116
1113
278
286
412
170
42
145
1360
857
276
377
598
274
299
71
47
82
82
361
245
658
1126
218
367
276
86
399
183
29
1039
302
227
1010
276
247
1401
184
605
367
11
364
70
14
358
136
388
796
76
319
755
1307
737
20
416
376
246
1210
584
125
315
225
389
1405
355
269
284
123
395
79
216
171
291
491
505
468
284
251
510
237
44
508
325
997
782
453
54
148
291
241
58
360
1378
389
47
229
309
926
272
356
63
189
312
125
224
324
241
182
538
290
121
291
121
161
174
1215
904
1301
322
103
1350
726
641
186
253
119
367
315
12
302
250
110
29
130
506
381
1060
189
83
56
366
1131
144
206
265
377
311
721
315
1088
1016
146
272
71
14
1068
580
951
94
834
392
69
249
832
1050
239
733
50
979
310
45
697
203
352
120
62
45
236
224
279
92
645
17
182
242
47
301
350
116
202
56
365
337
192
363
670
283
373
1231
221
916
1095
67
1304
385
1176
550
130
741
946
251
1333
88
215
1188
37
219
399
1050
651
307
1101
100
304
156
299
365
48
204
954
370
199
438
269
1399
479
313
1189
91
75
613
125
48
304
684
397
295
1276
214
233
1313
658
14
27
947
267
200
12
278
111
136
398
378
245
125
148
401
83
296
271
223
186
223
77
204
113
200
268
281
1255
298
354
182
376
1333
36
483
1204
209
116
29
380
620
1184
195
130
894
109
96
214
1365
1358
140
128
183
394
180
477
25
397
293
313
1402
316
334
163
371
72
44
387
441
46
148
1200
281
312
323
204
319
27
257
204
877
359
304
47
370
282
133
130
320
1156
369
369
130
243
1232
335
161
460
135
87
988
156
1387
365
91
374
611
1126
29
1252
43
10
382
616
258
183
163
399
28
57
316
386
266
145
359
114
384
977
688
109
1327
83
880
139
1220
291
372
997
374
301
281
1241
54
95
812
1088
86
220
1114
54
206
234
19
233
349
271
356
246
777
22
250
98
28
141
373
1005
1288
1141
394
3
83
266
218
56
118
1110
1035
1146
302
82
1080
231
375
346
389
326
13
128
335
1248
1242
315
73
256
96
758
135
1077
376
41
185
560
1126
338
963
317
1182
269
57
137
345
507
222
260
292
162
537
49
395
42
216
90
270
399
209
190
651
346
387
252
70
691
838
396
95
124
335
161
584
422
276
230
214
394
130
1159
22
1103
272
344
402
1238
46
330
86
39
219
1108
292
203
1197
103
164
186
1072
329
179
75
634
1114
91
397
99
161
222
288
154
671
948
475
998
112
192
1257
330
104
15
111
798
298
415
359
369
11
935
384
88
239
164
202
200
376
998
124
195
233
321
97
1219
329
401
239
25
74
174
1281
48
61
316
242
408
897
53
757
914
43
349
357
3
896
1001
250
319
239
39
76
103
33
1000
264
405
78
1347
85
14
24
496
829
360
157
15
420
60
6
140
503
1070
205
57
96
273
393
137
1251
401
288
210
203
1105
189
448
115
1019
376
19
486
587
557
234
326
229
414
92
940
580
394
55
278
342
253
315
522
75
62
493
1201
347
301
362
335
347
31
766
58
52
201
181
666
243
770
5
1290
701
225
292
1214
231
92
212
298
344
129
537
57
752
143
256
907
370
322
179
1403
37
280
342
262
261
133
533
526
1378
504
288
27
318
32
64
262
370
1149
90
157
243
212
295
227
119
247
116
116
1187
137
373
7
1121
344
189
369
383
1128
1287
406
336
250
659
331
298
309
900
366
130
246
290
1224
146
1240
399
259
206
292
242
171
967
113
1202
670
1395
314
508
616
75
170
10
378
59
391
371
155
146
70
724
1177
745
342
1168
309
337
159
579
1059
207
321
84
152
1172
1355
257
4
337
256
399
110
351
359
290
120
389
94
144
262
469
108
398
12
89
291
323
157
52
530
1076
79
266
309
2
61
327
296
199
394
318
210
42
86
567
394
767
217
185
416
948
404
394
1360
348
353
78
707
652
1112
294
121
147
828
712
274
332
172
10
178
224
810
78
256
311
271
336
371
29
139
366
142
187
1210
192
393
1217
24
338
442
374
199
46
364
171
525
138
477
179
284
842
1043
77
17
332
511
312
611
674
50
65
35
395
23
954
1019
173
307
185
1000
286
200
21
321
1302
235
62
364
1314
344
1122
256
365
179
330
5
165
249
87
613
294
685
130
53
356
1347
67
928
351
3
1302
339
292
57
277
221
314
297
82
527
743
246
9
115
470
219
1270
65
73
28
263
586
912
238
70
140
238
1394
340
239
213
92
850
157
308
224
121
278
19
1330
194
353
13
861
996
1322
754
193
1167
185
867
202
1237
255
1394
312
52
222
185
353
371
248
1118
312
1136
143
192
296
178
1017
218
398
245
242
832
524
70
379
95
868
1067
217
375
1396
346
147
1404
8
91
367
1140
94
178
265
113
352
1090
180
255
155
119
1248
156
281
134
212
34
89
691
5
144
110
346
407
855
1367
80
643
1375
46
370
352
253
158
124
179
810
686
1255
635
233
1088
192
125
172
290
31
604
141
325
57
394
267
267
126
79
236
358
404
69
267
15
67
198
166
9
161
386
1190
1306
28
276
203
116
206
110
280
30
185
82
73
493
390
391
26
1221
358
345
174
482
875
92
291
327
576
182
784
177
895
70
324
353
37
148
252
226
294
286
410
739
286
172
333
1132
391
207
918
519
362
283
12
350
135
179
171
715
405
187
542
133
507
1120
6
129
403
112
123
145
16
1200
385
579
1396
969
40
918
56
1085
1160
447
259
235
101
1030
589
1003
258
190
31
335
353
228
942
919
139
1357
354
1295
72
256
1252
81
308
151
723
282
208
658
320
227
8
133
45
2
886
1163
212
641
42
241
95
370
329
342
191
1345
142
850
401
1018
62
270
68
61
306
0
389
346
921
903
93
890
247
49
1231
129
122
1298
339
13
475
107
852
84
38
775
754
1031
594
52
653
329
173
338
4
301
1157
264
434
14
142
143
180
287
390
1380
170
323
386
72
384
994
404
20
867
297
105
402
1362
101
660
551
109
195
1
348
280
66
389
216
419
794
194
250
272
372
654
367
373
286
499
387
342
140
94
197
64
66
276
94
834
769
233
575
105
290
0
351
133
306
31
1260
279
239
222
213
1031
249
1278
333
329
134
258
1269
1297
796
1368
703
954
301
662
588
397
3
310
262
910
1016
32
303
27
50
208
220
709
143
152
185
274
15
695
222
395
128
750
309
7
62
1023
384
282
641
348
164
287
398
85
544
323
290
340
283
373
99
851
1115
447
174
344
405
213
287
16
1026
792
930
260
23
153
1342
361
116
1302
145
395
105
1156
169
490
317
77
197
519
123
682
638
1068
359
40
362
348
131
156
378
981
1219
204
231
573
115
848
117
1023
431
676
735
211
1380
456
114
714
325
88
1027
164
391
316
285
371
402
331
1048
67
129
555
276
327
730
21
360
1112
260
293
363
299
292
1366
1070
1189
324
1083
308
168
84
425
52
357
109
1267
387
728
1183
591
80
953
93
1050
450
205
136
26
1399
21
100
293
257
123
323
899
1309
188
1226
359
345
128
24
1362
253
1052
220
98
73
384
210
1125
1255
258
121
154
1263
951
185
1197
199
429
859
109
731
67
372
109
596
198
75
126
285
833
503
304
317
340
209
388
532
1112
85
117
209
592
50
321
352
1087
402
846
268
234
744
589
244
446
394
1373
804
343
1024
407
48
48
50
394
243
94
1034
284
0
918
26
281
80
19
400
125
209
375
14
283
1292
20
14
94
175
402
26
245
23
958
1362
759
400
81
314
1062
1249
236
110
287
307
605
378
459
97
262
906
477
93
327
209
206
318
1108
277
1046
19
63
297
62
94
325
232
246
22
293
392
242
404
498
76
146
1090
226
38
422
909
641
26
1263
209
462
854
85
1285
155
1034
1161
803
156
104
159
102
505
87
253
125
67
144
250
1387
156
951
335
1068
0
94
891
92
352
161
1169
403
1291
888
642
42
517
743
365
1215
222
247
233
255
790
371
497
987
563
671
400
378
84
11
1155
85
1033
348
175
192
183
452
1298
188
101
325
328
1167
192
95
406
214
211
714
395
39
37
171
319
1208
207
287
1365
1053
266
638
476
253
97
147
242
31
38
1100
473
930
355
36
77
187
954
371
243
892
36
332
69
108
260
31
253
374
673
364
121
246
267
123
340
499
191
239
287
177
131
136
21
151
363
396
1302
1026
144
186
79
445
4
218
278
444
355
161
168
206
61
266
483
57
320
461
207
265
655
385
898
13
113
42
1182
9
85
319
50
355
138
311
484
101
168
21
382
248
750
8
445
169
515
216
393
406
490
1347
6
932
494
122
1008
317
79
16
136
357
375
574
1046
453
276
347
794
351
825
86
166
1357
13
2
1062
354
5
151
85
58
1289
500
149
791
1014
237
89
190
976
1
672
117
346
94
414
1147
906
818
265
33
391
358
116
1046
25
1181
862
508
1114
255
90
1041
1133
402
4
313
57
1169
124
329
9
312
391
216
1322
131
770
176
59
814
931
259
427
118
48
365
858
877
152
17
1075
72
251
534
401
126
269
40
1113
179
491
77
1050
318
59
377
318
1228
356
1014
34
174
395
742
1270
1384
317
319
113
287
883
882
112
916
184
196
1173
1051
343
1401
85
150
140
83
115
287
237
414
1110
235
235
179
1330
6
162
47
898
13
86
240
828
287
269
313
584
295
142
947
388
1172
477
194
241
99
38
294
84
105
252
0
217
198
21
157
1228
1334
235
724
322
614
1303
225
97
232
1324
299
885
1147
385
265
67
237
1302
876
495
720
1203
127
1172
529
337
1097
268
393
983
60
45
364
162
1006
188
228
352
391
842
712
12
53
31
1
138
177
479
203
272
166
119
32
351
249
54
478
79
210
9
274
129
193
267
36
344
444
1053
385
299
360
1349
99
707
154
441
1322
1209
113
312
3
3
116
311
274
67
344
32
76
275
32
340
306
341
814
291
309
211
218
75
872
1366
1150
71
81
335
1262
1360
130
340
30
197
526
36
1347
227
1331
82
288
126
185
36
218
404
983
174
363
112
150
133
81
140
418
970
251
261
346
388
1328
356
473
324
91
113
1170
522
48
409
101
376
1339
236
201
887
214
378
377
46
80
312
92
295
39
299
39
1264
49
208
757
308
272
1139
886
943
285
173
227
102
719
82
1348
547
272
198
277
313
266
24
143
1399
104
1077
384
118
13
157
521
80
353
325
21
1372
36
855
326
284
201
121
170
619
233
247
264
1318
328
1146
380
159
62
135
1307
1354
341
135
898
354
151
349
151
245
950
304
189
1115
362
915
123
1084
404
241
279
249
242
422
80
163
262
138
243
366
287
63
384
93
340
186
203
189
216
381
316
154
374
257
340
217
380
536
10
176
711
672
870
100
21
749
306
370
523
1085
18
233
1098
30
223
370
872
405
1202
347
1103
286
62
405
235
42
274
1285
333
353
527
223
1263
90
14
265
225
116
1231
70
399
41
1075
279
101
72
62
274
106
367
1042
1323
42
133
75
288
1261
491
591
393
386
638
27
131
25
30
1365
285
140
1022
311
393
157
137
1139
111
190
113
372
1068
1007
1287
884
382
263
344
63
480
188
1108
237
327
402
191
332
253
38
375
800
1081
99
195
642
91
124
896
709
1062
109
172
198
65
163
1143
671
594
211
100
953
282
321
30
1139
437
677
392
273
1317
204
627
709
343
211
298
330
986
1222
122
1058
118
686
72
363
116
311
175
957
784
659
60
994
411
86
421
80
59
333
182
698
840
299
134
996
22
371
103
1164
224
336
157
288
77
268
340
1301
1117
354
227
589
56
160
77
356
388
952
327
54
1206
1247
760
758
1119
1030
134
733
1203
1358
1197
215
591
366
405
357
177
226
1243
505
69
799
154
158
24
901
325
137
294
274
383
782
363
48
266
406
448
120
57
1328
151
256
691
113
276
1307
242
507
366
216
103
166
35
471
369
876
230
364
39
179
1372
199
296
187
1140
300
112
1145
153
263
1359
494
1386
395
851
109
377
770
1294
304
344
209
299
60
212
695
352
1378
968
178
306
3
768
970
1077
80
313
235
89
349
257
199
148
72
596
154
287
372
1262
55
233
350
1194
200
1204
183
330
648
245
100
1282
91
243
1213
1127
232
223
3
82
338
378
14
174
267
436
401
7
716
106
275
173
348
388
83
65
391
122
184
567
248
222
136
93
307
317
27
369
30
940
163
110
105
240
155
733
197
226
65
235
938
841
114
546
30
258
274
143
60
317
368
177
342
339
946
196
444
189
390
6
1333
346
326
588
961
257
21
486
504
41
1184
90
235
228
284
1289
25
266
372
339
238
270
980
406
4
1043
35
326
1064
918
866
221
139
36
53
162
279
829
294
70
316
111
816
533
1003
44
1093
483
283
128
43
82
82
1159
802
128
94
244
357
364
1200
452
675
68
362
391
144
226
234
5
76
325
91
176
64
802
106
323
70
136
617
99
274
284
331
62
173
154
215
29
933
366
989
101
125
301
149
305
1152
93
870
155
38
139
451
1138
1278
911
515
57
105
359
761
173
1262
486
133
322
382
405
861
223
239
360
901
635
102
307
677
403
544
406
850
175
880
81
137
309
1077
260
334
150
602
95
897
236
1300
288
44
35
376
8
40
131
586
1190
111
116
136
76
1137
7
1379
1126
162
488
149
338
389
382
35
170
143
88
287
1266
140
35
1404
1027
947
109
951
223
225
565
51
7
151
258
94
190
300
880
144
93
800
333
94
44
13
67
71
737
133
294
1292
1212
74
24
393
191
347
891
328
1299
369
882
330
317
163
29
1233
250
1394
222
1040
800
688
256
424
342
163
69
282
715
281
396
220
576
563
317
54
51
1340
141
1103
831
547
42
50
66
273
1255
248
290
198
81
240
373
394
1392
586
1006
939
1088
915
163
441
68
846
760
931
105
286
0
263
142
87
242
32
379
853
318
146
283
706
302
222
37
97
197
100
374
380
145
845
397
195
95
1024
184
445
843
155
156
382
842
290
996
192
191
1127
1110
232
12
534
73
907
147
103
283
802
159
1292
723
640
322
1319
303
975
64
373
292
626
31
163
153
1171
1208
2
999
132
401
316
376
204
338
580
211
1235
254
383
57
794
78
20
92
241
357
382
143
177
158
291
130
932
1234
170
1329
113
709
817
152
679
375
377
147
753
210
0
65
193
1313
358
173
181
667
192
312
999
128
311
908
241
112
646
228
250
823
312
112
439
207
757
5
142
18
1085
292
1097
477
40
679
469
157
697
307
381
103
407
100
7
5
24
42
44
84
16
0
95
15
86
43
22
50
28
15
60
63
59
42
63
85
16
83
70
26
34
97
9
53
7
73
71
54
10
71
71
97
58
96
75
25
17
10
65
21
61
58
15
22
94
23
11
88
52
33
24
11
27
96
48
78
49
90
19
91
97
28
21
87
38
73
12
89
50
78
49
22
18
42
49
75
34
14
55
38
98
86
9
12
16
38
49
4
17
55
47
38
4
26
49
74
82
99
38
31
53
52
76
14
42
89
56
51
29
36
49
64
93
69
65
25
37
32
48
91
39
56
59
45
15
0
76
8
29
29
81
88
40
59
51
16
43
77
46
27
98
39
62
13
88
11
25
74
25
33
80
21
87
64
88
73
79
10
42
50
30
44
94
54
78
19
17
76
51
23
22
9
82
21
1
90
65
8
64
10
45
13
33
77
25
33
96
11
8
85
98
58
10
20
1291
true
false
false
false
false
false
false
false
false
false
false
false
false
false
false
false
false
false
false
false
false
false
false
false
false
false
false
false
false
false
false
false
false
false
false
false
false
false
false
false
false
false
false
false
false
false
false
false
false
false
false
false
false
false
false
false
false
false
false
false
false
false
false
false
false
false
false
false
false
false
false
false
false
false
false
false
false
false
false
false
false
false
false
false
false
false
false
false
false
false
false
false
false
false
false
false
false
false
false
false
