100
328
425
574
260
1072
1023
435
1313
798
132
62
482
123
221
358
1065
1246
148
962
187
340
97
401
18
246
1076
125
434
165
202
1258
77
1065
867
221
637
995
468
1338
31
40
897
122
467
383
414
117
784
245
251
21
5
614
485
359
832
432
847
277
493
1342
14
406
28
573
948
281
1096
1212
1191
1382
107
153
650
28
391
654
533
16
18
323
131
279
37
731
1397
427
424
477
399
423
287
100
673
46
1325
361
59
333
185
1069
515
445
71
1034
227
168
335
26
894
192
1058
963
1371
250
102
11
45
1093
275
1428
198
977
38
246
5
281
150
939
176
245
373
223
371
267
203
48
1111
378
405
895
370
1047
104
63
152
346
218
114
368
578
958
6
285
1411
851
73
592
246
414
338
447
350
53
232
192
173
530
147
393
139
338
268
417
211
851
905
442
607
409
86
505
331
905
334
576
29
294
186
214
52
1318
595
268
709
853
381
320
8
261
397
1082
248
314
166
437
210
26
1144
196
155
272
291
391
54
1333
1176
1397
955
339
336
80
545
132
167
445
5
172
186
374
377
931
1074
329
495
246
606
309
157
103
238
553
1
257
37
358
338
80
553
414
89
225
238
436
115
294
387
427
101
82
453
14
67
746
841
466
100
461
284
102
652
421
64
570
82
227
185
506
445
454
741
82
309
993
997
392
156
1262
1108
552
591
1267
80
414
127
1402
1442
308
256
1183
0
79
21
459
311
918
305
1183
815
267
261
130
183
979
352
167
436
681
973
79
492
1110
375
883
78
377
143
232
104
178
112
1334
1184
87
507
918
96
427
1288
109
220
77
452
364
580
392
1292
159
403
313
677
307
459
56
565
95
121
1080
185
416
223
243
242
55
1454
842
783
315
345
881
197
142
303
576
583
425
976
384
163
997
577
1108
98
57
356
749
1115
192
898
372
173
797
122
294
114
309
19
266
114
97
360
231
466
63
292
81
243
865
189
386
149
256
94
897
384
1307
415
670
311
1381
53
960
410
440
143
210
550
1003
19
1260
195
93
330
329
317
1132
464
32
667
225
244
120
703
293
132
136
1440
189
338
320
313
400
322
153
1184
384
56
176
240
1392
205
91
202
1340
1062
56
641
141
243
353
390
404
215
222
329
1147
49
897
1387
731
348
357
347
138
958
646
643
77
600
35
885
212
648
67
371
1010
216
1116
188
275
1143
1269
436
565
35
292
398
489
439
59
36
1277
764
807
174
202
357
279
162
387
274
270
787
167
583
150
52
355
14
665
722
73
53
75
1055
898
272
529
1027
1060
34
28
682
81
292
6
396
148
6
277
316
1376
380
102
292
394
137
1178
214
1346
307
626
1093
1363
183
259
295
144
440
195
186
1093
349
1402
33
863
772
41
503
81
384
1096
97
783
442
197
226
176
17
331
119
29
292
7
44
967
420
11
61
1024
441
47
539
731
149
271
444
1134
355
298
124
457
340
318
138
69
1374
366
1195
941
1276
118
380
173
569
230
1330
407
238
350
337
826
1092
172
410
85
16
191
178
94
85
250
279
202
311
99
1406
1170
182
117
1100
174
218
276
205
51
621
259
448
370
405
133
1239
46
1320
1275
449
664
464
1025
15
20
1419
332
139
47
1032
450
120
376
434
1061
1393
512
1302
213
80
22
140
900
389
949
318
104
959
1321
1214
70
95
1000
130
409
140
255
1450
185
175
394
246
281
123
229
896
126
125
239
210
442
127
167
14
150
24
443
1038
45
324
385
256
229
42
980
1265
60
43
1259
353
1151
35
242
15
903
305
23
6
1235
578
157
234
628
634
1257
208
157
1210
373
357
589
464
322
254
625
66
975
31
321
285
1186
1458
74
329
867
418
17
1151
320
1270
956
950
129
368
91
185
281
339
138
62
446
190
1164
236
657
855
237
1344
1087
409
11
128
603
251
1332
264
176
323
22
316
1398
292
1408
1038
88
383
20
19
274
25
535
61
251
851
1091
280
112
298
264
249
34
165
245
567
1310
302
128
498
690
49
953
394
245
224
108
266
178
250
1316
243
312
1138
352
995
1457
145
358
80
5
13
15
225
120
516
388
162
186
216
1400
1285
44
450
76
879
1343
16
1188
223
456
1467
135
49
180
1432
107
297
1143
24
984
129
174
243
460
143
390
133
142
91
13
301
411
1357
188
356
53
327
466
1459
130
754
324
15
460
464
1222
1313
455
747
1340
124
299
184
104
40
151
295
1199
12
1433
404
287
132
244
15
1034
252
316
218
186
317
662
2
766
428
53
1294
433
199
316
320
653
97
1003
301
142
1188
1135
222
67
862
341
268
371
52
1113
1323
810
75
53
380
938
317
447
421
234
330
157
19
1016
9
908
415
378
129
57
406
202
335
1331
9
423
183
203
8
59
9
464
1385
304
928
74
625
429
363
782
776
889
1021
412
415
1168
146
384
81
938
1398
549
112
778
1082
430
264
378
311
835
349
256
318
377
323
1188
321
1297
244
70
356
297
1161
138
399
32
936
87
418
98
374
324
348
446
1148
442
60
352
237
254
547
1096
409
393
136
288
362
550
409
1273
1342
348
433
162
377
378
702
1063
187
323
972
1291
767
467
310
773
827
126
59
765
821
330
962
324
330
120
88
382
447
380
112
291
1062
89
1412
826
252
293
334
23
43
33
916
1234
183
336
406
257
235
106
58
13
174
122
1336
873
325
1023
86
30
417
882
1073
112
353
1423
252
336
614
424
16
211
433
459
199
540
297
1022
46
118
219
156
436
1231
1050
1347
812
151
97
80
945
165
118
168
1396
157
382
547
294
254
246
199
293
403
1316
374
422
374
382
503
851
991
465
394
148
4
743
1286
68
339
403
838
488
180
144
202
1022
122
313
277
290
24
447
247
46
135
369
459
312
145
263
137
121
464
105
311
0
279
369
175
1281
7
262
370
374
392
1394
144
838
400
1138
367
29
22
453
76
1440
80
1341
978
249
1114
1127
51
414
238
104
746
1405
687
215
231
280
425
465
700
149
156
637
7
296
1314
157
1138
110
817
424
1217
266
750
254
213
44
1195
752
249
638
32
891
440
1282
516
133
1267
37
116
223
1350
347
316
311
256
294
77
258
311
295
1460
58
320
589
464
585
573
80
55
378
852
1463
377
47
468
141
59
1403
436
805
1140
200
208
1398
504
392
804
369
725
162
344
404
363
316
79
706
272
736
262
294
69
461
1441
274
855
235
941
190
1185
198
262
370
252
306
78
77
155
1457
62
278
70
11
411
256
228
33
459
193
200
776
292
367
343
53
204
1220
166
468
236
136
335
576
1346
294
212
465
260
1329
326
287
1298
1403
942
430
455
17
19
63
575
322
220
752
254
408
1059
179
341
189
904
60
396
91
371
397
868
431
265
984
46
746
309
272
109
238
167
219
427
936
313
1319
1357
27
175
1417
49
299
430
1323
1155
347
1264
922
49
612
247
390
69
597
96
207
307
1246
165
292
277
97
1405
335
1011
79
321
49
93
449
162
84
313
265
462
213
31
934
375
192
17
985
451
1263
416
579
416
739
231
541
1238
63
196
558
26
279
1368
1242
0
573
7
163
293
384
93
151
333
213
89
1094
862
840
405
98
376
402
294
465
1050
109
71
378
570
346
1105
465
1068
115
137
156
326
265
212
46
421
406
227
265
141
1047
1071
622
264
182
128
915
1254
1259
137
81
27
101
234
1338
48
107
863
693
1238
320
558
121
234
1270
1148
104
463
16
254
459
48
1346
724
475
1291
207
19
65
396
56
221
1439
50
1048
2
69
886
184
570
194
383
236
170
937
290
311
214
231
228
334
1182
316
257
335
246
163
405
157
1329
759
797
322
820
376
147
399
80
132
210
268
1339
605
778
634
424
397
188
153
401
1327
4
118
170
314
1277
5
366
121
170
90
669
355
420
461
192
348
174
418
1064
1086
238
393
249
23
739
65
246
853
152
1385
571
159
212
147
1252
396
269
402
402
676
660
447
228
694
930
190
299
1038
155
1059
925
423
439
1373
129
993
299
1110
123
266
236
417
1373
1268
408
263
375
206
1305
450
1151
276
913
211
37
2
1094
449
3
4
390
773
309
206
329
705
58
1380
181
954
99
228
122
122
1038
229
401
279
350
194
18
195
615
65
239
466
261
271
877
677
51
228
1039
461
595
1089
195
22
203
181
155
702
1342
173
211
366
1260
436
422
836
363
235
61
1051
1222
13
312
513
308
588
362
324
1336
1033
764
100
349
268
1030
654
42
1335
1181
37
1410
371
1056
282
387
1204
1343
102
340
215
163
402
295
653
1357
31
1265
336
599
67
389
1465
6
214
241
880
99
1087
154
663
485
1335
942
713
28
856
239
323
241
157
264
22
387
629
659
928
880
202
234
37
530
869
70
379
294
119
94
365
393
245
296
236
383
292
1245
155
1301
324
453
199
236
725
511
225
345
249
251
70
110
1393
184
144
584
29
130
1111
39
379
1188
617
274
267
182
123
2
209
133
47
113
144
442
424
415
70
214
858
294
179
12
3
165
1080
435
136
0
1454
747
71
1020
1383
948
68
855
60
1138
59
91
208
193
1231
640
52
44
1132
435
0
382
457
377
232
439
212
1360
130
247
90
1399
341
133
1247
161
1062
155
878
237
611
396
175
216
1162
207
304
140
253
201
457
322
455
137
352
322
155
160
166
339
214
444
155
350
60
1195
1017
393
117
207
158
51
310
1298
104
290
374
233
240
110
30
779
191
280
1223
230
529
468
1057
269
254
1051
528
228
893
269
195
166
226
972
108
438
772
155
229
20
61
1346
75
412
153
302
983
301
67
376
446
89
350
45
297
135
300
383
193
408
148
80
432
873
132
502
1005
1206
943
324
122
463
613
1318
1293
1245
220
163
293
155
7
1248
1424
59
823
455
176
301
789
403
795
468
326
1353
1003
87
82
257
258
300
829
246
179
1057
929
707
75
631
876
47
26
501
464
289
235
105
233
957
395
79
249
255
638
418
56
377
408
669
995
339
360
288
44
147
73
614
450
28
38
699
248
86
445
411
831
1114
75
274
454
22
216
335
63
302
1233
1306
235
1268
1093
463
364
55
322
378
337
81
336
227
45
1051
230
592
412
955
946
305
455
167
71
258
52
927
481
363
1456
60
321
81
872
214
93
1184
61
69
455
262
1351
1087
32
99
606
286
898
1374
386
519
394
490
843
294
817
382
8
269
283
290
147
182
1465
356
1134
163
227
266
544
332
393
520
60
45
392
191
221
326
428
76
391
330
429
116
326
483
1241
156
981
50
429
449
646
1147
1310
1400
1344
145
461
128
879
1250
87
69
195
409
29
138
44
55
748
67
338
218
105
18
12
258
359
224
52
188
93
793
935
1337
403
281
1388
1164
6
1095
1268
360
1154
1378
1448
451
1328
1462
100
192
139
1052
957
111
1295
1465
1014
341
103
307
222
535
371
1241
23
1463
395
1127
110
514
165
63
158
79
1151
814
246
30
419
419
882
327
95
363
371
1462
1444
387
3
32
318
339
197
191
191
1111
426
1381
1177
821
229
315
787
292
107
647
134
102
167
371
117
1418
1051
298
823
403
153
230
133
937
93
75
142
1293
275
24
701
381
238
56
151
300
1287
871
1159
12
220
258
668
148
243
18
232
613
9
245
156
348
1304
1159
123
326
430
1157
91
1017
295
388
91
476
96
1247
496
203
108
331
456
3
33
515
135
875
198
405
292
213
1042
199
189
594
884
1333
438
545
42
1131
397
195
337
409
397
1219
261
412
428
315
411
416
121
901
339
98
995
1245
159
293
344
94
1255
436
905
374
280
307
54
1245
61
130
351
589
507
252
57
1383
767
451
810
415
248
142
89
184
317
261
450
403
801
408
1333
433
2
804
219
105
467
462
235
59
447
65
22
356
374
162
1114
139
239
328
193
748
436
99
385
380
281
172
140
376
849
1061
402
1295
445
438
77
252
1359
548
50
285
275
421
38
460
157
369
89
403
1189
259
783
73
898
620
880
66
807
462
142
742
216
361
1007
240
5
319
383
1467
341
233
117
819
1091
862
50
532
131
516
1040
200
873
149
1098
207
335
377
111
283
425
369
785
95
1305
193
128
213
102
363
381
405
437
360
186
974
293
197
280
134
68
143
730
1090
281
451
254
1152
245
303
159
1160
322
297
1452
331
264
443
619
305
26
198
1111
985
178
135
144
1334
260
1077
276
241
902
63
426
40
32
1207
117
1396
653
31
319
32
1319
585
198
501
891
141
372
619
53
1430
748
437
22
36
338
1252
960
214
1191
18
327
98
127
99
381
413
1096
53
1088
330
222
338
465
399
415
237
297
232
181
200
177
323
156
533
50
1047
411
227
1277
353
1240
244
349
281
204
311
97
98
1030
251
219
684
1332
247
1239
149
402
397
303
91
16
127
721
122
1368
638
231
1445
1103
162
552
565
127
912
424
153
407
60
301
315
167
427
1463
904
1178
942
417
291
439
251
898
166
421
218
1049
1390
638
78
171
381
392
419
705
139
457
150
637
421
62
329
244
3
116
607
103
1032
186
752
170
284
228
257
88
200
107
359
79
441
694
476
1411
243
64
202
232
1128
854
86
118
48
377
28
164
389
1251
254
159
258
460
1047
106
1044
32
970
1287
371
1270
820
25
81
1350
978
68
44
363
158
206
344
721
56
605
78
922
447
238
414
296
108
585
771
48
635
357
436
354
199
419
445
393
300
371
68
1038
46
110
87
559
112
122
1434
61
315
183
332
71
265
350
67
90
276
184
590
835
942
190
17
1066
309
1366
351
301
409
292
646
176
182
77
259
659
1058
208
199
1449
300
259
1235
30
79
461
231
949
422
239
63
897
337
777
367
438
35
1285
2
357
423
371
354
289
980
968
404
225
371
84
368
267
931
273
260
417
333
365
491
263
487
173
1110
93
108
86
338
286
898
16
60
156
34
416
431
136
656
1462
448
433
164
332
56
1443
214
380
747
42
335
556
439
443
1380
95
1404
298
467
220
223
510
204
339
558
443
393
118
248
448
451
340
212
1457
235
1198
841
13
291
32
5
135
377
360
6
861
1162
334
340
372
116
38
389
45
412
1132
614
252
928
1224
381
5
1
58
117
425
148
408
303
976
316
344
125
138
881
648
42
374
463
77
385
244
65
664
603
39
394
686
196
295
130
136
381
87
57
1119
230
459
224
1338
461
208
674
343
1414
444
214
824
1435
164
206
1247
103
129
819
373
233
111
210
406
137
37
707
1007
63
374
249
319
989
31
248
201
216
314
410
190
551
508
112
227
856
5
903
1444
391
149
269
390
430
386
92
293
1425
329
842
356
804
229
405
85
551
431
294
912
337
242
120
221
131
373
703
381
338
889
395
24
1407
27
63
562
1044
182
250
438
74
974
129
1218
293
240
1082
60
85
405
831
1001
235
286
489
1078
161
211
1002
267
284
258
283
8
1155
1134
689
1426
666
123
15
292
29
262
16
371
316
102
1250
205
303
65
185
400
229
556
588
104
830
1006
169
408
207
401
120
1437
1346
129
431
125
458
15
149
121
5
317
346
103
1013
437
258
1018
243
355
1468
154
562
126
323
418
145
370
140
350
35
195
1445
119
957
818
114
226
1075
0
117
144
341
657
12
198
35
419
1181
120
433
24
117
187
394
35
323
944
394
148
262
231
321
101
168
399
321
1067
290
25
253
112
806
455
51
574
123
120
21
423
409
1272
1200
174
23
291
361
678
82
425
449
257
988
86
329
1336
259
221
296
212
44
71
436
232
16
121
362
247
1333
389
390
213
397
164
377
1141
734
1418
338
1386
551
99
364
1442
124
383
323
1002
394
363
883
554
550
252
270
294
374
878
438
677
332
383
8
706
34
286
276
1162
1362
118
50
410
373
316
406
558
968
681
193
262
231
323
468
521
45
380
977
328
640
332
178
95
30
246
678
287
318
201
184
135
78
258
175
1317
51
26
321
96
34
397
141
70
83
509
1105
437
352
1271
844
5
431
122
832
308
7
296
301
6
250
422
19
46
104
79
55
228
332
462
231
301
385
996
76
322
305
346
11
296
330
432
19
1427
36
731
368
2
76
273
147
150
1343
1111
499
166
265
236
35
134
424
158
1306
394
758
287
388
1126
142
296
1014
1336
331
195
57
187
761
425
103
820
327
463
330
576
845
445
194
343
167
198
1106
184
296
1327
239
368
339
14
703
412
46
432
462
897
424
387
217
303
536
1277
1270
78
401
5
9
258
204
104
380
198
346
341
947
157
176
373
1325
340
459
918
1400
251
1015
350
108
171
385
676
228
1182
236
235
1095
159
738
448
282
108
1
331
230
1020
399
1236
26
563
326
306
46
930
146
745
109
306
32
281
183
55
1164
435
265
1419
89
233
184
230
134
1451
324
339
282
7
65
231
199
435
319
345
242
527
214
212
179
411
81
144
17
449
95
1168
175
379
310
721
221
874
81
455
161
176
652
1
349
80
985
401
465
368
429
154
385
146
399
160
116
316
590
1388
387
611
227
181
452
339
475
113
17
159
1017
772
78
1060
663
47
250
176
72
341
515
273
215
1337
384
361
182
526
154
111
40
748
889
343
373
1052
688
93
14
1167
127
50
113
47
335
424
359
250
21
397
103
963
354
447
484
158
369
967
142
413
232
322
399
452
785
922
504
431
60
9
429
886
202
315
516
930
1275
935
215
616
428
448
744
213
342
706
305
333
614
184
79
1408
2
137
1345
450
354
113
341
198
375
1319
123
284
468
249
195
1247
684
84
367
297
343
1332
743
201
413
207
302
981
1180
170
299
365
292
48
134
51
51
1195
38
261
136
333
439
61
387
309
425
231
129
1333
337
258
1021
611
10
460
686
378
927
93
996
287
636
748
1241
1122
91
1234
395
349
336
234
654
78
203
440
163
362
732
90
333
406
1344
415
168
225
744
446
94
599
413
664
192
43
286
1441
780
690
397
226
393
599
79
994
112
302
195
409
126
793
194
336
537
151
222
160
52
1002
714
281
87
7
1003
323
161
848
436
448
395
396
837
337
394
112
208
445
1166
1414
83
270
88
208
139
1340
945
936
889
1198
39
769
1159
447
167
208
784
254
191
416
293
1090
110
543
210
1413
799
298
447
307
1215
85
459
1417
323
675
231
221
3
459
233
298
156
491
528
205
295
80
869
111
314
379
405
1389
927
345
724
626
240
1325
93
128
965
464
436
208
549
345
403
293
350
174
0
377
533
424
199
393
51
1064
434
131
1029
394
1088
116
268
869
348
42
65
839
401
68
1362
398
246
235
193
127
1154
385
159
21
1047
265
119
401
10
282
779
415
448
307
93
381
382
174
303
695
955
605
83
376
304
1428
55
910
231
375
378
205
40
207
413
339
227
331
33
379
170
431
17
466
841
308
554
1027
1433
432
160
209
11
161
304
1427
422
209
699
1019
1182
1373
222
58
418
135
539
334
1228
1411
116
54
19
119
409
1344
446
44
1271
1165
145
126
543
468
1367
287
1147
1420
342
309
287
223
164
456
260
562
370
174
533
109
160
289
178
158
996
954
32
222
124
157
373
430
1447
457
791
9
953
136
38
139
209
198
393
315
85
433
356
1160
456
313
83
617
132
60
388
288
208
656
418
394
148
418
190
241
271
308
171
1311
345
321
597
121
444
428
338
1465
606
204
349
16
181
151
1024
22
893
403
334
570
1325
811
269
10
724
127
864
234
1148
684
134
456
6
198
351
873
39
1002
278
61
1
571
28
376
609
384
224
384
1066
339
335
80
35
129
1466
962
93
554
217
235
376
1412
1297
906
415
1231
173
558
143
1148
827
341
953
462
446
462
271
459
75
107
466
95
387
353
72
928
52
38
591
134
1393
6
188
333
359
59
254
301
107
159
82
136
27
1266
31
439
397
432
272
1454
58
404
507
245
83
184
224
11
243
93
239
374
314
175
1391
1162
1316
462
114
39
107
200
640
6
137
16
1179
784
371
1021
239
106
643
246
1135
413
974
1062
651
1135
326
107
76
334
60
31
366
1087
1422
425
516
37
317
375
239
276
1143
92
390
317
158
42
434
94
433
936
264
570
63
895
86
521
445
95
403
147
474
532
121
297
49
113
131
104
191
1417
16
256
849
1007
89
156
455
128
742
354
200
13
179
201
297
204
115
1432
1009
1102
98
1
870
264
1194
101
723
515
1226
49
842
168
229
462
961
436
443
707
107
375
368
123
1374
564
583
340
967
1122
102
387
205
524
27
399
659
390
368
1221
1366
65
1217
168
661
0
418
37
378
287
243
52
1143
500
147
907
591
70
362
129
80
1339
135
33
1108
529
96
149
882
114
313
1317
1102
724
221
346
394
437
75
42
290
231
347
336
192
281
242
289
88
459
320
443
271
4
204
593
248
139
590
359
326
351
40
1354
279
15
256
565
114
502
331
111
49
11
609
1163
167
17
366
469
337
1077
360
353
7
14
909
174
330
430
218
175
989
267
1279
1004
50
410
818
125
351
206
100
451
423
1220
153
746
410
469
113
1069
173
68
439
791
967
863
711
101
435
1183
939
220
199
381
1267
138
308
1170
232
160
39
1296
20
93
113
204
447
12
4
1349
459
200
1182
202
131
57
1001
1074
382
168
287
471
176
951
1238
410
222
765
1264
412
763
215
299
585
383
173
1300
723
159
793
383
960
204
342
1379
1081
9
1449
160
252
543
280
109
178
396
287
136
238
353
397
363
342
370
122
14
493
107
247
603
260
695
325
162
1157
1187
134
355
92
1391
794
77
235
308
975
190
190
433
230
205
634
315
1313
823
296
447
360
734
292
369
346
143
47
660
135
361
396
288
507
64
975
203
31
62
416
661
238
200
175
60
469
1032
121
576
283
1246
626
440
491
126
296
921
276
272
1119
468
1012
270
53
186
658
154
1177
266
135
1345
47
407
385
436
8
84
262
1364
165
663
156
1004
145
177
160
215
125
311
1152
261
246
64
106
329
509
1232
1310
115
928
605
248
523
148
132
591
8
216
1175
1394
78
189
284
873
267
240
227
96
107
362
87
447
12
18
199
74
1397
1157
121
45
137
1327
77
159
468
944
188
1269
857
461
121
297
139
1247
242
1240
679
844
887
631
132
647
1362
19
277
447
1451
52
435
975
106
1267
844
269
754
348
128
277
435
425
58
32
144
219
356
100
373
1443
46
1332
48
636
3
48
136
14
691
225
101
209
304
308
371
365
372
393
66
386
74
317
27
44
123
86
179
930
237
105
477
24
818
146
44
326
232
218
139
1013
162
99
168
878
202
325
36
400
272
57
220
146
21
0
216
6
5
113
1146
370
30
530
469
808
207
398
426
238
179
905
231
196
1405
118
169
1268
59
328
1040
268
57
10
417
374
494
641
592
294
451
252
384
51
462
1246
977
1225
432
1389
38
1047
227
245
112
316
104
1322
44
383
522
1244
376
1093
362
1170
189
242
1378
60
526
867
1183
308
176
357
182
261
123
639
436
337
96
468
205
1179
413
384
702
86
661
348
288
1283
1007
993
1382
97
571
348
1064
5
257
8
191
373
3
731
598
376
148
0
63
429
129
222
764
52
421
314
1
400
445
528
915
6
79
1322
118
416
599
449
100
420
346
143
744
14
360
16
1241
1033
221
166
1249
31
434
36
341
58
349
70
837
224
307
303
4
1154
9
400
1198
76
389
148
414
28
450
1200
53
62
106
675
393
1367
201
253
197
1056
612
67
252
319
369
402
262
335
312
150
168
826
953
111
48
1187
424
729
794
448
1034
49
31
520
119
295
1259
592
311
348
432
374
115
491
464
485
923
384
447
229
417
380
275
43
953
32
1236
54
465
579
245
1180
313
93
291
380
442
118
186
360
441
929
563
243
339
23
1294
126
769
119
178
286
167
146
4
825
837
371
1100
150
220
441
492
434
1261
125
217
101
292
1179
407
15
262
44
337
868
462
78
8
598
970
145
230
1210
942
20
1337
1208
289
26
74
358
207
1162
47
279
788
445
2
72
344
297
370
429
296
665
283
158
324
95
1444
24
348
31
1286
221
230
173
254
56
1175
928
5
926
126
426
365
461
197
360
130
80
115
874
1338
629
473
20
406
1189
288
962
1094
537
238
194
404
312
248
638
569
735
179
95
186
324
213
142
390
204
220
407
194
265
1067
187
61
165
196
3
879
1212
161
107
219
527
350
141
124
306
1265
810
131
347
169
127
1195
116
1136
85
1027
409
151
1410
448
6
241
289
104
428
1229
443
1212
293
242
717
309
141
270
384
531
15
155
1103
856
236
486
1409
1023
76
291
1143
239
798
426
4
345
1149
894
228
239
157
213
71
79
217
1209
351
328
385
60
375
62
994
1243
1437
381
1436
1207
452
1112
210
529
324
132
68
198
1415
389
725
197
942
187
1309
68
989
1143
1263
144
50
239
991
116
441
140
237
144
171
290
44
1180
69
88
271
4
230
214
146
82
97
72
1411
213
656
138
257
291
231
207
169
245
297
240
324
897
691
436
444
187
32
599
941
88
385
1196
804
287
334
384
347
286
1368
324
664
11
415
130
214
930
669
253
1384
1307
246
187
145
1040
1268
191
1379
1081
305
1250
197
380
400
286
292
413
65
355
393
4
1259
118
9
45
568
26
1310
44
301
986
238
385
1468
111
447
1450
197
110
710
440
179
35
415
124
371
445
381
1317
608
1174
288
119
117
130
44
723
271
711
107
809
30
133
142
415
403
198
9
80
222
710
414
1072
33
236
143
741
81
320
1465
524
1209
122
1262
161
1127
416
238
433
192
225
537
467
1381
573
30
352
350
98
279
252
458
355
404
795
261
17
253
229
563
1087
257
945
190
161
169
266
336
272
449
937
1463
348
1047
568
1462
153
410
234
1459
473
943
886
581
466
337
1077
255
18
127
289
1066
552
57
1383
325
197
1073
85
324
1078
1380
377
432
121
358
668
300
185
388
207
247
39
193
1238
868
266
378
389
59
401
855
60
247
766
379
388
219
438
1078
404
132
1267
432
598
500
380
882
121
838
1252
865
870
320
1049
801
81
537
6
361
389
1172
207
420
927
511
946
326
1129
444
908
72
427
337
410
940
719
1396
301
432
76
456
96
591
1415
1167
151
646
187
43
310
447
627
255
740
295
85
412
1292
317
1373
114
273
1040
747
366
42
1038
333
924
1377
591
276
992
345
270
1015
238
489
334
765
311
115
1268
636
972
409
233
455
934
1003
80
713
1226
1421
324
628
180
947
224
253
621
1254
41
77
320
1429
342
1063
297
438
1009
429
425
295
796
1253
1209
231
418
410
157
370
87
613
141
138
251
15
2
371
68
235
421
357
434
104
284
254
41
141
969
209
178
313
633
453
388
117
60
792
330
286
364
1059
206
278
11
876
148
154
112
576
345
86
23
964
138
429
233
266
16
1150
1176
368
358
79
302
1005
84
180
137
116
775
1152
1199
675
1413
468
647
1418
187
190
38
918
937
40
995
377
369
104
272
250
23
436
357
1075
145
607
421
255
435
466
717
425
223
727
336
324
182
380
401
396
371
339
316
297
463
322
203
174
144
320
229
313
1046
1314
372
42
399
211
1146
5
65
144
250
162
338
12
310
1332
335
25
400
699
330
192
345
274
406
1192
407
518
386
10
83
217
465
496
346
124
296
1278
1219
356
847
278
1221
30
427
275
434
742
144
212
394
65
272
384
1290
401
72
799
1031
87
113
293
128
236
376
165
1427
442
277
293
268
162
324
1257
227
1392
418
350
1044
122
6
23
556
691
408
906
771
1449
741
419
262
158
102
367
174
213
639
82
142
1071
457
523
75
423
314
262
122
454
1189
239
245
1345
432
207
428
233
401
379
1040
235
283
426
64
518
459
289
1008
441
1424
528
1393
388
219
575
1427
296
594
469
45
5
237
422
1303
211
457
274
1258
1129
102
40
1194
448
382
193
276
427
1128
410
1466
331
234
1324
142
148
1372
839
212
216
405
65
772
147
82
930
238
377
263
32
202
971
624
1448
215
866
62
113
135
159
452
207
729
420
492
560
62
1249
236
1426
224
217
302
1111
43
96
412
524
291
17
1114
780
423
630
94
281
286
399
74
68
110
255
60
275
1316
10
173
32
129
65
341
1105
1005
48
904
1068
231
293
945
333
393
341
114
258
353
867
431
878
41
879
172
1023
364
289
106
1251
299
207
90
687
152
300
481
217
327
1121
154
294
87
314
430
221
75
555
372
465
1437
1065
8
766
782
404
263
1339
427
451
644
404
263
57
796
132
184
184
303
379
117
147
309
1116
320
85
135
79
285
339
91
986
207
112
426
115
124
334
385
438
1442
546
468
1059
186
336
1348
525
808
414
821
359
271
36
180
163
52
318
246
86
229
159
27
255
955
421
287
221
170
446
372
378
361
407
757
189
294
160
1107
352
446
227
306
58
1040
262
798
443
778
256
428
31
325
449
68
51
1098
223
675
485
750
1052
1158
400
223
268
246
109
342
508
338
261
92
537
352
390
32
473
228
893
1001
490
389
583
342
161
375
192
1379
65
532
270
1293
194
479
385
171
1254
657
168
399
1226
3
199
816
495
1146
411
116
1433
323
1015
769
303
517
26
143
418
420
54
126
325
19
269
339
117
703
466
428
260
1267
28
194
782
487
457
272
424
460
19
1067
202
125
224
1249
240
80
443
736
258
1399
1398
216
120
255
414
7
430
239
795
374
1380
127
228
375
230
362
362
63
289
346
133
1453
47
933
408
5
151
402
1209
224
1291
162
1138
372
1467
450
75
160
1171
363
467
79
131
1271
193
322
557
904
40
442
642
173
446
64
205
1034
392
250
1264
887
124
873
529
703
138
196
1
208
387
421
1063
614
1086
468
109
1
1138
784
112
918
233
497
416
126
451
339
158
51
155
286
676
353
380
107
5
423
14
46
748
8
255
80
346
657
253
178
640
16
208
192
436
1171
764
636
1052
1332
508
1167
1063
291
685
33
237
78
76
281
466
937
356
498
367
411
697
74
1328
167
416
410
259
416
459
431
257
66
25
729
388
19
103
333
1288
362
206
338
38
91
33
178
148
414
253
318
1027
420
68
1397
138
287
392
90
352
6
89
154
454
1169
209
79
287
455
129
175
22
1454
434
729
345
254
246
28
181
22
303
241
366
1368
1277
324
141
136
280
171
241
124
62
10
362
107
454
167
443
768
20
407
821
174
324
837
336
292
220
81
4
70
1461
424
352
993
254
248
407
41
258
188
411
65
126
214
414
339
1462
161
524
1367
1067
58
169
0
223
44
133
120
643
130
1408
797
106
712
111
877
100
34
92
992
548
304
257
168
222
435
745
367
149
411
413
57
342
415
420
149
682
1449
1372
724
674
1280
291
54
1209
317
304
89
361
743
752
682
247
1378
261
78
360
651
297
201
329
437
689
468
302
136
400
466
170
131
179
70
366
290
209
217
99
293
376
115
283
99
307
172
422
1205
114
37
1294
1265
69
760
1286
246
162
202
209
388
382
113
14
1055
140
359
389
146
311
59
211
193
823
433
894
600
354
578
225
263
136
356
270
17
446
76
1107
168
371
1164
354
136
340
253
540
799
1206
93
368
621
1261
161
142
71
586
315
1304
1136
179
402
163
409
425
389
1233
133
438
83
125
224
112
3
55
68
13
305
705
124
187
195
266
361
358
338
241
126
416
1104
86
1276
128
573
1344
706
702
324
135
288
309
436
203
1156
768
28
420
894
185
63
363
1280
430
1433
330
293
1225
17
313
148
119
636
411
1308
37
114
965
1239
291
447
875
385
346
72
526
959
256
276
74
227
428
348
666
10
99
62
374
565
74
190
403
879
293
3
674
383
192
372
1017
309
61
401
352
405
439
110
383
303
609
674
2
190
94
364
365
248
339
1201
215
406
343
1050
1401
1091
985
29
634
286
1380
113
266
540
578
814
36
75
148
124
1052
133
1172
1049
1206
853
1134
379
143
393
81
481
378
1457
384
143
423
249
1069
314
217
1458
98
430
1232
763
1337
1343
146
711
1037
127
34
24
446
355
919
317
153
438
1061
182
307
676
8
394
693
145
1285
316
168
202
146
278
227
180
483
339
150
317
101
391
1403
391
232
1384
47
91
996
215
1106
300
313
468
299
689
280
394
722
339
1211
1465
416
16
840
441
227
188
830
419
17
438
272
397
323
254
80
1437
41
421
223
347
438
204
240
350
1330
86
160
798
453
389
282
325
698
349
340
212
371
97
120
94
437
203
704
751
34
1006
448
436
285
1348
1425
229
1196
1256
289
16
272
120
188
437
404
1076
112
1118
215
424
222
1338
63
215
445
655
141
518
341
289
435
231
83
547
385
1103
1001
371
606
85
1326
44
1134
288
29
143
1147
218
1186
18
463
800
6
218
333
45
391
183
35
1197
422
9
1244
236
109
850
640
392
853
153
424
269
791
1095
327
1336
184
370
391
422
396
427
1406
979
369
1322
1268
432
441
314
107
805
378
760
253
1383
359
1219
742
27
453
1036
3
118
672
1422
261
182
384
1021
198
211
1426
215
148
76
232
424
915
21
246
840
174
446
308
341
1
25
652
371
388
617
232
282
304
50
873
333
631
98
378
1154
207
1138
167
164
223
1289
4
233
897
224
1406
1005
100
347
208
1347
455
494
73
1309
463
1335
94
224
352
207
22
927
231
49
856
427
389
1084
187
109
20
371
434
38
811
250
10
44
144
141
80
462
387
348
349
388
979
567
364
185
284
226
290
113
278
1184
26
213
78
330
351
118
387
317
141
1418
252
219
1245
372
237
315
1080
1368
1144
1
4
1018
1256
374
218
541
177
70
31
32
442
1213
346
291
1429
427
33
1382
369
8
468
627
1138
322
837
789
69
202
142
1097
20
89
150
363
260
576
1071
984
249
993
461
132
773
245
12
444
1034
490
427
341
98
750
1157
399
431
55
700
292
550
866
333
936
436
399
254
1057
46
336
389
126
43
145
56
269
152
1431
630
389
1141
454
343
486
866
38
114
83
1359
239
40
1140
317
29
652
308
287
87
293
15
1008
120
645
234
553
508
612
19
853
126
3
1020
302
1186
835
234
430
151
285
419
582
63
103
315
384
788
162
389
357
9
1447
1355
1011
339
271
170
156
29
706
1000
378
19
1007
745
81
88
177
1001
323
967
88
424
795
983
312
9
140
152
856
574
437
333
381
142
436
881
336
213
1322
673
348
1309
322
397
176
1052
1280
381
370
462
214
157
271
456
1373
330
1307
136
335
269
269
295
988
498
338
37
1087
796
451
439
428
513
241
763
1
159
1262
1115
1321
1036
5
3
678
1356
386
459
312
407
568
696
349
280
294
548
89
448
35
196
253
397
247
752
1026
127
1026
681
460
171
359
1126
107
713
64
402
3
167
748
325
312
942
239
150
40
1390
301
774
954
204
465
429
258
7
134
147
219
1318
107
353
422
248
132
267
415
228
253
443
1466
258
51
371
369
56
1385
822
175
245
892
1028
550
1381
258
439
85
411
820
1100
952
354
367
322
56
742
896
1331
1343
302
930
1286
360
997
262
1192
93
124
8
145
718
205
650
1240
1455
1444
463
1424
1082
1186
210
1250
7
428
894
75
963
853
146
94
471
75
435
583
1228
1183
445
283
133
238
48
387
664
93
1020
487
104
1433
1360
170
920
946
39
347
73
1447
220
250
1289
1431
187
323
485
422
458
150
309
65
32
1115
341
618
93
507
11
36
322
456
474
341
1274
337
187
205
374
115
26
183
370
196
937
42
859
191
307
289
412
548
245
276
294
184
303
380
264
386
359
278
81
136
446
182
76
170
1067
569
425
1286
56
254
42
335
433
207
86
1133
15
719
563
815
14
1079
449
332
20
187
395
775
16
278
655
430
442
1175
709
76
194
235
1259
63
230
373
266
165
466
426
250
337
110
787
348
448
1108
628
82
307
494
81
37
380
1301
1298
1175
334
68
1238
678
455
189
313
380
412
209
543
204
642
169
380
323
538
524
401
294
567
1298
251
427
987
41
1136
294
85
317
1408
53
456
828
434
105
193
321
261
141
330
1407
20
57
253
44
359
134
398
245
106
24
260
340
270
652
191
272
231
246
30
445
355
1267
495
123
521
304
376
851
30
253
673
119
291
316
730
728
376
426
319
298
320
332
137
317
795
949
238
107
27
106
410
266
14
354
258
272
1276
1
425
385
238
396
627
447
70
159
387
181
391
113
487
365
463
385
672
80
334
143
827
35
29
279
336
383
1272
247
283
279
316
219
129
76
388
145
312
296
267
13
973
1284
130
161
626
1356
125
401
1287
762
271
350
303
185
655
286
1186
805
68
1007
203
194
1231
248
273
403
1144
465
1301
441
671
599
811
184
101
105
106
1092
83
1375
425
241
80
280
203
239
346
1055
1077
215
1026
207
301
371
942
95
281
1253
169
244
245
606
188
437
651
872
185
138
450
794
1465
379
466
134
222
157
110
367
342
855
640
331
244
45
590
1347
1364
506
956
5
106
304
17
43
63
1253
120
370
268
352
1143
409
34
136
137
10
500
461
432
89
283
78
110
1278
775
1244
1414
77
1200
463
384
58
362
230
209
210
782
836
1370
1073
327
373
326
192
658
413
345
509
197
378
607
75
1377
388
521
127
1
337
371
221
963
1310
511
452
688
124
14
988
238
995
13
916
231
37
663
877
1088
212
239
435
220
1443
70
434
552
859
393
426
1159
432
13
92
1229
100
193
131
221
162
367
455
386
140
127
681
1017
1282
134
1186
613
317
157
364
216
124
1141
623
117
1073
330
934
456
26
1343
298
315
648
41
808
1044
276
457
256
340
59
459
413
962
466
834
344
177
1016
365
58
371
619
94
5
422
39
449
220
769
424
969
305
20
199
422
416
368
452
243
215
485
266
1218
552
424
289
38
699
74
449
1437
133
606
864
909
435
191
899
164
807
385
103
436
427
101
21
172
113
457
248
260
957
679
137
261
239
1364
122
249
401
321
414
1194
314
102
134
250
125
2
25
833
172
418
444
387
585
742
22
214
226
359
393
670
79
140
8
113
16
421
1159
365
627
939
390
983
1417
459
140
355
270
934
295
738
449
36
247
435
1115
247
100
418
653
932
330
776
202
30
62
177
498
617
449
300
335
228
815
429
436
194
21
304
529
781
373
1114
212
1396
1320
369
290
412
778
154
1020
196
390
1062
292
901
234
431
383
302
955
928
177
942
272
859
48
368
101
438
693
7
71
31
77
330
365
1023
196
1178
383
756
485
679
592
409
337
455
15
1145
22
112
1219
389
248
220
459
490
32
179
738
116
335
90
232
36
460
102
239
323
1265
1256
308
24
53
137
138
340
646
159
1012
240
507
269
265
1331
428
297
396
794
103
985
94
1355
252
489
112
1417
116
594
180
807
293
87
401
152
916
413
1206
133
1192
687
317
231
1134
441
1437
1252
622
274
1215
106
681
145
84
898
460
427
140
238
48
116
278
100
607
1002
414
212
245
861
151
14
744
301
1417
323
217
351
370
68
978
277
1445
1467
245
575
456
405
105
1114
719
681
561
242
1025
400
158
456
462
301
214
206
268
1460
1158
1463
811
141
99
223
63
1171
1293
131
1441
307
54
170
589
121
290
1097
0
180
844
301
411
268
104
116
374
33
35
467
340
718
296
773
242
410
1035
211
260
91
107
1029
235
231
444
325
654
332
66
323
193
1443
150
240
27
317
252
374
316
110
1428
366
224
193
237
379
470
194
346
659
781
740
40
832
1034
439
1173
316
75
1139
251
23
271
857
238
1217
253
335
459
1115
1372
445
220
101
522
976
1321
383
201
548
616
606
542
202
525
67
1134
789
240
68
1149
33
684
612
316
495
364
838
104
28
432
1160
1172
1144
300
134
261
968
1166
24
434
495
48
1252
355
456
44
40
232
40
1017
467
35
468
136
408
316
365
295
343
176
171
284
159
95
227
934
134
1131
91
68
325
22
220
604
367
1155
497
67
1217
117
187
521
179
158
303
319
997
306
542
958
1319
79
599
191
407
408
431
341
364
1009
69
129
677
181
232
229
434
719
782
202
397
114
1379
915
139
42
110
88
350
264
168
299
132
323
274
952
1047
193
285
1009
340
634
363
76
1162
598
1027
230
1381
124
1032
1362
1395
178
250
1414
728
336
149
416
1080
74
960
437
199
1327
118
1408
297
374
11
234
315
56
315
238
1231
453
1041
304
362
81
458
657
326
763
311
724
1180
397
691
280
1427
730
506
325
1395
384
115
381
231
90
932
287
321
569
318
169
153
732
467
252
257
127
438
357
359
1108
350
218
269
13
372
340
103
65
435
294
302
333
117
308
136
435
35
1243
307
343
1074
298
267
304
432
310
1198
1419
578
378
576
710
72
342
651
561
746
1204
254
854
487
439
426
1081
381
386
193
137
892
343
258
21
403
1145
143
150
885
212
47
406
177
132
1446
109
108
295
461
4
1445
226
661
1164
52
1095
115
640
86
13
1007
141
357
301
302
209
679
859
164
240
455
279
929
539
258
88
1124
895
399
897
79
255
1005
1038
374
849
456
373
66
325
443
1279
444
1151
420
296
1426
332
22
382
81
329
147
295
202
752
166
913
235
434
412
329
256
133
313
488
38
782
1380
282
55
515
101
80
1367
1362
114
310
96
313
1255
494
246
743
171
979
181
373
288
198
160
337
224
99
62
614
310
343
282
290
90
241
321
222
249
420
733
0
125
522
1001
226
78
235
589
232
552
72
193
11
213
721
539
216
266
109
389
835
20
860
597
204
114
390
1216
218
1453
114
873
247
276
416
1021
164
204
421
703
695
22
42
574
990
160
1125
182
226
86
119
962
348
51
340
766
1042
45
200
336
1366
224
23
90
164
150
36
196
1218
263
215
16
23
11
582
390
14
266
322
331
811
426
491
332
1318
1327
567
176
102
98
108
115
443
185
1298
267
582
1398
96
77
131
727
401
147
335
336
1194
426
343
1281
9
31
234
5
649
1131
1182
642
32
256
365
100
62
1011
155
266
960
230
1440
431
961
60
415
175
681
1298
873
372
424
1157
788
130
1211
882
1319
47
355
1188
1417
490
48
1167
1155
458
431
166
22
569
564
622
152
737
1057
1381
1282
886
307
1014
564
288
250
268
285
18
418
89
692
219
920
234
1255
240
1290
346
226
1183
977
867
122
93
941
1307
143
362
147
92
550
194
835
288
590
134
53
583
805
1348
169
33
434
153
73
289
310
7
455
1267
1080
258
1126
20
46
58
463
119
1051
50
30
326
3
1416
439
413
131
164
296
257
23
20
121
757
340
725
197
177
156
180
1093
1316
196
240
950
434
209
317
585
18
620
790
357
1255
408
840
338
1384
1353
104
326
366
310
454
156
126
337
266
1068
146
1201
132
235
25
1002
902
839
159
230
1119
302
254
1260
317
105
133
214
223
1345
182
194
50
238
1038
446
198
287
188
193
189
337
8
2
1190
750
434
1379
425
371
427
424
450
92
384
95
413
371
883
1180
261
351
51
970
96
1395
317
443
1205
38
1204
450
101
226
1056
297
316
382
47
407
45
83
528
4
162
865
69
308
729
458
147
237
467
803
1199
1394
405
141
287
152
313
356
333
334
381
348
298
334
0
324
519
226
89
87
776
336
874
38
1256
457
201
42
962
1084
149
74
95
234
814
217
837
1439
378
353
371
44
131
842
105
373
258
42
241
367
32
92
185
342
1423
574
235
134
415
147
173
315
232
1388
243
460
616
396
522
1090
66
451
155
474
351
840
1353
1078
438
669
384
418
1007
620
162
1369
345
387
261
855
194
306
467
572
125
693
289
273
313
95
315
271
146
233
196
325
100
16
740
227
12
107
467
234
310
89
182
67
202
302
371
612
182
761
162
385
162
516
123
231
622
189
100
1421
1405
297
443
132
145
1152
339
51
5
171
445
421
422
429
726
1270
42
165
624
21
143
114
406
243
250
425
200
333
132
21
1320
1307
27
279
264
349
342
431
336
29
445
93
355
1302
354
163
130
407
144
1121
189
639
224
398
74
829
53
168
1086
285
128
364
95
465
417
1437
1134
92
73
89
94
1361
299
321
1338
266
182
752
455
410
1045
1062
188
232
23
446
171
179
455
929
56
457
34
134
401
245
967
59
766
384
359
59
437
242
162
433
135
244
680
1393
960
1138
1270
170
238
792
1067
229
319
1401
277
72
65
182
136
384
1029
250
216
898
327
386
239
438
231
269
46
33
350
249
255
45
406
49
416
86
1130
13
256
1201
964
148
363
889
1416
523
401
6
166
185
342
151
254
60
176
1413
77
1453
378
191
770
851
39
137
734
836
285
35
923
71
375
289
374
571
4
1193
821
1432
141
169
750
111
210
408
1167
259
358
11
1331
83
66
545
340
148
137
180
31
274
907
293
285
619
1163
384
599
22
1013
289
337
1004
281
306
1107
293
862
1073
395
534
409
286
97
367
141
26
75
438
350
982
430
119
347
203
368
325
107
442
500
1083
383
1243
430
1128
136
226
432
350
217
1113
956
965
426
122
201
1066
202
1392
105
582
271
22
1263
376
57
346
164
236
183
1395
294
349
109
319
312
464
1046
208
444
208
510
822
524
939
697
1394
127
229
289
660
797
153
255
391
137
173
1347
1335
1345
214
108
1363
1375
245
340
164
287
718
249
1005
16
865
303
340
122
102
450
963
48
56
240
1237
158
1236
555
93
472
216
220
384
339
82
1026
225
1316
242
878
719
187
205
462
686
26
31
672
336
148
213
59
877
869
41
62
308
275
519
141
26
784
118
1193
239
35
525
1262
71
275
279
145
641
335
114
82
801
50
490
34
147
126
451
245
239
119
281
315
411
415
180
251
262
133
99
860
176
1356
1190
1306
56
395
844
208
173
1143
349
319
352
150
1308
109
115
1047
362
1127
326
407
451
1408
77
1203
4
189
351
1304
838
323
291
444
1454
895
428
149
843
204
393
246
1174
413
285
100
230
368
91
864
25
391
84
137
781
51
748
34
1284
237
55
66
456
90
101
518
1175
1372
315
460
418
1225
1353
22
871
536
748
325
444
33
1286
6
260
417
129
25
1438
907
490
215
423
457
315
165
423
894
951
203
128
190
296
222
886
203
286
116
156
1261
224
1248
338
368
333
84
1084
190
437
335
50
274
733
821
452
399
42
338
192
164
723
1364
362
302
1083
311
1224
34
344
399
275
699
913
394
945
434
53
463
76
1295
624
860
651
481
73
955
1013
439
267
158
1449
108
901
122
239
116
1336
186
847
166
144
75
122
138
605
241
188
304
581
1008
126
73
229
857
213
535
128
679
39
839
1222
259
322
446
271
156
84
312
1
30
283
364
439
20
391
461
94
996
1005
70
699
220
109
423
854
126
283
196
459
1298
278
463
196
313
172
272
271
305
349
3
320
144
1310
1307
160
22
100
164
70
422
423
443
157
468
807
430
832
1378
802
282
47
375
676
220
870
54
259
169
176
435
1168
1049
1258
398
309
61
289
192
93
321
464
267
228
460
592
947
70
127
142
1175
298
432
350
259
160
110
192
424
1095
395
187
1256
414
54
36
253
165
507
223
90
199
371
299
163
350
215
107
429
191
168
855
35
305
1317
397
724
111
142
573
911
311
291
1432
405
274
384
515
1071
580
357
136
28
114
1427
393
282
129
273
843
69
462
233
1142
513
546
1450
197
27
159
758
686
75
772
123
241
428
78
913
2
241
1408
244
163
936
387
176
146
301
252
268
909
209
204
415
1294
70
1460
119
142
1293
129
396
200
1193
855
294
442
1385
405
308
131
1105
452
355
322
7
310
257
430
658
59
388
283
1180
87
813
72
50
205
306
376
49
293
367
350
152
711
304
356
9
114
410
709
1437
86
415
1269
226
690
111
918
348
241
429
250
1245
66
361
55
1399
323
700
1468
57
444
619
957
456
90
460
177
1395
325
533
208
435
1410
214
226
409
176
255
107
1257
446
256
287
389
1427
79
364
507
983
205
765
60
850
93
1461
469
100
5
55
37
3
65
16
41
67
97
33
79
34
36
14
94
66
52
5
33
44
94
71
5
58
0
81
12
58
23
75
28
85
66
4
50
93
20
0
59
92
14
50
65
9
96
4
43
52
86
21
94
70
49
55
56
79
28
24
50
85
52
27
50
50
54
28
40
94
32
76
83
58
17
34
57
37
11
28
43
89
75
18
6
34
38
74
42
44
70
99
25
46
33
44
53
88
16
34
92
17
96
70
61
26
29
42
76
80
91
82
46
56
54
91
30
90
31
24
9
0
20
81
73
13
46
81
18
26
93
35
6
83
86
29
13
15
22
66
89
95
73
11
16
14
95
61
22
20
90
57
3
83
14
48
45
78
10
66
31
56
35
99
16
33
36
26
67
74
8
30
61
54
17
45
30
70
94
75
41
90
80
93
90
94
58
53
10
4
75
19
17
79
29
73
65
5
91
31
75
42
1266
false
false
false
false
false
false
false
false
false
false
false
false
false
false
false
false
false
false
false
false
false
false
false
false
false
false
false
false
false
false
false
false
false
false
false
false
false
false
false
false
false
false
false
false
false
false
false
false
false
false
false
false
false
false
false
false
false
false
false
false
false
false
false
false
false
false
false
false
false
false
false
false
false
false
false
false
false
false
false
false
false
false
false
false
false
false
false
false
false
false
false
false
false
false
false
false
false
false
false
false
