100
111
1
64
180
67
190
1032
1163
206
10
478
96
63
40
140
197
767
133
170
769
57
204
450
205
205
22
103
216
183
169
635
16
130
190
640
2
203
1049
730
162
150
1120
707
470
42
268
175
72
181
23
730
353
133
643
1126
328
186
92
122
948
46
1080
735
166
436
613
37
85
202
100
697
1102
18
100
513
76
303
61
345
1114
204
94
81
396
85
195
647
189
26
12
104
834
130
484
209
1037
1112
178
206
2
21
534
144
559
65
146
131
193
74
60
109
496
402
148
128
96
1160
571
33
227
930
192
130
329
32
100
114
107
207
65
5
167
169
19
128
26
181
113
4
127
151
170
253
564
54
207
154
75
181
436
155
187
1
29
193
570
43
175
197
20
28
151
47
118
1061
169
705
155
1105
1190
179
363
4
171
44
173
39
180
481
168
173
1002
180
59
72
604
551
10
1181
66
104
118
121
132
24
114
95
121
64
28
178
335
207
46
15
30
571
128
76
416
142
141
171
124
369
164
185
276
339
165
77
385
146
114
499
878
104
67
439
6
122
8
1089
35
138
523
434
456
43
124
8
139
76
32
1140
83
394
195
167
22
62
100
1052
335
500
129
897
197
104
46
125
196
24
189
547
623
79
126
76
880
208
291
3
40
32
612
842
127
854
67
133
158
4
86
359
849
177
128
193
531
1197
43
92
118
7
751
740
188
83
24
345
676
57
898
0
512
609
81
59
490
106
95
623
651
6
1015
113
174
48
4
135
67
80
846
392
201
125
161
71
161
531
40
608
145
115
160
40
682
175
168
6
181
502
3
41
100
179
126
108
137
74
148
173
197
1004
44
162
432
49
502
185
132
135
82
898
46
515
403
357
110
205
41
143
68
872
202
77
118
104
44
9
116
387
818
111
1180
187
1071
659
585
890
64
606
483
730
69
151
173
148
11
944
133
0
30
68
127
200
101
1094
1055
1091
60
287
46
41
106
21
762
30
77
105
1037
1188
836
9
273
199
843
182
11
482
167
36
4
114
198
5
49
372
96
265
1196
283
1163
872
1208
663
101
152
176
122
952
195
629
922
51
35
278
166
42
116
37
412
79
64
44
1114
246
420
10
580
142
112
42
89
637
547
162
125
633
20
165
108
88
104
913
57
600
17
27
394
758
11
60
635
171
1153
95
1137
77
150
284
353
40
180
31
1135
639
433
667
429
7
108
176
167
551
157
102
500
803
16
128
328
107
170
49
123
110
105
76
120
132
607
217
323
364
108
19
151
94
809
954
51
1079
1132
170
5
146
21
182
13
111
192
183
607
951
124
126
1095
690
117
550
200
553
132
39
9
25
1125
100
16
0
12
1165
109
1123
17
533
174
1012
1116
181
305
161
6
57
294
76
258
696
1164
333
186
107
175
123
12
1149
70
203
337
88
176
562
172
83
2
34
1
28
163
329
53
395
81
17
157
18
254
182
147
36
20
23
232
153
202
111
141
605
276
574
467
51
155
11
150
972
192
179
838
1098
84
768
35
198
159
390
129
148
85
78
1
192
1100
0
84
194
202
163
34
137
680
108
852
1138
378
38
201
562
107
1175
1178
1101
42
102
14
778
209
155
153
9
689
114
101
1003
81
183
101
71
137
500
180
66
147
141
71
33
959
112
109
243
142
41
1188
60
881
122
833
879
6
153
192
177
371
113
638
1038
56
32
69
837
490
27
503
250
71
55
17
69
84
153
563
575
211
199
549
186
51
622
881
171
118
149
781
1016
53
368
159
54
118
221
37
80
302
395
166
641
111
5
148
153
159
1032
24
448
180
196
60
172
17
827
332
73
105
129
441
817
133
121
41
90
794
921
403
155
754
145
4
547
240
674
914
97
46
8
73
3
176
193
362
123
294
90
175
619
118
142
116
635
124
899
108
126
126
137
101
75
179
45
50
82
183
330
66
108
175
813
339
109
848
1194
1
729
201
86
176
878
725
515
107
44
585
955
61
105
162
2
83
615
93
70
115
121
47
138
788
145
1093
76
118
1166
744
196
64
151
753
120
87
19
672
56
1061
749
10
187
156
818
132
17
1019
79
69
43
175
1166
464
181
179
238
183
976
1139
629
1069
197
732
208
6
0
0
20
671
946
186
71
120
14
910
435
555
681
984
190
514
119
1053
35
99
98
921
108
199
2
169
135
40
113
501
31
43
621
3
766
1090
160
505
17
100
36
567
61
187
898
1004
123
770
182
182
843
13
99
172
14
1060
187
326
75
660
388
196
202
161
118
110
202
682
599
166
37
673
1059
105
52
1183
105
87
207
72
193
28
188
21
45
47
645
141
133
123
735
191
752
33
14
551
103
170
1150
1119
124
133
76
161
129
76
104
48
197
18
77
627
425
208
1038
32
119
827
596
121
103
49
120
162
1043
0
1106
86
73
154
157
737
57
150
795
69
12
555
19
102
22
488
751
54
86
929
181
476
88
45
21
110
992
325
115
922
87
121
164
102
387
134
122
91
171
136
159
962
118
167
200
148
1091
112
109
138
153
130
343
981
121
62
151
653
1096
47
189
787
92
483
93
53
26
221
70
50
29
48
197
48
25
49
1082
567
99
827
538
147
125
562
158
44
198
8
3
165
466
26
107
472
611
123
490
50
1064
134
952
737
91
1067
119
96
101
102
8
182
59
178
426
90
415
159
199
259
103
1076
83
241
47
161
197
192
0
182
204
45
14
830
62
99
14
66
112
149
175
72
1137
450
155
817
32
44
106
186
37
157
87
107
132
48
1106
817
52
96
594
1071
370
1167
1043
25
119
7
101
207
91
176
677
76
77
77
42
43
322
195
13
150
918
428
30
26
48
1080
200
53
391
787
156
41
78
1148
1007
118
106
15
677
1017
194
194
32
99
47
111
73
117
250
172
720
198
105
244
123
1200
117
2
1201
971
678
107
66
262
641
188
20
74
24
182
545
135
124
21
197
1156
0
177
15
121
131
126
391
186
185
232
64
181
223
35
200
720
96
839
847
672
492
176
971
904
150
675
25
45
206
206
24
674
136
207
197
2
488
170
167
83
131
159
169
116
123
173
182
128
870
86
1196
416
63
179
128
57
388
98
6
180
607
44
202
105
89
144
61
159
110
171
536
124
28
158
85
122
158
71
9
94
60
20
91
152
849
116
127
51
1098
52
145
51
578
1190
1078
51
61
178
56
577
18
13
170
41
1178
96
141
403
449
178
56
4
517
110
81
113
137
966
121
789
627
156
1018
59
59
46
72
115
164
3
387
746
192
207
76
81
182
149
204
184
133
119
986
120
1101
351
429
67
444
93
137
48
125
129
40
153
69
153
153
405
560
122
16
209
77
694
615
1135
315
274
81
90
19
63
38
150
146
50
74
482
29
768
288
910
3
96
116
91
61
96
11
82
122
74
28
1143
876
392
743
438
87
140
38
141
57
184
101
860
64
88
181
123
30
188
873
172
75
207
97
84
155
171
96
84
344
56
122
131
198
142
1105
175
143
55
1160
688
115
36
621
995
91
157
162
77
566
1196
111
529
39
46
36
1059
16
138
162
335
1150
91
5
126
820
111
20
811
680
272
476
5
210
160
65
209
99
78
112
181
206
45
488
84
152
31
193
162
845
723
199
1114
119
35
38
42
126
176
27
166
793
509
653
164
166
486
120
626
727
430
0
40
36
125
566
583
885
413
79
1143
95
108
69
912
129
193
207
178
54
76
520
78
405
54
192
59
39
53
382
161
164
945
163
184
139
155
123
47
35
172
203
56
158
103
1200
180
748
172
817
109
1150
121
62
1080
128
423
135
204
206
39
970
482
136
10
33
580
828
98
104
93
139
939
208
189
27
301
1104
185
77
839
15
139
17
204
108
38
14
970
155
85
176
206
327
131
1166
118
197
31
84
116
47
207
57
121
998
1060
221
122
24
137
703
91
159
203
75
1100
70
180
131
643
37
890
119
181
56
694
147
194
870
485
968
84
135
105
176
178
90
76
996
488
146
21
134
174
196
2
117
143
107
74
244
54
89
99
196
1096
108
187
908
209
548
1083
798
101
201
24
87
7
117
947
118
154
603
154
1209
1083
395
29
231
482
1162
58
171
119
62
139
26
883
865
683
781
183
195
1055
1067
111
23
6
63
129
423
1093
28
628
4
61
283
371
153
757
0
188
174
275
445
511
57
192
412
36
892
108
1065
115
143
5
8
45
130
1085
386
161
167
81
182
11
93
10
191
6
75
22
151
102
772
167
1195
120
8
39
34
139
32
188
155
138
134
885
197
872
195
50
155
138
186
35
194
651
501
412
67
1177
995
23
681
883
1136
183
317
69
158
159
1023
124
51
1096
436
181
8
1134
163
177
101
112
43
140
207
59
197
12
1
42
140
195
192
1053
205
509
93
98
90
9
181
102
60
174
190
50
69
190
342
1005
23
23
33
200
296
148
679
7
197
701
375
170
79
41
29
672
329
1047
200
914
127
774
179
185
119
42
54
150
84
132
188
171
82
526
149
185
2
181
162
1031
698
121
44
114
48
65
84
151
360
76
581
198
45
219
1102
599
1069
526
1176
244
52
1142
355
49
643
1073
102
421
181
65
151
960
144
61
95
1178
910
820
258
31
1175
186
1
85
153
445
64
171
617
1205
206
160
188
190
90
994
62
47
149
131
33
443
75
112
15
908
377
7
50
31
184
279
35
140
156
139
183
252
123
185
116
26
7
131
74
87
159
148
248
203
78
178
110
1044
128
455
33
48
11
80
77
30
1043
253
79
135
188
177
38
671
72
1140
181
134
124
879
79
12
5
597
14
100
896
101
79
793
95
22
263
196
203
43
724
157
585
80
3
184
1119
20
93
75
50
189
172
127
48
92
192
26
101
54
796
44
192
47
56
611
199
209
8
801
104
969
161
161
135
443
120
82
160
1119
332
211
987
46
6
2
212
97
1035
214
39
71
73
110
1106
526
166
2
73
330
26
271
3
143
103
134
620
48
5
79
62
93
782
124
402
207
342
664
98
156
711
16
64
365
148
649
121
1081
36
119
358
1115
542
909
63
80
123
188
128
177
12
1120
206
30
1084
6
188
122
115
32
1097
79
168
885
123
128
202
841
111
495
662
137
1197
82
193
176
149
1064
147
392
413
561
652
174
211
47
35
132
152
292
29
91
208
176
112
688
281
370
170
155
136
1040
35
144
1026
110
1016
403
407
546
770
123
30
62
128
7
176
139
82
531
48
906
19
29
253
165
117
191
209
1178
198
546
1016
531
150
819
89
93
97
193
254
167
145
270
861
30
32
18
1051
792
181
830
461
164
274
1149
15
843
155
122
131
203
533
160
157
183
107
385
29
71
1161
94
871
199
61
42
1034
28
149
146
50
1099
39
662
1200
93
266
34
157
106
834
1203
162
462
64
982
88
53
139
323
210
563
53
997
282
43
201
1167
6
200
172
34
762
199
111
259
116
1050
129
154
18
176
61
1104
137
176
259
1153
157
74
430
40
350
35
1168
173
178
53
459
330
19
194
66
329
33
165
1083
277
4
26
43
950
271
894
241
115
69
61
179
174
248
16
464
202
3
651
95
929
114
63
130
192
149
140
152
159
165
388
132
209
794
151
132
97
242
152
6
91
44
186
215
92
170
113
533
92
117
465
662
773
82
3
43
206
176
94
139
83
166
970
117
69
10
1206
1014
202
1206
186
623
124
99
104
82
869
1066
124
202
51
1
95
188
16
35
103
276
107
124
127
417
1134
200
186
211
95
29
1066
34
48
612
16
199
650
23
909
195
458
65
1099
94
21
93
130
970
161
190
155
190
31
410
189
1066
76
638
151
173
204
153
72
1074
1173
72
1136
207
186
796
162
20
70
166
21
174
899
795
58
54
68
276
107
71
775
88
228
188
4
26
1122
175
145
1001
27
125
263
645
4
175
854
1102
31
314
20
35
4
163
1118
86
186
121
55
1130
143
181
154
4
563
172
585
143
131
104
80
441
113
46
162
94
249
334
300
983
192
142
957
145
86
588
51
36
106
218
136
706
232
378
1026
125
39
994
54
146
669
115
808
147
1156
31
181
1044
20
861
206
460
129
1098
107
55
194
83
57
169
759
118
183
627
102
153
136
146
1149
99
92
1103
1
80
42
826
35
73
694
954
1205
119
206
164
87
13
845
188
51
73
112
193
1140
4
158
76
164
37
209
148
50
328
785
627
17
186
809
155
38
13
152
626
97
35
1079
35
51
24
24
1155
524
1183
80
152
670
166
52
184
51
735
29
80
529
815
44
177
238
134
89
93
206
1077
155
191
55
141
359
128
134
144
952
482
192
101
45
221
528
689
173
174
71
378
23
85
730
11
170
23
191
155
79
25
113
592
324
98
200
114
947
70
647
4
158
658
200
42
120
1052
150
26
172
160
387
64
609
57
178
189
101
170
111
18
176
79
153
27
281
7
185
325
81
118
705
164
461
1036
676
55
205
34
655
61
132
61
158
206
825
351
118
91
922
1133
77
91
122
750
27
557
118
115
62
66
290
42
4
19
77
208
1068
284
87
139
102
329
101
16
42
395
137
88
94
140
178
25
122
329
6
153
2
247
879
123
126
42
48
1083
1186
58
693
1125
198
144
1080
188
190
47
110
185
136
141
115
546
183
538
402
203
818
51
158
29
171
191
36
130
82
278
843
718
200
31
106
116
39
130
59
177
179
78
32
129
155
2
979
112
198
759
189
37
765
449
64
29
107
92
49
41
92
106
303
311
112
183
1159
96
85
851
50
778
948
46
199
1151
174
58
452
151
56
595
589
156
134
178
52
203
186
59
141
152
157
133
67
207
186
157
195
766
261
1002
153
147
964
1198
26
189
40
127
67
114
821
78
227
291
85
871
93
88
97
691
601
208
184
13
94
377
63
206
106
182
40
137
138
393
143
105
204
556
197
107
8
105
70
610
162
110
40
141
462
195
15
124
103
712
104
204
79
72
490
79
979
944
206
907
299
137
456
5
170
59
190
621
172
11
16
153
6
202
833
315
876
182
57
1203
194
242
132
720
179
107
17
160
83
190
158
1
53
182
146
806
935
255
62
357
786
83
70
109
746
4
28
155
62
698
132
547
185
163
182
441
910
144
209
50
33
1055
529
0
440
139
194
661
1135
279
142
109
203
98
369
149
3
455
8
132
205
156
670
874
149
152
197
671
123
166
15
58
94
273
848
123
994
196
145
1140
143
985
69
1008
69
213
181
1075
604
138
71
581
151
194
494
577
698
88
90
47
35
24
56
464
92
37
66
194
20
160
231
5
168
4
187
122
185
176
599
104
156
919
40
992
73
81
197
1
93
188
171
20
16
95
112
63
1152
145
145
167
102
144
115
117
134
151
9
217
68
156
1196
33
1057
1205
54
128
98
111
171
677
199
152
109
6
143
496
94
182
177
1074
116
765
850
184
88
172
452
135
102
106
209
44
856
534
170
1157
151
584
86
96
65
164
5
147
677
864
63
131
815
194
67
58
30
18
114
65
68
42
1071
447
374
264
1189
190
196
702
88
1038
412
171
152
898
1170
93
196
690
146
63
165
136
797
170
1051
421
1045
192
598
814
60
649
160
505
10
641
40
61
117
750
49
594
158
207
281
185
106
200
180
449
93
46
698
128
7
194
72
35
50
96
507
142
321
93
214
636
253
52
11
36
80
893
178
52
145
947
89
101
114
481
84
79
756
153
136
121
68
149
678
190
68
139
97
216
100
56
93
1137
9
32
207
112
156
581
216
69
198
10
837
733
306
29
1171
65
116
995
84
685
357
628
788
8
55
615
30
370
990
7
198
162
151
730
104
2
685
17
26
1117
62
791
790
60
528
196
59
180
784
593
591
139
135
487
191
38
140
19
759
41
125
191
74
140
544
206
49
134
144
810
85
24
656
1183
163
876
106
55
179
1011
44
578
135
732
152
601
100
137
121
156
77
58
470
516
316
938
47
147
159
805
850
74
517
338
181
100
107
308
166
0
34
178
1087
1079
711
78
3
209
182
85
186
45
69
1
14
91
803
40
27
142
66
96
5
31
137
189
15
125
136
127
136
17
157
90
50
96
374
96
205
260
25
153
1151
130
158
177
65
1177
29
15
4
45
105
143
314
299
182
49
17
38
13
30
30
747
1089
10
60
8
19
25
143
99
78
26
912
168
55
519
992
69
1172
346
23
73
42
587
344
97
64
1093
2
174
181
61
982
93
62
186
277
436
457
200
632
58
144
51
253
98
436
12
38
645
189
186
5
43
117
891
154
76
72
79
150
523
491
137
171
60
181
1053
36
72
8
105
190
188
178
26
85
168
794
167
88
766
72
188
73
468
192
672
164
150
67
135
394
107
33
45
65
33
101
1140
206
9
1015
185
153
184
675
250
123
811
622
72
79
193
449
70
42
207
115
193
55
96
584
432
39
200
298
1000
641
6
624
34
112
206
87
5
78
230
311
60
1033
665
62
40
407
117
70
135
844
530
34
22
146
71
146
486
112
72
381
39
144
760
105
36
209
25
12
5
61
113
185
135
106
860
143
80
85
767
81
56
15
946
209
450
1
96
135
94
22
38
126
60
62
60
1007
108
105
53
121
84
1138
1100
204
182
161
82
74
170
86
123
93
58
456
270
698
726
20
73
154
592
193
136
1103
25
624
176
16
1175
139
154
208
129
20
202
606
51
325
141
12
83
104
114
118
198
573
70
178
170
166
623
136
252
52
970
488
29
59
75
47
66
156
190
141
129
132
170
140
863
32
1065
160
124
38
37
821
116
73
169
93
153
105
921
183
289
1154
111
957
20
192
144
38
375
106
111
40
175
14
72
691
1117
163
16
84
84
131
16
201
200
304
90
98
828
145
8
140
192
1208
113
66
179
939
58
209
1073
708
69
100
837
19
55
149
35
1153
170
22
78
436
434
76
107
2
56
12
1054
1087
667
60
1064
28
1118
4
520
153
60
12
189
451
20
86
1054
124
56
13
750
33
190
456
158
208
18
117
3
192
202
195
139
127
128
84
282
197
1164
719
181
109
120
141
12
116
683
93
75
48
196
452
53
56
514
103
115
347
47
265
1041
199
394
580
492
163
9
49
894
788
163
1150
43
51
15
95
77
1008
157
106
145
9
585
925
141
980
25
29
442
138
962
754
81
950
223
122
108
711
183
145
177
209
186
52
47
757
146
198
1202
1023
174
67
77
794
1060
155
508
6
114
805
79
108
223
1123
21
726
98
820
633
207
20
163
202
1089
17
19
348
89
126
186
1044
142
401
79
127
204
122
80
155
11
1067
26
91
815
165
3
102
43
80
315
15
731
31
12
135
35
74
76
321
402
128
816
800
476
135
5
117
245
129
95
109
5
365
320
51
50
391
95
53
574
75
599
9
116
60
114
57
192
592
826
24
1043
112
57
194
205
1113
189
142
122
34
15
38
39
159
204
188
1200
161
208
81
54
960
38
1133
77
107
10
753
49
51
705
1164
176
76
22
69
182
17
55
124
102
176
493
708
34
111
193
785
350
1038
16
99
0
832
5
75
38
91
49
1046
171
595
52
148
186
5
70
798
114
134
137
36
258
52
56
72
63
330
24
498
41
1121
192
203
154
187
110
104
338
109
126
75
132
910
50
121
1116
187
846
68
92
177
481
202
47
17
58
156
198
71
708
1120
71
98
567
6
125
54
556
428
104
14
176
34
118
156
16
128
29
188
160
154
79
373
733
344
9
621
950
170
186
495
947
66
473
446
229
153
128
34
287
5
75
185
953
164
1148
157
609
245
167
508
158
138
193
95
104
23
1107
143
195
1
6
111
406
517
150
751
779
117
573
124
121
875
269
476
880
62
6
162
131
123
23
57
212
139
123
729
1180
20
140
142
469
388
402
147
154
93
110
93
163
199
126
73
659
1126
3
166
240
1081
58
22
175
137
456
106
119
76
194
948
67
854
247
358
15
172
314
58
9
71
140
158
537
9
43
150
202
255
102
16
109
35
16
67
56
107
533
159
1171
1029
86
1075
806
1078
303
24
34
200
1117
171
152
20
133
20
49
199
29
83
505
140
275
195
738
65
50
1020
143
134
153
17
67
187
134
86
1137
1140
192
117
920
205
77
125
126
844
84
594
10
88
129
98
63
99
1133
134
180
208
865
204
169
987
340
45
110
185
143
162
176
67
180
46
54
205
146
51
612
76
98
194
161
80
677
180
74
573
126
103
270
296
13
344
134
58
172
3
36
86
92
726
159
1008
2
20
134
17
791
51
39
1197
131
82
1013
112
64
81
17
53
133
92
147
182
37
1035
498
906
2
38
94
203
136
64
170
1175
84
151
170
118
237
957
189
52
258
165
27
1112
17
71
131
882
1051
156
89
75
144
435
136
55
32
717
87
594
33
869
206
819
144
196
28
16
877
2
49
860
200
920
226
2
1171
162
377
29
28
63
43
726
30
169
1082
823
163
708
34
82
10
101
433
194
1099
108
108
780
288
140
284
305
1156
170
790
101
70
52
22
77
163
6
172
464
204
156
157
126
99
94
190
136
30
42
657
540
40
121
110
107
56
162
114
1146
504
532
179
200
495
6
188
120
189
65
1036
4
79
0
95
722
114
1112
1
206
1209
238
949
191
51
20
74
42
152
774
62
156
13
31
154
1096
195
180
136
791
95
902
168
1146
197
62
1158
9
175
151
352
193
54
119
853
827
451
570
138
89
337
20
887
37
108
735
805
6
597
144
59
135
32
48
377
56
593
107
1003
820
145
176
242
194
96
5
89
876
65
148
177
251
782
161
1190
7
69
43
106
28
25
125
111
392
978
194
496
109
84
206
469
394
191
63
155
182
626
719
82
642
142
977
129
261
44
160
100
30
129
168
131
455
814
329
65
33
50
813
808
1149
73
150
185
87
28
81
840
8
185
458
155
1141
60
205
945
34
207
162
19
496
1147
52
12
1002
435
68
10
197
1169
162
195
198
345
161
670
558
1192
13
152
410
185
600
20
92
140
75
730
5
128
52
184
163
1078
6
176
1118
386
87
23
663
9
243
126
1191
48
192
10
828
210
370
1001
183
739
100
38
111
13
56
90
100
10
162
778
6
81
67
93
104
55
65
10
127
105
73
1132
41
39
88
40
536
627
30
148
108
46
47
116
1017
1
284
34
916
207
51
1073
931
464
84
186
184
202
136
68
600
14
567
95
60
197
1185
61
354
168
160
197
891
500
100
161
49
105
190
51
202
104
194
174
24
162
157
678
1102
169
85
12
75
119
444
40
135
860
184
186
13
70
141
200
93
130
501
139
37
68
855
153
234
182
584
78
76
90
1003
305
57
18
233
54
143
51
111
120
15
79
28
133
246
973
161
129
113
871
25
205
140
57
504
321
199
568
107
182
157
74
91
22
121
206
91
744
57
200
78
24
661
33
188
5
1048
170
790
18
18
102
29
74
827
207
170
333
124
189
84
346
559
371
48
162
531
5
99
43
53
167
1170
139
121
163
602
685
90
178
16
200
1077
208
122
98
104
144
130
1107
142
167
30
205
850
868
193
109
187
202
92
927
0
89
52
179
38
194
207
99
140
89
33
105
546
551
91
22
1138
253
0
1073
51
1000
647
82
80
18
848
80
177
154
113
136
793
64
118
315
89
142
440
281
1026
218
105
197
22
158
98
49
18
1207
94
99
88
171
1161
54
128
890
28
192
100
767
40
3
124
41
71
314
62
210
12
201
122
74
51
637
190
268
1132
194
335
179
49
117
498
188
1112
46
1148
91
108
6
37
82
532
195
1084
383
122
770
144
93
98
199
129
147
977
136
36
123
86
118
1102
170
143
55
265
124
185
1148
106
779
174
285
111
62
180
209
922
826
45
178
174
44
74
123
31
182
96
787
161
122
96
181
1171
364
114
67
689
159
679
63
133
30
67
163
811
187
159
130
837
155
83
139
933
133
351
650
25
1153
174
57
12
112
175
30
95
209
898
1024
59
131
48
187
99
197
150
77
111
68
76
126
822
142
19
30
84
205
148
82
759
128
206
159
72
120
1170
70
53
26
135
282
201
99
59
185
1012
108
70
54
134
655
125
188
159
95
24
76
717
109
141
670
62
149
70
11
232
667
1207
139
130
597
94
132
13
20
61
1179
125
75
362
54
67
92
1015
269
125
104
39
209
1
107
895
55
179
78
610
1063
44
43
81
942
6
88
171
1175
516
163
649
163
85
874
88
98
65
153
85
520
41
159
140
692
99
540
201
365
113
5
88
81
77
51
458
1112
766
532
100
135
121
103
55
1071
324
237
245
12
436
170
599
160
603
193
26
174
103
395
638
27
693
1022
21
200
44
114
146
112
541
562
206
487
751
157
154
103
261
95
128
144
63
155
1000
11
536
202
578
21
128
717
77
148
569
111
176
252
107
258
25
1
169
294
909
86
595
847
87
1204
27
58
51
68
155
144
901
24
19
108
31
164
100
13
420
12
60
271
606
468
17
28
35
41
274
1153
171
82
320
809
34
80
197
184
403
1057
136
87
981
844
177
26
368
8
109
100
18
1082
5
64
554
123
1187
45
942
805
176
1050
190
156
134
79
356
109
1121
30
143
1070
142
163
73
559
953
111
11
670
9
1162
352
87
131
299
106
1119
204
4
41
702
53
114
92
88
85
90
197
206
400
36
107
164
973
168
135
36
709
36
829
155
51
33
1080
202
179
111
207
99
25
162
309
540
145
529
124
148
795
108
171
85
61
68
136
898
48
295
620
458
830
580
139
213
952
430
73
172
147
98
140
444
554
1
178
254
19
92
102
104
31
94
108
844
78
162
192
75
188
147
1075
139
73
916
57
23
421
943
48
1
144
395
1111
139
44
200
987
105
97
770
1164
200
365
425
769
213
140
104
1035
117
45
56
191
70
26
36
32
1198
39
56
68
628
145
45
953
835
364
12
101
134
442
565
139
178
1052
523
545
602
66
197
7
180
34
107
948
1057
60
179
427
64
69
191
148
194
188
985
86
880
114
861
205
196
979
144
989
190
1197
487
645
652
49
67
38
167
128
455
85
1152
136
24
832
124
45
80
64
32
98
161
174
837
5
48
555
957
152
116
742
836
312
12
932
57
80
106
101
844
100
22
171
69
176
737
208
741
179
80
167
881
112
170
1069
197
74
190
100
100
136
188
24
137
1116
209
41
263
1121
61
146
511
82
143
84
112
685
45
123
186
518
855
158
173
843
63
92
154
86
1130
1173
412
1104
67
1085
177
86
1179
74
327
1069
40
9
51
713
91
75
201
117
41
141
78
188
48
35
192
195
84
158
737
206
125
125
144
94
163
182
25
165
138
70
128
61
79
181
55
138
209
83
967
46
120
198
75
43
460
903
157
543
901
382
107
68
99
861
76
357
61
475
164
164
149
470
201
163
164
87
193
808
404
9
145
1192
184
154
686
69
141
723
96
12
127
103
93
179
17
201
1
152
96
6
86
67
23
648
63
204
21
1136
188
65
674
162
183
313
20
167
62
450
500
34
193
80
240
114
787
126
998
72
82
206
167
576
696
149
74
19
605
1199
139
1143
155
438
354
81
950
20
271
105
91
121
72
1005
13
351
122
19
996
97
146
401
53
646
118
9
751
123
119
12
87
123
962
155
185
26
39
670
69
205
16
154
180
114
157
636
133
49
534
52
463
25
118
634
897
14
554
161
815
147
73
1019
156
179
200
54
180
23
74
191
71
90
56
7
650
150
198
156
121
51
89
48
1074
201
587
478
129
459
0
864
567
632
258
105
673
151
66
179
189
63
32
201
208
98
151
488
162
110
46
1044
54
112
126
195
893
68
190
326
32
156
128
186
15
987
283
19
200
148
54
767
159
1086
55
62
215
31
42
112
101
892
52
502
523
18
2
707
7
205
126
1154
913
1078
336
138
59
912
100
100
126
79
8
46
632
107
483
126
869
1129
104
202
293
1185
123
755
695
1120
143
97
88
116
205
29
23
489
264
114
49
74
1133
75
180
18
635
105
125
165
121
47
183
74
611
352
117
138
125
68
66
169
652
82
82
38
157
71
208
42
34
84
171
129
78
186
11
752
1182
1053
195
170
15
955
462
480
142
111
156
337
39
162
165
684
198
138
834
96
1004
42
1092
194
88
9
177
37
149
16
41
192
129
165
73
99
266
1091
176
157
124
64
54
119
188
196
951
407
50
60
281
726
135
168
42
149
51
191
113
106
1192
360
157
1101
151
29
130
441
164
47
770
1198
62
148
1106
87
1082
1060
158
983
143
1
392
717
202
297
124
21
141
928
1033
1158
106
187
134
128
349
0
198
139
19
127
179
510
43
175
93
1036
106
627
5
69
171
62
96
302
98
875
38
544
57
938
128
63
236
14
113
75
132
115
162
323
178
140
179
81
179
158
1100
15
1041
222
176
118
175
101
56
20
196
679
992
134
1110
1147
180
126
196
159
469
19
150
81
85
74
40
50
1087
156
861
88
594
114
852
65
13
497
68
367
522
144
6
154
42
33
202
684
82
82
59
24
158
63
10
105
1114
161
44
157
778
118
1022
131
195
192
56
185
4
86
92
409
85
206
5
188
437
152
16
193
209
167
160
908
1199
155
31
481
7
301
31
776
134
524
66
137
194
124
5
49
419
188
102
49
38
1145
1178
154
117
33
803
76
203
558
0
19
727
52
177
118
195
204
197
44
190
1191
162
204
192
784
156
230
1102
180
443
84
21
866
834
247
168
175
91
1158
33
260
221
295
84
47
139
89
141
105
181
79
86
45
225
181
121
121
202
68
189
146
57
365
17
301
40
526
357
579
3
11
56
64
68
199
183
51
128
196
3
687
52
186
168
11
196
199
192
186
132
748
10
159
981
171
143
169
756
127
194
225
8
93
372
188
52
288
25
57
131
126
195
114
41
1084
30
10
120
96
145
44
600
27
76
66
32
853
534
47
701
543
1041
124
45
41
454
125
72
124
117
769
185
1116
207
128
31
126
190
180
17
665
1142
630
429
624
453
975
1041
1133
940
116
199
209
533
65
53
8
28
566
59
84
152
148
26
3
63
343
168
80
124
132
103
243
43
146
76
106
162
789
945
112
890
1079
179
1046
37
60
688
128
54
18
187
151
664
201
425
1106
15
692
64
279
112
107
429
23
61
211
73
15
12
209
736
209
57
40
99
99
115
174
857
326
90
852
77
186
196
75
33
191
880
106
176
76
146
38
103
263
7
180
5
14
263
1058
189
41
20
90
125
104
712
44
633
523
14
44
172
319
357
56
18
1176
388
1125
90
197
201
1199
924
178
104
1022
185
317
52
47
203
26
640
40
11
1036
177
99
487
353
30
51
552
65
175
75
695
469
189
440
156
57
963
141
190
345
787
491
962
271
0
1037
171
27
171
348
81
198
147
162
1013
157
74
156
46
227
5
409
1057
1059
926
236
165
889
477
65
79
107
610
14
61
88
121
376
380
69
28
45
532
336
836
473
1144
134
110
17
675
446
90
136
197
664
883
522
146
242
204
68
104
802
56
64
159
150
232
150
1108
160
208
1152
138
163
209
27
195
175
229
147
1040
202
203
9
76
77
530
176
5
479
10
937
1075
15
256
561
156
35
44
693
986
64
27
40
147
148
135
83
596
53
57
51
37
264
125
7
194
698
148
587
19
432
200
52
158
29
126
755
38
203
102
208
33
481
402
46
1022
75
714
56
339
540
397
96
1131
43
14
55
138
278
58
110
79
124
131
32
191
74
127
14
912
77
523
33
163
725
84
100
251
127
709
101
152
335
180
179
89
49
41
24
309
135
154
189
116
100
56
1088
196
950
32
180
762
69
1
791
89
42
36
187
162
612
95
198
43
59
20
1166
1
150
143
428
959
581
73
169
76
14
150
130
144
87
160
175
440
97
1047
125
38
27
1143
58
631
22
159
199
498
1
158
983
1059
186
140
978
101
196
88
194
508
29
175
55
899
34
168
1094
968
114
142
209
50
46
207
483
628
1139
208
1057
104
119
117
5
102
1069
61
95
46
978
692
218
203
172
679
26
101
40
8
1129
762
6
589
20
652
68
28
77
38
91
126
44
429
4
182
964
136
31
111
145
5
900
83
207
36
180
131
18
765
123
893
100
383
49
156
127
10
160
105
1105
79
48
930
160
82
119
57
33
715
225
89
11
87
622
14
65
119
36
579
166
400
94
188
54
111
59
454
17
84
76
538
0
65
163
69
184
578
186
81
8
86
545
24
622
210
1120
112
30
201
1152
208
176
1097
638
207
127
969
20
730
700
130
39
666
123
173
923
179
513
105
82
37
37
12
60
832
601
169
209
169
28
609
129
546
477
1
82
389
94
30
123
190
841
58
180
163
122
31
130
33
135
458
166
9
27
104
57
874
39
153
2
62
123
27
622
289
186
171
526
121
183
160
154
184
733
790
767
1037
26
61
173
180
835
156
935
1147
206
143
318
657
121
122
194
184
192
105
132
170
389
87
135
1178
500
180
147
90
0
53
133
157
202
981
1135
81
72
1133
50
1051
876
77
38
541
205
343
562
436
873
71
547
276
693
110
160
183
554
157
83
53
188
162
193
1201
100
115
169
115
127
36
135
62
93
135
188
19
773
31
27
23
151
18
176
96
207
251
142
120
32
139
972
160
129
91
214
71
35
556
169
892
744
188
59
27
17
1174
208
506
160
437
55
323
107
807
176
601
186
716
760
196
7
1159
170
27
10
155
157
817
176
964
164
403
954
170
115
86
38
93
157
1171
78
172
592
99
233
680
139
33
109
740
762
100
174
22
471
15
104
99
136
47
88
51
405
59
198
121
99
486
3
65
198
562
179
170
958
1012
1020
380
896
127
36
14
206
112
795
395
197
129
21
104
146
115
122
18
73
204
768
979
820
416
155
956
386
8
203
50
100
1077
201
80
176
70
176
33
167
45
681
115
205
1080
18
174
976
40
192
133
105
333
85
195
385
1059
206
683
190
460
60
1
90
34
192
119
120
603
460
803
201
204
881
120
89
12
802
590
1198
151
557
1046
181
163
1196
140
159
153
13
107
286
1088
467
129
167
370
164
655
57
31
652
61
365
142
197
281
3
888
170
241
203
1046
178
33
120
989
152
41
87
939
73
188
197
728
112
447
476
18
177
237
180
42
545
200
91
32
44
65
114
395
460
522
7
174
177
160
19
100
94
134
39
688
159
197
140
109
187
864
81
104
797
124
91
119
156
805
3
1010
11
40
35
127
645
11
136
12
697
96
1110
66
160
100
960
133
835
37
634
671
77
89
877
28
178
104
932
145
53
963
148
583
203
175
209
107
16
1
856
85
17
95
86
1188
511
1104
875
588
134
169
184
118
24
3
161
178
1008
110
102
986
387
16
125
36
161
97
969
744
0
121
94
75
162
149
186
63
28
156
2
68
161
80
818
185
0
166
876
386
53
984
551
75
8
1075
133
47
187
285
800
325
80
163
15
123
987
123
928
802
950
108
624
738
677
976
304
856
1029
197
7
54
859
868
117
1053
680
237
51
97
20
484
164
1015
84
165
538
886
34
89
453
189
56
182
92
40
109
39
177
117
67
205
4
807
104
914
130
191
105
8
105
171
11
192
158
84
623
78
42
609
206
209
47
37
1044
138
755
186
165
24
191
390
113
104
8
775
41
298
476
763
137
205
172
56
151
28
155
609
208
114
122
677
78
593
298
9
106
66
900
476
68
129
137
315
179
455
98
83
36
120
58
932
973
467
25
83
914
49
173
181
201
105
488
192
312
685
112
1055
225
85
203
183
127
207
249
165
100
5
164
123
698
380
556
101
1205
23
157
138
47
74
477
43
133
34
394
157
541
789
91
98
163
483
277
194
182
472
159
484
42
79
53
242
116
130
24
194
59
970
879
172
111
75
162
148
357
8
87
191
82
92
63
21
117
133
127
907
974
50
96
16
712
102
42
32
208
871
995
159
78
166
45
14
12
105
1075
106
157
138
163
50
10
57
3
181
1181
310
301
129
114
10
55
94
154
108
858
153
101
677
87
115
342
148
990
4
1067
205
165
7
102
147
6
147
742
50
30
29
621
160
476
803
475
189
31
724
120
998
243
125
98
127
196
130
637
203
161
73
75
763
102
186
882
165
371
53
570
194
552
165
186
152
25
46
155
502
243
90
34
125
458
115
49
158
61
640
45
201
144
958
153
120
23
101
155
95
201
183
111
116
6
196
163
11
313
154
927
96
205
130
1123
177
1186
884
133
146
157
158
152
83
446
8
104
65
143
99
101
58
142
126
98
125
711
133
61
453
375
908
72
296
962
1182
958
85
203
657
56
114
176
37
96
376
1032
80
123
591
116
180
190
903
377
12
203
74
460
154
55
173
139
1091
210
434
11
82
208
881
85
123
26
109
97
176
726
137
1042
196
200
71
199
1104
128
65
3
189
55
91
197
207
189
164
586
152
43
90
903
133
388
1139
137
168
181
1095
543
460
47
168
135
79
941
92
351
406
407
12
181
109
19
95
93
68
206
61
163
209
30
16
240
746
202
161
5
117
919
807
71
143
41
352
46
938
85
1194
597
905
677
69
83
1
108
3
265
369
63
187
194
89
565
653
73
631
49
138
35
173
490
86
141
442
53
110
204
515
102
185
207
1072
203
201
38
427
169
29
80
78
170
92
148
55
198
105
73
205
38
751
80
98
6
49
876
74
98
146
18
137
8
160
40
200
49
186
75
8
618
608
667
412
184
47
84
111
384
1
96
117
11
63
426
111
143
49
183
12
739
1116
162
101
662
23
149
119
146
575
810
22
100
87
78
5
1021
699
1151
49
176
136
194
28
169
185
719
85
92
190
36
159
149
957
45
410
127
110
1105
140
591
665
154
146
912
163
58
187
95
69
618
125
201
284
131
27
175
201
315
95
659
183
578
121
462
469
54
183
145
19
377
158
714
22
20
198
374
55
172
325
8
1123
179
152
84
94
924
68
162
142
52
614
613
205
758
1021
311
208
42
466
757
14
147
200
8
1137
53
122
693
389
158
199
131
364
97
957
624
19
718
172
983
147
194
110
289
129
199
458
495
45
38
830
626
170
96
192
2
73
12
346
164
320
317
41
13
175
163
554
151
122
57
80
464
46
2
206
137
192
164
124
94
0
70
148
119
25
69
981
79
675
1163
80
150
43
34
137
175
28
157
58
207
364
46
342
170
152
975
731
70
1158
117
6
125
23
3
126
66
110
48
16
797
188
187
158
34
16
31
3
1058
159
14
1150
92
193
20
175
120
166
889
38
1183
512
99
293
903
46
180
29
532
62
88
971
27
44
195
205
164
108
59
132
55
26
23
89
93
134
102
156
42
577
177
25
144
173
141
151
93
93
153
136
186
5
202
168
84
1160
640
50
77
90
614
410
150
43
149
1101
896
112
42
416
195
198
28
877
6
237
937
59
1097
206
15
744
176
158
179
11
110
39
121
379
56
121
138
110
31
30
61
149
2
687
133
179
154
271
147
73
220
991
1094
1081
1058
94
41
174
183
176
82
202
121
34
136
15
39
122
969
197
51
162
143
168
686
2
88
56
28
75
8
1045
45
146
209
727
163
1062
89
124
106
819
167
445
36
156
555
987
79
169
51
19
178
207
20
159
126
800
317
150
1042
1167
318
39
28
12
77
41
49
4
80
129
1088
68
7
175
257
1
1091
52
503
1053
1098
247
65
192
115
164
117
87
163
126
896
409
1062
207
13
170
135
55
191
513
170
120
206
56
171
46
1034
190
1114
646
52
133
167
28
160
850
16
20
856
956
620
1117
75
137
55
145
75
851
9
35
7
130
199
19
140
14
103
15
1048
14
50
142
132
51
31
124
1169
81
240
512
22
1177
182
193
4
189
46
173
27
150
48
434
88
146
11
161
171
807
26
5
120
191
73
539
442
154
794
190
1
94
1206
54
52
180
1011
51
1
181
113
114
110
182
173
67
163
184
594
1057
150
1029
151
524
437
188
13
150
5
167
1111
975
9
138
499
184
60
113
939
278
39
201
47
94
63
195
149
336
194
130
172
94
1085
581
203
119
168
276
597
2
36
97
3
1046
142
533
152
34
175
52
824
60
489
78
89
1014
124
172
890
128
200
140
1061
867
177
42
165
49
147
13
39
155
236
1010
73
96
37
176
485
55
680
41
1144
910
520
1040
1109
219
150
140
145
96
506
124
139
60
91
90
125
80
643
232
38
436
941
485
89
139
350
758
657
50
951
941
243
195
973
77
134
297
254
1166
345
495
1163
455
79
664
172
4
20
131
107
943
203
178
146
971
958
496
128
6
161
171
193
193
64
80
178
124
165
303
310
113
854
113
70
429
5
1128
1111
705
183
43
616
798
196
1113
208
93
99
60
150
529
29
561
55
51
203
152
156
139
71
126
231
1087
157
883
45
705
94
680
24
130
108
87
339
193
44
138
67
998
19
27
1
5
124
41
105
132
69
117
126
80
343
104
78
348
127
40
79
150
121
183
542
136
1008
12
118
430
208
30
110
212
69
1084
51
95
19
108
346
859
173
778
48
981
499
4
43
91
59
97
131
188
418
150
114
105
864
146
610
109
34
164
66
724
367
92
121
150
137
120
112
435
165
20
151
798
38
3
789
80
34
205
137
116
98
1132
173
38
179
12
718
185
157
825
20
181
150
78
284
109
181
178
209
194
42
125
118
10
37
60
35
264
477
80
64
95
1094
162
170
138
42
1005
12
273
372
231
1083
165
861
45
1182
586
63
393
795
31
49
14
94
821
252
146
566
45
140
817
133
136
184
714
1015
224
509
322
1151
53
134
185
185
55
210
5
87
48
120
24
20
153
176
206
110
101
80
135
19
1169
807
1157
175
80
11
75
200
178
1059
756
112
122
648
1028
187
0
12
203
87
194
49
1025
189
51
1062
706
14
145
672
186
72
77
23
122
213
187
51
826
182
41
1117
187
287
145
1178
102
148
27
526
328
12
1184
188
189
128
64
1158
135
169
83
37
110
80
62
518
117
149
172
290
105
141
90
63
13
71
585
195
268
366
171
198
80
12
6
1032
133
555
82
985
167
30
105
189
141
18
29
180
161
998
156
136
7
363
493
8
199
192
200
78
187
78
194
23
6
444
224
134
71
21
174
1056
971
528
267
91
200
1149
199
541
508
173
91
71
197
44
39
913
251
208
601
1116
463
165
31
879
19
138
1122
5
123
1113
1
61
1074
383
1081
1140
70
824
656
981
423
64
70
445
148
196
21
849
589
345
59
27
169
64
71
70
194
207
842
66
471
114
171
457
1118
34
64
444
378
77
67
865
106
156
186
101
569
10
436
285
114
141
209
212
173
1066
122
408
204
154
433
199
574
429
197
25
122
186
274
149
165
199
89
1113
483
156
190
1138
1042
166
45
51
93
66
130
44
159
149
35
183
795
877
93
427
191
72
4
88
105
195
57
122
1073
17
175
171
102
176
9
276
98
305
151
1040
182
68
392
113
915
86
45
27
530
113
119
55
432
20
12
9
284
800
114
127
53
317
237
24
51
197
89
1030
1100
74
94
105
162
67
53
889
175
44
67
959
118
109
96
91
194
796
138
1086
98
74
197
124
1178
0
14
60
54
1063
435
193
1142
99
362
722
1128
160
170
132
194
127
20
182
163
193
126
144
204
173
194
123
203
12
38
146
133
187
133
95
123
106
52
42
657
343
188
600
93
581
261
152
176
120
146
110
164
512
608
25
47
528
750
971
64
351
49
145
797
148
206
558
90
40
1116
1057
84
1047
148
1138
207
161
193
979
41
1038
1198
88
203
123
153
181
189
49
1168
104
1032
987
16
135
224
588
923
54
286
13
36
83
352
101
56
197
1053
121
152
368
656
37
169
17
964
223
203
1097
45
579
174
310
65
105
606
186
468
124
200
1149
21
154
183
889
88
20
730
140
904
31
286
193
1208
117
47
522
173
101
23
25
12
1159
43
60
982
174
631
68
344
993
898
140
138
197
139
52
610
401
122
109
16
456
142
817
58
197
171
137
35
557
168
640
151
1117
63
695
624
374
270
37
1100
430
614
150
74
118
837
70
127
447
63
32
876
141
59
36
13
85
198
29
37
0
89
143
139
380
78
107
204
131
75
354
1066
137
112
70
629
18
185
998
934
73
77
191
92
207
130
481
31
127
45
19
1140
135
187
156
34
161
155
187
674
455
7
106
166
135
1197
4
136
31
1189
11
67
17
155
171
16
590
110
58
205
82
683
402
5
587
548
182
206
791
5
740
17
152
0
191
1046
193
312
1113
196
109
39
755
725
100
198
1172
940
1173
9
167
30
882
528
195
0
4
71
206
1206
3
155
185
128
70
278
684
91
52
10
198
194
520
75
174
37
139
980
163
48
387
108
84
171
19
5
16
8
179
35
181
96
123
46
34
139
152
187
112
365
759
65
205
127
98
150
116
136
6
170
86
182
48
88
46
117
27
65
948
52
201
1039
1044
1087
89
166
20
190
112
20
440
129
494
54
71
35
105
388
136
45
80
105
82
406
184
146
168
60
536
116
588
196
136
729
157
353
193
70
106
92
12
636
194
638
112
102
101
374
134
99
115
1178
126
77
157
522
152
189
121
187
661
19
464
346
162
154
301
180
130
35
99
973
25
96
91
76
208
569
352
35
22
764
147
340
349
207
171
137
272
185
28
119
1052
181
559
532
199
35
139
879
122
72
109
203
63
163
104
1018
118
244
33
16
111
477
71
328
92
14
120
119
176
155
617
154
135
635
126
42
149
60
1180
443
120
202
197
59
876
389
160
55
63
185
334
86
112
606
108
56
201
237
170
459
457
700
159
173
119
40
107
202
72
1103
128
83
112
137
192
1093
104
501
176
181
1176
184
50
37
144
989
565
1089
449
865
1064
168
1086
110
329
741
156
190
151
907
75
140
642
46
327
536
30
719
177
12
202
41
53
709
794
443
196
100
124
186
107
256
204
10
154
12
127
829
164
200
1088
115
150
197
1057
274
13
114
179
23
76
64
251
874
165
52
102
201
315
139
298
996
122
129
74
130
264
1095
1136
38
383
423
52
200
1170
970
91
184
88
459
107
67
87
126
178
147
171
9
861
1092
175
157
836
202
164
309
51
819
168
739
185
232
51
195
1
1189
174
62
187
207
154
92
424
134
104
1193
29
115
208
750
1124
179
168
117
1181
28
116
110
81
123
35
509
109
898
99
589
967
846
1116
27
166
90
119
784
80
100
1012
1026
959
140
1075
207
82
671
102
899
138
71
55
29
1080
89
198
158
73
57
53
118
176
183
151
1168
59
198
1109
926
92
475
203
152
57
1
128
41
154
52
184
210
100
90
4
62
89
2
96
7
11
51
39
50
20
84
8
6
58
21
19
86
71
55
67
61
33
21
39
88
61
58
10
77
14
25
85
57
17
93
9
98
85
97
90
27
70
60
42
98
83
51
91
43
64
72
57
75
48
35
68
48
48
5
63
36
10
60
33
18
86
74
9
12
6
41
61
71
73
95
59
49
6
45
85
1
32
25
55
14
56
10
7
81
25
49
45
69
51
33
89
73
78
32
91
65
14
20
57
3
97
5
35
97
77
49
20
19
21
7
58
34
32
62
21
88
13
21
61
5
57
91
85
67
50
21
3
37
92
5
74
86
2
86
67
61
76
10
37
66
41
83
8
24
84
69
50
45
68
19
81
90
85
74
44
19
53
23
89
85
20
52
4
29
56
57
74
68
62
57
4
21
14
24
95
62
89
17
85
87
82
5
27
53
98
83
72
14
37
91
17
7
79
1262
false
false
false
false
false
false
false
false
false
false
false
false
false
false
false
false
false
false
false
false
false
false
false
false
false
false
false
false
false
false
false
false
false
false
false
false
false
false
false
false
false
false
false
false
false
false
false
false
false
false
false
false
false
false
false
false
false
false
false
false
false
false
false
false
false
false
false
false
false
false
false
false
false
false
false
false
false
false
false
false
false
false
false
false
false
false
false
false
false
false
false
false
false
false
false
false
false
false
false
false
