100
1317
153
55
164
214
339
696
230
8
277
169
107
167
219
67
237
28
110
157
240
768
270
349
1212
121
795
674
301
78
98
114
329
195
156
1229
7
392
284
297
67
1202
309
131
238
40
263
341
35
108
274
195
173
317
11
162
151
122
34
230
2
185
1231
42
183
90
95
189
524
158
235
589
96
164
472
141
270
128
203
1004
1340
321
180
105
223
216
232
899
218
959
238
1314
106
735
1093
109
138
230
128
432
686
30
188
1016
1236
784
131
214
200
102
226
277
45
758
189
264
253
311
1135
337
40
23
55
727
287
269
255
302
194
238
1125
236
669
187
206
42
35
1197
677
175
253
270
172
1122
9
422
67
115
770
447
1197
694
157
267
212
318
266
276
18
206
68
203
512
178
126
112
100
263
286
270
612
906
234
243
6
227
1001
1017
763
610
128
104
818
860
31
617
166
17
202
136
291
329
38
4
201
525
60
852
308
28
458
318
7
312
538
378
208
1007
102
1140
458
206
802
250
43
889
315
48
340
227
934
259
135
55
206
831
209
199
1277
28
803
893
40
526
221
218
175
544
250
104
61
6
491
22
1205
192
89
909
56
37
387
277
939
7
980
4
283
921
304
12
414
180
1208
65
131
210
295
30
1293
331
1170
0
178
137
23
160
225
31
1264
229
273
337
15
334
81
206
291
95
8
173
211
208
1324
143
202
203
135
213
192
109
889
36
84
8
361
260
112
1321
39
137
325
69
159
35
48
115
201
34
541
52
177
290
107
1187
911
806
27
263
293
290
1060
1058
89
164
208
159
234
532
1167
93
50
121
933
255
32
129
329
434
288
198
744
228
5
336
272
327
34
1245
312
1172
248
262
24
174
304
1171
1004
75
248
118
203
298
783
478
898
268
981
96
498
32
574
228
39
652
269
192
103
153
1217
137
800
1115
26
21
301
1030
314
485
328
531
23
5
770
104
617
149
973
174
315
395
1296
164
60
632
293
1000
284
1085
525
271
40
275
70
90
204
324
12
6
337
185
939
1302
288
93
263
29
150
142
23
157
85
4
929
103
35
43
227
371
324
409
696
451
535
378
355
42
137
530
341
97
200
7
1249
41
1066
239
21
89
193
320
695
57
28
340
43
808
232
95
684
266
34
172
541
244
216
331
217
23
1340
101
323
0
1178
1063
59
116
63
920
101
91
153
924
694
92
576
178
1027
833
116
308
12
16
197
18
1332
38
743
322
101
37
110
63
171
263
694
52
1328
1038
160
262
26
106
335
478
1332
179
19
117
1148
326
195
302
128
324
323
1246
51
207
721
100
122
188
223
114
19
331
687
245
402
318
330
570
522
732
301
135
134
250
1198
58
407
758
206
127
363
18
159
57
636
18
55
1312
180
208
58
34
176
341
973
249
1322
332
752
377
1200
198
282
593
803
235
885
5
1093
113
956
1062
141
565
92
155
15
142
179
532
264
215
330
233
451
868
23
181
9
279
1027
204
59
55
35
120
130
141
247
182
1125
283
245
131
319
206
109
297
326
165
242
741
1141
1012
263
114
141
86
90
1293
310
1060
1303
14
413
16
292
972
41
486
1014
166
505
185
316
150
1174
109
861
312
99
420
237
876
416
48
136
321
577
386
159
266
299
262
187
267
85
267
820
546
483
318
300
919
269
276
242
74
57
285
1126
811
178
260
107
172
12
171
162
6
924
149
120
71
93
166
60
70
316
1159
16
321
259
273
394
22
259
212
198
883
499
285
285
102
50
1192
94
563
1091
222
926
128
230
423
16
1173
127
58
334
278
153
227
721
238
77
183
331
225
20
46
65
65
18
192
43
666
753
280
291
302
238
12
189
173
835
586
12
127
1127
419
38
97
307
926
110
18
87
641
1304
982
214
287
241
119
163
287
277
206
336
627
27
110
290
102
5
244
54
245
598
927
1077
1226
159
72
214
863
328
432
341
317
628
274
792
254
541
1222
39
4
187
86
378
170
159
49
1125
296
77
227
181
476
100
94
1035
114
270
40
1145
1084
83
1154
281
260
953
191
19
213
730
1034
158
939
70
401
139
405
8
963
360
153
4
676
262
931
640
97
112
67
1147
70
47
292
51
218
43
314
322
347
241
661
244
302
223
817
49
1323
638
759
66
189
316
134
76
106
245
285
282
274
1217
404
337
71
1008
568
263
33
24
114
244
118
705
7
278
101
67
154
96
60
310
1013
272
1021
418
114
90
70
1300
106
246
1334
434
318
167
1109
883
210
115
275
150
101
306
124
972
133
247
142
867
133
1018
76
289
222
307
27
249
245
249
19
298
132
785
84
122
161
185
47
203
51
19
577
168
210
1297
983
57
278
372
289
58
162
256
981
202
151
759
172
1247
28
78
212
479
95
891
388
848
297
21
126
1009
8
339
15
572
170
165
1056
57
258
215
101
80
151
173
375
1222
132
305
114
211
750
310
35
112
1273
1265
333
1157
334
8
946
318
183
57
309
201
733
144
14
1268
825
103
705
238
1185
390
338
278
608
226
85
144
949
1089
251
166
733
180
647
275
700
130
698
284
225
104
916
143
162
81
77
921
127
1207
193
209
338
542
322
157
1152
218
1013
302
427
786
317
1199
621
300
822
215
77
219
547
124
348
300
275
64
690
242
174
133
76
1097
4
19
148
367
1068
1339
186
88
76
78
1026
228
217
1148
141
152
224
236
232
378
2
15
82
333
211
1034
73
310
108
62
94
119
291
155
151
1169
1172
333
233
251
877
263
265
67
338
216
192
167
321
651
525
313
268
147
135
798
157
190
260
293
44
51
225
176
283
292
781
61
173
1238
328
66
654
271
251
1338
1023
231
242
43
327
323
105
550
181
65
29
755
665
195
238
685
208
45
323
498
1179
1285
68
1045
1136
133
156
136
1157
55
92
734
205
158
311
465
215
260
75
1285
192
742
168
298
662
318
1312
1193
29
1220
139
53
245
13
833
569
11
715
92
278
61
1091
1239
1066
49
596
95
138
0
234
83
290
986
971
1219
244
785
328
195
36
310
251
119
236
832
302
67
206
249
244
8
138
37
57
317
1303
201
54
72
947
12
260
32
413
1133
603
151
270
240
121
109
53
290
608
52
341
1323
183
256
93
171
155
1213
244
256
1005
343
89
850
867
1057
81
40
104
35
33
184
286
470
238
6
48
331
195
150
571
1293
336
188
1261
261
228
337
1000
108
252
303
31
707
287
41
277
422
112
1195
109
734
47
128
1091
241
341
217
120
176
54
88
776
178
289
208
40
81
332
58
212
145
243
73
206
982
234
23
1301
187
95
112
761
188
39
300
149
119
168
797
717
25
119
173
1223
342
230
12
433
163
866
98
65
59
107
244
612
1041
490
108
276
299
27
69
862
70
194
337
598
173
286
564
292
126
17
22
922
306
200
911
322
67
85
1011
883
316
1007
221
331
15
22
1327
188
490
307
311
317
525
161
319
963
135
273
2
311
46
535
757
6
28
129
252
79
224
177
5
184
32
278
333
672
165
281
985
548
1182
1184
217
587
1132
835
87
227
242
288
259
252
1266
808
751
258
81
301
843
184
145
247
788
303
793
1070
338
408
209
224
884
729
113
230
172
275
327
208
158
251
321
128
387
275
664
730
163
182
308
151
179
944
1297
74
168
807
812
170
273
140
11
334
83
624
799
845
225
246
1137
733
22
355
801
167
720
223
789
271
672
333
1180
92
217
1118
29
148
149
117
1026
391
111
603
158
183
81
204
44
124
152
536
45
279
72
562
39
1320
31
159
1210
14
116
1148
282
945
1043
141
55
606
23
184
144
228
177
16
36
1300
97
951
179
363
953
300
81
441
289
143
337
290
20
1114
156
197
1240
58
648
645
150
166
274
125
301
874
35
292
67
457
706
216
122
0
173
179
655
847
1010
640
156
241
36
94
240
1
82
289
15
239
25
197
315
969
169
216
167
960
251
275
190
849
312
159
47
266
50
68
18
146
28
62
984
197
687
153
212
317
154
328
1231
186
104
1171
185
281
564
456
1144
43
217
219
665
47
1138
102
232
1188
931
964
83
488
563
328
309
25
262
15
222
264
183
230
226
98
146
300
189
171
302
93
327
160
1296
1239
55
31
171
300
157
278
247
864
890
141
105
263
12
124
616
23
77
1120
110
300
907
504
316
295
273
121
120
72
316
260
208
73
179
1140
136
36
1335
25
775
313
89
236
217
175
142
832
132
228
72
16
583
49
302
65
50
252
258
204
161
310
436
339
707
1320
23
51
194
287
148
270
36
10
777
1216
966
725
451
300
340
104
1279
170
109
270
511
293
188
128
277
23
130
382
304
323
161
46
154
311
326
909
4
341
66
848
1249
395
1081
218
1234
438
143
122
33
209
159
58
963
749
249
160
48
235
253
100
220
131
68
105
141
442
50
701
608
175
544
135
526
676
85
1027
288
308
1269
143
299
85
1212
1303
409
118
17
995
426
237
119
197
133
877
248
14
672
59
221
926
317
519
139
72
283
46
339
127
80
32
96
1050
920
302
75
536
832
338
799
1048
1056
1057
123
662
191
290
200
36
104
177
154
246
55
398
235
150
288
51
237
280
25
860
230
1170
135
987
88
320
53
228
35
49
151
182
115
217
478
198
190
122
794
159
176
2
85
291
5
39
62
298
31
378
233
29
485
149
238
99
216
668
1219
817
755
222
1068
1195
314
1192
94
89
134
271
269
638
142
917
256
1235
32
1080
572
1083
650
528
181
773
509
1184
170
83
86
191
108
190
1158
725
17
46
1149
251
141
96
217
67
882
96
174
216
53
78
849
23
75
212
1226
1038
328
96
169
518
398
838
542
1163
340
79
261
75
287
149
709
1286
301
34
127
149
91
68
256
900
1256
748
9
76
262
1311
329
207
38
889
1166
769
1261
252
51
193
155
333
75
222
1049
320
190
307
312
424
756
434
131
1335
330
263
50
264
244
127
187
200
72
1285
474
68
38
240
255
264
322
86
1030
91
1237
223
440
543
331
317
864
387
775
631
227
69
151
982
160
390
104
18
235
189
262
942
151
73
102
246
195
259
56
124
1329
253
107
71
324
756
315
14
142
289
173
977
279
127
443
8
614
314
135
379
175
834
841
43
1118
998
1103
284
374
103
832
1264
93
203
136
80
106
80
1252
122
1326
897
26
258
272
66
997
1115
435
314
1028
376
269
135
202
120
226
203
732
331
16
33
230
109
321
1298
901
37
75
27
36
374
159
122
15
1179
187
1221
175
158
978
136
15
153
248
93
18
723
155
89
171
103
391
191
25
157
171
30
71
63
337
637
242
234
262
333
29
235
821
201
592
6
138
61
1077
157
109
110
860
14
58
114
103
21
171
233
300
257
40
171
514
63
747
501
1006
247
307
538
241
1096
1205
144
173
786
304
251
595
2
1084
187
148
163
320
988
165
284
186
605
373
266
243
6
89
596
180
55
1084
179
225
158
939
221
507
51
269
11
178
1333
251
213
238
533
567
290
141
1288
1316
379
158
44
151
135
127
148
173
1270
1011
345
745
334
153
754
6
171
1110
797
73
677
461
298
1234
11
161
482
154
1194
0
112
587
52
230
397
155
215
251
202
928
338
103
121
77
231
275
2
249
103
115
276
127
27
10
522
277
178
11
137
1145
210
180
236
116
172
226
491
132
494
77
309
160
237
1250
983
192
935
202
676
156
1297
1102
11
242
340
159
116
751
675
462
263
43
422
46
1036
242
116
987
239
25
117
186
285
265
61
75
316
1262
961
163
482
86
142
794
101
1175
582
471
169
9
269
306
173
67
239
80
56
148
200
258
226
758
109
31
175
855
1235
317
116
905
124
985
233
610
195
1052
293
325
1322
294
205
135
12
309
887
152
556
1245
63
844
307
229
548
480
73
14
106
56
516
160
229
333
16
47
132
233
122
635
321
199
463
186
427
1082
107
1030
70
247
120
1238
61
661
180
77
265
124
196
512
991
333
817
731
26
233
162
123
309
72
923
277
1304
275
282
847
314
7
149
650
185
62
97
1096
950
74
110
1201
208
322
1260
224
263
0
563
151
147
180
37
142
625
9
1313
211
159
246
674
128
215
242
1091
1115
142
140
526
1324
157
317
180
23
103
217
108
22
62
290
226
97
216
70
133
1315
129
101
200
46
2
141
131
310
99
224
244
186
193
144
52
1178
1258
323
464
120
357
300
105
65
37
72
1197
88
323
790
789
1117
144
63
236
96
667
74
616
266
1142
112
24
300
150
407
136
817
977
282
173
149
340
118
75
261
471
72
861
109
1178
15
852
133
168
147
242
1117
99
104
1096
157
303
313
1004
272
152
211
39
254
264
930
184
53
136
164
87
190
312
173
1330
234
220
856
587
59
310
48
137
300
84
46
193
994
1231
240
101
50
174
665
153
725
337
3
1159
1153
818
486
340
22
95
214
1027
137
5
27
71
598
137
155
336
1157
160
1156
134
123
424
25
172
145
50
38
341
277
35
803
124
167
239
397
110
177
111
95
241
717
77
149
282
321
983
135
472
1226
106
123
70
82
635
307
974
120
275
276
334
171
20
24
153
1058
202
220
20
204
41
111
217
234
1067
985
1213
280
17
1167
123
280
916
222
1038
48
33
277
13
1152
118
1057
182
36
156
237
202
199
132
335
173
167
236
108
218
324
739
64
1055
422
57
301
2
1027
540
436
131
153
111
95
221
330
10
481
766
439
238
985
103
119
229
457
492
1008
986
232
84
967
311
289
65
288
193
1210
14
323
186
4
329
487
214
30
19
320
73
154
37
602
502
762
47
982
16
33
744
42
163
235
194
3
409
184
71
12
277
429
806
1324
260
29
115
40
26
933
1149
588
550
854
892
790
162
1199
602
1255
248
132
121
304
84
470
175
39
31
34
848
725
109
58
147
142
99
945
320
288
850
309
31
1003
16
184
214
162
1208
201
1106
177
1189
825
64
101
747
650
757
213
400
134
259
736
65
194
565
180
115
118
262
526
477
813
276
423
148
474
97
72
172
201
774
126
196
182
456
866
1067
334
1275
153
264
1328
170
122
165
165
239
366
30
170
276
22
228
859
1169
881
773
1191
55
29
118
153
1102
214
9
322
1270
227
1182
149
114
536
1138
219
695
994
31
81
36
992
171
1338
267
109
225
1116
146
85
1181
242
166
158
7
162
130
1119
10
210
1061
1161
168
340
247
288
208
164
232
1234
298
986
248
1191
1177
96
704
132
131
39
100
273
232
181
859
652
168
209
208
210
151
44
309
201
254
519
1249
161
1007
1030
181
333
258
207
786
278
757
221
1080
131
319
746
138
332
103
773
670
1114
765
85
268
544
833
131
175
106
337
73
190
269
88
172
136
1326
242
807
225
156
206
140
1057
337
177
0
183
289
1036
465
298
84
189
291
231
7
179
246
150
221
50
1047
132
220
90
782
28
164
255
727
977
678
239
325
120
151
136
958
1329
1265
526
167
281
155
739
255
951
266
254
326
162
906
2
255
113
177
24
457
223
82
81
120
265
57
328
373
234
73
5
273
141
335
91
64
1028
1174
98
310
771
186
89
132
332
194
870
188
648
252
136
500
112
224
547
116
187
1151
266
283
187
522
287
316
80
139
65
379
177
787
51
203
79
6
211
182
289
1220
132
939
89
224
567
631
34
745
206
72
481
77
454
141
324
147
277
1195
338
88
613
27
296
219
322
68
962
566
338
209
25
20
1108
1316
475
219
112
325
1067
908
154
85
201
798
44
36
54
225
1018
649
168
683
8
219
1055
137
766
308
228
139
618
560
349
5
958
308
464
1258
110
987
4
249
216
107
525
334
259
246
674
775
288
635
188
1133
733
521
72
102
222
204
77
288
286
1065
16
92
265
40
385
975
19
284
76
323
47
114
75
1052
606
45
871
245
73
313
144
15
455
298
639
123
24
100
343
95
200
327
121
110
971
211
1294
302
18
162
301
799
158
66
318
595
178
317
327
960
170
180
146
99
162
1107
273
76
153
49
157
115
188
155
185
264
161
190
107
859
144
8
72
745
226
199
1131
36
33
252
3
313
155
463
43
48
1247
907
91
190
6
71
228
109
633
1304
74
338
210
141
70
345
79
63
26
226
1163
793
1326
97
1114
450
330
74
196
17
310
27
199
294
627
1160
788
310
869
4
174
193
121
90
58
1331
635
271
1072
591
42
191
312
3
304
1
224
247
202
1262
275
1323
108
1334
825
47
190
1002
54
20
131
61
133
1286
201
62
0
453
779
202
78
0
305
149
132
133
140
315
872
959
180
262
332
325
232
194
84
171
617
9
1028
177
252
678
339
324
1283
65
289
76
12
297
76
251
61
265
232
75
201
310
235
287
1203
1119
120
136
105
620
534
264
247
70
51
283
773
816
223
1082
258
785
310
287
706
308
1023
90
5
137
131
1216
245
275
15
323
1316
254
97
45
3
1308
28
325
866
26
94
343
79
162
124
336
190
275
1322
182
856
50
687
303
334
420
51
32
987
256
165
136
56
1287
590
480
169
105
261
735
339
600
587
260
70
119
688
821
528
1283
463
303
196
356
765
295
126
255
141
737
128
28
174
237
241
421
306
252
942
27
21
279
629
106
301
22
43
14
184
218
35
354
382
97
142
70
216
80
106
269
450
248
253
242
168
68
620
251
129
176
528
1052
169
52
747
317
925
44
275
229
91
8
87
222
18
106
190
87
342
0
329
151
574
302
193
450
150
1166
124
958
118
293
216
122
114
261
122
162
326
195
341
210
11
312
287
1205
3
278
1246
84
14
345
522
1065
318
41
340
815
313
334
183
554
208
23
263
219
306
80
586
193
817
44
140
110
297
342
326
13
216
104
715
204
1193
1317
1134
288
981
194
115
674
914
311
386
80
819
105
209
93
20
115
1226
205
2
489
242
1341
532
287
438
152
438
9
327
256
216
30
217
921
319
298
315
10
232
139
280
167
474
50
1197
1165
1194
325
301
931
238
1051
86
89
337
172
1244
188
331
173
236
42
276
63
78
176
1239
722
90
664
211
555
102
273
1292
131
286
126
832
1136
63
486
272
209
83
251
269
815
331
76
280
121
225
137
667
133
846
310
132
288
209
40
332
970
199
292
56
463
1019
208
72
155
289
167
336
46
1045
246
96
263
930
473
217
310
35
146
854
238
170
1066
515
179
115
1173
238
360
445
226
307
202
87
14
150
958
370
140
237
519
735
308
251
211
618
195
298
93
139
221
376
431
1
282
1249
84
1104
104
39
323
147
277
65
345
218
223
34
1145
1269
292
320
808
478
144
381
1132
491
75
37
198
1332
793
289
331
307
1211
50
289
933
165
188
267
110
263
339
1180
265
92
302
271
977
940
234
988
57
573
187
311
338
12
270
92
609
163
292
47
756
114
107
1
234
203
100
141
252
97
226
938
559
227
998
1181
194
222
183
242
121
336
0
34
154
683
161
100
24
322
32
1285
701
212
271
111
119
295
132
1340
4
1223
1046
41
251
1099
227
324
91
949
38
170
430
1205
22
340
252
654
1243
984
236
403
318
20
550
244
119
250
130
268
1240
330
335
339
124
1225
195
1207
19
41
601
804
292
1263
239
785
967
886
131
642
87
131
146
1170
291
791
67
110
182
241
1175
723
317
1156
226
720
481
1194
810
198
321
192
288
210
102
86
229
171
284
814
213
156
329
75
146
250
205
177
40
97
176
146
36
124
76
253
314
18
236
282
23
233
278
218
77
1326
337
269
2
1227
319
107
499
399
26
158
307
156
1095
263
279
142
129
1250
3
490
29
1234
59
902
230
320
82
250
70
262
439
46
149
273
121
352
1338
222
222
520
335
126
756
310
286
237
1107
484
38
60
208
312
86
157
24
480
213
1010
535
225
60
146
340
131
815
1136
114
91
618
570
614
277
1037
915
296
143
168
66
792
140
177
180
10
232
300
163
50
284
20
386
56
71
91
319
1281
324
86
316
153
149
238
324
524
23
310
159
72
286
36
1165
327
570
175
317
195
65
181
1201
1219
833
88
231
263
330
54
1062
190
255
480
375
18
119
816
0
101
281
283
16
282
264
313
144
149
80
1104
306
242
258
323
238
236
220
1272
1227
950
775
667
114
241
81
242
27
74
159
1149
43
739
1021
1105
230
344
234
124
210
326
31
462
134
200
262
247
123
286
904
706
188
316
250
187
328
154
93
341
460
244
974
282
214
131
174
1287
1254
480
318
1068
824
125
19
1166
174
187
115
405
1212
882
156
273
492
759
183
947
330
51
66
326
1219
419
917
354
388
298
561
1264
244
129
293
273
741
649
31
315
1082
204
266
287
95
173
132
468
301
102
79
277
1245
7
633
1160
1135
280
341
65
817
3
127
604
73
447
28
102
302
200
17
308
551
794
94
185
333
179
129
65
142
248
773
329
104
892
1218
269
160
239
299
264
260
71
1252
310
118
917
615
78
519
305
189
102
118
756
195
5
60
331
8
849
167
111
120
187
6
84
126
992
69
165
185
1056
200
890
827
1035
21
16
497
719
1123
605
730
141
828
159
173
755
35
32
201
13
314
222
673
184
322
276
274
224
289
73
1049
289
129
77
99
511
765
208
125
720
903
67
21
886
925
95
245
978
244
630
235
202
12
810
212
611
52
751
1166
39
119
639
210
680
78
245
60
217
215
190
22
664
241
682
1061
30
200
680
9
945
143
72
109
169
321
865
32
810
506
316
541
120
59
143
268
32
230
37
1084
338
335
313
203
494
910
174
151
162
20
33
139
14
151
187
142
145
269
246
274
1032
17
170
188
90
142
35
196
242
14
252
140
49
164
18
2
293
617
738
1015
470
301
156
120
84
113
1292
93
906
1126
198
549
580
147
300
128
1126
1197
83
950
161
329
912
770
130
971
860
128
711
52
155
234
445
178
194
852
1084
474
168
242
40
116
102
252
135
136
320
202
5
267
165
72
719
333
830
916
94
199
269
270
181
1158
39
211
176
328
367
167
261
439
265
236
108
383
137
1045
35
146
450
288
13
119
184
13
187
307
143
337
988
487
106
239
706
119
619
1065
1117
194
131
79
1005
122
72
152
104
116
1311
325
291
405
104
257
145
267
908
732
84
1222
221
1196
248
275
84
271
890
73
267
187
532
295
3
252
157
480
760
15
76
862
1217
1115
592
614
479
228
286
324
479
336
703
110
1293
260
906
246
273
73
22
210
307
207
293
62
48
251
248
234
241
171
240
1251
322
195
127
1111
179
225
36
223
350
292
299
350
286
276
309
309
22
262
757
1290
253
515
515
157
45
66
267
307
248
189
614
36
779
22
19
145
895
63
956
116
473
146
790
43
188
37
731
151
124
294
300
116
578
86
1091
4
71
17
17
314
540
1308
61
220
71
335
452
319
240
847
1045
26
810
251
4
860
426
3
218
39
278
282
1258
218
427
138
1013
38
134
231
918
259
106
1072
77
928
992
612
126
1167
602
248
58
1270
245
576
252
222
118
1267
5
313
221
725
49
1018
1077
138
236
9
957
1173
69
86
269
280
49
171
754
194
220
150
212
1279
108
74
248
161
254
233
1144
554
283
909
455
306
72
183
163
252
801
167
195
1194
125
134
3
741
244
635
332
259
300
163
663
1170
1263
179
302
185
36
312
124
304
1029
78
265
230
448
218
610
1336
691
170
1089
219
848
25
287
282
1112
429
754
1239
207
102
258
48
482
681
313
254
323
364
592
0
84
36
72
825
1116
170
1278
221
244
858
174
333
319
106
662
316
288
74
1153
742
77
898
1062
208
152
164
221
88
134
857
48
185
798
104
910
522
1176
70
707
868
1303
724
156
484
131
325
18
24
347
430
239
1026
182
56
277
1156
95
296
43
335
1015
228
174
46
154
790
60
192
769
189
166
656
205
1210
296
205
1029
20
20
316
165
324
200
973
311
233
34
65
328
77
113
17
779
1234
46
287
171
316
137
27
260
263
429
758
757
96
67
301
828
128
945
336
107
1133
555
508
209
286
190
74
1074
309
141
186
189
230
177
107
702
1289
56
401
465
197
340
246
741
131
17
152
248
1254
944
243
884
1170
117
1026
37
273
27
1260
106
1103
420
340
278
279
177
135
114
420
192
90
1111
132
435
123
114
521
1173
75
178
933
120
127
833
220
1163
17
168
915
472
26
989
1290
301
57
326
261
101
112
243
1162
153
202
281
310
938
338
219
6
238
309
649
226
335
466
465
243
374
782
176
599
54
1226
169
536
260
180
30
163
506
1181
36
322
124
181
614
504
188
90
0
215
67
159
313
109
226
1295
218
300
154
940
84
226
31
31
69
94
70
315
13
212
220
460
414
610
228
1020
249
1275
237
844
923
145
714
255
71
777
1132
519
321
802
254
102
3
270
862
186
1334
227
98
57
9
660
574
170
157
265
315
43
600
336
1308
258
124
968
142
70
152
291
13
150
337
325
45
186
0
656
191
843
12
112
193
263
189
332
181
146
1062
314
188
52
1054
297
168
1334
223
195
102
1105
23
248
522
309
388
92
1040
473
120
515
898
37
78
773
633
147
44
133
235
42
136
90
42
264
130
1323
205
27
166
299
1176
1
137
69
142
123
45
490
333
248
733
981
1209
245
155
1317
1219
188
655
166
489
97
26
279
288
45
272
189
120
365
216
277
54
181
518
266
252
275
953
48
209
322
18
140
166
1210
196
115
318
571
1101
248
757
1174
71
228
276
73
555
102
592
1243
827
177
121
299
169
168
311
1197
731
274
189
512
242
296
76
517
192
52
136
180
138
60
67
114
183
318
487
410
276
839
253
239
234
274
703
1260
195
1190
167
178
276
955
837
266
19
1265
155
268
307
145
910
40
613
60
401
41
824
1063
94
38
364
328
1122
159
16
137
218
53
166
28
1035
689
244
78
169
682
8
713
241
36
72
70
17
44
967
184
935
484
1149
29
1248
408
38
202
984
316
261
58
257
138
611
1253
252
288
166
48
27
326
1312
985
131
68
196
180
110
189
495
101
305
136
228
162
372
1148
209
318
244
143
310
1188
713
564
297
480
1098
168
229
110
1137
305
149
393
34
236
1111
538
144
1334
72
7
241
985
582
313
1148
334
419
120
373
163
812
126
397
340
1058
205
962
644
32
212
235
211
142
1016
265
1077
820
940
405
335
500
142
269
1169
19
359
221
83
132
1023
265
207
285
223
110
137
763
261
203
137
253
703
306
11
239
752
259
168
564
481
30
933
173
280
944
283
81
198
651
93
167
1190
5
31
44
90
32
280
370
105
868
180
19
206
174
367
216
224
387
8
614
128
102
1037
144
221
204
519
139
201
163
476
182
564
58
12
289
253
358
853
47
74
462
161
169
785
332
112
9
310
257
0
19
337
145
204
109
288
334
1237
292
195
475
1339
1021
490
78
85
254
339
35
275
244
195
761
427
105
487
371
59
128
76
191
100
221
261
44
88
28
753
775
436
191
449
121
111
48
198
204
267
19
345
968
61
73
546
220
53
312
329
1213
297
41
50
389
137
193
246
186
1102
1124
64
75
43
1091
1025
711
180
11
901
62
90
186
263
632
63
97
890
480
589
635
14
207
1133
1190
249
230
116
394
482
152
27
288
200
1055
751
87
296
129
901
1063
1274
220
123
225
222
115
18
214
204
185
38
35
321
26
35
1319
228
210
185
6
141
315
473
1094
329
156
39
183
73
868
167
120
209
1292
313
1314
177
302
329
1148
97
272
372
153
198
1262
1330
325
128
104
211
244
65
199
60
665
449
8
1208
251
694
252
277
1136
819
205
208
183
73
516
303
738
920
186
223
78
196
230
1201
272
546
179
135
23
290
81
970
16
78
202
464
175
304
273
91
286
663
718
22
1155
793
101
321
175
951
36
279
1330
156
75
273
63
50
53
220
64
273
0
221
200
244
222
9
1100
227
94
928
336
73
1276
177
60
1097
390
69
498
305
151
677
51
306
1128
11
663
289
91
15
78
63
44
155
195
154
854
267
330
1123
439
581
12
314
698
230
107
1316
64
76
170
595
1325
250
286
59
158
87
90
146
192
466
727
176
326
295
234
236
702
279
1074
36
146
262
928
1280
721
256
71
257
121
485
182
265
437
139
871
38
5
62
947
591
511
80
272
197
291
679
186
150
462
357
5
1273
267
792
66
63
157
89
42
183
616
770
144
318
1094
1067
42
146
420
31
307
1297
151
168
736
599
48
938
1309
139
182
168
285
11
288
566
175
1005
32
1086
513
0
323
780
841
539
46
337
257
850
420
172
251
300
68
134
131
25
12
1051
172
11
786
139
1327
39
788
513
645
10
295
302
323
869
266
1180
262
88
132
177
900
178
38
1230
583
18
725
293
158
371
225
762
326
494
580
288
150
218
1067
200
62
455
196
944
226
691
17
994
521
1116
247
177
1208
203
317
124
322
517
299
1076
288
72
1230
32
82
340
117
1124
255
727
847
21
147
196
251
254
63
1324
1298
167
165
141
226
918
871
994
213
635
319
92
206
748
14
317
190
318
303
301
187
52
39
176
23
255
268
315
753
857
137
237
1191
279
923
947
1300
204
512
131
0
75
18
238
295
220
341
325
1238
308
59
174
339
513
40
552
1172
255
1255
161
311
20
209
257
1255
18
274
14
233
381
166
173
801
191
1085
60
159
994
111
39
286
1101
295
17
676
530
311
158
85
927
1270
269
51
256
1260
171
813
38
192
552
174
341
91
187
156
90
43
79
1273
229
81
77
569
218
688
26
578
169
727
552
157
184
9
216
152
233
66
168
329
229
286
303
1044
1042
436
148
155
124
74
1244
197
12
256
12
298
206
535
58
258
513
260
1325
965
93
339
327
827
252
58
271
202
216
131
67
113
227
318
13
187
105
1260
135
260
463
178
285
243
104
518
83
187
143
307
276
67
145
82
323
337
298
199
214
223
307
184
630
224
1302
73
868
1235
39
58
332
831
105
26
100
153
714
410
803
1047
35
27
329
400
1213
198
58
54
499
56
83
27
276
38
1
104
102
66
814
321
117
1327
4
222
259
283
1158
57
1123
390
154
23
72
200
61
53
165
234
63
231
1275
1010
187
96
320
85
74
332
1064
198
130
232
586
1190
125
493
286
24
280
110
54
488
556
221
1
1091
219
126
378
180
879
471
734
313
1224
333
193
4
528
337
44
200
1150
145
742
692
149
121
737
60
224
51
582
250
198
289
302
154
1214
768
609
284
184
14
99
317
4
51
489
176
88
445
209
69
875
1
600
505
1
44
30
145
649
27
1209
194
700
1323
1334
429
45
1230
196
11
67
123
1167
323
479
679
68
843
228
225
240
791
972
298
143
256
126
500
214
433
795
108
4
250
288
323
733
274
68
961
228
8
159
699
678
149
387
264
78
588
423
730
67
291
306
151
30
10
64
506
1232
604
278
1156
126
52
1027
67
123
697
60
1009
36
335
793
637
85
1114
39
298
29
200
326
156
555
292
220
251
743
290
198
849
36
57
150
250
817
1101
981
109
994
1176
130
81
589
687
193
46
89
906
41
168
646
298
1244
866
887
190
892
182
65
329
983
30
15
12
93
82
249
287
324
31
758
156
123
622
512
149
64
196
251
325
139
307
102
93
459
191
38
48
237
1
573
217
226
1200
18
60
121
520
310
1231
240
298
557
176
300
31
111
1138
1
1088
243
186
62
449
411
7
58
34
287
35
106
26
204
13
239
48
332
90
807
168
6
256
843
644
112
6
163
245
241
294
125
259
286
6
50
9
202
247
306
174
428
254
405
293
91
144
293
174
860
1000
720
1332
125
314
356
410
160
311
214
90
107
258
227
122
699
72
35
28
136
136
253
19
206
280
81
1022
328
212
945
109
236
763
564
773
194
408
613
1281
625
1286
240
495
241
153
171
199
261
63
376
138
320
42
157
172
38
483
965
129
286
2
231
88
315
320
318
11
953
907
822
321
76
104
231
275
1044
123
378
1119
538
117
46
1054
1191
604
198
328
1304
184
200
862
146
77
238
45
158
16
245
510
259
327
166
1
30
21
903
836
319
5
247
209
49
155
9
30
145
213
1
159
631
182
286
137
122
401
225
349
69
526
590
1029
199
135
205
262
240
280
289
445
153
12
294
217
85
230
58
72
185
150
459
214
182
324
322
246
233
123
77
113
937
228
713
58
7
1260
709
980
268
60
266
1283
87
631
1124
815
30
823
468
438
324
334
210
177
1130
266
785
86
10
156
115
194
1175
557
253
1001
318
227
229
266
81
332
176
131
353
129
106
79
336
497
250
166
1198
333
593
22
224
701
88
137
181
65
85
246
230
649
335
63
73
315
802
238
218
497
106
150
1116
426
1
199
239
1006
264
98
310
63
19
339
214
1046
22
100
1013
15
230
324
87
135
338
251
876
76
1328
780
1268
143
505
1192
47
7
136
1
90
156
193
268
303
13
933
99
181
1265
213
340
205
114
165
195
156
87
13
163
824
311
502
304
1140
229
254
576
187
151
273
290
296
338
166
232
28
165
735
3
258
241
110
27
248
165
505
150
78
113
148
166
224
29
265
174
286
362
1007
637
322
652
228
388
283
130
769
145
269
308
312
332
332
623
89
0
95
181
1088
292
192
809
20
197
299
119
95
18
225
216
45
27
977
157
171
167
1224
1260
987
209
85
990
237
121
91
330
143
222
123
883
279
299
1236
123
72
57
598
187
925
260
320
1048
317
1157
1185
315
279
150
300
313
221
205
173
253
1145
116
288
41
2
939
1008
226
51
164
805
716
896
100
1153
244
304
926
429
1051
78
832
136
149
74
219
818
300
66
628
578
314
50
12
328
735
194
226
312
300
110
298
106
62
299
131
81
277
99
813
221
528
50
277
1161
66
105
434
300
1105
137
1152
1209
395
353
1128
221
266
81
810
365
22
16
159
130
51
264
355
67
184
317
197
163
241
88
255
1305
284
242
340
201
259
4
314
172
232
1233
92
337
1296
1091
472
392
73
345
1162
330
134
789
220
754
17
130
23
810
227
329
68
215
690
750
318
50
137
348
845
216
1171
126
489
108
260
175
135
283
231
199
686
196
467
127
223
875
310
55
518
15
251
737
145
62
315
1049
68
109
282
708
934
94
868
104
1154
316
130
295
311
333
181
744
1042
1331
122
1236
55
86
839
243
192
534
85
234
17
32
229
99
79
257
252
60
240
308
254
1069
48
329
182
731
1207
187
212
341
183
958
155
14
57
205
1082
875
72
17
63
112
174
318
631
170
1178
330
18
309
219
1065
133
794
478
108
310
14
130
115
60
398
461
271
276
1179
602
235
804
213
55
185
74
127
191
61
862
80
170
50
1283
170
101
82
537
70
226
1033
188
564
211
196
310
164
318
303
282
141
156
190
249
180
30
748
286
181
193
163
1267
70
77
49
52
1128
191
166
271
613
311
558
231
263
44
271
114
294
19
127
1047
1096
228
1222
242
121
781
317
101
245
337
1281
655
314
0
801
1177
78
159
1308
134
1338
20
588
45
97
284
323
82
310
410
180
1165
227
5
112
174
334
1201
22
256
913
266
184
336
744
926
432
815
1304
560
822
109
518
29
245
247
140
1290
258
726
813
182
885
261
159
47
111
187
182
839
299
110
572
344
1153
179
305
555
640
251
737
106
1229
125
56
29
564
46
25
206
905
276
242
635
44
313
0
97
391
16
236
845
111
338
145
340
191
1299
20
148
281
39
82
127
26
303
846
499
277
110
162
782
187
1142
543
213
8
249
77
618
339
278
89
243
60
339
22
1121
89
168
922
96
540
1091
1062
38
147
121
201
62
312
302
107
1304
966
329
855
855
552
89
223
7
684
21
230
57
324
367
24
63
379
455
258
208
321
301
55
28
161
116
268
307
56
1
67
125
300
936
29
993
1090
161
61
63
243
38
193
946
239
265
1318
869
203
611
283
231
307
174
126
276
295
101
106
100
1322
373
224
1312
577
1011
224
333
517
132
463
150
736
794
13
13
43
1326
98
148
294
153
969
203
117
271
590
93
154
540
266
602
1323
131
198
133
310
339
701
117
72
38
1116
197
222
12
131
956
2
123
333
123
648
122
1328
531
71
280
49
61
359
176
1114
176
138
242
1055
175
314
37
186
59
88
271
25
261
310
277
135
654
241
639
184
176
699
998
166
322
620
196
78
201
814
498
298
1006
99
563
271
803
241
104
1170
127
50
256
231
146
1328
311
22
18
71
278
112
12
271
174
26
53
977
602
878
58
198
231
885
17
361
225
1079
360
714
180
282
114
922
205
237
15
1227
269
873
121
298
245
534
298
158
227
234
1040
10
635
1016
293
764
337
5
1116
191
188
107
690
30
108
202
59
91
50
85
415
242
270
153
503
759
933
1302
70
73
1213
301
44
108
471
91
555
246
131
357
228
787
211
141
236
330
337
499
316
890
203
330
275
334
479
897
157
665
36
211
960
1084
93
80
998
521
139
250
584
1081
1230
725
1300
178
1035
90
93
158
362
305
222
215
1018
207
58
182
268
805
1112
123
19
172
67
77
308
1241
204
1333
1030
291
849
1108
325
645
240
643
928
139
1099
285
467
22
264
953
284
330
1032
260
338
624
335
91
931
46
1191
255
307
477
502
54
10
274
847
973
395
138
831
313
229
173
39
174
785
314
511
595
705
212
88
447
568
309
0
192
103
218
124
32
1325
243
216
220
520
872
194
1227
32
255
226
857
85
281
672
150
29
170
187
260
929
150
613
2
48
114
1002
127
6
190
277
78
330
164
1082
1329
38
543
785
92
523
19
269
321
131
688
135
320
171
331
907
467
117
182
1106
438
54
840
46
221
568
324
212
61
97
183
274
337
780
187
307
248
917
163
541
1214
170
772
317
0
249
1146
220
76
75
21
183
310
88
50
212
167
1
905
289
189
1159
498
751
150
1162
44
93
309
306
437
201
883
42
162
542
75
90
820
169
10
39
965
891
1052
38
71
1090
137
428
461
80
647
162
150
155
277
216
58
229
275
581
198
10
101
160
1037
163
1234
542
250
605
286
1313
226
1279
316
362
88
218
750
621
83
235
389
251
790
297
268
1126
322
16
77
45
487
47
64
25
883
219
771
335
864
1026
72
293
86
903
167
1
209
885
455
177
323
233
112
291
152
937
162
222
356
1059
151
511
323
122
51
54
211
119
91
378
330
727
137
281
227
1316
719
221
33
130
148
4
143
200
962
265
35
78
184
1092
142
330
269
254
1079
294
149
1087
46
274
215
34
71
1253
80
486
277
221
269
251
121
971
46
272
64
86
206
188
86
964
224
335
185
917
138
242
113
310
1028
165
659
106
1207
88
73
326
892
899
671
315
213
942
229
161
24
138
9
140
304
184
1290
623
255
171
247
145
228
150
106
1036
257
87
67
91
106
239
206
219
18
730
148
205
195
18
84
619
175
1061
95
844
822
926
875
159
264
757
202
658
3
43
317
163
323
277
1336
814
20
1
293
91
102
172
188
83
146
524
891
332
269
280
323
926
158
175
252
125
141
316
65
68
117
273
14
1086
461
276
363
13
167
55
223
215
1167
10
542
116
225
381
689
168
207
506
43
72
123
275
216
236
367
178
499
786
252
313
30
240
90
317
207
121
901
322
156
142
312
455
847
83
331
1277
173
1276
228
1000
434
438
1150
503
41
825
602
342
894
9
56
144
84
642
231
231
782
290
1274
735
299
78
123
448
304
60
303
183
311
95
1314
80
105
152
1174
269
815
271
138
301
209
980
332
1073
594
466
1276
677
373
88
918
1121
147
1321
259
17
933
45
157
872
1194
158
259
654
187
93
676
763
295
910
1087
815
33
348
169
148
435
221
207
162
257
256
47
128
581
307
199
189
43
240
258
293
323
1011
88
202
26
714
18
225
125
321
143
111
79
969
267
536
186
162
27
276
15
119
349
817
37
101
264
93
259
51
1135
129
130
107
213
47
191
289
251
60
5
81
466
538
217
762
799
118
262
207
402
155
151
52
465
91
1144
5
143
339
182
110
1276
502
294
1261
1250
175
319
57
68
65
240
200
34
75
192
1120
228
722
204
187
220
402
1084
54
153
306
23
1200
288
6
171
166
310
305
114
211
108
13
334
283
191
187
24
535
85
871
397
112
59
380
812
1311
26
105
103
107
626
1087
134
132
86
79
798
749
341
37
209
809
64
62
120
346
97
289
439
47
318
66
162
53
137
77
411
466
87
178
209
58
157
339
96
484
214
437
16
411
147
141
272
205
873
304
289
165
137
187
1147
387
5
21
50
1269
302
941
818
23
155
9
993
72
302
52
322
754
244
17
534
313
314
35
3
112
182
104
218
196
176
220
232
1326
287
261
750
115
183
230
174
196
231
128
1061
128
44
175
171
202
319
315
124
187
179
1076
191
157
44
131
220
26
11
211
578
148
339
175
79
8
75
153
12
300
220
1094
214
830
296
551
336
6
1230
172
565
43
81
973
1257
30
1095
486
475
302
776
336
120
76
23
336
196
964
128
132
260
1028
157
911
197
29
475
347
107
114
300
639
754
87
309
48
41
26
1095
184
162
230
854
122
227
105
290
192
143
246
251
71
489
62
310
52
138
898
1245
118
413
188
310
190
5
175
156
273
1036
542
12
1117
784
75
294
904
473
856
1079
90
79
725
261
600
70
155
540
1288
12
249
175
300
227
235
1282
32
423
1324
279
606
121
227
403
130
376
304
62
51
209
195
22
333
383
3
117
277
3
96
568
111
550
250
210
242
22
178
149
262
242
118
926
19
1325
103
310
254
788
18
139
672
240
15
374
83
241
323
175
180
623
136
58
180
237
189
946
1
295
675
12
61
234
1036
187
320
493
389
164
261
217
549
272
991
61
285
620
185
78
173
320
226
197
8
285
36
158
314
377
1060
152
315
277
72
289
125
221
86
885
766
252
234
558
0
154
1115
478
29
31
436
567
179
203
56
269
674
72
339
29
1197
726
260
335
237
299
267
263
265
1054
841
60
123
164
328
275
612
1210
831
320
99
130
260
339
1105
87
246
316
191
184
274
297
405
165
723
165
1280
1191
41
154
187
331
1030
1003
36
109
287
325
194
246
207
176
187
167
148
305
341
147
283
110
78
130
852
117
74
226
178
314
268
308
277
37
64
292
250
172
1284
334
232
22
1141
1027
617
45
177
97
241
165
317
219
94
919
61
286
130
127
265
212
404
506
732
158
239
291
224
103
1269
336
184
238
223
44
329
338
41
980
297
121
58
22
10
34
78
71
27
745
239
764
161
166
65
369
297
60
16
634
356
159
846
126
62
242
866
1259
37
171
1167
161
74
296
196
51
223
199
266
594
25
298
73
265
484
349
200
591
192
219
245
1031
1287
309
662
155
164
116
573
81
902
237
63
33
962
245
319
121
752
256
314
1276
184
309
59
149
21
312
258
235
270
916
545
1319
198
950
35
62
670
217
224
18
1312
267
202
711
454
660
208
666
276
304
132
997
293
1249
304
1023
1023
211
157
171
205
14
148
39
34
3
140
145
95
204
29
298
152
226
352
1213
219
58
78
153
6
162
100
35
284
527
886
175
232
197
70
200
192
701
501
1195
273
1302
86
33
40
959
111
299
191
229
119
682
9
282
902
151
679
651
17
269
520
74
16
164
209
199
1143
215
254
270
1139
316
704
694
168
333
309
1095
339
36
270
18
260
1087
301
966
339
122
319
334
33
133
102
23
913
159
503
1152
88
288
25
118
281
93
24
668
89
649
81
249
193
1157
262
266
1045
1091
298
217
247
367
271
241
307
1156
186
66
328
210
1205
163
77
750
178
331
974
831
905
105
235
270
753
257
208
707
1037
310
322
127
630
140
222
683
300
201
162
1187
121
1118
136
294
268
176
758
778
10
146
852
211
1332
27
213
511
308
690
221
117
490
192
133
635
92
195
333
297
961
203
1094
134
220
280
977
288
848
1234
249
196
828
154
756
3
94
253
252
267
116
34
119
1
240
27
212
100
157
105
916
38
183
1215
114
80
12
37
630
139
50
242
1185
81
641
854
283
146
376
1316
7
81
1278
673
180
264
683
38
88
163
280
75
112
235
100
1330
989
184
1046
334
478
236
1205
1152
175
28
575
239
51
113
833
252
280
381
291
95
83
497
190
270
149
740
546
374
959
154
193
133
152
96
458
183
182
157
570
189
321
0
207
953
125
182
165
17
166
150
182
294
451
268
208
1032
635
220
205
1009
1265
567
1333
793
6
1129
299
158
134
103
68
166
290
1040
106
1297
30
110
99
243
1162
3
1041
303
1285
338
94
176
847
326
52
256
749
9
54
331
29
877
204
238
193
1141
155
319
631
1314
234
1042
365
1222
244
24
272
10
1037
146
36
284
603
37
1121
171
114
908
194
246
165
743
54
144
1111
193
208
1043
203
127
243
1091
282
926
135
614
278
638
244
1192
215
317
134
45
31
230
321
1203
43
122
137
264
321
1286
1266
320
7
595
91
250
337
636
962
940
183
88
78
121
246
1316
1120
122
225
933
660
148
255
114
159
277
202
289
207
349
1132
1299
23
969
253
272
453
865
411
194
161
436
97
91
99
225
305
488
332
241
191
177
601
265
954
129
65
212
262
344
162
171
199
894
196
241
180
498
415
5
29
295
271
773
181
368
357
278
266
151
216
86
147
276
61
61
98
142
726
364
546
1
181
151
56
218
1058
127
505
268
218
289
198
221
147
42
531
318
174
214
712
178
267
453
184
335
257
779
312
1284
12
1323
1305
215
139
825
207
178
6
326
18
1272
151
175
749
234
336
230
49
1181
55
167
213
509
55
95
455
406
216
1168
211
217
65
226
993
35
57
1125
222
2
57
94
2
1281
7
600
28
202
272
143
269
92
405
337
82
197
305
187
266
824
30
153
668
114
8
41
49
281
55
306
61
889
189
44
252
100
1058
165
42
331
93
11
263
1128
43
257
1334
1095
950
1271
188
72
20
308
326
92
307
166
182
6
10
22
604
471
3
303
80
681
12
334
158
128
640
308
38
147
908
94
951
183
18
1308
62
229
138
199
201
1298
412
138
167
357
9
41
269
572
24
26
977
695
188
114
111
191
901
14
224
214
128
1060
36
170
600
117
341
30
304
65
1340
197
473
323
293
156
258
894
126
534
740
1201
332
311
952
1250
879
219
319
1243
171
148
124
888
1317
1289
927
75
267
327
1176
274
40
459
732
1145
928
182
155
272
36
181
138
311
544
87
6
191
13
3
948
58
80
179
149
281
1172
999
541
337
169
539
356
200
89
87
216
24
136
208
318
301
77
278
351
127
156
708
300
182
206
241
646
115
800
497
779
52
133
579
83
225
524
455
327
1092
790
244
13
202
264
187
378
44
188
253
33
278
6
649
82
1069
86
82
62
329
118
195
29
1321
291
171
208
456
299
79
9
171
148
158
438
249
100
60
6
0
202
90
813
800
151
67
333
150
338
687
1237
718
93
1291
198
79
851
174
87
29
11
82
328
47
238
583
1181
114
170
47
876
256
99
150
1113
1246
82
479
1231
333
136
1179
118
425
213
47
69
331
46
237
49
94
190
53
561
171
166
111
43
202
66
597
973
1270
468
123
143
1133
241
181
239
505
266
88
128
564
159
342
100
34
86
40
41
88
36
12
75
49
13
40
14
40
62
18
24
89
5
33
61
21
94
84
35
44
90
92
10
77
63
71
60
13
65
39
14
90
15
48
66
79
7
49
77
21
29
57
43
92
22
49
88
23
86
76
70
67
43
24
99
79
45
27
86
26
88
57
90
78
89
60
2
24
42
32
35
96
60
46
40
18
89
23
21
45
99
38
36
30
60
50
44
65
6
23
83
31
88
84
40
59
6
70
46
10
50
99
93
78
90
77
99
56
3
60
6
26
97
91
4
0
65
80
20
92
32
26
69
33
69
35
13
73
34
24
16
86
35
88
87
3
73
6
96
88
95
99
36
43
0
23
49
27
40
97
41
51
24
10
31
61
21
63
17
45
37
42
15
76
2
2
0
46
12
33
52
43
42
72
42
27
72
30
64
74
80
73
64
19
58
29
37
13
47
18
11
51
54
86
16
1284
false
false
false
false
false
false
false
false
false
false
false
false
false
false
false
false
false
false
false
false
false
false
false
false
false
false
false
false
false
false
false
false
false
false
false
false
false
false
false
false
false
false
false
false
false
false
false
false
false
false
false
false
false
false
false
false
false
false
false
false
false
false
false
false
false
false
false
false
false
false
false
false
false
false
false
false
false
false
false
false
false
false
false
false
false
false
false
false
false
false
false
false
false
false
false
false
false
false
false
false
