1830
1 2 6592
1 3 60692
1 4 3056
1 5 26271
1 6 41554
1 7 49695
1 8 87424
1 9 67036
1 10 53027
1 11 18322
1 12 93412
1 13 98251
1 14 4917
1 15 20878
1 16 20099
1 17 12673
1 18 34997
1 19 6064
1 20 49086
1 21 51289
1 22 28424
1 23 95827
1 24 99439
1 25 98103
1 26 42251
1 27 1507
1 28 56571
1 29 83363
1 30 31988
1 31 34740
1 32 47335
1 33 1144
1 34 35204
1 35 52282
1 36 14439
1 37 74517
1 38 52464
1 39 60817
1 40 75831
1 41 27136
1 42 58672
1 43 77741
1 44 28573
1 45 43647
1 46 38196
1 47 90165
1 48 80728
1 49 15023
1 50 54584
1 51 82319
1 52 48329
1 53 65253
1 54 64628
1 55 72982
1 56 68569
1 57 94045
1 58 22265
1 59 77295
1 60 26709
1 61 26196
2 3 94862
2 4 8402
2 5 95425
2 6 58078
2 7 84980
2 8 3960
2 9 51221
2 10 58068
2 11 44904
2 12 50775
2 13 3596
2 14 90582
2 15 60191
2 16 55999
2 17 59205
2 18 47737
2 19 56718
2 20 59526
2 21 81461
2 22 17269
2 23 57260
2 24 75103
2 25 47195
2 26 1070
2 27 22498
2 28 97906
2 29 37728
2 30 86984
2 31 25554
2 32 81939
2 33 94504
2 34 28163
2 35 63682
2 36 65382
2 37 72025
2 38 88408
2 39 30202
2 40 18349
2 41 77948
2 42 44351
2 43 2149
2 44 9954
2 45 35214
2 46 35693
2 47 40869
2 48 80644
2 49 47987
2 50 93849
2 51 40253
2 52 14323
2 53 79798
2 54 23334
2 55 20593
2 56 30961
2 57 95781
2 58 66854
2 59 34970
2 60 62148
2 61 86179
3 4 91199
3 5 33634
3 6 75059
3 7 2547
3 8 15378
3 9 45671
3 10 32287
3 11 5123
3 12 21560
3 13 19172
3 14 34864
3 15 97195
3 16 39091
3 17 92846
3 18 27758
3 19 62589
3 20 96010
3 21 77544
3 22 52266
3 23 98830
3 24 7856
3 25 63734
3 26 80508
3 27 88300
3 28 11582
3 29 14751
3 30 20791
3 31 50907
3 32 91212
3 33 21409
3 34 80483
3 35 82726
3 36 72767
3 37 46970
3 38 57351
3 39 62757
3 40 52955
3 41 90200
3 42 48410
3 43 78177
3 44 54478
3 45 75174
3 46 65180
3 47 78768
3 48 61994
3 49 31033
3 50 88717
3 51 40805
3 52 69286
3 53 34404
3 54 63257
3 55 41570
3 56 39636
3 57 52350
3 58 50133
3 59 6595
3 60 45121
3 61 79232
4 5 74188
4 6 6378
4 7 76456
4 8 30772
4 9 13711
4 10 17138
4 11 33867
4 12 92936
4 13 40889
4 14 59737
4 15 33711
4 16 44174
4 17 46327
4 18 42255
4 19 64641
4 20 53154
4 21 67175
4 22 35712
4 23 43684
4 24 55312
4 25 15417
4 26 13880
4 27 63416
4 28 34198
4 29 14268
4 30 3988
4 31 20810
4 32 51815
4 33 58263
4 34 65698
4 35 27235
4 36 48343
4 37 54503
4 38 4386
4 39 52761
4 40 20451
4 41 34825
4 42 26769
4 43 33405
4 44 66976
4 45 55961
4 46 69663
4 47 94929
4 48 25407
4 49 66902
4 50 54030
4 51 72338
4 52 38310
4 53 85804
4 54 89428
4 55 98754
4 56 85325
4 57 20368
4 58 13332
4 59 61557
4 60 16507
4 61 15519
5 6 77150
5 7 85773
5 8 20207
5 9 43706
5 10 82961
5 11 48934
5 12 96031
5 13 52898
5 14 52613
5 15 14231
5 16 90635
5 17 24810
5 18 95458
5 19 41885
5 20 29791
5 21 29111
5 22 55113
5 23 45337
5 24 85945
5 25 42648
5 26 31645
5 27 26835
5 28 79806
5 29 80415
5 30 69022
5 31 37783
5 32 6252
5 33 24031
5 34 27812
5 35 15405
5 36 27375
5 37 29100
5 38 2866
5 39 74497
5 40 27251
5 41 7956
5 42 15536
5 43 70017
5 44 67014
5 45 46704
5 46 96538
5 47 60829
5 48 21530
5 49 9382
5 50 43503
5 51 82548
5 52 71952
5 53 99134
5 54 47588
5 55 73167
5 56 83012
5 57 17615
5 58 28286
5 59 90251
5 60 13949
5 61 61910
6 7 8929
6 8 52179
6 9 35299
6 10 92424
6 11 97596
6 12 51978
6 13 31691
6 14 53379
6 15 83485
6 16 31390
6 17 84808
6 18 43604
6 19 96908
6 20 24105
6 21 87315
6 22 80041
6 23 38187
6 24 70804
6 25 14498
6 26 20455
6 27 25990
6 28 73763
6 29 9330
6 30 49916
6 31 22423
6 32 25680
6 33 48943
6 34 75223
6 35 4438
6 36 51175
6 37 62153
6 38 35952
6 39 69972
6 40 16278
6 41 94477
6 42 16203
6 43 76959
6 44 14808
6 45 61412
6 46 28341
6 47 32658
6 48 59853
6 49 38512
6 50 58958
6 51 23979
6 52 64047
6 53 33861
6 54 77129
6 55 32013
6 56 92045
6 57 79361
6 58 19462
6 59 41537
6 60 60012
6 61 30704
7 8 18322
7 9 15182
7 10 70198
7 11 35316
7 12 78048
7 13 73290
7 14 50694
7 15 15733
7 16 506
7 17 51240
7 18 10555
7 19 64163
7 20 60455
7 21 28352
7 22 5300
7 23 72938
7 24 99588
7 25 29986
7 26 81457
7 27 79802
7 28 27252
7 29 90616
7 30 6054
7 31 29239
7 32 87093
7 33 93691
7 34 54255
7 35 76115
7 36 56215
7 37 31200
7 38 90873
7 39 23175
7 40 20526
7 41 86385
7 42 26129
7 43 72740
7 44 58753
7 45 40274
7 46 8560
7 47 12737
7 48 3682
7 49 4602
7 50 8537
7 51 12114
7 52 56545
7 53 9672
7 54 92991
7 55 42814
7 56 12394
7 57 65956
7 58 20503
7 59 89375
7 60 19130
7 61 77927
8 9 17527
8 10 4531
8 11 88749
8 12 12599
8 13 40241
8 14 5281
8 15 6534
8 16 59509
8 17 77423
8 18 17067
8 19 61154
8 20 32894
8 21 4115
8 22 97066
8 23 46979
8 24 90794
8 25 2990
8 26 72037
8 27 22914
8 28 44808
8 29 97899
8 30 5805
8 31 2332
8 32 61624
8 33 37571
8 34 71391
8 35 15916
8 36 50793
8 37 59459
8 38 39394
8 39 46422
8 40 14054
8 41 15692
8 42 28850
8 43 56281
8 44 28942
8 45 66661
8 46 56803
8 47 12780
8 48 63518
8 49 86816
8 50 33708
8 51 9992
8 52 66757
8 53 88542
8 54 30691
8 55 65925
8 56 61741
8 57 79256
8 58 35410
8 59 99321
8 60 90037
8 61 17480
9 10 89427
9 11 74799
9 12 92823
9 13 41305
9 14 55227
9 15 11992
9 16 81891
9 17 38066
9 18 12821
9 19 4801
9 20 62147
9 21 18889
9 22 97483
9 23 91587
9 24 10504
9 25 95312
9 26 56056
9 27 57525
9 28 89482
9 29 32700
9 30 55565
9 31 90774
9 32 4400
9 33 41607
9 34 72290
9 35 85286
9 36 68701
9 37 77948
9 38 48868
9 39 16670
9 40 46122
9 41 64648
9 42 64976
9 43 74107
9 44 35358
9 45 32686
9 46 71272
9 47 3700
9 48 65036
9 49 66633
9 50 18485
9 51 31710
9 52 52233
9 53 44426
9 54 1499
9 55 68432
9 56 24090
9 57 56424
9 58 77066
9 59 82225
9 60 256
9 61 30508
10 11 86482
10 12 68954
10 13 86136
10 14 44569
10 15 73799
10 16 84001
10 17 27918
10 18 27537
10 19 99757
10 20 62827
10 21 24639
10 22 98546
10 23 16998
10 24 26418
10 25 19971
10 26 64473
10 27 81348
10 28 84007
10 29 65200
10 30 88070
10 31 18196
10 32 28385
10 33 69272
10 34 50655
10 35 93513
10 36 51937
10 37 17722
10 38 16659
10 39 53287
10 40 40234
10 41 57457
10 42 19505
10 43 94429
10 44 85505
10 45 40504
10 46 63180
10 47 68017
10 48 83893
10 49 32900
10 50 81594
10 51 16321
10 52 62246
10 53 49705
10 54 38010
10 55 5468
10 56 43161
10 57 89506
10 58 66236
10 59 8721
10 60 48044
10 61 13322
11 12 27011
11 13 34580
11 14 80990
11 15 79426
11 16 29580
11 17 55012
11 18 41198
11 19 29648
11 20 89721
11 21 37458
11 22 81461
11 23 5901
11 24 7180
11 25 7333
11 26 65303
11 27 86616
11 28 43340
11 29 38123
11 30 26162
11 31 63574
11 32 43369
11 33 9917
11 34 28923
11 35 64330
11 36 40973
11 37 26598
11 38 67688
11 39 83014
11 40 70538
11 41 49753
11 42 88816
11 43 69446
11 44 11689
11 45 53692
11 46 9120
11 47 13121
11 48 62409
11 49 75973
11 50 61067
11 51 75303
11 52 11907
11 53 97717
11 54 85653
11 55 26817
11 56 18483
11 57 87272
11 58 7756
11 59 99296
11 60 7801
11 61 44383
12 13 58019
12 14 63955
12 15 11842
12 16 60938
12 17 83718
12 18 12502
12 19 73458
12 20 51763
12 21 55825
12 22 55428
12 23 80101
12 24 983
12 25 42831
12 26 52769
12 27 67684
12 28 11544
12 29 52694
12 30 55038
12 31 12963
12 32 99318
12 33 29048
12 34 52104
12 35 12001
12 36 9457
12 37 27156
12 38 54555
12 39 32015
12 40 23142
12 41 92407
12 42 55205
12 43 23037
12 44 89457
12 45 87426
12 46 88839
12 47 94390
12 48 95558
12 49 17143
12 50 43837
12 51 98211
12 52 21046
12 53 69065
12 54 6507
12 55 46016
12 56 253
12 57 75797
12 58 30472
12 59 33685
12 60 61127
12 61 52748
13 14 5895
13 15 99662
13 16 54673
13 17 49811
13 18 94194
13 19 42399
13 20 39298
13 21 7379
13 22 83588
13 23 97623
13 24 34455
13 25 43992
13 26 54194
13 27 44167
13 28 74141
13 29 8337
13 30 76911
13 31 84640
13 32 68622
13 33 61796
13 34 33406
13 35 99498
13 36 40264
13 37 29143
13 38 71451
13 39 7184
13 40 31812
13 41 14016
13 42 17982
13 43 87643
13 44 22250
13 45 18301
13 46 95124
13 47 45976
13 48 1585
13 49 50281
13 50 89672
13 51 64591
13 52 98931
13 53 29256
13 54 31985
13 55 61734
13 56 35678
13 57 10297
13 58 76024
13 59 75782
13 60 54082
13 61 78680
14 15 9834
14 16 50659
14 17 52731
14 18 19213
14 19 96160
14 20 88180
14 21 6108
14 22 32051
14 23 51550
14 24 21041
14 25 52707
14 26 27578
14 27 38366
14 28 15400
14 29 47427
14 30 64254
14 31 39528
14 32 68748
14 33 93712
14 34 91652
14 35 59910
14 36 12206
14 37 78919
14 38 64109
14 39 39353
14 40 75239
14 41 93701
14 42 38824
14 43 54579
14 44 83642
14 45 60367
14 46 79249
14 47 26054
14 48 24482
14 49 46028
14 50 99107
14 51 73138
14 52 78284
14 53 56520
14 54 70782
14 55 38557
14 56 43870
14 57 95756
14 58 96782
14 59 36832
14 60 17574
14 61 83455
15 16 53139
15 17 70871
15 18 38265
15 19 81538
15 20 95625
15 21 89474
15 22 11359
15 23 9622
15 24 11644
15 25 16727
15 26 36206
15 27 16689
15 28 57347
15 29 66540
15 30 97991
15 31 24010
15 32 30613
15 33 13104
15 34 79608
15 35 10015
15 36 37579
15 37 4266
15 38 81633
15 39 26248
15 40 29130
15 41 60277
15 42 36996
15 43 44779
15 44 43440
15 45 49674
15 46 2098
15 47 72774
15 48 87597
15 49 40559
15 50 45094
15 51 98292
15 52 55825
15 53 90469
15 54 75086
15 55 50839
15 56 18973
15 57 41872
15 58 88576
15 59 48269
15 60 81912
15 61 64821
16 17 76149
16 18 95173
16 19 46916
16 20 6870
16 21 46904
16 22 35076
16 23 89109
16 24 74861
16 25 47016
16 26 5381
16 27 85273
16 28 64340
16 29 96311
16 30 19611
16 31 47911
16 32 98895
16 33 57494
16 34 20059
16 35 77166
16 36 22175
16 37 26497
16 38 89486
16 39 39523
16 40 77735
16 41 55173
16 42 99886
16 43 54276
16 44 84752
16 45 62717
16 46 83201
16 47 3310
16 48 50163
16 49 47733
16 50 94046
16 51 28751
16 52 23428
16 53 28651
16 54 87541
16 55 34576
16 56 52080
16 57 92026
16 58 55850
16 59 86681
16 60 15609
16 61 26890
17 18 23356
17 19 15334
17 20 31549
17 21 71639
17 22 545
17 23 32330
17 24 16178
17 25 72063
17 26 20378
17 27 13711
17 28 70554
17 29 89914
17 30 74156
17 31 13404
17 32 10768
17 33 4397
17 34 40276
17 35 633
17 36 28869
17 37 71621
17 38 75985
17 39 28372
17 40 15931
17 41 75911
17 42 20011
17 43 39154
17 44 42230
17 45 62005
17 46 22116
17 47 63507
17 48 42683
17 49 66087
17 50 28548
17 51 58211
17 52 41336
17 53 56450
17 54 20716
17 55 95337
17 56 89156
17 57 4646
17 58 12993
17 59 18950
17 60 55597
17 61 45369
18 19 80093
18 20 32248
18 21 11025
18 22 95579
18 23 82377
18 24 71970
18 25 12110
18 26 80893
18 27 51320
18 28 1106
18 29 42860
18 30 75413
18 31 36781
18 32 79775
18 33 32091
18 34 16633
18 35 98151
18 36 14236
18 37 63059
18 38 63259
18 39 8499
18 40 69914
18 41 50020
18 42 98571
18 43 77385
18 44 53623
18 45 15962
18 46 70932
18 47 67285
18 48 67280
18 49 48408
18 50 10693
18 51 10537
18 52 44971
18 53 70963
18 54 47591
18 55 93708
18 56 26039
18 57 50117
18 58 66668
18 59 52815
18 60 44238
18 61 94865
19 20 71151
19 21 73467
19 22 78165
19 23 37692
19 24 97516
19 25 61796
19 26 91977
19 27 59499
19 28 3779
19 29 15739
19 30 9371
19 31 69105
19 32 90327
19 33 37795
19 34 60295
19 35 75036
19 36 61403
19 37 99202
19 38 49258
19 39 54078
19 40 33399
19 41 8688
19 42 1373
19 43 82833
19 44 26840
19 45 85165
19 46 22685
19 47 82784
19 48 98670
19 49 28941
19 50 11555
19 51 61848
19 52 82975
19 53 27832
19 54 69402
19 55 95756
19 56 60746
19 57 27911
19 58 91469
19 59 88275
19 60 90469
19 61 35986
20 21 49188
20 22 91770
20 23 27109
20 24 88844
20 25 47624
20 26 27739
20 27 53227
20 28 92119
20 29 49353
20 30 70255
20 31 93275
20 32 50416
20 33 38005
20 34 26554
20 35 70879
20 36 58410
20 37 70095
20 38 45172
20 39 81887
20 40 50126
20 41 44452
20 42 9537
20 43 96177
20 44 54933
20 45 18873
20 46 55989
20 47 86506
20 48 93643
20 49 10649
20 50 61582
20 51 79213
20 52 44798
20 53 45722
20 54 81074
20 55 77986
20 56 7521
20 57 98475
20 58 52914
20 59 59099
20 60 72604
20 61 23332
21 22 21320
21 23 41175
21 24 74249
21 25 82670
21 26 70857
21 27 99565
21 28 50568
21 29 19149
21 30 25032
21 31 49904
21 32 80301
21 33 17740
21 34 4670
21 35 13394
21 36 57655
21 37 46951
21 38 35173
21 39 37478
21 40 82321
21 41 74647
21 42 62432
21 43 96783
21 44 28659
21 45 45435
21 46 7870
21 47 90641
21 48 6133
21 49 58680
21 50 78425
21 51 33890
21 52 82839
21 53 4614
21 54 81756
21 55 8133
21 56 86038
21 57 40513
21 58 13927
21 59 51733
21 60 36504
21 61 12137
22 23 88780
22 24 85228
22 25 31896
22 26 53819
22 27 45225
22 28 50817
22 29 95015
22 30 12581
22 31 54242
22 32 3646
22 33 81223
22 34 68778
22 35 17686
22 36 35736
22 37 44358
22 38 58133
22 39 78593
22 40 77120
22 41 41479
22 42 48219
22 43 93811
22 44 7544
22 45 25411
22 46 85207
22 47 1067
22 48 25972
22 49 2674
22 50 94721
22 51 97738
22 52 90914
22 53 25621
22 54 53506
22 55 56214
22 56 79816
22 57 66775
22 58 99544
22 59 23414
22 60 22311
22 61 72650
23 24 43040
23 25 48114
23 26 53653
23 27 99953
23 28 32361
23 29 84274
23 30 40891
23 31 88262
23 32 99035
23 33 10558
23 34 95323
23 35 2291
23 36 473
23 37 98282
23 38 7149
23 39 61998
23 40 67360
23 41 77927
23 42 22608
23 43 35625
23 44 31776
23 45 82144
23 46 13169
23 47 34429
23 48 18352
23 49 25879
23 50 64993
23 51 4200
23 52 1659
23 53 84111
23 54 33680
23 55 10986
23 56 96248
23 57 9094
23 58 22261
23 59 47024
23 60 85436
23 61 38944
24 25 70194
24 26 17039
24 27 46204
24 28 37032
24 29 43763
24 30 57644
24 31 84043
24 32 71719
24 33 1306
24 34 35755
24 35 30039
24 36 10110
24 37 47100
24 38 29545
24 39 6502
24 40 73440
24 41 87697
24 42 79615
24 43 41806
24 44 27345
24 45 45782
24 46 67893
24 47 79011
24 48 16763
24 49 39890
24 50 73697
24 51 93728
24 52 16990
24 53 47500
24 54 74182
24 55 48089
24 56 57786
24 57 80064
24 58 95230
24 59 71612
24 60 18956
24 61 36951
25 26 94590
25 27 81892
25 28 83230
25 29 68992
25 30 3828
25 31 32742
25 32 3776
25 33 68849
25 34 46211
25 35 80160
25 36 69028
25 37 4484
25 38 50474
25 39 39914
25 40 58148
25 41 46535
25 42 85987
25 43 84783
25 44 90178
25 45 38250
25 46 58702
25 47 10545
25 48 52166
25 49 23933
25 50 58340
25 51 29234
25 52 92925
25 53 95231
25 54 29959
25 55 92109
25 56 74898
25 57 4509
25 58 54971
25 59 67906
25 60 62232
25 61 55570
26 27 81199
26 28 24059
26 29 3747
26 30 2021
26 31 73746
26 32 92278
26 33 81759
26 34 40487
26 35 62092
26 36 7318
26 37 66999
26 38 98509
26 39 67489
26 40 99835
26 41 25658
26 42 17250
26 43 90249
26 44 93999
26 45 75402
26 46 44146
26 47 3780
26 48 55550
26 49 65498
26 50 90923
26 51 64799
26 52 64645
26 53 10586
26 54 60048
26 55 41315
26 56 72670
26 57 32476
26 58 54710
26 59 35555
26 60 16351
26 61 41921
27 28 52299
27 29 78427
27 30 14575
27 31 45971
27 32 9089
27 33 29341
27 34 34467
27 35 85438
27 36 33756
27 37 43253
27 38 59249
27 39 15457
27 40 22742
27 41 70770
27 42 16934
27 43 65844
27 44 33041
27 45 81580
27 46 93268
27 47 78377
27 48 29047
27 49 56107
27 50 23019
27 51 80201
27 52 70303
27 53 73297
27 54 67050
27 55 46752
27 56 91183
27 57 48569
27 58 84050
27 59 81556
27 60 19103
27 61 56753
28 29 35908
28 30 55549
28 31 2487
28 32 99238
28 33 88240
28 34 8088
28 35 20588
28 36 55556
28 37 19946
28 38 92802
28 39 84547
28 40 25960
28 41 49569
28 42 70432
28 43 84309
28 44 39617
28 45 52047
28 46 61707
28 47 93575
28 48 32904
28 49 56958
28 50 89423
28 51 63002
28 52 45349
28 53 86385
28 54 20134
28 55 27134
28 56 21101
28 57 73863
28 58 17984
28 59 47508
28 60 37001
28 61 70996
29 30 30196
29 31 71757
29 32 20416
29 33 78396
29 34 74437
29 35 89655
29 36 39171
29 37 19748
29 38 56604
29 39 96439
29 40 24506
29 41 17695
29 42 3739
29 43 72778
29 44 86004
29 45 10893
29 46 23537
29 47 26139
29 48 84294
29 49 60006
29 50 28080
29 51 43478
29 52 2503
29 53 95472
29 54 93530
29 55 85416
29 56 59996
29 57 15901
29 58 80856
29 59 53970
29 60 72567
29 61 93356
30 31 67001
30 32 10427
30 33 99443
30 34 28190
30 35 59764
30 36 20499
30 37 27290
30 38 76875
30 39 84856
30 40 91028
30 41 14182
30 42 39849
30 43 28608
30 44 84718
30 45 76073
30 46 69029
30 47 89496
30 48 23004
30 49 29519
30 50 97465
30 51 63527
30 52 16827
30 53 20381
30 54 76116
30 55 77189
30 56 96129
30 57 46562
30 58 50062
30 59 53883
30 60 13372
30 61 13842
31 32 65458
31 33 34183
31 34 67936
31 35 75184
31 36 56136
31 37 23606
31 38 448
31 39 84442
31 40 16587
31 41 75091
31 42 95879
31 43 12332
31 44 21090
31 45 70797
31 46 22310
31 47 29433
31 48 75429
31 49 58583
31 50 33292
31 51 76526
31 52 98098
31 53 392
31 54 50246
31 55 54986
31 56 9603
31 57 44553
31 58 16590
31 59 20661
31 60 58769
31 61 96162
32 33 45438
32 34 37451
32 35 67109
32 36 20747
32 37 57586
32 38 25114
32 39 51851
32 40 44920
32 41 20402
32 42 13088
32 43 51410
32 44 42114
32 45 16549
32 46 62256
32 47 2157
32 48 38315
32 49 81799
32 50 69263
32 51 55032
32 52 25702
32 53 41633
32 54 88266
32 55 54030
32 56 28394
32 57 30526
32 58 79824
32 59 23149
32 60 9116
32 61 28629
33 34 6988
33 35 60773
33 36 40360
33 37 52704
33 38 72121
33 39 39475
33 40 54668
33 41 43026
33 42 53318
33 43 17618
33 44 62367
33 45 42433
33 46 34198
33 47 84321
33 48 12089
33 49 49271
33 50 21821
33 51 62183
33 52 72451
33 53 61927
33 54 83143
33 55 74942
33 56 67614
33 57 36233
33 58 4039
33 59 70910
33 60 26041
33 61 65218
34 35 96344
34 36 86413
34 37 59131
34 38 80086
34 39 25464
34 40 7250
34 41 89648
34 42 38998
34 43 75064
34 44 34818
34 45 59522
34 46 15645
34 47 74890
34 48 90020
34 49 31642
34 50 49179
34 51 22959
34 52 19727
34 53 28461
34 54 6369
34 55 37047
34 56 75160
34 57 30192
34 58 20629
34 59 58745
34 60 22875
34 61 61831
35 36 26979
35 37 53981
35 38 59792
35 39 35806
35 40 37887
35 41 26797
35 42 48988
35 43 43982
35 44 87764
35 45 8713
35 46 62472
35 47 72167
35 48 17080
35 49 80212
35 50 83145
35 51 86703
35 52 1829
35 53 50642
35 54 45935
35 55 57187
35 56 25902
35 57 9804
35 58 29018
35 59 61390
35 60 76885
35 61 15055
36 37 48037
36 38 43464
36 39 86147
36 40 65275
36 41 35965
36 42 51421
36 43 5011
36 44 76800
36 45 26232
36 46 82354
36 47 46631
36 48 74288
36 49 78212
36 50 83810
36 51 87131
36 52 66018
36 53 90366
36 54 86296
36 55 94949
36 56 4228
36 57 30057
36 58 91058
36 59 95777
36 60 78058
36 61 8904
37 38 1338
37 39 21762
37 40 54111
37 41 27248
37 42 11021
37 43 54088
37 44 17182
37 45 97014
37 46 92000
37 47 39088
37 48 72243
37 49 16106
37 50 26675
37 51 96963
37 52 69212
37 53 617
37 54 82626
37 55 82418
37 56 58679
37 57 54468
37 58 67375
37 59 22632
37 60 83441
37 61 52917
38 39 21902
38 40 62345
38 41 11988
38 42 38838
38 43 92834
38 44 15562
38 45 37170
38 46 90703
38 47 78857
38 48 37110
38 49 96494
38 50 16152
38 51 30311
38 52 30719
38 53 19240
38 54 50096
38 55 36047
38 56 80158
38 57 30481
38 58 43309
38 59 31280
38 60 25037
38 61 61478
39 40 67834
39 41 10476
39 42 30723
39 43 85058
39 44 82364
39 45 66776
39 46 41506
39 47 57959
39 48 22283
39 49 85961
39 50 96192
39 51 10811
39 52 64363
39 53 79874
39 54 54018
39 55 954
39 56 10493
39 57 34871
39 58 24436
39 59 86530
39 60 91763
39 61 34930
40 41 79351
40 42 48007
40 43 92377
40 44 82717
40 45 40808
40 46 11560
40 47 54274
40 48 7917
40 49 51167
40 50 4356
40 51 32429
40 52 25990
40 53 80359
40 54 75532
40 55 29855
40 56 39823
40 57 29578
40 58 42903
40 59 3749
40 60 34935
40 61 68717
41 42 29058
41 43 58252
41 44 7091
41 45 94548
41 46 43249
41 47 35679
41 48 58139
41 49 40622
41 50 41974
41 51 52782
41 52 89792
41 53 31257
41 54 1027
41 55 11690
41 56 15372
41 57 83079
41 58 75605
41 59 88296
41 60 40930
41 61 96990
42 43 99395
42 44 74537
42 45 64486
42 46 26628
42 47 3720
42 48 72798
42 49 56087
42 50 26648
42 51 26750
42 52 60698
42 53 11290
42 54 47347
42 55 63657
42 56 20738
42 57 25821
42 58 75669
42 59 79299
42 60 68813
42 61 56526
43 44 31633
43 45 66678
43 46 81065
43 47 64740
43 48 75228
43 49 11197
43 50 17782
43 51 46792
43 52 96007
43 53 56448
43 54 17538
43 55 40317
43 56 75848
43 57 42054
43 58 70788
43 59 11580
43 60 97542
43 61 21901
44 45 71507
44 46 7833
44 47 30031
44 48 4270
44 49 73698
44 50 90275
44 51 17270
44 52 72543
44 53 64902
44 54 9849
44 55 28703
44 56 68192
44 57 24710
44 58 64529
44 59 11941
44 60 43360
44 61 75839
45 46 57654
45 47 10043
45 48 72497
45 49 24838
45 50 77676
45 51 38574
45 52 4394
45 53 90908
45 54 98078
45 55 80482
45 56 4754
45 57 34712
45 58 15286
45 59 30533
45 60 13600
45 61 26380
46 47 41743
46 48 18064
46 49 43015
46 50 56806
46 51 79417
46 52 65044
46 53 92846
46 54 73110
46 55 19650
46 56 15496
46 57 35182
46 58 69729
46 59 11903
46 60 73200
46 61 73604
47 48 8585
47 49 11306
47 50 20273
47 51 74495
47 52 72679
47 53 44227
47 54 69873
47 55 73945
47 56 10736
47 57 17504
47 58 72983
47 59 65953
47 60 71428
47 61 40605
48 49 69092
48 50 61547
48 51 92230
48 52 16995
48 53 42452
48 54 57703
48 55 16045
48 56 72355
48 57 58318
48 58 68400
48 59 79261
48 60 84232
48 61 93299
49 50 11812
49 51 66580
49 52 22323
49 53 10839
49 54 40262
49 55 85939
49 56 44676
49 57 8398
49 58 32860
49 59 23984
49 60 49186
49 61 50325
50 51 19706
50 52 22805
50 53 57723
50 54 25841
50 55 6408
50 56 56143
50 57 21784
50 58 45528
50 59 97663
50 60 16671
50 61 94911
51 52 67184
51 53 19761
51 54 18716
51 55 4854
51 56 47064
51 57 31922
51 58 8634
51 59 82368
51 60 32352
51 61 5361
52 53 5375
52 54 44483
52 55 65514
52 56 45721
52 57 85037
52 58 6227
52 59 30474
52 60 60968
52 61 19631
53 54 65192
53 55 17035
53 56 24316
53 57 27693
53 58 29827
53 59 84151
53 60 36303
53 61 5729
54 55 29008
54 56 40004
54 57 21465
54 58 56068
54 59 17972
54 60 88181
54 61 24144
55 56 40422
55 57 93089
55 58 42260
55 59 23388
55 60 58342
55 61 4075
56 57 74800
56 58 93356
56 59 56025
56 60 24627
56 61 1532
57 58 18370
57 59 7447
57 60 48698
57 61 12951
58 59 92997
58 60 48856
58 61 35026
59 60 69887
59 61 29339
60 61 89246
158346
