10000
10022
17547
11216
10130
3106
385
12475
14110
9188
18481
13338
15156
17401
1316
9420
4027
16752
557
3406
7951
7573
13275
14470
13369
14031
8045
18597
6233
9266
8069
2845
9478
11521
6805
14848
19532
15908
11990
13328
17652
9601
120
13192
14049
9530
18356
8390
14230
9572
4925
4499
18902
16543
14324
19505
4259
758
12251
15040
14184
10229
2593
10284
12178
5378
2012
7063
9945
2906
8693
15582
2492
2313
8765
13067
19690
10788
10654
10167
19709
4743
19084
6553
18465
8710
12250
8592
14579
210
40
1481
16676
12779
11610
7853
13149
12924
5
16393
18140
17591
7074
10203
10140
19822
8613
17079
5587
555
9959
1652
4212
4237
7614
5941
17493
2656
9167
11255
17228
13239
9562
3828
3730
17384
12660
9970
15497
18532
5906
3628
18394
4593
5569
16922
5527
9766
13938
17823
7583
835
11730
10863
7167
18731
5816
7611
15158
5887
12376
16475
10097
16056
2837
6102
10229
19680
9363
3089
316
13133
16937
10546
11862
18619
1749
2927
13200
6341
13546
6968
18194
14368
15781
14206
8355
9428
2781
12830
10663
7256
16153
7406
17928
18473
5307
12387
4722
10566
8762
3229
3736
18667
18317
5711
14197
14792
17731
14543
3949
14398
17232
3958
1810
469
13890
4948
9282
5245
3698
307
13037
8031
565
6
15508
13150
5618
4847
2829
12368
9262
16330
9027
13651
12963
12921
12154
6926
4207
18316
17329
15589
15273
11692
10688
15960
17166
13797
14977
19321
13337
8302
18251
8168
1842
7510
12281
4845
13789
18125
8713
48
2867
19980
13664
6840
1390
7650
7498
2591
14365
4284
14624
12719
12504
4911
3842
17595
17677
12581
18148
6428
536
930
8070
14759
19762
8818
18170
19847
3136
18994
13866
5660
2605
19031
16722
17551
19058
6974
8137
9648
18449
9457
9469
17775
6369
3923
11996
14996
19011
6377
19983
3227
18451
8036
8929
18511
12954
2607
1757
2722
7072
13073
3957
7974
11551
11520
12319
5835
16755
11267
4666
1590
18894
5377
16206
11002
17800
2539
14610
3189
13683
17795
11431
14954
4044
16808
1601
16054
11213
5471
4261
13105
19648
11519
17582
10755
2446
6713
8778
9313
7350
2883
12385
6915
11641
11295
3190
1891
7825
1612
10278
9427
15010
3369
4078
4955
18633
14945
12777
9198
1265
8504
3990
8169
7204
1136
376
13383
6207
2648
11959
2692
8414
12978
9540
8268
6262
6015
16537
15678
17953
11242
2719
15842
17716
2094
15849
19716
13325
3812
6494
12045
16712
16013
14836
10429
241
5272
19959
1191
18323
12016
3498
9224
11215
37
4804
7493
14025
10774
16123
1760
14396
18456
3903
10966
9229
19718
8188
377
19036
10437
10179
13157
1431
8210
643
15809
10986
6378
5553
15316
6865
14837
1318
2274
7342
19920
15463
7617
11125
10774
3776
11260
7140
14763
3594
18979
7952
12485
12652
4333
15867
13015
18781
16395
6338
18747
5511
10826
14707
19355
8295
13221
11067
19611
593
2341
7229
2343
12945
2646
17151
16949
18316
7463
10847
1623
3333
1341
15875
4735
8859
4148
16365
14575
15280
596
17709
17980
10788
13420
4016
17502
7999
8717
8823
16535
18734
4325
16194
7933
13765
16983
16011
15302
1027
14452
2480
17679
13171
8984
16392
13257
2927
7491
17078
11776
3871
12370
18875
3913
2590
1273
19750
72
18973
15360
5703
12027
6241
3767
13441
2535
10408
19959
13853
253
4201
14967
17243
4040
18393
12295
19044
11029
19018
3565
11291
11871
4942
5050
18065
16983
16953
3783
3768
10669
18500
16657
18287
2621
7118
4271
8444
3160
9501
4460
14041
17326
2946
17413
17477
18485
8859
19776
13242
15833
18546
17734
13694
8576
6370
10752
15027
15225
17273
10442
17514
8192
7097
3286
11733
10032
16089
2143
2201
13766
2633
17128
12770
13485
19123
8433
16208
5836
16572
5557
14320
9064
1673
1699
9893
13271
14847
18583
6501
18818
13027
10293
8032
6742
11552
13473
9883
15720
14310
3037
11259
1858
815
1728
2557
16815
15838
18288
2851
4670
10465
18172
328
5078
14709
15640
5140
17815
12584
9621
16011
16776
1721
7804
10431
2659
17851
5799
6918
5689
16601
1341
3911
13987
3476
12200
3790
16550
424
13557
10847
19266
4813
71
13991
10616
14264
13080
3309
9173
4865
8845
18856
3007
8480
628
7114
8634
1361
9757
11418
12888
18934
6034
17408
4763
5564
9812
4025
7048
8789
17236
16394
7754
17572
12043
17169
9216
6360
1367
1462
11876
4048
15858
18593
1817
14268
1072
14278
15088
17956
3317
19387
13623
17314
14832
12618
19359
2826
15544
12641
6568
11210
7106
13831
2923
9644
10140
3177
12324
536
19465
9234
11481
4278
10553
4250
10092
12690
8645
19637
13081
15928
6372
19564
1452
3519
3852
15369
5890
9794
17384
5131
3770
2889
3250
1978
14649
4998
5742
3508
2422
9851
4067
3814
13160
14553
6743
918
3370
2724
13477
5789
18952
19794
6590
530
11434
10226
1913
2402
8570
12297
18264
9915
15250
17847
1145
9031
3079
793
10837
10519
8396
4007
11129
18805
1157
9789
734
13659
489
6391
14471
1025
2514
14870
4918
15505
3877
18527
364
10359
10616
7139
8220
8565
9029
15001
6602
19347
9930
14694
6437
1811
7513
19295
14909
15971
6211
5510
579
10315
1180
4112
1149
12134
9547
103
674
14349
18193
7531
14840
9391
16307
12787
5991
189
6373
14609
19929
9601
9589
5844
8913
15183
10449
7079
17030
19924
17495
7158
10266
1291
13175
16881
15515
17487
7846
12617
3573
6090
6370
10008
18897
1675
6301
16285
14159
13942
392
17988
187
10486
18205
16676
14063
3374
13065
8290
18309
17581
628
6548
18231
10943
8622
9792
14101
7520
408
18625
12642
15819
18444
17419
5932
13617
15755
9286
18182
3813
385
12055
13124
3316
4598
15677
8145
6675
3795
4566
13456
5968
11151
18338
19054
9578
15414
13183
15552
7261
9333
19827
18431
4949
9220
9097
10268
3780
304
16786
737
2350
16484
19020
6502
3937
6323
15457
18541
12643
10629
806
19483
17508
1372
10948
1107
6130
16065
10676
11792
8138
12400
16866
13854
5708
8061
12692
12886
11912
2945
11204
7381
9621
13701
5385
12759
17889
265
17300
3957
10018
7346
15446
8728
938
17134
10335
345
12377
5157
4833
19448
5484
1182
10291
8468
15476
4395
17841
19021
7234
10674
15649
3732
4510
9912
3376
15403
17462
16620
3739
17086
18803
19214
7434
10206
17960
794
18070
16278
7844
17845
7820
396
16134
4659
3977
7606
3472
18178
4741
14997
14292
17430
19820
14931
4076
5138
11815
17333
8134
7408
15706
8700
12795
15373
12806
2718
9985
5876
16878
17724
16246
709
11575
15008
7261
12482
13225
7766
15525
13238
13234
5987
17957
7746
14026
3910
3492
1925
12817
11017
6068
16488
8788
7715
10975
15139
7150
16430
13305
8879
1419
5345
2613
13673
10280
4777
16244
16448
2742
5929
16599
10171
1278
13002
13270
15754
15966
6528
7562
17031
6289
10588
6756
9640
2989
15399
10401
4645
8358
15266
4500
7232
7344
9367
3715
19542
2210
9403
1647
8096
3765
3234
13162
14950
5803
1759
10925
8545
11981
5399
4705
7979
12973
18625
10139
18854
2538
8380
2565
11045
10930
14925
12375
16283
2082
5971
12005
19326
16712
9481
10770
18039
13769
10007
18978
5066
7551
19829
14765
1244
18362
9758
3471
19845
9736
14732
6044
17492
5679
8502
11249
7065
15030
3747
10949
19731
4708
8745
7327
7895
7872
14727
1953
9657
18967
17723
16834
2458
10877
5665
3962
14671
17002
17672
11382
8810
9894
17042
19755
15335
9791
3241
4647
13108
3446
4473
19107
17213
16730
18925
5780
17172
7757
17801
3457
12634
19523
5154
2063
2092
2248
9557
7352
6477
11233
6059
9147
16876
19306
12807
10477
18834
2975
7560
14668
7818
4247
17090
1299
3565
14538
3411
18250
16009
10003
13541
5205
7341
15536
9567
11053
3668
16294
17416
13260
4875
3298
13977
18146
17825
4794
29
8292
16778
14610
9033
17540
19983
12155
6226
13019
17942
3829
15087
5955
3146
7573
14732
1698
10823
8578
19399
2368
868
2426
17291
4185
6781
4593
2791
15854
16219
14809
11019
246
9411
15901
5342
7122
7000
10343
9630
10975
2733
17474
15637
16740
5899
4505
724
16970
19035
3998
13871
6636
913
903
10612
10756
3958
16723
4202
11973
10352
19595
10498
455
19184
15875
10460
6012
12791
7167
2137
8033
12454
9810
15128
17
17345
12642
560
11411
1630
8776
16649
12564
10832
15699
17111
15823
4523
3564
12436
6953
13651
5364
6584
2041
5094
16425
4151
18276
14178
9672
13304
2055
12436
18156
8558
9869
13822
11540
1781
16289
3940
19203
16586
3613
10388
18689
18919
10656
17039
1311
7834
18527
5560
4440
9153
18514
2296
11858
13796
10927
1292
4868
9838
5716
5484
18866
233
19517
18232
18771
10102
11894
5153
7764
6150
10795
6193
10645
5656
13979
13496
17776
10127
3338
17236
3067
943
3445
10588
14787
14005
9857
4553
19544
4272
8460
13985
12360
1343
3813
18114
19747
167
16920
3560
14430
3153
14241
1659
11795
18687
3106
5816
18725
8649
12112
1177
8705
8761
19463
2884
4768
18686
11677
15693
4201
8433
10388
15401
15539
13602
7817
18704
13480
10013
19818
18126
2565
19359
15493
9894
18111
1903
18875
1379
7103
12923
7091
10269
16878
2128
3786
2564
14091
10773
19081
15340
19161
18693
975
18614
15862
11623
14221
8886
8678
2828
17616
17126
11951
14276
13145
4327
1884
4253
2537
17358
11205
5849
13016
6291
12102
970
3076
6098
3627
9933
17767
5595
1165
18721
2433
10012
3638
5698
4148
2121
12129
8902
2255
6629
14653
2995
7330
3088
8848
14331
8464
15949
18296
6326
17795
1359
11885
18043
15769
191
3106
14298
5691
3757
6730
15768
10607
18672
6103
18023
18563
6747
14845
16641
19786
9823
8022
1922
18500
18423
3230
19552
14101
16660
8255
16104
11991
12485
19399
3221
18187
7746
8756
12879
5899
2677
12338
1758
4283
11270
1468
2986
9534
16546
15774
3761
13445
4295
8635
14083
450
3631
298
4414
14907
310
8891
16321
8954
10953
3000
6063
18144
4685
18087
15650
11673
14281
2219
744
10027
11506
7465
17119
2921
16209
17865
12137
14181
11922
1619
15980
2241
4780
4952
4425
9254
17384
11411
19094
3886
13872
11460
3866
3387
18421
16476
14309
18795
17820
5784
19146
19203
5607
17156
5945
3624
5308
10880
13661
11404
14132
14560
18479
18950
15618
19693
6421
1018
19037
2025
12315
18840
10540
12527
17196
19169
17070
1049
4365
15651
16707
9948
17078
9573
10586
174
16846
12382
15287
10088
10818
11201
19648
4902
7489
11186
15365
14987
759
17660
19754
6401
3268
19483
16403
18142
5369
660
18539
9058
10606
9509
18320
13693
578
15447
3166
13005
14224
19600
10358
19941
18955
12869
15851
4778
7734
2636
2410
1719
35
2223
6179
19456
15461
17789
11000
2035
5747
12858
12257
14362
13884
19831
6041
4925
7618
18748
9448
14693
18933
8834
5198
9980
1645
16701
14377
6479
9954
2711
5475
18741
18731
952
10428
9737
7794
13664
17967
13043
11249
6967
13347
10310
8587
16667
5072
8642
16905
19577
17260
13465
2703
1080
13714
19375
13147
13614
5869
12666
15801
19926
16102
745
13862
13881
5928
1857
3423
4521
19980
17155
4356
9805
2278
11657
8719
18934
16971
19151
1291
401
3710
7854
6835
6837
18261
2755
13833
2364
1676
47
4271
7694
13190
13943
6661
10104
16796
4460
10015
8124
3044
19045
2050
2402
7902
4648
19132
12364
13373
10888
13149
6088
9073
487
4950
17086
9933
15613
9324
16041
19162
369
6776
9891
14263
15716
7038
6008
9739
14477
18760
6204
1129
8574
4543
7961
19487
16134
17254
7201
12891
7888
19762
15810
5881
13673
938
407
7534
17343
9623
14139
14090
420
103
4376
6094
3826
4485
6430
6794
6793
2061
5007
17457
3123
2222
10902
16732
10856
18080
1112
8279
8205
19743
8900
7052
17784
9220
644
9386
10222
12094
14965
7441
15694
15314
2514
16637
15142
14572
5132
7885
14787
17281
18359
11535
4070
4515
3390
3370
9649
6144
10903
295
5090
18647
6224
3804
10358
13719
18952
9238
10607
9846
8091
10243
3056
6283
6774
9850
15685
19082
19016
5031
9119
1881
505
2967
12765
12499
19284
18748
2982
5208
4032
1821
1363
78
16461
8030
15306
7385
12873
7015
14180
14899
8914
19187
14384
7016
17029
7351
177
12656
10838
13805
16322
10953
6745
893
13210
11537
17468
167
10955
3997
6231
3279
7844
3289
1532
2693
2006
14077
6825
12464
11667
15816
11613
1206
10962
12123
13062
11210
15760
8628
9304
1715
8464
4390
14906
13845
1667
18609
10715
8735
11331
5188
10562
8304
377
19915
17763
14790
2622
3702
5293
12965
16703
10121
2208
14240
9785
4313
11292
9798
484
7594
15796
6668
12620
19970
33
10772
12027
13320
18516
567
8498
19487
15523
3412
9974
17209
12677
19989
9319
17018
11896
14234
17003
5770
2847
9668
14282
6934
12170
6656
2450
14340
3053
6957
2235
8913
8019
4236
13509
3594
43
1380
8829
15683
8128
14287
18975
4054
8326
11717
13333
12731
7504
3171
19453
11872
7135
7415
13288
14214
1941
7018
10079
2937
16840
6602
4769
8297
11633
17491
11431
13161
5412
6554
5896
17668
16026
19702
15608
14295
13098
7339
7595
2510
17879
5620
9304
7647
19267
16236
792
10461
1281
18170
8430
8410
2279
10583
12992
4861
18210
8316
291
12923
14628
2700
12086
8245
6488
19356
5509
270
16278
539
14861
15464
16722
18978
16255
9690
687
1273
11230
3183
19249
2050
3138
19293
7760
9894
16223
12161
8776
379
1823
6804
110
111
16556
18156
10653
15700
12714
14482
16621
7272
13857
14299
11077
3231
18040
15589
18792
4079
8252
6928
19659
3576
4737
11222
9862
5550
4256
6408
8841
16773
18878
15943
550
14135
7693
9180
2060
2388
4651
17812
19220
8743
3752
11772
16468
8737
14662
11381
19376
13445
5401
19411
14513
16495
13549
1528
1262
11585
5831
17416
8871
1068
17924
17512
11184
10007
14621
9624
18570
17647
6732
14122
17069
18892
15720
7871
1826
667
9197
9949
12078
10701
18487
9998
15272
16027
6604
15703
10603
16884
19801
14579
5478
11494
3861
19980
14321
14852
514
11318
2203
6042
8241
13160
13886
12554
933
7415
15092
11009
19248
18545
1443
2044
6234
6003
9427
18097
5249
9448
19937
6139
17178
11614
14060
9925
14260
12998
13708
11378
13181
15208
11426
17991
12287
14433
2443
10838
13058
9210
2126
12776
2261
11974
12757
14405
6151
18647
13144
19811
6544
6238
4948
1385
13997
2813
18619
11167
9575
2795
10917
18612
18293
355
15013
17548
11640
15753
7670
14468
12484
15611
17236
1634
18655
5711
7143
18462
9730
15887
18137
12071
15356
12237
3689
19027
2486
8741
14808
19879
8177
11374
14625
19871
6219
8828
14822
17115
14049
19093
14597
12455
14223
941
1609
3525
7186
12929
15069
13304
10990
11245
14747
17072
3883
17674
13635
5677
16570
17224
11911
497
17494
10275
11907
12359
5286
12101
15434
426
17215
10168
923
9812
8485
14918
18770
2404
3410
15919
11835
5546
16112
19526
1954
5106
928
2856
9830
2058
15677
2970
13580
9266
8090
12607
12559
7519
15816
659
10005
19628
11220
11814
19836
12222
6701
8440
17940
17490
19555
19661
18758
902
6539
1358
9938
12737
8735
12412
4183
15039
1122
5873
17514
3036
11009
3413
713
2204
19637
9690
18634
11701
19813
3668
3949
4347
12905
3576
19952
8070
7497
14384
2689
17633
6691
19897
13230
5681
268
16057
13144
1248
19854
11712
6598
8293
16431
8186
5014
2354
19570
17037
11758
10618
1975
8470
17585
16156
18813
2266
3661
18609
13960
16492
17585
14222
3390
11898
18171
12118
9707
15700
13711
9632
11716
13435
17092
1408
6408
7009
14329
8436
16131
6306
9829
845
3020
4670
1132
2648
4270
11923
15021
2376
2596
2259
19000
18786
15293
3783
13789
6245
10560
17312
9696
10324
2185
9301
5704
5601
17968
17918
4599
17047
1515
460
4499
6468
4362
16482
16451
19009
6784
9748
5718
18080
19105
14363
15100
2033
10535
16403
504
4017
10639
5489
6317
4207
9568
12419
9942
2780
5835
1990
9586
18735
7150
13278
15836
3410
915
10358
13400
14700
86
7604
19882
8652
6883
12120
19776
8174
6941
2225
15088
1837
18300
4540
11420
9606
19566
4570
9233
9253
9982
16012
4400
8463
8529
18606
9411
12939
9869
12429
2961
15437
20
2886
19533
3999
302
18205
7689
16686
15046
14870
6152
18383
1899
500
5008
6157
1462
1420
2974
4561
8331
19589
5748
14060
10904
15566
18478
7203
14394
10619
530
11639
13919
766
1637
4015
15687
3550
4122
5669
16516
14583
9413
1259
15104
622
8110
4856
15325
1902
7457
4178
19703
4292
10498
2713
4966
6163
4127
12398
13312
5013
1213
16543
4603
13519
17652
7440
48
5200
4055
7814
1595
646
11851
13011
6239
17309
10905
4346
13670
10868
2558
8990
10022
10077
1663
14635
8800
14385
666
13152
161
15598
10840
5112
16107
143
9983
2740
2926
454
13348
15398
3856
5272
11869
7517
2668
2357
3829
15272
17654
4146
13528
14984
18076
14565
3758
12886
12649
19324
6149
14542
19171
12731
3430
13815
8500
4944
1994
4848
11397
6677
19142
6809
6662
8897
10241
5723
4619
9291
6054
18037
11377
17692
6325
16068
16990
7823
12883
7662
19013
17224
14466
16139
1577
8751
16268
17424
16313
7368
6681
10393
11834
10224
5888
11283
10594
16949
2457
1763
14048
11282
6129
5110
16250
10086
12503
19814
13614
7312
16051
4038
7322
13897
10838
3691
7895
17726
4141
15734
14175
1609
14319
7714
367
907
9910
582
19880
8968
9162
13832
240
126
18104
11199
1589
3715
14946
18211
19985
5499
16177
16883
4873
13235
19813
11202
8656
3517
237
15551
649
3944
9713
7263
18218
4763
17580
15241
18843
7310
9880
3678
16797
4324
9826
18915
6215
6473
10460
397
11628
19524
2801
18280
18713
19866
11123
11332
5818
10687
7152
18940
12924
17017
3011
17732
4781
467
263
10574
16416
1978
16454
17209
8076
17272
4944
15960
1684
1322
4007
9466
5473
19072
15639
10362
2956
14129
10755
18085
1560
19961
18203
6756
5115
7376
11881
4325
4765
19591
18410
8074
13498
14914
11802
2766
3362
13741
18856
18607
13823
12732
19945
19485
8022
5219
10216
10653
19622
17678
10011
3354
9646
12062
14256
12073
4715
14433
2663
7351
11199
19564
18649
8337
3789
408
2838
14159
4257
10935
10253
8735
7789
2737
3012
9290
14061
9375
3623
933
7756
451
14237
5621
5120
14210
9110
17951
19952
7264
13952
15660
725
11286
5561
16790
990
14161
11423
2322
17806
5130
6467
538
14945
18462
16316
9205
10348
14154
13304
1445
18753
3685
7661
9004
12786
16890
15790
16060
17997
14720
8089
13114
15589
10520
8333
16366
8785
11170
6777
8074
12014
11131
4559
15508
1504
9271
12727
4530
11477
14328
15968
12145
1738
2537
12625
8914
16039
13273
8702
5970
19494
12311
10614
5428
3442
11110
7385
9197
15177
12125
8615
5259
11683
19070
11604
19811
15341
19024
12311
17494
11662
17820
6689
8479
15275
6497
13835
2651
9765
5140
19401
726
4064
2519
19387
19918
18431
9268
8705
7270
9739
9719
4590
17833
3827
19430
4374
17081
16461
9725
6017
13139
14234
17738
18273
16897
5351
1314
2560
12028
17359
8062
19155
16859
4703
8246
14507
14812
18098
13335
7338
6574
6970
16164
14674
10841
16224
5543
13625
3755
1859
18514
5273
18271
15164
2679
17156
13964
15234
5056
9492
18215
11689
17419
15136
12310
2342
6854
8715
19699
3565
6371
1975
19256
1627
6840
17143
877
16368
11478
18722
17932
19572
6051
16067
11629
11610
8886
6732
12499
8898
16495
8363
17810
2072
15568
4213
1627
249
15708
7647
7173
11894
14347
8012
1978
6642
19879
17985
7739
9093
14694
17812
10769
2659
9060
13538
5233
9879
8924
18175
14955
9832
14114
12008
9104
16126
10784
15093
957
7517
3596
1643
15752
13360
10691
19822
16998
6530
11748
5427
5430
5
8683
13747
9646
14005
8040
17275
15200
7606
14907
16097
17480
6266
16495
2705
6997
18464
19120
13349
8305
13462
11882
19987
18575
2911
6432
13248
7440
7983
5253
15186
7186
6643
18490
11907
18326
18477
4549
5490
7372
765
18250
13332
12029
11772
18729
18600
17173
9794
16275
7623
8299
167
12490
3994
6894
9254
5877
2854
7181
9598
7996
8130
17155
8274
806
17417
16190
4016
8109
6123
1483
2991
14907
4222
6591
6737
8451
7250
18916
4616
17790
11425
13982
18645
8320
4421
6649
14347
18710
8452
19505
12434
1375
15015
6909
14248
6948
2504
3641
17378
18229
1417
2831
18928
16194
10786
14274
8062
6962
2418
7190
11222
16548
18807
9471
4899
10496
10424
11716
17937
15864
31
1200
13232
2048
9988
16853
18264
12167
15013
15517
19750
5105
2130
3438
13540
5107
10916
2265
10534
13611
17038
5120
1105
10361
2923
5985
8790
14397
13655
12004
3324
14510
17370
2845
4124
17460
2111
15165
2150
4324
9762
796
4192
10965
9800
12603
9903
7267
14057
13433
7374
18912
14152
12212
11611
14290
4835
634
19153
5229
389
9163
10064
3181
19001
8876
16633
8303
15642
12587
18261
18765
15653
12074
14838
6325
19600
18570
1205
7494
660
5910
17049
17286
12005
10152
10841
8322
5186
6684
10777
4258
7848
1615
13297
12360
11393
13971
6764
12454
19162
11090
10443
10809
16562
8636
6153
12421
5581
1616
16634
17230
3721
14371
12780
4881
7240
6223
8368
11677
716
15643
7634
8241
4898
13667
6371
18035
52
8388
856
1258
8994
2854
4555
12665
7851
230
14783
9497
6757
5407
12418
9490
3276
7541
9387
661
8599
12414
19138
18008
14470
18252
11615
14799
9656
19355
11978
6947
2745
3028
16865
15410
3352
19612
8505
4196
14102
668
11452
9381
13690
12493
18641
17347
17314
3743
16345
19878
4948
16743
11444
18854
9075
13507
14820
13934
9709
4843
106
9388
11921
5462
8429
15057
10654
12294
3609
11883
5974
9553
3683
1212
1201
18189
5547
9015
18478
791
13594
12567
4068
12159
4427
6364
4663
16596
6406
18083
11943
16616
18279
15584
15618
4735
7869
16795
1273
17274
1807
8804
12879
186
7641
14164
18190
13875
18580
1186
7316
7695
8275
12670
9163
2939
15049
18733
10679
14994
6633
5602
5800
804
19429
6805
7567
10659
2936
19363
8172
13034
12447
12002
16678
19115
18081
18847
10740
16115
3728
17750
5657
17883
10440
8525
2605
12430
5556
17614
7861
10642
15472
15615
5461
6549
5704
8287
10236
12949
16127
7167
7197
14380
2221
18970
10110
8343
16480
11123
4105
16001
16067
7050
4768
16944
636
5754
1997
17356
9454
2834
13175
19335
15711
17934
16145
18734
13556
4177
10861
12971
3161
6145
9902
15059
893
1535
12731
947
921
9058
12559
8914
2385
11663
17421
8354
12819
7991
16048
8873
19869
845
18561
1735
5083
1762
13922
10979
14766
8767
19463
17078
19560
8414
17924
13587
307
17094
18881
6642
1457
17825
971
856
17822
18491
6372
13605
82
6233
9242
313
14531
3316
1685
18883
6664
12177
17066
2728
2392
17982
12429
4461
4496
75
17059
9249
19187
15362
10325
7113
17228
13284
15873
617
3887
8802
11338
3148
15709
18869
2671
10609
6790
17562
8761
1106
8169
16205
12558
16465
12663
8097
3747
3874
9110
3322
2063
1167
15681
11655
10106
13996
4461
6079
4724
8632
15078
8439
12514
12556
6103
317
3667
16291
15145
17940
2064
12230
14115
13164
12370
15379
17199
9181
16270
19337
7613
10784
17515
3219
12993
11914
6485
5806
824
11718
8329
4249
1352
16238
8816
18680
19045
16582
17001
10117
18671
11093
17631
16500
10521
3648
6778
17633
5765
13061
11441
19320
18282
10513
11165
18240
14648
17086
14440
14693
2418
6701
1316
7936
13786
7067
19961
6438
7466
2371
12182
4618
7454
12977
15081
687
2480
13598
1929
1902
3003
3309
13776
14881
16289
5088
10631
4426
18248
13848
12793
15778
17247
14279
7785
130
13374
11444
6912
8295
3147
19466
12318
7686
11609
10557
1138
652
16971
11738
10788
16816
1111
3402
10032
8600
3717
4899
14477
1157
4278
9963
15115
8220
7554
5194
10300
9489
17497
458
10761
18034
395
18542
17317
6733
19780
2700
10686
12287
18543
18312
12111
8954
13787
3247
14067
14227
9659
1069
13813
6885
17990
10699
7331
4261
12287
11816
19584
8739
2352
11059
15384
8153
11535
15074
15822
6771
9059
3859
3538
6908
8479
10844
782
161
9772
2000
4639
7107
9254
19857
2849
16447
925
10701
11683
15410
2203
11863
4858
19915
17509
5698
1234
1553
10491
13980
17022
7885
9785
19653
5776
7382
7648
17674
6309
10711
16719
14786
10648
10879
5514
14821
3638
17861
9981
19620
10225
10390
378
10793
12046
10845
3742
5036
4794
4973
10065
10222
7545
14862
14476
19830
5183
6817
4725
6502
15383
11794
2886
13945
9312
3993
4685
443
19768
13837
6124
6981
11025
15494
15487
13907
11808
10093
1213
9604
10932
9538
24
3694
15395
7978
19871
3131
5696
13523
17155
10020
11657
2085
18231
12168
11805
16966
18032
9064
4235
8298
19820
17027
4709
10486
11311
13481
19091
16783
17160
12638
1860
9284
16978
878
17344
15125
18518
1287
6777
18526
4782
19127
12415
803
11428
14883
16402
18650
6233
7393
1682
10320
578
19154
16563
1369
19949
7359
4269
12536
11361
7407
751
14214
6147
19843
531
10499
7125
9519
14765
7478
16217
13237
4093
8515
17363
19934
1796
13224
15596
16312
12115
6739
15923
12103
8958
16004
13150
5417
15792
19226
19214
14763
17496
6749
3856
2145
5633
12744
8096
19814
768
4305
4232
1936
13062
8182
16775
19214
2389
4325
4301
1218
14512
17704
7297
10901
13803
14827
4517
3707
1729
16971
12594
17892
18180
8925
19197
6172
8014
6136
539
4352
10550
10049
2945
12669
18783
11953
17315
7591
11179
8133
13054
18354
11789
15233
9874
7569
9916
16993
775
15657
10115
11582
7376
6353
9397
2298
205
9160
11262
19336
8106
8882
13780
15354
3205
8016
13164
11977
17709
8380
19082
13595
7654
15326
13904
3092
5641
9166
1367
19995
7559
7303
17244
4135
1582
2019
881
13063
4485
3480
4244
18123
7249
5423
14333
850
9658
3582
4177
2352
2376
4225
16308
17020
18663
3961
539
5076
2281
7712
11551
14573
11562
13224
14766
826
14639
12304
13787
6104
3528
14306
14070
10165
17716
9516
1718
219
19780
4537
14610
8764
13752
2763
4911
18395
16645
10999
18164
3669
7096
7580
18361
4042
15316
9217
8382
19532
6327
7179
18360
6275
11483
15065
4454
11194
13464
316
10849
361
19046
8181
12498
18304
5888
397
9598
12077
8165
13835
11388
5355
8600
13686
1320
9863
13864
3783
15344
7599
13321
1705
6187
6714
5729
2640
8233
6734
3103
8883
1188
15058
3493
10696
2102
4272
13990
13563
14310
17318
3690
12330
6682
18058
13039
6336
6288
16088
18538
1068
13543
18105
19883
2237
2776
6161
8383
10237
1506
4293
16174
5798
579
8424
5828
8965
19266
2113
10765
17290
18953
19642
2617
3785
12401
7943
1408
2416
11189
1936
11807
11557
13064
13693
13440
9212
2147
15198
10424
14578
19351
8532
19081
4137
11968
2943
17864
15648
3674
9381
14937
3821
7181
10172
2902
17626
7396
4820
5039
6618
124
4196
3691
16102
4728
7119
16076
7129
12433
11475
13105
6180
18442
10414
13077
9070
1313
9869
5684
7564
13729
5906
10222
5017
9045
10273
4292
4210
536
1383
19808
5617
9576
7624
19249
8643
5688
13027
13747
11112
16324
9284
8461
19495
3264
15687
1908
15531
15657
16899
17485
31
18333
16219
240
11169
12806
3452
5096
6981
9745
10099
9846
3113
6525
14351
4117
15792
2031
19950
14105
18910
17123
10823
9681
7887
2748
12883
1643
14388
2268
12952
16854
10859
18448
12179
13763
19001
11619
19618
16325
17799
6419
10412
6231
3223
5952
1294
2749
11585
1120
6370
5570
8526
14095
2861
17056
7536
4964
646
16383
19388
1727
10078
19668
10309
18399
12337
2251
10678
15728
6727
12896
10092
8545
9830
2470
3918
5779
5624
9418
18154
17294
7957
12434
12237
10734
9453
19199
6302
18842
7156
12626
13431
9237
4234
1835
705
19661
12550
4204
7404
8593
5726
7740
4488
10016
8150
8615
9634
6492
9186
19107
14270
9214
5082
2029
7054
3267
2873
9842
14092
8291
19954
17642
12090
834
624
14302
243
15328
14983
5322
14029
19595
14524
10269
2958
7828
974
16638
15816
11967
16384
5737
9811
1364
14341
2519
5349
14770
8838
16252
11024
16995
11506
5545
19160
6059
12355
19857
10927
3290
6601
3721
18383
5953
917
329
4628
19937
13668
19023
8980
18622
5606
5699
19035
15443
16714
16404
12743
4000
18888
14177
6141
9374
11402
212
12166
18098
3672
8137
14345
3872
3454
18253
15942
2167
15357
12162
8332
19242
14603
11454
11416
16607
3175
19666
16140
2272
2429
872
18855
1839
4466
14406
6630
5751
16173
16720
5303
12413
17442
17706
6165
3478
7868
9050
5701
13265
9031
19148
2124
7285
599
10351
14123
1189
1784
17949
18680
19936
5171
16824
17210
4102
8985
13967
12192
10035
13039
5152
15167
2704
14390
7415
11175
671
15190
17653
576
15572
19079
10444
8838
15012
10844
3686
16254
1589
6860
13062
4212
7028
14878
10022
10707
15590
14416
4479
12608
8086
8580
14695
2035
1709
18600
9429
690
18528
11681
12064
19692
3043
15475
10277
11183
5020
7470
2183
9159
7314
5657
17841
2100
16611
16244
2807
17190
8885
18445
10555
14104
14820
2145
9163
1222
4890
9100
5863
4972
4701
10895
18560
18972
3011
5981
14428
16539
8160
6498
18134
1401
11936
13328
16067
16652
16208
9320
3343
7752
5078
6273
10886
10685
1185
6072
15630
6348
4346
10549
3570
15431
17754
6741
5849
18213
6550
889
4085
3166
10806
6251
13912
13897
5315
10792
7807
5424
3102
3246
16371
19724
14765
18403
14661
2499
6224
7007
6262
15386
18322
952
5369
1720
8635
6920
1392
9978
13666
17725
7698
16940
12704
9916
5263
12394
5024
5107
9162
19924
5682
4794
11493
15239
19230
18469
15387
17406
19830
15785
9606
10500
5541
12936
1057
2260
6403
6555
16295
4975
13226
18427
11162
13273
6435
5451
16064
15473
12570
3398
17416
12171
12656
12609
3914
5292
19054
4476
5453
12161
16247
9482
11426
6077
18775
15706
397
6125
13816
13154
8035
3033
10291
11911
5039
5785
12995
15980
15279
1777
14357
244
16252
5547
10331
8277
3527
13840
3040
14427
2558
5986
14359
16374
6893
19609
1356
8802
11426
4600
10684
945
13513
7723
1024
18295
3766
3807
6147
2257
14305
5470
18261
16722
842
7974
18585
14860
7390
11173
793
2776
659
11988
10745
5890
7725
16300
13865
14643
2371
12329
14387
18172
12507
1050
11349
253
146
9473
2089
4559
6648
5389
7775
9396
10296
9266
11244
12121
13397
7330
1147
9380
18063
13546
8578
3360
17029
1931
14704
4770
19957
14484
2755
14840
16191
7449
1302
8749
6279
5393
15991
12987
4345
2545
6230
10829
5383
8097
13401
13936
6254
18296
17900
1174
4759
7738
6454
2342
11801
5802
19912
13923
13083
1772
3150
19767
18743
6780
15015
6844
731
7333
210
10024
9289
5791
11294
5586
4573
3144
10308
13221
2895
14141
15856
8096
1358
8310
10489
3623
9613
15580
13202
2282
9242
14983
281
14319
12137
7576
16397
11518
18479
11119
14909
5162
19658
13130
16028
8695
8990
19387
624
19980
3034
3589
4297
4439
2681
15571
2575
983
2821
13173
2548
7562
7254
17496
10216
2867
14967
16576
12203
6279
5354
8324
13054
7061
322
12134
16435
3120
18381
2094
10178
12282
19029
7811
10653
19054
13084
9605
8379
15274
7909
617
3345
19607
11794
8146
18655
5335
17159
12169
2694
2730
15117
10520
12279
2493
8211
15880
2055
17936
19663
13269
10206
14945
3586
14187
3471
14618
8058
2976
19618
19028
11537
5230
19053
1319
594
9354
5281
19183
16956
6822
8737
7388
2111
6079
19373
9174
9091
4
5756
16459
11879
1316
1512
2103
7847
12114
8291
15759
16888
536
12424
9386
6061
2069
2892
15724
8027
10197
6964
3472
10137
11531
11904
2993
65
18253
7172
7957
3764
11500
3735
14135
16570
11279
19460
3695
13543
16075
3774
13408
505
4129
5521
11422
5661
15540
9843
13850
5009
11909
12570
16012
18692
3981
11143
476
12826
19318
9343
19980
9324
406
14843
6374
2668
19241
17589
12317
19174
14283
5187
9090
17697
6159
16256
9926
2629
5726
7813
6983
2455
15759
7447
7193
2784
11295
1370
10962
4076
2606
7716
3185
781
19830
2828
6156
9504
14472
6656
1301
18503
17413
8278
18953
12053
6293
18203
7925
17097
11976
4519
12421
7538
519
9521
17706
15697
11094
12414
4646
731
1288
17493
19063
445
19551
16014
4287
4346
446
17833
1260
13072
14669
11324
5032
1721
13385
16740
19071
6925
2981
8251
18216
16197
4065
13290
14835
5722
3493
15286
2541
8044
19642
15831
9843
9439
7973
4486
12240
14527
14433
1076
564
7844
17240
12023
852
848
16061
11615
3128
5494
15177
13287
12230
12917
9297
7208
9000
6561
12352
10567
11451
11075
3894
17486
5911
16150
6013
16599
3894
13970
419
7909
6179
13703
9081
19181
9665
16543
9223
8306
9909
14374
2921
11887
6641
19589
10410
844
17917
18185
17468
6003
13572
11651
14481
10173
3544
6824
10970
18278
10787
7961
15321
3839
12076
2141
17796
17218
674
8457
11225
12831
2664
7298
9816
245
13949
9754
18082
16253
1959
1750
14124
8928
15803
7920
16256
7817
16651
248
10576
2709
12748
14197
8407
19655
7875
12202
14734
16408
14252
16595
4264
19020
6279
11022
17227
14431
13023
6519
12300
11006
14424
4972
1829
2482
2613
9391
15381
3638
4227
17418
16212
8234
14629
11148
8593
8833
17084
15153
2347
3253
5139
15393
19784
15451
18565
6543
4885
9456
1227
11265
8571
9074
1126
3311
11354
12875
16037
11044
16069
6536
6292
17058
4281
15689
16641
11746
4955
12881
844
16824
16301
12924
3818
17781
9101
1328
6358
14375
14091
13868
16469
10619
8260
14206
2180
2563
11776
18833
6400
6450
13188
11779
12018
707
18772
17588
5397
15322
16873
18202
9509
6722
267
82
17510
5654
811
9329
10126
16667
17600
5464
12752
3274
16764
3974
8646
8204
10409
15591
15706
5502
13638
2410
1745
5427
16440
10417
13013
12185
13871
897
14333
1299
6390
13529
411
17478
5174
13600
18913
8784
3048
2775
113
5074
2165
19021
17600
14254
7340
10129
13510
9259
15486
1186
13893
4309
3994
16995
11508
8194
15904
12266
1447
2927
12100
3703
12604
2313
10818
12162
2852
16776
4696
19309
19820
19478
3620
3801
7591
9837
17306
2036
5466
3998
10466
15119
7651
7309
3565
17230
15271
7514
3346
1305
6071
443
6121
5072
15390
5572
6530
19867
17769
809
8963
2623
7732
11578
5629
6284
14413
19853
4426
883
5287
5082
13285
5141
17726
15295
11813
5559
18817
7940
12951
17778
10657
7161
12823
4070
13652
10235
8204
10223
3846
693
9917
5455
11038
18563
5684
19979
8904
14162
2381
14770
3044
10980
19706
4600
10410
3599
151
11105
18967
16421
7045
3352
7033
11278
14725
10879
5332
8049
10738
13313
19886
14674
7739
16035
18557
85
7804
15866
9771
1824
281
19030
11331
16159
9686
15707
11707
545
6710
10064
8669
4320
5166
12368
15188
18462
16964
11454
14543
7946
16041
6230
17173
11394
6193
13279
9958
1299
18507
284
12906
4796
15745
5154
9656
19536
2926
5763
18533
8185
16726
15400
18887
17338
3399
2430
15108
17645
10058
1512
9788
7148
15174
12306
18000
2155
2129
19269
9357
6881
6900
9910
12089
3976
2714
17178
1305
10170
10292
1204
12924
16251
204
9582
6728
16246
19812
18278
13503
8064
18155
11711
16749
17720
13755
14617
6481
6480
6834
18523
14310
18533
7210
7405
18060
4585
1079
994
13688
8258
17789
3314
6613
11020
10572
3813
2453
1337
18521
75
18040
7737
5562
5609
16311
3124
2461
14767
16878
17972
2917
14532
18244
7104
10851
12258
19800
6723
4685
4767
9545
18092
4509
7296
1314
1038
17097
3826
961
3911
16218
4979
1059
19549
19723
17994
6094
4676
14432
16759
3129
19837
14944
16613
11804
6457
9969
19484
656
2555
3855
19571
19746
5371
11240
8291
8441
12230
18295
18647
10401
1603
26
11232
10804
11472
7059
4228
16389
5291
16824
8854
15080
9742
11959
11457
17761
9105
14313
19037
5607
5843
11697
197
8693
11891
1426
18175
10061
12696
16266
1338
17833
2641
7823
13782
3072
12631
7013
669
2321
5038
3865
17936
5102
1642
16444
14044
1192
3727
3103
15915
1747
13648
1416
9814
14166
3769
14415
7416
13746
1480
1207
12702
1196
13686
1772
2427
11193
14324
9781
14456
1349
17488
9462
5384
19392
7895
12486
14074
5925
7028
13863
16264
13415
13079
10919
4812
1531
16913
242
6770
15965
14075
13202
16968
16576
502
4196
4177
1973
16077
17912
8026
17814
14358
19557
13572
5200
88
358
12704
18955
4903
4501
16056
19608
7498
16675
10794
5078
1566
14001
17808
17600
4851
6893
2202
15286
15732
6797
862
9959
14756
2401
12869
14712
5412
9432
12230
6515
17457
6674
18576
17487
2410
10461
6721
13464
2255
5807
4148
11035
18692
15262
8567
6129
17045
8031
9178
14501
4917
16665
7427
4835
9663
2533
12607
3454
10301
13477
8019
19070
4966
4606
15793
16773
15745
9715
1445
3901
6344
4607
12079
9600
15305
3566
18155
6274
9670
16409
1324
17695
12444
19293
14407
8221
1632
14935
4491
15325
3909
12734
12207
1220
13435
2364
5764
7744
18577
2826
11273
19322
4411
3528
9150
15799
13518
2614
11888
10153
2920
11761
12050
17688
205
7565
269
3465
15277
2732
13742
1865
15393
3832
6142
15097
11220
18115
17487
2741
4830
6264
1745
19010
19274
13181
17701
6676
16794
9448
3497
19417
18625
9563
594
11398
4430
16669
11576
5788
776
17430
17259
598
725
16775
4707
3505
8885
3268
4277
7384
11371
8079
13921
19307
1147
18579
13832
5548
13422
7065
2587
14183
17427
19786
19823
18939
6977
6881
18445
8
9751
11852
11110
6039
12580
3167
6755
8032
11650
13845
10810
6077
4316
6021
15132
5577
7377
4381
13740
4339
2737
2013
1738
15845
3716
4754
17838
10796
19402
8749
19696
13091
17853
5919
12803
13344
14674
2228
18114
15739
17663
12106
17570
11767
10774
16940
10344
9902
12527
18383
84
12989
11268
19752
19802
2089
12822
14407
8017
1228
17838
8725
3173
19808
12381
12422
10983
18055
15204
6554
8740
17876
7696
9078
15474
11098
8797
6873
12423
112
10747
7902
5060
1533
7982
1614
4847
4837
14895
671
12862
4208
3344
6252
8591
8627
8509
4818
17205
12254
6622
7429
11500
9889
9721
13581
8973
17596
4404
8896
18430
5345
1304
14269
4449
5608
5809
13986
15180
18639
10226
171
18040
17484
7669
4264
12851
6128
12288
6777
5137
18586
11683
16104
767
8981
3966
2148
7448
11055
5184
6933
4816
9303
4521
13057
1070
15441
7793
2618
14486
1050
19490
3361
18468
14579
13536
18171
5045
1772
17674
14702
895
4206
1368
19353
14273
3780
12035
2862
3189
1319
10020
16524
15938
18277
17236
16061
1103
19342
3059
17512
17745
3450
16261
6452
5
12218
9398
155
13113
9305
19518
3878
8100
5551
10016
9098
14774
1699
2732
16319
14154
11097
11620
18841
6073
4159
18652
15237
3336
17840
12923
17410
449
15748
1726
697
15071
14740
7899
3834
1954
19341
13282
9236
9475
18321
5856
8081
18754
8260
13021
3212
11419
19385
17190
2480
18263
9402
4901
15822
3166
14094
3180
19322
4009
1386
8976
10019
1046
19479
562
7757
3190
3291
19769
813
3296
5575
635
17024
17512
18716
3803
104
4106
9467
9068
7684
7616
8840
1171
4107
13172
13306
15594
15077
8111
8130
14913
14918
18127
6293
16191
19400
18263
19287
5639
13828
16256
14694
5590
3116
7181
12576
17992
14408
1853
12114
12570
3755
17914
8063
6186
11569
14798
10985
9210
9143
1013
11038
10900
15799
9965
2658
15495
8799
11306
18517
9072
6029
14822
1633
17332
10121
5717
5827
15433
5791
12855
2291
12981
19831
18887
14865
16142
10131
15664
19278
4512
19941
18688
11092
11853
13386
18228
18451
5774
19046
18994
19082
12024
8029
2198
270
11962
7915
13284
13369
15395
12194
1212
9426
8800
16030
11404
14676
8163
1894
14335
11454
19295
11488
5555
7896
16784
4913
12777
1564
10071
15601
13813
2024
6691
4423
10005
13631
16395
14598
19614
1846
16024
6051
3633
4706
4960
15378
9677
6235
19693
10940
7198
4205
12668
4767
5812
732
15200
10242
17518
14289
5447
3284
4309
2181
15989
4256
10277
4808
4140
1678
12998
10927
15853
9465
5305
9240
7960
1512
9614
19483
5520
556
9970
1871
11834
6965
5413
14645
17539
13617
2825
10405
4769
16674
16055
4852
2578
2395
14764
15167
10305
18999
12609
19446
19559
14294
6072
17479
8013
9748
3250
2758
16144
12391
1309
2135
5118
11126
15723
7576
16988
13585
4446
9517
11274
9137
11359
6345
10270
2828
14542
5877
19981
17460
563
14593
9416
19310
18611
5029
6883
4170
13790
3154
13905
7524
15653
10809
10475
10037
394
11575
9807
15862
5455
4797
2181
18771
13328
11288
1149
18408
1645
6753
5044
11355
10143
5955
10070
17685
2188
8195
12733
13374
9558
17937
1271
13108
3565
14571
3078
6184
3909
616
3520
10709
17410
4200
8599
9469
10576
6517
8723
12514
1711
19349
3387
5790
15531
6255
883
1664
8553
6040
11488
8580
13150
13721
14182
1741
12250
13599
18258
10273
19841
19646
5363
15009
19002
3459
10019
17956
15329
11733
19620
9871
3351
10886
15622
18323
17689
6012
7013
17442
5166
5110
1679
527
11129
18589
7554
11010
11823
5002
15412
14069
18882
13070
13069
17103
6748
7009
17806
1338
16648
14026
18357
9282
14762
9864
4344
16492
17166
7579
19823
15472
14205
3026
12974
501
2701
16306
11248
3048
7024
6015
9967
985
1996
10826
4272
13618
13995
17047
2332
12532
16232
15530
4552
1871
9898
14254
8854
2398
6830
13249
8852
7325
3516
159
17378
10953
16220
15498
5618
9682
18465
9875
13608
3551
11587
6471
9889
10814
14795
14169
7344
8902
2983
17640
9442
13131
18237
3149
17155
14941
15036
8963
3130
16222
4142
2995
14927
9438
8203
9978
9165
3125
7559
16058
6211
7836
7786
11226
15300
10632
3264
6139
13390
10532
8263
9304
2952
4937
326
11928
18820
6397
1438
9364
7556
6694
1688
13695
17592
4041
4765
12151
11302
12132
10725
11303
17795
15684
13703
22
9149
17731
12399
2832
3067
4545
10861
11886
2076
12318
10826
3716
9596
9362
6998
4008
14165
18985
10621
4058
386
7390
18392
17556
11807
16531
8479
17711
5836
1066
2012
559
18064
9348
19323
6476
17082
9875
19005
9855
15107
16541
7084
5989
6064
10736
5577
6675
19411
15292
18753
10262
16080
18642
12414
15333
12573
3575
7321
9862
835
18852
1581
5561
9122
606
4456
8197
19441
6317
13019
16285
9058
12955
18032
16303
4739
16202
13498
14889
14433
6962
1960
12008
11719
7703
17300
4286
19813
771
12728
6303
7244
18629
16256
616
16213
12773
2650
16077
15329
386
14090
11486
3867
13387
13210
15061
14874
19734
559
18078
4995
10016
10839
5155
5099
18242
11006
3923
3833
16076
15199
8175
12522
3648
10967
7921
12526
622
17302
6009
14352
872
13679
14549
16980
10465
19279
9036
10168
18310
19146
17703
15357
19865
5840
2396
1279
14822
5599
3929
13055
19973
7282
6793
18978
11179
17303
14790
8690
11660
8191
412
19298
16721
5390
11670
3887
11089
5842
295
19714
2480
9264
16022
14514
10577
11642
3783
5287
16121
5372
3074
18297
9506
17174
131
1847
3384
868
12541
547
11892
2425
13259
7546
6386
3019
19285
16338
13713
519
5755
19740
3078
7077
6017
13672
15229
7158
18935
392
10382
12858
17508
5773
5016
6254
16495
10157
16092
15522
5673
15559
8857
13577
17690
14237
2207
15529
14790
16383
1938
4275
380
2569
19197
428
4283
16898
7152
13034
17345
19045
600
1050
11186
477
1658
6718
18049
8426
3500
1045
18590
6816
4847
12978
19804
15502
19084
910
318
6332
9226
5048
14653
19213
4201
459
18040
14084
13215
3961
15641
19139
17485
17059
13920
10863
15389
1258
18702
11951
11578
18752
18160
3923
16459
2040
15046
7922
5357
15196
10447
11019
5452
15292
13811
12013
5694
18436
13229
6962
6109
11047
7666
2246
2015
10200
5090
7686
7380
12023
3722
8483
3899
17704
17460
15141
7968
16607
3596
8044
8918
18616
16623
12210
10797
9699
4178
9837
8944
15036
9292
17424
3263
12664
11521
11633
8612
16924
14157
5893
10195
2568
12777
13480
5218
6161
6172
13689
12931
12460
2817
2721
16475
5829
13617
4372
15264
6703
19373
624
8851
9431
8011
14434
6647
10065
8346
1321
14254
17492
5075
13394
14159
3553
19294
17154
13829
8222
11358
8018
2183
962
11418
15860
18863
6121
19177
17300
19994
15718
2681
6618
1723
7992
14300
15948
7196
2165
1840
19505
19026
15012
2794
10160
6427
13191
2302
5110
18967
14773
13933
1654
11136
2213
12555
7754
9640
13222
17483
16344
4206
844
18474
5873
12892
1988
16597
11187
4831
8873
2232
3021
9092
7855
3781
14210
4844
7101
3644
5351
5100
12312
925
18887
11587
6586
8647
1767
13240
15777
10252
4067
12176
1251
17907
12918
5897
15839
2857
5209
5814
18991
14630
17123
9208
11867
17688
5230
6261
8199
17806
8890
14103
17036
13570
12747
4579
8227
2307
1838
15605
8509
19070
15865
309
8049
8265
11119
9400
13293
10605
2083
10165
19373
6285
2516
8609
19594
13047
471
5994
2345
3333
11187
16077
19508
11056
6117
10613
8838
18163
11811
2481
7680
2551
13374
2480
1337
16576
13248
12827
10642
1779
1173
1935
17831
16482
11495
12789
5537
12342
2881
19040
8744
10520
21
10755
5526
6460
5945
19020
6119
9034
16523
7489
18060
2954
17365
19125
11167
395
19277
18119
18801
9745
8499
9560
3519
3577
4029
17703
4899
42
3280
16074
10439
7161
2308
15787
3924
13048
7082
9277
16136
15581
17418
11513
6086
9387
11012
2713
456
14879
11448
18192
17839
9337
8386
16229
1211
1829
5661
8106
2006
18373
13000
15805
16042
7741
13701
11034
5043
4410
7326
539
9423
8544
11811
8205
6290
12366
10062
1552
13559
3248
8328
6091
2128
4481
6532
5865
1150
6331
7113
14676
12092
10525
15981
1036
8854
7991
7260
17028
13559
3189
6680
9466
8288
2694
10202
11761
4852
2120
17847
18221
6928
16241
8959
5578
5240
15196
13502
8312
19148
2319
2181
663
3834
13349
16867
9452
18030
13820
2892
13085
15492
5533
3228
10863
5149
18788
6421
14329
11023
18379
7203
18916
16247
6039
14113
1217
2891
7710
14101
18119
17802
17044
12758
18280
18772
17617
8430
11631
2678
17376
10586
11353
14173
14022
13230
12013
7500
877
16757
408
16489
9325
1814
17545
11057
18102
3059
19206
6316
2076
18923
9002
16059
1567
10239
9212
2414
15893
11474
2028
12466
7479
1577
19692
9447
2789
6066
8072
7536
7031
17216
18052
17188
5537
6228
14385
13281
15713
5784
16748
13824
6536
10982
18259
8963
4163
16901
2021
10475
16070
12179
6228
17639
3668
16958
11305
16774
12876
8812
9269
9357
17299
17178
8816
3076
12411
13537
2064
6763
6093
5077
5703
5483
5752
10856
6872
12231
6357
12716
4632
15728
13590
15573
4830
19064
4491
17052
17798
13214
12497
5664
7400
840
16856
2118
5583
4943
19215
3490
17177
7060
11918
12302
12202
5040
19423
18679
13197
15113
14217
247
10184
15649
1915
14684
891
18633
19410
9864
19925
8722
7655
3346
3187
17540
1912
18025
9014
9031
4849
9209
992
2367
2647
13158
10410
17813
3953
181
16805
3504
6867
7818
10539
4194
19912
10284
9409
2526
4123
7717
5292
18920
15650
9606
1996
13157
11624
4999
2810
17905
18486
5291
2137
7280
14781
8770
8732
4732
18850
4040
3348
16861
2022
10762
15860
9782
6673
17257
17667
2812
1275
2968
7517
17634
9078
6752
14183
9327
2779
19842
11245
17361
15024
11676
8377
16875
8403
6885
4626
19786
10886
10578
4847
2677
2391
3515
14806
13891
298
17912
7606
12038
4581
15428
14109
18341
952
3684
16375
13735
14247
18657
4580
9451
1781
11728
9428
2677
1710
10163
15521
3491
2994
953
17481
17341
6393
17216
11495
13963
711
3803
10957
7104
4686
13454
17568
17012
14650
17558
11984
17552
12189
12070
8627
2499
10936
15148
12637
5297
7234
18226
18333
19882
13496
6624
18455
11961
16097
11806
15769
17875
19965
727
11677
7887
13034
15930
17082
14933
4306
15834
3591
3087
8820
9653
3950
9116
1453
13202
18632
10851
4291
17731
19674
11301
11150
19434
11180
17291
9475
13496
3202
830
5630
13297
15865
15958
3820
9675
7103
1034
7187
4180
13615
8870
10974
4147
5576
12027
13928
13511
4426
18512
18532
685
7372
7510
14983
7389
11420
17145
6227
12275
10036
6642
4512
5259
19797
19129
4777
11269
5571
8664
15569
13001
509
4955
2224
3108
10583
10724
2206
1488
15670
11835
19610
19953
7143
10978
17239
92
7164
11974
1572
8434
6916
9553
1206
4938
16390
8797
6165
19021
1722
2947
18848
4411
3236
241
12925
363
15246
3098
12513
17807
2592
14056
4056
18422
7999
12716
3826
12715
12287
1750
6315
11834
2278
9504
2388
4659
19775
2980
18595
14759
14487
13390
19732
3247
4920
13
282
13004
12768
4259
12071
778
10621
7035
8979
4413
12679
11578
8812
19501
2874
2670
4059
10190
8046
11715
17839
17864
13717
18644
5288
6582
14128
735
4193
12170
10190
6321
5403
18317
18818
5985
17923
13667
1984
5113
14751
13581
11413
2350
19130
11336
3808
19504
7273
19155
11344
15933
10841
19407
7323
6065
19640
14271
14455
18104
3740
3502
10873
12355
11187
12463
3049
2169
6185
6112
19166
5445
7440
16936
699
1773
9679
6495
1669
15427
19689
10605
19456
10004
3432
14474
14469
17885
13574
8357
13698
8286
2392
18816
5262
6823
8279
18296
8423
13262
1517
11427
15818
9475
19417
8178
16366
8891
10526
19926
4126
15720
15790
17183
5393
16874
16558
1503
7944
3870
3911
17260
9603
17076
14089
7141
7616
19615
14427
11276
14769
2118
12419
7058
7641
4535
9710
15280
13411
1435
8029
3953
14942
16133
15565
11405
1177
16740
12257
1968
9879
14935
9518
2682
17775
4640
19395
14431
419
12081
12851
16270
8251
1539
14048
16335
14366
5766
4293
18662
3756
4787
3584
2100
9818
3357
16474
13852
8074
741
16276
11459
13383
18285
10129
6704
16954
3748
8986
9908
2156
3040
16850
11651
11417
18762
15094
11616
16301
1811
10704
19159
11742
15077
6297
6915
13381
11092
6088
3088
11034
8979
10012
4795
9515
12770
12289
12565
1176
10629
10082
10950
16078
8593
7884
11438
8351
4223
6651
15079
9147
2467
12612
10567
9293
13110
19645
5634
2547
15407
2892
1964
8187
14672
10059
9851
12631
17116
4277
13483
9693
935
12368
6619
30
19430
1655
3924
12161
8326
2434
17258
17147
4824
7764
347
14348
7017
11105
661
19961
14864
10458
244
15362
12513
6263
4361
4032
5663
10847
4342
7549
10894
503
1621
15375
4645
13189
1049
7570
13314
11935
5932
737
17720
7765
16663
3441
7364
6712
14240
13930
13597
8837
4430
16739
15050
16434
1544
8313
2509
13300
19547
5676
5597
18827
666
13334
7633
9930
11424
1256
9496
3046
5585
11714
15494
19355
3582
5775
13001
8598
15239
1147
9018
13922
7675
15922
16910
15922
15067
18967
13996
328
19133
13405
14105
8192
9613
11365
15791
188
6125
117
15756
6796
7100
2897
2887
3865
725
16857
2077
17455
4718
1311
9898
3077
10433
323
8819
2090
12712
16813
8639
4174
1185
3334
870
18506
9841
19667
418
5933
17061
19055
7938
13315
11667
3427
62
3716
3903
11877
15428
5271
1722
14539
848
14273
4836
2442
12283
17166
16786
2959
19179
9339
9675
10361
13160
11645
9292
8657
8654
17
2699
5736
4350
2625
8697
10443
9711
8848
13857
13093
1730
12866
11501
16210
11635
18667
8039
10811
7595
2483
2301
1074
19250
15778
15902
8491
17250
1965
1313
8342
3735
5981
6372
4053
9955
13945
13234
4510
9822
1136
18558
2510
11258
12421
4908
16360
308
1271
17423
19593
9799
139
13
10537
2170
1816
2654
18289
18170
19759
18419
10547
2818
9573
3828
18090
12278
11711
10210
14255
17456
16857
91
1269
11409
7507
12923
5570
11993
18712
7584
11498
10802
11468
11814
7017
12582
3441
18320
2909
9970
5142
8328
4798
19474
3677
3230
11259
1531
4583
3597
19218
18311
9023
13339
8780
16363
16095
8703
7283
11493
14147
9052
8528
12977
8456
18284
6757
18331
4256
1016
5732
2126
15830
15843
13418
1867
3192
19943
16764
13142
6566
3351
10972
7306
4117
5475
19656
2028
4032
12058
2031
15196
203
19754
15921
8904
3733
14947
5458
8028
1691
7129
12922
3892
10627
7016
4044
10194
16971
3762
1473
7466
14894
13604
8928
18458
7760
14551
16605
15255
10535
8753
19979
4099
2726
11020
4863
5435
9862
9743
2755
1421
7635
15416
1235
10182
16113
15515
12055
745
6058
9988
17469
19068
8149
7704
12531
9565
10307
9017
8414
2802
9449
19401
14298
8829
10662
13510
13935
4718
8144
5556
17644
9234
5215
19160
10754
16362
1621
14912
7840
14646
744
17536
5126
12240
2894
6391
8136
3350
4900
9872
13089
10911
8187
10596
8529
3086
4991
10397
149
5892
14021
438
11266
3920
16465
1054
11933
5378
8353
7771
1273
18621
9466
5355
14926
18922
16077
9989
4979
8937
37
2782
18649
15587
5935
15528
4643
3547
13798
15989
19653
16578
10107
5465
760
16234
11550
16269
6743
2034
5035
13232
3609
17856
6515
19656
9739
6382
2310
10214
4073
8859
2842
263
1913
18081
13211
15063
1445
14662
6383
14321
18035
15852
10404
417
13058
8260
14297
16362
4003
5152
8518
6115
14002
17125
2408
1084
9487
16479
13261
8702
16189
17198
5912
17361
6839
5535
5266
4663
10154
16278
18926
15893
10291
7014
15798
10610
18933
15779
11159
10424
10710
15790
9158
16280
1560
17648
9549
13770
10991
3746
13687
2321
7236
12585
13907
6429
4229
9535
2248
12714
9254
8716
6486
1670
19448
3732
9796
7088
10628
16265
5548
16252
12133
16193
1151
10323
8383
15043
8662
19735
4544
6811
16054
740
1905
16653
2783
9201
11256
9958
5105
19158
3950
19053
17500
14280
14040
441
18242
11616
17860
18940
2891
10521
11426
1149
10341
4600
19068
12900
10518
5990
7540
11470
9920
16313
16472
9248
17135
18769
15876
7544
3522
11070
15701
15678
14611
11070
15045
14362
5765
12196
1992
9504
19177
5332
14498
9126
14285
4107
2147
19318
11138
4412
16736
7102
15304
7861
13518
37
7224
15200
6461
18104
12557
11237
7312
14979
19760
17069
18037
11771
16063
19873
13989
16919
346
5649
16153
15007
8842
5392
14214
6365
13357
15133
8375
3664
10946
540
4039
13216
4237
9315
2807
13707
17544
12753
14450
14430
9255
16152
8570
7647
12582
5115
7022
11367
5041
16627
9595
7885
1615
12748
3420
10622
8908
2700
6127
13096
17378
15955
11349
14037
13476
5501
14118
10902
11334
13893
9071
3349
11340
13060
18057
7820
3149
8183
12727
13171
16451
1022
11932
5172
4626
1953
1046
284
6995
3053
13115
18602
3933
5532
6158
15721
16462
12691
11070
16858
10747
2660
11164
3691
6450
19028
9366
13540
13928
10839
6709
14784
12100
4727
12911
13528
2886
8116
3274
5243
10678
6917
15534
6330
3397
17917
17894
6431
7586
12616
4851
18910
7131
12564
12268
8388
11725
19213
4661
3148
171
16769
14043
1041
6247
3074
6954
4221
7744
8617
3052
2783
6920
19416
12126
10587
3312
15032
13552
3804
3186
7041
5816
1061
12603
4280
14740
4453
19155
3730
10266
1576
15338
16855
18622
15178
12129
4578
1120
4486
594
6245
6478
717
17277
1641
11581
15922
3025
9330
1984
15074
17875
11457
3587
14834
12973
4212
2663
6192
7158
16840
7417
6939
9722
13983
5201
14063
7750
9916
964
16024
12306
266
15783
8968
11307
2909
3105
10851
11036
13488
9227
13815
11544
16813
14054
8042
9191
3276
19449
15084
18379
2451
38
8619
9325
5659
7048
12708
10569
10099
3275
2199
7603
15933
456
4948
6020
14967
14908
2226
933
7636
1156
13215
16310
12169
16886
2353
9116
12708
6271
4346
9157
15062
6517
17018
18713
497
8184
5422
13855
3660
13866
6023
15976
18147
5799
9142
9949
2427
14915
12067
14784
18916
17183
10428
10497
6456
5480
3370
11328
7392
3404
10048
3449
5269
1337
19277
2353
1699
7572
10704
8411
9258
15891
491
11208
10974
11512
12721
2313
9615
13994
7737
12418
2339
3985
16660
10796
7390
16462
10459
8455
11492
10645
10689
9243
1525
6120
17607
11689
18999
14257
79
15027
11890
10651
11465
1188
1204
14989
4425
5853
5524
11397
11065
11805
6676
16621
7370
14988
17728
6109
18950
13477
11860
1581
481
4958
2810
12276
8174
7189
3823
802
12430
409
19111
10550
5731
7985
5991
13725
2178
14893
8721
17192
7975
15335
8829
14280
14562
15669
19618
6441
464
16367
17140
9640
5701
13751
4039
5906
13412
18697
16689
18619
5105
13025
16270
6424
6077
100
19133
10521
449
11404
1416
13382
13414
14483
6049
8821
11905
8187
12519
13638
11836
14647
12072
699
18383
4154
14144
9719
430
2650
4992
17009
15932
16896
11754
5269
6141
4143
15897
1591
11273
5615
19709
13781
572
7541
3939
15241
7466
5809
17588
17895
2160
14291
10196
13817
18501
13210
1354
3541
18256
6779
5856
15031
1875
18122
12192
9504
17669
4936
126
10987
10206
8138
11253
11624
7019
6817
2185
11287
11041
3819
6444
7490
12206
6422
19868
10423
15371
14060
3977
14561
1166
18720
19252
17090
16155
179
5779
15823
13914
15970
4498
17096
1477
8400
3667
11474
5272
6060
12534
13587
10859
10719
1811
6986
9947
6932
1508
17032
4708
2500
4736
15343
12747
6013
6306
14053
12695
4654
17448
13684
18272
16529
2103
16290
18752
8374
252
10632
10279
10056
16270
17394
15946
17535
11727
6002
18587
8385
18032
5472
5043
18805
3316
7794
6860
5286
19629
19028
5388
8176
15811
14341
3515
19178
2131
9582
12533
4368
6580
10239
18491
13643
8533
7431
16804
5055
6433
9423
7986
18482
3941
19476
16959
13940
14216
5984
12981
10127
13305
10436
2108
13708
15463
6804
1679
11071
11337
2911
7752
13169
15198
17897
13050
13704
3886
16007
8221
3765
8976
5462
13059
17977
11109
5944
16265
18453
2945
4780
7626
10028
6922
7976
4365
19927
18488
6102
8319
7526
5149
6537
15163
17198
17694
3387
16902
19763
12383
8580
13911
13587
11997
2329
8275
17996
533
19870
17303
2923
5634
14633
10030
9778
3588
8597
8995
12261
2139
12127
13648
8594
15506
15617
16596
6714
14745
15081
8388
12032
6059
9301
2488
12557
4591
8301
1958
9502
5369
8540
8300
6507
1456
7725
390
3572
5771
2654
896
17418
5716
19011
9926
5879
17262
9754
14935
4683
17171
9575
13815
1700
4854
17644
19843
3545
9128
5926
12096
2979
1686
11142
15084
19048
10479
10122
5878
2278
14179
11832
2410
19577
1862
4150
13028
16137
15092
15497
7014
10578
12399
9065
741
4209
9444
6909
10845
6376
8012
3960
1956
399
1454
3183
5916
1976
2305
1781
2050
17308
6224
5494
4676
18310
1526
9516
11088
5116
5320
11585
6791
3078
3570
3010
11888
14653
793
19100
19465
18705
7712
14519
2616
17398
16903
3499
15615
1004
6637
674
14734
15754
19414
7852
2802
9927
8871
11801
7436
5348
7310
7959
5885
10873
15935
4840
15997
8987
2841
14622
12683
16998
16360
17014
9886
19373
8867
655
7161
5051
21
2053
11773
10373
7033
3567
18553
14190
15262
17553
6845
4310
18826
7518
13452
18720
10491
14573
17680
16415
2984
3639
6471
11676
16871
16363
2746
4390
8391
3822
8943
11287
1821
5490
4436
11647
2397
3346
14140
816
14142
17959
16199
4645
17440
12586
13561
1615
17609
14855
18668
10301
15562
12250
11905
4135
8097
6216
10642
16247
7736
18333
2179
9237
10026
18813
11383
238
8102
13257
703
6880
5804
12401
6573
11109
9428
8720
12711
6905
12366
1960
19831
13897
1380
5051
12414
14394
14203
8227
18633
17043
4633
18671
9532
14665
13440
15354
19594
16101
17496
521
16135
4819
19531
17057
15157
522
4714
18499
12154
8179
15405
13733
3763
19191
1176
9550
4929
6858
18553
16334
14242
974
6893
4120
13755
7910
2082
4445
4081
4216
1143
6661
12183
6749
1984
4044
12353
14792
6726
11032
19414
1680
13739
19923
3557
18684
3243
15337
17455
12234
16638
18974
6626
14685
13914
10093
1317
9313
2901
9689
10223
11579
18216
2546
16307
17745
6478
12903
19542
4243
6284
3202
10144
18021
16012
260
6736
4875
12289
2269
12426
5808
15407
4424
16492
17202
2050
11297
17823
6381
11932
18724
2057
13634
14765
7139
8223
8964
4986
10852
17431
8480
10528
2037
18235
198
16882
12237
8890
19032
12447
19776
19320
5389
7855
11358
9414
11843
14315
16808
6509
7103
13660
18992
11299
2786
12331
10029
384
17834
13736
7160
14250
4033
1287
17062
10732
7719
5060
17569
6245
9431
2471
2597
7389
1976
12386
6197
14226
12162
12056
