1000
199
1219
1130
729
551
141
891
1814
138
732
1724
905
845
709
1901
878
144
1603
1289
268
345
1976
1354
792
1510
1013
1339
952
1789
534
44
961
434
468
924
433
485
1134
678
745
548
866
602
658
1476
4
1654
1025
440
225
433
405
124
350
725
1116
1953
873
1414
133
100
1425
995
833
1869
1826
1016
163
1793
1000
845
918
1877
837
1967
798
496
1965
1161
838
1451
1582
1535
1945
327
1550
870
1068
1323
636
1523
280
985
857
1679
1509
1948
1503
1315
1874
433
431
502
1362
1982
1497
1120
1232
1395
1892
1066
1587
1516
829
85
28
512
44
515
1548
1609
899
86
115
288
192
707
1795
1412
49
1249
1635
1847
1383
340
975
453
1315
1377
125
1346
428
1982
1274
1695
1139
24
787
1305
1086
799
688
702
1233
994
1434
204
1419
498
46
8
779
1958
121
1176
1059
619
995
382
1989
661
504
897
683
1415
1857
89
1651
1659
386
1799
774
1310
892
1999
1658
1675
162
1507
61
466
697
1757
1426
981
233
1224
440
991
1136
236
741
802
1222
1892
867
859
539
1309
1809
1219
1500
1262
506
741
1652
1727
1330
903
671
1959
892
1767
490
614
1304
899
1318
1899
1402
1749
1708
739
1463
297
1386
1071
57
1357
619
928
1521
804
1205
1698
571
1174
1484
1698
1837
1336
596
157
1306
131
803
1927
1587
820
1349
709
733
1247
473
439
542
1569
665
725
528
881
1943
261
1352
1505
1250
855
1104
647
104
621
1248
1922
918
858
780
956
1450
1589
1207
1819
1929
26
1333
1235
1485
1917
1422
1084
6
684
382
1707
1026
1297
889
1279
439
80
1340
1690
1260
611
1342
1275
1128
80
1654
244
338
259
806
1581
87
109
533
836
1594
1753
1019
318
358
1815
1221
911
1951
1847
1496
690
455
387
930
1797
268
361
1260
1957
1774
404
219
513
959
838
678
877
1603
548
1378
422
1542
782
169
1596
1437
393
826
849
1892
1435
1833
813
1447
1011
519
220
796
930
1260
1748
798
634
1137
902
1380
49
1802
1712
1232
1457
320
1437
1412
336
1341
522
142
1399
1233
1110
1988
690
817
901
234
1827
15
337
1649
787
196
414
73
5
634
247
1303
808
1703
250
946
1210
1859
477
199
1956
1674
364
1037
1622
509
113
19
1135
1939
1854
501
1208
1181
361
909
990
632
612
806
1227
1963
1657
1803
944
575
463
1534
641
1262
1307
229
29
1045
1253
111
744
1939
1110
565
359
900
1563
555
1495
1223
313
1029
218
1786
797
646
191
711
158
1124
221
1880
1746
1512
1419
343
1721
721
719
1696
634
600
1890
439
1241
1422
285
1318
657
257
610
335
1331
573
520
128
1307
736
628
244
1740
1174
1953
742
776
1747
1133
128
589
575
63
1841
1823
1515
1800
1197
1710
1506
245
1983
468
1978
1070
1658
1149
1962
1742
1789
211
229
1792
1588
757
885
1170
923
1572
1747
665
1310
442
771
1057
939
871
1516
814
841
1945
1012
84
1714
455
379
1007
1436
10
462
208
1813
1529
1452
21
44
1551
981
1828
669
43
1198
1331
756
948
576
1207
1651
375
673
1192
830
415
954
1949
116
1983
567
1289
1336
1806
1294
65
1453
1664
1239
392
0
669
794
922
655
1665
917
1729
1912
992
1724
375
1004
1811
859
425
1970
18
1416
1060
407
480
1427
1136
1219
142
927
773
1240
221
1498
141
820
4
360
1544
1157
1065
238
1286
684
464
1914
1893
1882
1054
1216
407
1847
1064
480
1982
1569
189
163
887
1473
1724
371
913
234
1156
906
984
1883
774
691
835
388
1800
1469
1046
629
425
1598
1268
1953
1373
372
532
209
596
823
1055
438
1547
826
84
390
1742
304
120
680
1592
1227
1805
698
889
1439
398
399
738
997
452
439
32
668
1944
342
1363
186
550
1046
250
1793
1386
408
1613
1116
1177
1222
1159
1144
767
1316
158
1232
1888
165
95
144
1741
394
987
427
1846
1205
1480
1480
518
1852
597
615
511
712
1391
578
1763
685
313
1758
1260
868
1643
1889
585
452
1577
317
517
1856
750
650
1477
1370
1430
707
1534
1396
1845
1206
1121
935
1623
1631
356
765
661
1086
607
840
1952
36
943
1542
1358
845
1034
156
414
535
880
79
601
1922
234
753
695
639
1169
664
1627
42
686
1803
29
132
1306
134
594
1209
1953
270
1977
369
1975
766
1316
1010
1799
1630
1329
1378
580
1157
1317
1786
878
1077
196
1574
884
1253
1263
393
1376
1453
394
989
531
714
24
984
1533
961
166
106
1769
1760
18
1219
1955
288
1766
753
1399
1479
1380
1559
1031
1354
543
346
601
943
691
149
1179
1312
1123
236
1636
1932
1229
1597
776
455
12
1538
183
402
1594
771
578
1893
1152
345
475
57
1899
1245
1241
722
1036
639
1701
1001
1709
707
1332
504
1755
165
176
735
388
1645
1253
820
1487
190
998
566
1522
1832
9
994
1011
1293
742
1390
911
897
1687
915
1233
250
156
1913
1264
1079
478
1850
1863
589
173
1976
1122
125
457
170
450
1089
1641
1105
317
1061
1500
650
1813
258
202
1068
1059
917
1253
176
528
767
1665
1521
1184
981
1198
1721
667
328
366
1979
1129
1135
615
447
634
144
774
503
447
1373
1294
1521
1208
267
92
741
1067
1934
424
814
173
561
378
1189
1201
1778
