10000
12449
6689
16067
15017
11399
19082
5008
842
13723
10214
8615
2217
8317
8337
2806
3020
4067
12040
19518
19013
10878
3009
17026
4687
9067
19669
10443
15825
5042
1208
3285
19392
3486
9450
17050
1250
13049
8837
15865
11596
18659
2966
8515
4844
11504
17353
11233
1123
9084
19294
3749
15146
427
3320
11820
7509
12096
15315
19085
12501
8890
15253
6689
9240
9478
957
19215
16523
6245
2712
10162
2111
10172
627
8649
4521
8946
8427
16571
17220
4201
13600
10596
689
8636
6024
9473
13662
10097
15935
10420
1093
11290
14908
9876
14827
13486
14240
19061
14953
7040
17927
3407
9287
4569
9408
19949
2500
1142
3225
14485
14675
10080
17844
559
7935
5924
1750
5075
7182
17455
8094
10356
5380
2376
5235
9891
17759
7178
5621
18401
2943
3132
11990
6052
16616
5838
8354
16805
19360
6194
9753
3396
3892
18837
2493
12921
2135
11641
15878
1592
12938
1936
10579
7136
6518
6615
14940
2656
12662
12716
2691
4166
5138
8494
11752
19910
17990
17552
14619
4675
15362
14073
493
7997
5802
5883
8191
9047
3390
12173
988
8675
6996
15304
10403
14669
13344
10971
17532
19489
7861
7243
4267
12601
17574
4138
17538
5703
15622
3954
5521
2076
4397
5950
19321
2259
12347
19046
447
14748
4759
8694
4604
3528
1201
7561
18928
14094
838
1735
6742
15641
993
10264
14195
16014
8094
12004
2536
1821
17418
16521
6087
16995
19718
4055
6435
9977
16331
6923
1632
14238
8551
5542
1097
3068
7045
14058
2784
5977
5867
10224
4528
16476
13149
17545
16318
17689
7614
13103
16446
17979
6711
7943
9602
8621
4208
10358
15693
1157
5436
19101
614
17614
2609
8114
2536
14481
2932
17276
18550
4255
3795
1611
10508
19454
16332
4945
6800
10989
15948
9857
744
16437
497
9827
5669
5262
5136
8369
13500
7691
14803
9265
1589
9123
7482
1390
13821
11677
8034
6773
9526
19063
11427
12490
16687
9971
4852
645
18574
19455
2121
8909
9961
17183
10844
12270
11956
18521
4394
13754
2932
11229
7284
10042
19474
7055
8997
8911
10156
2834
10356
8393
869
3187
10815
4546
12797
7599
16247
152
5019
2978
1019
2726
2822
14317
18589
1759
17235
4611
14977
15494
16697
14128
5091
18156
1920
15367
10775
12390
824
9254
6924
17163
7622
7272
10346
19527
11385
8071
5467
18623
17531
19307
19110
11682
15747
16404
2902
8103
15399
12736
11193
18441
13454
6105
14532
16732
19652
3294
8628
2730
11654
4492
7247
6639
4765
9609
15753
13965
18120
4590
6563
4205
4082
17294
7437
13971
15267
1671
3020
4412
3347
15203
17815
18295
10264
15723
9435
9661
16128
3977
15711
4238
13658
15609
8898
12874
6639
14796
12991
13448
7247
15960
7762
1526
18149
16287
10869
17902
14700
13529
19620
6929
4571
13793
2015
3396
3803
15962
7661
2307
9178
10140
11452
8614
6840
17535
7
9423
13663
1314
15505
4748
495
12153
3118
8783
1335
13617
2849
14727
4192
18240
12000
2363
131
13134
6132
3523
7835
3546
17116
1443
19253
8779
12048
11205
11940
9428
13891
11442
19505
14466
12546
2093
11151
3045
15642
19563
16236
12824
10998
6546
19620
1007
3845
2509
16272
19517
1338
5514
19324
14239
5933
18001
598
11145
10271
5953
15585
6026
3291
8
12713
13758
10935
2238
15090
19184
794
3807
18665
1738
9975
16515
1212
2459
15864
4476
6725
8611
7670
4940
19041
8254
9316
16224
18911
16202
13196
4620
8788
9239
14033
19044
15148
7275
19636
17205
14395
10191
1330
13374
18097
9529
5193
17902
14667
8150
12411
14555
13414
14836
9420
8252
17167
11625
9606
7524
12054
16676
7356
5531
4257
1902
14667
5307
18653
16988
16956
8644
13359
724
17093
12284
17608
19034
144
7207
9303
5622
9460
1342
7384
579
7839
1935
6090
7702
16789
7090
6303
7753
5586
13891
3532
3
7403
10976
3808
11046
5971
8928
1522
7733
17113
18862
7442
19936
111
10593
13154
9070
11269
5210
9886
10853
12852
10234
7382
4600
5751
605
13756
14606
19283
662
11993
5195
7607
19175
18810
12413
8926
16574
12871
2437
19345
16071
18068
4384
17610
7218
3345
18865
17332
2562
13692
9421
10190
14479
18550
67
6670
4665
1779
13510
18018
11273
10859
15896
6481
19525
9613
16373
17152
7568
11956
15480
19889
17532
14161
5358
15974
18573
17063
5045
18020
907
4566
11313
14962
2883
14095
9483
15936
4603
10759
11910
14436
14640
6247
16800
18783
11086
19135
609
3614
9963
3451
17763
19165
12544
2541
4765
9383
16485
3210
7406
15224
1416
4849
11523
515
7210
4454
5989
79
2358
16733
66
156
16607
13457
1430
900
12628
19604
6165
9084
18147
12417
2552
2841
3143
12109
15106
13616
2671
16540
16046
13334
19725
720
9847
6438
10040
7484
3619
7521
12575
9495
1773
1551
6409
10892
16878
17475
16654
3150
7207
7421
19435
18697
10573
19721
7590
13012
3697
16901
15999
14242
12043
17089
12207
759
2978
14686
18912
19608
16219
2520
10761
19227
316
17344
12964
2046
19708
7714
8973
14483
4361
15302
13049
16729
21
10866
10225
16998
4925
14316
361
4064
15863
10716
610
7243
9080
13904
12824
6780
4896
19514
11304
2380
7011
7156
1602
7113
6740
14692
967
14631
14287
10106
8704
11251
10499
13782
19642
13351
9659
9446
18497
11353
19688
2061
11224
15087
17741
928
10195
18765
13830
12489
1201
10415
1461
5391
5913
11730
9834
8813
16719
12172
15407
6974
12051
12892
15406
3258
663
2364
2687
14201
11835
8467
14513
2583
3367
10823
14292
14129
9188
8655
9345
8395
5655
5223
19815
16883
1915
14397
18131
16160
5402
136
2683
12949
4456
728
4711
9154
16252
11688
2716
1289
4523
6736
8582
8702
6851
11927
2210
14887
3969
4870
1797
2755
12783
6456
2029
14503
8286
12909
9826
11939
15835
13086
5735
3940
2193
8234
12547
18130
3228
11983
8647
4025
11589
1749
7900
2662
3359
8068
5290
9959
9788
2870
5191
15797
10316
14598
12538
11085
14324
16776
16939
7865
1831
15282
1545
7950
17283
19864
18711
3151
5355
982
1108
19630
14940
17542
4293
11090
18703
18929
13441
5621
13066
9346
10681
12548
14115
5942
16291
7786
17618
2160
1250
2758
2289
1865
1427
5592
19635
1956
6037
11515
3742
4959
2966
18092
5382
454
9335
8488
7911
10434
17307
11764
8415
17071
17681
16150
8679
8843
4667
6081
13100
1994
10651
19918
3149
18278
8825
18757
11635
627
17107
11611
15560
19569
13346
19925
14229
4602
1220
7595
2269
7548
8268
6952
2543
19521
8034
17966
6764
19049
11224
1462
8150
14969
19370
16757
4912
16365
4209
90
13240
3049
19396
3603
15485
11725
15083
14096
7295
14310
8322
7391
7298
7233
3751
4246
8750
17915
8608
9840
15463
14549
19084
8078
16387
15107
12132
1215
8365
12482
8077
7098
6678
7593
11773
12488
14642
9913
10279
13887
15766
46
7717
18792
4460
7992
12385
8930
6416
739
15200
16928
14219
13137
43
14253
11977
18442
10555
5840
7769
9322
5537
13418
15424
6425
12144
5084
16731
19191
232
12934
9455
11190
5663
4458
3918
1442
13517
13359
16617
19451
17556
18082
1068
16675
7210
19766
2747
6643
16069
6892
7655
5416
8994
19182
11724
18715
8082
9397
15306
4622
9826
17450
6942
545
4005
1705
15485
2245
352
14658
845
5608
16658
3162
7167
79
11933
14958
14636
9506
597
12055
19787
11872
18884
16777
18509
14547
8856
12501
10133
13983
19818
13071
11735
3924
14060
12234
16044
68
4622
2238
15855
13358
6764
5196
5079
8631
16152
10648
2258
6266
19167
13045
9274
4087
18747
6655
8918
7687
9365
4322
11856
19728
52
15192
1678
18643
7238
2255
11632
9891
19338
13576
15397
3344
13240
284
1577
10977
14574
15417
18079
18497
10296
16010
8007
7984
6586
19349
18333
6202
8189
12766
3982
5764
5172
12169
2487
18978
15049
16733
12347
18950
19689
12643
18753
2804
681
8014
680
560
1204
1812
2184
5465
14770
7771
6439
17583
2454
2127
10484
6543
12260
4751
483
6175
14781
10119
18310
15941
3944
4024
18148
12018
9055
16468
6296
1788
6003
13958
11209
1673
14877
19918
14433
12839
9251
3370
1741
19800
4899
13744
6896
14539
17278
343
2468
10534
16100
10582
8174
19551
5080
18148
6653
16842
12351
11775
12798
3564
14411
10920
19039
5839
11038
14443
18014
5742
11229
15004
13357
14224
9172
11005
15941
8081
288
16444
17764
17628
3900
15321
6629
19893
13387
6182
8314
17106
9086
19623
18568
18570
7619
16856
14814
7398
12395
3630
18099
18804
18678
9557
2236
9306
19838
3417
8743
14023
15292
3585
14168
6597
4698
7509
4989
7019
1558
11392
10639
7439
17264
10128
12936
3353
497
15194
17307
3890
18520
9115
19188
14075
12001
11034
12045
4218
8660
8841
14826
15695
10088
14153
13715
3781
12690
12877
7595
15173
10766
8663
8145
12164
6184
5311
15570
17660
11720
13586
3177
6584
19992
12887
10389
16072
17971
11725
6773
16437
19595
2640
2722
13006
18839
9146
13321
10625
8311
15366
6788
18566
1574
10384
8532
4341
16443
15544
17436
10168
10140
10469
10365
4859
13120
3430
1962
11039
15838
4627
4775
9454
15543
2291
5731
7624
6813
3511
10223
19996
4767
3683
7610
9587
1586
19085
11882
19495
5181
11422
6745
11409
7873
3829
4490
863
11907
5451
17094
3203
18392
17169
14744
11625
1260
213
7361
9793
1806
17444
4600
15450
6235
8713
14754
6800
17062
12307
18921
7740
289
12885
14685
15338
9099
18599
2404
10600
15318
426
11423
2682
467
17257
19066
7978
2493
17339
9903
10364
12190
9924
10521
2432
17826
8187
1936
12673
3030
14343
6629
18842
9052
13762
18843
808
9231
14496
7808
15291
4365
3560
14951
12134
18757
4289
9924
3030
14110
10440
931
12447
6242
3485
11621
7953
5318
13150
9048
6506
17239
12779
14929
14725
1154
10857
17225
1808
9791
16002
13201
6587
9083
18857
1715
17772
15553
1403
7367
14800
15269
14785
15759
10284
18093
14994
15792
12209
12060
14390
19853
7086
14619
12997
4257
9503
17062
2925
16441
10179
18257
2930
8364
12876
7221
1424
16440
19120
955
16477
10138
16316
2756
426
10408
7623
11314
17671
7311
1380
7543
16070
12997
1490
16408
4631
18794
18734
1597
14323
17664
9000
10776
4885
9764
13907
18095
14370
5288
5013
4552
713
8462
19006
16784
7590
7011
17910
12775
18176
10933
12367
5836
13106
11666
12666
1537
7751
13279
12533
3003
15710
5938
7490
18088
16301
16493
16627
2876
16450
12664
17408
18266
14085
13241
11003
14012
2873
15122
14907
4128
10337
4119
11413
19343
1023
19274
4106
5514
3959
3733
18041
8019
5779
6307
4820
16213
13632
16188
8400
5457
2549
348
4950
19495
19315
18030
6390
18557
9128
7242
17724
19919
13134
19464
10202
7827
15089
6623
12357
3335
19661
12575
14684
9754
6517
12359
17219
1971
12976
4772
13198
17858
5854
1735
6360
5538
10009
3074
5716
3751
8855
3071
6522
12393
14379
6204
10307
10061
14763
6855
16624
18125
12620
15889
17028
9795
6665
12530
4915
18935
6339
7130
5298
8098
10978
11119
10765
4671
10970
15528
18391
2957
19529
677
3324
19395
13116
5576
19699
12625
8113
16340
18095
17326
8792
16032
6901
5699
594
19768
13319
19028
14683
6065
14879
8966
12421
15367
16887
2034
14425
15509
14469
68
7842
18159
1733
18832
6085
19711
12078
15794
12616
10779
12582
7456
2452
8960
3793
11086
2549
2477
10277
12670
10430
10430
16665
9250
5865
11586
14716
2287
4796
5628
193
14592
13992
5875
16344
4484
14538
3574
2040
1989
4980
5360
3961
12758
17542
6211
15614
11928
18198
2596
1327
7401
527
7891
16004
18569
2933
19894
7806
1546
15846
2577
15632
4660
9596
18340
13786
15667
2416
12192
1174
12382
16408
15527
5387
17828
17713
7839
7711
8148
8024
13075
10090
18697
9777
519
3269
11024
15115
7573
12641
17976
19899
6921
5141
9909
14596
16565
19791
2705
9593
3634
9867
5936
15129
52
15777
17790
12185
19048
15769
6007
11423
11532
16665
12786
17450
5003
13119
4331
15759
15636
395
716
4031
18455
11796
6999
9668
11963
15194
11794
18122
1054
17595
2960
16122
12010
2431
10680
8417
6961
13454
1204
13712
18853
2914
3545
16029
13813
6551
17773
11238
9608
6686
15578
14678
13423
10065
15821
18559
4331
9729
2027
839
4827
2315
3921
9056
19231
11497
2791
17071
4750
9348
11008
6543
15728
17639
6928
10542
13817
14159
7275
10164
10691
14687
9206
9219
7302
7857
9292
5818
6807
12038
10863
1204
14810
16573
7241
2478
12773
2818
14333
14598
3059
11326
751
7583
11426
15949
2061
19904
11242
18669
6841
16252
5882
11634
4468
14220
12272
14230
10184
2809
15860
4910
8114
6454
15410
152
9642
8105
19346
8976
5488
7178
10678
11169
19221
13604
6863
2040
803
8025
19516
11253
12394
3011
12929
11387
17960
6868
16480
9063
7892
1694
4598
5533
264
6447
17940
11869
1832
15829
1752
15061
17235
5119
9800
272
15845
1892
4491
11692
4102
15164
2628
16297
8339
11948
4235
14045
3335
14143
5290
18373
13189
17712
17457
3926
16005
7589
18614
4530
6744
16117
17868
885
10682
14953
18655
14639
1236
3296
5066
9132
10346
11629
6773
6319
3943
7195
3854
11741
14851
15057
2562
2678
18319
14129
15513
8158
5629
10810
17483
4441
4046
18669
13059
9334
1305
16460
6958
14626
5877
3614
7840
1725
8612
4560
227
10730
10428
19190
3293
9471
13106
6158
1213
3581
9669
2533
19521
2201
7301
11795
7464
6649
17214
14690
9359
2554
741
4684
11434
10318
2301
18370
15616
5379
9574
12457
1507
9342
4356
990
5131
1287
14759
10107
975
3390
11196
16881
10879
14347
7055
10677
15264
9459
14043
11895
6213
18887
15248
2413
13222
16246
19744
15919
17824
16962
10246
7388
13993
7024
6323
15546
5326
16121
17014
11034
15435
15806
11367
17337
4773
14488
16497
18562
16040
2797
13498
7602
5273
10463
19024
15764
4535
13502
6065
17738
338
8254
10967
8589
5191
11203
18526
6539
10616
2488
17044
400
4645
9503
4508
18816
3145
14787
830
832
19955
6794
4110
5492
10398
3174
2424
9283
18960
4842
9445
1367
16844
5146
2573
19968
19636
17819
1401
11000
9214
10249
755
15041
11345
10216
4717
16619
5373
978
9866
4561
8821
15022
5069
12355
9962
11906
9500
13343
16421
19071
14512
7960
3424
13787
2172
13721
3841
14716
10904
1027
2004
7472
6505
3825
17348
4634
19598
18525
13110
1639
3017
9883
8291
6206
4392
14723
14224
1909
8688
108
10027
15584
3781
14260
99
11973
19224
19612
15716
4299
270
7280
19726
12593
19912
1092
18
2939
3988
1274
3913
6214
11856
65
6480
6109
8726
17367
13251
8964
9160
2606
11221
16434
18937
5517
1001
7612
918
7533
9681
7403
2544
9700
17152
8975
19974
17887
17838
17614
659
6215
8072
11957
2065
8358
4496
5071
8585
19940
8152
147
15737
746
16823
18551
18368
14727
2438
16771
18921
1392
13530
6305
1105
17282
414
9232
54
5252
5260
11831
15487
12168
3304
1494
5794
1552
4344
18424
6038
9933
4612
15398
14998
15714
8838
2549
7245
935
5134
5279
836
4266
6421
16239
17318
4271
16732
5718
9101
17208
14881
18714
5259
7328
7228
3790
9622
18658
8732
15389
14192
2839
19737
9568
10770
13211
12630
3567
213
17489
19637
11796
15741
13117
8726
10651
9955
18927
12014
10662
13277
13216
14176
19100
5228
16628
16762
3841
3873
13472
16367
16257
6412
18757
3916
11622
3
602
18681
16810
7564
15720
623
12422
13608
17614
10992
11304
15259
16005
3431
6115
14172
9118
9693
10432
3893
4488
5301
17779
14967
8621
1989
16168
10046
11612
14225
9852
7068
7233
10022
1481
1317
464
18831
19737
4087
4737
7607
4827
15139
16406
7165
9074
3772
536
9453
13899
19419
9374
1408
12935
18861
17263
19058
13655
2714
5631
13788
19654
12914
7990
2414
19536
11957
6414
11
1360
7551
5723
18752
4118
7887
12293
17602
11832
19667
3792
18211
16479
14098
19293
7057
9667
15893
3305
12715
7537
14739
17267
11617
17320
10071
17179
19143
18115
6960
11718
12565
18480
12661
16094
5982
10783
19731
12214
6987
6551
660
1868
19988
2178
17741
18951
10074
17321
15781
14943
15396
2234
5213
9787
8532
9093
12385
14710
7748
3270
14569
7003
9379
16733
18892
8848
10694
9594
4322
16975
2061
12371
18963
9902
8051
14392
9122
12448
7217
15485
16720
18485
3536
10486
2318
4252
18152
17186
12482
19081
5946
6430
7477
19890
11047
443
9368
4499
19051
457
12240
2929
6682
12274
14565
16540
405
12995
11874
6829
15784
453
10986
16303
2467
15434
13624
19514
6547
15651
13968
12538
9372
2158
4456
14798
8822
4877
10285
12396
2370
18770
6547
12387
14023
5046
2652
13880
9900
4457
19268
7378
5044
5891
999
8849
16050
13753
18896
10360
12487
10380
18526
7627
8639
5947
13781
8372
10724
17272
767
10656
2205
4088
10109
11302
1224
19844
14030
1512
3503
19245
18842
15666
14441
19676
14715
4319
6256
7207
10985
218
4602
12608
6113
15106
2678
17768
14609
7367
18309
17632
16610
15601
12787
11776
4642
17857
11728
9504
3182
11855
5360
18739
9689
10289
2427
468
11355
17917
8433
2553
13816
17413
19006
3972
13579
2178
8694
9433
18255
13100
15661
2889
13387
11717
18965
11212
1272
14677
3733
910
12976
7824
16195
11200
1364
4820
9374
15855
4697
527
170
3506
8465
13277
10312
5756
850
15854
8401
13938
2021
13894
1744
12599
7212
3679
9753
8738
17521
11817
11850
11409
6888
1681
11100
8183
7200
15743
18405
9297
16715
7929
302
12822
1735
165
4876
3468
13896
3820
14526
4151
13860
16666
6049
5421
5819
14434
9139
17157
14881
13503
7458
11470
3530
11733
17296
13660
4785
2197
17606
6877
5124
14015
12594
1033
17423
11330
12830
6552
6083
11359
17230
13485
7715
10284
14646
2416
9867
14548
2486
2682
9982
15643
19699
553
2218
13055
6642
13460
12602
8411
14612
7320
8568
17125
17545
3536
17372
7991
2482
12355
1718
12267
1623
7671
6036
7935
16002
12068
10096
11928
7638
14916
4698
1570
9615
5574
5309
18517
4471
6721
4784
17940
7170
998
3835
17807
19943
16910
12388
15433
668
1714
14453
2868
8973
9466
9452
5047
2744
2253
9311
16593
12296
10503
9737
19480
17643
9065
9942
17722
18578
6601
2023
5061
17030
8554
834
11458
15361
16423
6713
1019
13712
17033
16821
4733
3459
12696
8094
14329
11181
6510
18314
13125
16223
14407
19873
1760
2492
3445
9129
8018
19256
15696
13298
1745
1554
6634
415
5088
19691
7360
8591
15698
12449
17260
15688
10508
6285
16407
1824
7177
15125
19149
7623
15319
10671
16745
11828
606
660
13231
4138
16001
6524
9080
1062
10845
15963
520
776
14510
8567
13755
7228
17297
12453
2782
7908
5604
4384
19291
14947
6922
19237
4652
18537
14059
4269
3472
19222
9047
11816
8763
9869
5803
15826
10055
6295
2028
597
2121
6960
9169
14299
13791
12178
6621
16558
15333
5403
14889
8367
12454
16190
6560
2895
1328
8228
11044
6380
6400
6524
3791
8459
700
9638
15988
7279
8096
15256
6755
16916
272
17867
6571
9163
1645
13605
12505
12466
7811
4227
1599
5070
6942
7619
5489
200
1148
10540
5608
18561
16126
14650
777
13331
13208
4842
10528
7846
9640
4222
5061
5004
16387
7181
3425
6074
3307
10506
18730
5475
11005
17519
5834
6514
8774
11655
5438
14019
182
3509
11162
14431
14156
10980
19722
19219
3313
3083
3795
17196
7297
11452
11383
2385
8772
170
12728
2108
4252
12501
7188
11702
10102
19732
15150
9934
12258
17853
16237
13334
19680
12595
17438
13179
13616
7373
17845
18399
4620
13887
15985
15412
1906
1608
6781
8118
16888
17111
8498
10214
5668
538
13850
19135
14580
9348
11215
19639
15415
6010
6178
15700
19647
7931
16824
5000
11726
842
14351
1642
11533
19353
9982
1810
8540
4692
4666
9969
10627
14214
5525
12011
8903
17388
992
2002
15993
10037
19505
12640
19208
5394
5984
7472
17654
6336
5676
19354
14504
14926
443
19690
13367
4973
3934
13723
8068
5684
6578
5909
6697
7789
14051
4191
10218
2720
7627
6499
4682
3129
9401
4350
7001
3000
9964
7392
3659
16534
6078
10566
676
9135
7390
19697
3568
19984
12565
9090
8079
3165
13354
3285
4749
19423
5826
11543
240
1481
3487
2534
5194
3942
17577
19812
2287
2529
16298
6038
1952
18065
6098
6239
17542
10974
123
9556
5978
3412
17031
14556
7584
515
2694
15974
8724
11568
7796
11687
8189
4028
1215
16142
17919
11183
14374
15942
10413
1441
11804
1352
9114
3525
7916
13017
14416
5106
16183
13671
5402
10479
1625
17244
12860
570
12937
15549
11458
757
16351
8194
18102
19821
15760
4017
3083
7625
17108
9305
11287
7787
17609
10152
11805
1798
7152
10697
15336
12381
8309
11070
9684
19283
4429
13110
8005
18389
4184
7596
11931
19200
15429
17436
11582
17200
1973
17889
9203
10086
17303
304
10545
11605
2931
10187
18797
13545
19938
12611
18257
468
3322
4973
8907
19606
14952
6143
14881
6537
16694
4072
19427
19559
11660
1801
4441
2264
4818
18452
14715
1627
14868
4799
12640
12304
16126
14533
12717
6048
4967
18138
6351
17194
19242
11048
16932
11179
9230
5898
340
14825
2728
677
19261
9852
15127
11230
8107
16538
6029
18876
8647
7645
13485
18491
10630
6163
13039
12874
3459
16545
2337
16898
391
8180
7752
15363
13699
5831
8260
10604
9312
6218
6737
6615
1902
17077
13513
303
1145
10089
7015
5294
17178
3231
2823
6840
3306
17103
6122
7022
4817
11391
16437
17775
17692
2598
16664
14673
11756
19100
8620
8472
19787
14496
6294
17617
8250
10021
4712
11758
5542
6266
11751
14175
12889
4437
9383
2344
18061
11099
10866
15076
5627
4526
11975
7862
17554
14164
6911
6280
18019
2080
3468
4579
5272
10783
15834
17705
9125
12545
11735
4626
15127
3521
13327
17473
11784
12563
15919
1954
19349
8585
427
17122
7655
2723
6876
7051
685
12017
5889
13051
10699
17317
3142
4192
13868
9946
194
13266
13618
19835
12570
7020
3086
19921
2243
6568
1931
6125
13157
9943
19237
2126
19194
16858
19863
2832
1846
9025
9586
17906
2497
12605
7817
353
6144
10723
16585
16934
18385
19519
8134
6760
1397
2610
16209
9216
136
5738
3654
11256
12779
4573
2593
8574
6435
11938
10384
5003
10458
12364
17380
7594
15012
1539
9121
19911
16892
7425
8629
16502
17036
1190
2405
2973
15692
16344
1059
17823
2529
2650
17692
8710
1767
4808
12622
2828
4425
11308
5686
14118
15085
1696
5031
15054
653
18401
407
12779
8448
6413
8979
6527
1367
16377
18899
3757
5506
10192
13097
7845
3507
13804
3026
4973
7195
2570
16431
2445
3825
17486
5677
6391
14161
18962
5120
11826
5153
19948
14894
10050
12142
17787
5768
7413
17717
10989
3796
3852
17821
5329
6917
11940
12930
5235
908
1728
15085
18714
7304
10197
13534
3130
2360
7825
17196
19318
3058
5385
6851
17910
17132
3582
6508
17024
5367
7915
13482
150
14059
19854
10368
9036
18493
12464
10033
13573
13966
11187
1471
6409
8893
16535
6037
19973
18077
17705
14624
2559
15809
16456
9848
19987
12883
18293
9596
8815
10788
1526
16027
16392
17021
17479
5807
7927
8532
10591
6180
16820
2459
8026
4823
18125
6931
5544
3577
18147
19998
9617
15539
9185
2641
17091
739
13113
19784
15610
14244
1885
14867
13738
5228
4823
4174
1740
13742
9542
1487
10627
9280
2101
6552
8938
17976
16506
12045
13499
12527
14472
1503
11838
16615
11985
4199
11341
1705
18235
5870
11809
8487
18493
15465
122
10528
8855
12066
3055
5794
19436
2033
12432
2761
6525
9258
7029
5061
1538
8207
12678
2234
7367
12518
5381
2434
12258
902
18459
9069
16557
8747
11294
808
9380
3561
4092
1627
15484
15644
17222
18381
4765
7198
19164
930
9598
9170
1137
3364
5148
6878
13307
8415
8022
7669
1401
774
4392
8850
7873
11732
10818
15457
1797
14061
17989
2423
12897
12739
13017
13986
6596
12340
7822
6906
12985
9712
9837
1047
10801
17464
7737
15837
8878
8322
7368
5170
3438
121
15768
5872
16690
13313
10736
19349
15594
11641
4724
7095
4256
7769
1060
6838
11613
18363
13490
10986
18939
5526
7262
4411
13449
1957
3791
2768
3252
9510
11888
14463
18200
5790
13381
482
11555
17817
905
1163
3586
3152
4006
9422
2027
11780
7535
16253
10821
11974
19357
4721
18552
12377
6564
16355
16429
1871
18610
955
13953
12271
4420
128
2124
11096
18500
9358
11400
11712
12738
5478
13376
18678
10542
5151
9814
14309
3376
13370
9361
3513
19620
8979
16994
15196
6165
6835
18417
14489
14101
18659
2537
9186
10134
16187
9052
12429
7912
8408
5364
16825
9807
8555
13176
9838
11104
4814
6327
8035
6009
1491
3251
6713
4474
14293
3757
18692
18756
12879
3914
12393
16524
1547
13983
14819
18459
434
17470
12192
17925
3426
11612
1417
17221
19647
8638
1342
5521
13984
6080
6591
2527
16874
3073
5800
4244
5050
15822
692
14212
11515
12522
7906
716
4343
3159
1589
13703
10122
11556
7541
18480
12466
13203
7603
15349
1123
16454
16489
13173
17304
19845
1376
12342
7588
18862
8619
3461
13990
1753
10865
13995
15258
1319
18888
3432
9995
13959
3901
5390
15655
19908
1328
4605
492
11087
2363
12054
9246
68
13171
17759
6362
2331
19272
18706
8452
17102
10983
12386
19517
15458
13118
491
4561
18484
10399
16820
1708
19969
4926
18116
4941
9969
4500
3390
18578
17922
1254
17499
19283
2029
6656
8515
13227
17846
17595
8903
8368
11765
1502
15902
18724
14524
13376
17977
8228
15301
3115
11013
9789
19706
7868
4765
223
12832
7879
3850
11626
7136
6648
3000
2085
339
17332
10645
16877
11306
19966
13993
1162
9208
15893
14189
19710
2812
16443
6761
4438
9550
1264
15086
2307
677
8253
17485
34
16451
1740
16754
16151
13758
18676
13152
5017
10508
12531
13962
838
11818
18452
19244
17879
14281
19057
15492
4079
17622
11890
3280
685
9028
7442
8900
10432
17879
19618
7432
6458
3824
17607
8300
13885
19536
2463
361
11763
2539
11425
10742
18170
19723
12994
19523
699
12318
7444
13366
8731
15581
10921
15391
12427
6457
4117
2362
1370
3140
3890
18625
13867
3225
10428
18347
865
9834
9948
5349
11766
14564
15075
6380
5771
15393
18988
3492
3834
15849
19332
1303
5127
4998
15781
16333
15253
1827
12829
14757
11381
10527
15278
6926
8376
19636
19439
8708
5030
13055
14352
18186
14087
17644
12123
4672
15359
13247
13909
4641
12407
16256
16195
12092
14198
11524
12970
19149
3055
3413
13039
14200
4499
18142
12381
5953
16071
244
2116
7082
1200
2660
13694
19882
19947
13685
16942
9542
15385
4826
19394
2895
17367
279
8343
3481
6028
10156
13467
11795
17820
17987
13005
18919
7834
16914
11105
5295
18298
8302
8575
6450
16323
7244
14379
858
1572
15477
19904
12339
5982
12485
11414
18595
1086
384
17186
12224
4238
12434
4060
18130
33
8769
16796
2311
14317
13906
5790
4716
17622
16468
14597
7279
3044
12268
7355
7278
10550
19710
11733
4635
19568
10390
501
6095
19120
17424
14474
16327
2431
14570
18515
10400
14338
931
16032
5355
14736
848
9401
8077
10718
1339
504
8021
3542
9848
9745
9658
7079
7654
11058
16593
3413
16126
7365
10568
12529
2556
19922
16482
5347
11591
14177
7727
1219
5534
15870
14567
17224
11648
9077
420
17464
10168
8669
2073
3454
7492
4721
6642
13305
2464
16857
841
6096
11380
8423
15490
16356
18615
8509
5828
7486
14302
10445
16917
14888
7492
2200
9072
12504
14328
13591
13829
11558
3230
10520
4782
8894
3011
17536
5642
11089
4961
18703
5560
2278
15114
514
4145
11502
4532
5489
18785
9269
1314
19832
19268
18132
19275
17555
2394
15524
970
14275
9286
14509
10273
8525
17865
11676
3914
18978
13109
339
13467
8249
369
5018
16629
4567
17225
19923
11914
3505
11854
1483
10248
905
19825
10541
2150
5524
17015
7440
8458
10556
16346
2097
13557
14977
5629
12091
16620
15930
12617
19874
9284
13913
9544
10992
1256
15629
925
8759
2762
257
3614
7269
13188
2049
11568
15573
5993
7517
17182
10465
9934
12742
12341
5141
12142
2102
17790
6496
7326
14764
19864
19812
4334
6004
19922
13132
3096
6566
9251
15901
10313
7461
6566
6981
233
12519
9333
8304
16649
4404
10944
11994
2567
5639
5066
2751
1953
5329
13153
12205
14580
17245
1848
14587
3759
19503
8834
15347
4985
12582
7757
4490
8316
224
18169
7889
7436
18909
9748
11076
16312
15899
15859
14431
524
9408
14863
15281
18848
17879
17049
10024
17153
5745
11067
18572
8666
7276
15789
9256
5503
242
2321
11682
16117
6904
3851
3916
12833
19719
7936
2515
17004
17656
15691
16053
7887
14103
10998
2480
12065
13098
1659
5973
2682
15435
7670
3963
1123
145
8774
12879
14973
13773
2177
2569
19498
2896
4497
2107
14971
10890
2255
5410
5175
14221
8186
15807
15013
5904
11348
17823
6071
1647
19962
6870
9843
8496
11101
19499
13087
11841
1602
525
4040
9532
15282
14851
9070
17740
8734
1024
15888
5770
12020
11605
12239
13344
3735
7265
258
17966
7069
13444
7382
3851
15274
4305
18463
6371
10500
7937
13792
3519
13044
3684
1235
13155
14168
15827
19957
752
647
1153
6705
18762
1506
18448
12455
1555
15091
11103
11481
5686
10565
1121
8850
15008
19008
5161
2355
12841
10271
13281
1084
15057
6192
10426
13939
13925
10599
12030
7156
7008
19455
11009
1205
8942
2479
14966
12276
10284
16228
14974
16575
19275
12224
18587
15264
7636
2255
10531
6435
6341
16034
17711
4038
8601
5963
1203
7516
9126
9779
5768
13117
13056
16507
17957
15662
8987
6381
14189
8936
15950
3198
9889
4712
9938
2210
13654
1010
15849
6412
1185
1026
15676
8577
8399
337
15261
13176
5041
16897
11147
9712
9589
14662
14612
9645
7440
11248
5141
13553
7895
5785
1404
3987
10604
2023
7823
15487
2709
9054
2085
11274
11433
4229
15921
14544
19300
19540
10400
2187
13914
18103
19032
14706
2376
14817
13984
16780
12326
11761
9791
6447
14808
633
11484
8634
1444
5297
13572
7435
14334
87
2315
413
2238
1344
425
19586
15668
1088
6662
16985
17490
3282
18192
4844
16071
10340
16904
12233
19851
3907
17662
19867
16630
12606
4369
4804
13420
10105
16248
16345
3635
1233
15486
18490
965
10598
13000
18381
832
9034
1010
3542
17947
11909
8344
16084
3892
7810
17073
4058
8676
218
7445
2633
7507
9307
17055
7975
3272
596
10253
1919
9945
15872
13220
5973
13089
5932
12689
6979
10991
19879
6794
13332
8699
7269
6771
10780
15667
2704
1181
1555
3412
4523
3400
8845
11477
8836
8521
17207
1788
8182
16871
17935
12404
5592
4544
11072
7702
6086
13064
4857
16164
12394
8881
8649
13301
2054
19814
11546
1962
7040
5169
7271
19391
9098
15101
18811
4029
13070
18773
103
15117
12019
2923
6335
5383
18926
1141
2865
13352
13447
1522
4707
3490
8806
13003
11657
2733
7227
15220
16608
12475
5416
16497
11914
4906
18027
11734
9574
3666
2955
18278
3243
17118
10142
11325
1953
18967
15732
1033
3388
14844
2852
5811
8277
17646
19858
1692
8071
9224
13657
6242
12835
1484
3258
4002
2929
856
16833
16311
2404
14743
17905
18816
19096
11059
10508
7008
2186
13864
9184
1951
8212
9429
11089
13262
13603
16428
1087
2664
12823
329
17140
9427
12151
14847
5356
934
12335
8813
2785
10789
17991
3951
4498
5543
2177
16945
12816
9209
14606
6910
5
443
18701
9495
14465
17256
11937
3328
5826
11091
6574
14964
16063
3212
2096
18520
1073
6658
9048
3917
3359
10275
10500
9983
5508
15999
10618
19003
4703
6411
449
12637
15351
2433
15452
10055
5321
3684
16067
4461
18480
15137
16095
16045
10703
9265
16002
1469
3485
19643
3297
14173
11726
2614
9328
10347
2010
13036
16984
11637
12365
8602
12407
19208
16426
5045
19892
10023
12957
6406
14685
4248
9915
6454
12799
16025
18808
5573
4609
5488
6149
16275
926
4576
19459
11649
10525
10550
2985
2802
6510
10947
9197
11244
15588
421
10739
699
2345
61
8912
4596
10850
12741
18681
11926
4193
11739
10925
2284
5537
7542
17435
6639
2497
602
849
11273
12416
15846
4483
3125
15281
17418
18868
194
6299
181
11204
7062
12976
17037
9495
16367
4744
15352
7037
17797
12537
10391
3907
1995
3253
16435
19669
17748
10529
12623
1614
19506
6285
19933
16158
7769
10420
6061
5462
15651
5074
11295
12723
19276
11773
3161
9829
10526
9569
19637
4571
7751
19260
1074
1453
13734
3251
7275
9606
2916
3279
19812
17580
7135
312
7040
15596
19330
6700
2192
16295
560
9275
12134
15475
2624
10594
4455
18799
14722
803
6367
8520
9600
11037
13903
16353
11392
365
14049
5474
2245
9505
18620
10335
8021
4117
14739
2851
7061
12332
15607
11802
13712
7116
4909
5816
10999
14262
12123
11049
10786
18720
3067
13430
8884
689
2930
8944
13021
10361
12698
13469
16410
4106
8859
156
9495
13719
13657
6166
9684
7528
7687
2563
19877
15031
10073
2006
11347
15466
12311
7047
19168
2253
1837
3067
8
4459
11007
3633
19298
12137
2170
17291
11686
1343
9894
10487
2665
15348
7928
13561
8676
17781
5955
18936
10035
16465
18542
13890
10265
10612
6081
6684
16096
7198
12345
13417
4286
17503
4091
5270
10963
16722
17989
5248
16399
5171
8896
18755
19984
11550
9010
4673
10057
1670
18863
5931
13375
12942
16528
14702
17517
295
17756
3517
12423
17511
15586
19702
3771
9538
14665
15348
1651
6888
3679
7697
3191
9851
1101
9686
14608
18731
10123
11968
2184
9743
14384
7184
19244
14914
8194
14128
13459
3544
2540
3613
18008
17308
9038
18261
9283
7880
3661
11710
15367
18143
18347
8401
13540
1450
14833
13057
12428
3469
12297
588
5699
19813
18825
17693
5471
12065
1737
12539
15151
2106
15222
12209
6040
17841
7167
14203
13275
11331
15276
4554
13810
17643
13070
6228
13625
14900
6641
5851
4137
15673
3727
19192
3007
17788
15806
12932
18396
1631
18825
16483
8390
3906
9213
14029
6411
5049
633
3802
421
18889
10153
17577
13753
17184
12492
18062
12442
15726
1328
7894
11722
16867
5344
5912
7329
16806
9108
8633
4806
1584
14758
13596
7354
13027
11013
19780
8084
3978
14498
15624
16007
14702
6056
1906
12511
11281
19817
17459
11274
2731
7507
16487
5940
7199
2401
1664
18443
16378
11213
16818
15585
1831
9156
8634
7472
18737
10546
17003
12536
12950
6876
18967
963
15141
13261
9751
16169
7700
5128
16407
9871
17120
5212
8993
18219
2049
4021
13028
8963
9001
13711
16257
4787
18522
18310
19057
9548
5633
7049
3574
1466
19891
17549
3741
4702
4834
4733
6125
15898
13883
6286
17295
5868
14464
16465
19001
8945
14653
14306
18969
19179
8553
10814
8250
13245
13531
10897
8086
11699
1062
6925
9209
6526
1235
7958
493
8381
11162
13723
18663
7031
6652
11263
2574
9157
14047
2357
7747
19373
19271
7754
8881
7721
18862
6620
6706
18565
832
12521
4476
1607
9077
10114
17735
15210
6635
14686
923
16642
2304
2507
5370
10820
19817
5759
1927
2078
10930
10381
1810
3425
5779
18002
13538
10911
522
15247
17309
9519
8859
6322
16247
14702
10721
6541
19252
2271
17071
9032
3964
18163
12808
16785
6010
18820
14935
15090
18896
18331
1868
8283
15131
8657
18452
18174
9247
8883
14132
4954
5583
12350
15169
11599
9243
74
18142
6481
12118
10148
12531
2647
2338
3731
16359
16626
16827
18331
11738
11227
13245
13120
12066
9925
8242
770
768
3730
3964
11207
19997
11362
8379
5143
870
3909
3292
12193
9633
4658
223
11258
9323
13872
18467
7589
15120
5777
5264
16686
70
14239
13600
2833
17671
4142
17354
11736
13449
6802
9325
225
5211
5609
12630
5853
8158
18584
11438
4949
254
7444
3875
13768
8843
18359
7890
4559
1816
15763
6253
12001
11375
16994
5966
14322
14511
10075
11352
13366
16644
16673
9222
10244
8962
2549
11988
13941
6685
4908
14886
15148
11623
17308
2200
3823
3271
7568
10402
17716
1906
4698
3912
12087
4393
18728
14268
19943
13391
11855
15248
3553
1829
11876
10652
4435
2500
18346
1672
12835
6807
16421
17367
6440
11762
7661
9136
438
10834
4382
1418
7255
12275
5356
2099
8757
15944
3892
14877
18548
1883
17998
17765
16188
545
11007
7458
5844
11000
17290
3911
15178
14239
2694
17108
6479
12339
4139
4735
15775
13538
8358
3611
9918
3534
11724
9442
14750
14976
2443
16005
18717
5125
1916
9036
10923
13674
6101
8108
11498
13711
15195
4292
7022
779
10068
14579
8035
15965
5211
7227
9966
18921
19852
11754
14188
17079
1983
7819
9014
1700
2705
136
9702
4195
9022
4313
4852
17684
14860
11086
18745
7775
19424
15188
7636
9134
211
8648
16042
13604
11231
13078
5928
11581
4852
19468
18757
11171
7272
17056
13539
6346
266
4026
5428
9833
3063
4959
9560
2229
17062
18652
2116
1276
18078
11723
831
8283
19399
8645
6023
15676
18109
8772
4113
14256
5857
4692
12172
16357
11467
19573
18534
16644
17562
5391
3625
17258
6347
18291
2686
12000
15368
14698
18641
889
13111
11293
11092
4967
7508
9311
13726
13275
10361
5179
4556
18551
4281
17077
13991
10866
268
10176
12006
19527
8676
1756
3434
18362
2847
5513
19431
18185
5845
4620
1923
17834
10033
221
13111
7334
12189
8939
8978
13074
2549
9037
6973
18054
18206
2214
761
1565
12368
11315
13893
7783
12941
6804
5307
16622
11542
17684
15066
17699
1811
4695
10206
13828
18575
14784
16811
12013
8295
14044
17097
2359
1751
2446
10985
9201
4245
7896
11622
15962
19801
19042
9319
15641
10105
13482
16801
13977
13588
14249
19961
18500
7524
13470
4838
14522
1014
9369
6037
7118
11542
16294
17222
4093
3939
12307
8852
10892
161
14400
626
19646
1326
10659
753
10127
13484
148
2430
559
18781
13244
3848
18078
10605
16309
10143
12000
2409
13597
1656
3966
1069
6909
4557
16697
16923
5872
5633
11979
13608
14099
10433
17596
3216
17640
13990
4061
17258
3334
10231
8965
3958
16896
16268
13446
658
15600
16397
12875
15532
224
1976
10256
5298
6965
4130
11038
2501
12601
1045
17378
16908
15075
14615
15400
12965
14853
1163
6713
9174
13554
753
11374
1762
1482
16232
6192
4855
10467
18676
8270
7971
117
411
2906
13031
579
17513
12257
10692
10369
13075
2052
6194
12326
15800
7991
528
463
6628
14198
6453
8813
12622
17695
8517
13517
10785
15376
9599
13091
15288
5758
11091
9906
7618
463
689
16697
1062
4213
9660
10685
18016
5511
15646
2831
7016
10173
1525
19418
19060
3080
16971
16428
8660
1963
11523
6686
6427
18202
17519
8994
16541
6702
223
12104
7252
2466
10196
17549
8061
2286
9362
17312
12255
3229
5267
11986
19819
9133
9753
6682
17247
18178
2012
19842
11525
583
19233
15921
13081
14882
15819
12182
13095
9331
18603
18862
12658
12041
19219
11922
4146
1761
2761
14848
6709
9532
14583
5668
6438
6043
13534
1346
3978
14521
4171
1187
1543
15302
19778
13978
17279
15868
5495
11538
9243
15328
3356
8182
8003
22
435
2396
13929
16193
9957
7054
10437
11862
17164
19063
14235
10588
6795
2375
4441
802
7773
3171
4060
17084
4266
17996
7890
18684
150
13834
12123
9449
2644
14580
3049
8543
9497
8351
2790
2306
8810
8801
1364
7456
2967
9377
6895
13635
18561
509
3791
6031
9974
6838
11818
7422
16670
18556
16470
18069
1902
18002
14924
15363
14745
3294
12488
12630
10950
10223
17037
13113
10365
15051
13477
16942
10427
8948
19686
18244
2598
6519
10865
11349
9658
8657
14963
11487
13889
13181
1230
2077
8769
11550
6962
17217
7343
6086
14213
12208
16641
14945
2882
12026
17249
14273
7485
2100
4734
4006
1573
19892
9117
17386
10242
5032
3500
11590
9725
10484
10519
580
19967
1478
17396
16355
14098
1207
13464
13312
3203
11041
5708
8040
16617
11671
1211
8086
14304
422
9378
4778
18574
15718
7562
9641
5990
15356
1714
13739
18379
11376
19332
4741
15788
14181
19018
12947
6030
4506
7514
9474
18823
17149
15181
3383
9830
17223
7405
8032
241
16792
11180
8533
326
1359
13234
1705
8099
15845
12590
3667
577
17575
109
19892
2746
4847
5225
17828
6635
9726
14296
1374
9493
15576
17574
5028
5950
5371
14173
11280
6772
8189
480
12089
722
11266
6871
1502
5307
951
10501
16946
19618
4302
16885
19652
620
1270
5331
8457
9422
17685
9079
18824
5488
9797
7451
4802
18995
18761
14030
765
19310
9163
17378
10092
17972
12019
19839
17532
13330
6950
5402
3036
3732
11256
8961
18122
11367
9615
13421
10198
5081
11126
8890
7958
10749
6554
274
17510
1898
5125
2981
4249
3267
17620
16917
2624
3473
8311
1326
758
7597
14213
13907
15142
9594
12666
4915
18809
4718
11950
19707
7424
19569
7666
16613
8026
11999
7433
7501
19202
6088
19169
16452
14169
3702
10446
9374
1419
15374
1921
18566
8192
2319
18218
11986
17698
15320
10183
14033
17126
5574
4263
8032
12921
17115
5471
3484
4456
14170
1992
16817
6572
5231
10932
9905
19120
1324
8619
8545
7168
6477
14182
2605
816
17725
16519
9116
16966
10290
17619
9790
3685
19475
7853
4866
19575
921
12753
13699
10806
14899
7753
15778
4951
10244
17007
18768
1651
8424
12032
2434
16371
7796
5081
5191
6840
922
2705
14997
19941
5388
12179
12639
17385
16344
4854
5379
3180
4337
17274
10943
16022
1678
18914
15172
15670
15628
10824
4931
11222
8463
2049
4644
2937
901
14223
15926
15789
16683
10781
16896
12851
12778
8474
1078
2951
3129
3349
1960
18350
1478
10513
1492
8028
910
3813
12155
17312
17193
14035
2576
12652
2884
12002
10061
132
4166
10875
5024
17794
15508
1117
2147
13508
15152
2685
18505
5555
16603
12157
7924
12848
15611
8295
15716
7901
9496
16519
2154
17382
10177
3427
1370
9738
6988
12599
5695
17418
13210
16945
15368
17356
2552
7782
7744
1228
11810
6671
19291
4480
8706
19811
5549
551
17942
4210
757
5901
12912
828
19734
10589
4150
2348
16294
18820
16682
7156
16767
1149
15364
13638
3826
16095
7483
3660
4156
18975
10564
12356
3217
14691
19217
1308
5653
12709
2266
12198
16874
6336
7704
12024
2691
11066
16558
9666
14966
19405
4291
1741
7952
15699
9034
13613
10115
7950
13315
14370
15291
3890
2010
11473
5614
18384
4748
5402
18673
6079
10026
11094
17799
17801
4951
18350
1460
4015
1163
13243
15120
3802
19834
15957
16216
15744
4495
18714
16670
16206
2513
19038
7264
6392
6792
18281
12214
6330
13177
11570
8357
3946
7724
5526
2064
6845
7183
9300
8239
18610
4307
9864
15928
2047
19476
19714
13401
2486
16886
12386
10663
1203
16811
14323
13328
3205
10642
4001
18765
1782
8857
16568
7764
8473
5539
3354
17386
7951
2756
18077
16694
14774
14185
4415
19472
303
3092
6854
14872
5642
15109
10233
2435
6096
15925
7188
13007
2477
9020
12460
2648
16184
14354
19712
6948
4192
2771
14999
19672
6005
6395
12892
12462
14863
1584
6323
6206
9151
895
9367
16153
18545
10207
16209
2420
18842
17266
5527
18337
15652
19274
7455
15610
5427
17416
19646
14007
5523
12863
14593
3199
7776
9751
2311
8698
7474
4590
1593
4069
1699
3641
19399
15615
6174
16008
9793
16384
19525
7399
17390
10666
3199
4288
8492
12151
18044
16222
4293
11218
11782
6061
3147
5538
18727
157
14832
17824
8849
15558
2244
9705
8878
9189
13611
17871
13604
7492
9594
8203
5668
14359
910
6445
5328
131
18378
4436
295
10009
17835
10200
6222
17056
6249
10820
5052
16561
16300
19394
1826
6780
9320
5359
917
3591
16279
19565
11033
9527
4306
951
10188
11847
15532
6159
13741
469
17290
5684
4007
11484
6275
16623
8094
1212
6480
2348
19284
8246
1423
5797
12376
7347
17082
7738
4108
16645
4735
14109
15569
17925
18332
7306
17329
15098
18394
12372
13897
1467
19650
14555
2385
6508
3680
3001
8617
17669
4947
17179
2082
8849
1357
16909
7463
11409
10766
5262
7526
17504
18967
7875
542
19922
17453
11079
11238
4981
397
3616
19256
19802
2886
717
6552
4621
13367
12923
18213
15487
8358
8183
3931
15045
16346
5278
19427
3289
19990
112
4920
6526
15443
17090
14294
14274
7288
7123
17120
252
5401
15511
19566
3860
9929
13295
8434
11426
6109
6073
8581
13966
14398
17251
12083
535
18890
6619
8032
2927
7624
5826
1141
18115
12391
5376
939
10777
6514
14129
2195
14258
7345
17852
13951
7118
7263
6852
7889
9935
11524
3735
18750
15062
18990
17731
13758
5514
209
10025
18354
9943
19704
11594
19282
8850
4582
18335
5331
5755
18158
13093
178
14395
3339
18804
5216
5645
5757
12016
2537
7417
15553
18744
10434
19163
10923
8028
10127
1570
3587
11468
8782
13685
1753
7500
10339
3920
7942
7843
7169
4268
13888
11507
12050
6140
4538
16003
2723
16019
17046
10935
9263
7684
168
15105
18439
3777
1064
9009
1018
6533
6419
14440
18631
19885
16159
14698
9244
12480
2713
7858
10121
3696
3677
5791
10214
6873
4881
16652
958
11846
7295
13854
2743
10515
3757
4630
6591
9228
4474
10694
7701
9333
18327
1185
2352
8835
2303
1962
16944
19431
13620
9230
13055
14987
2104
14990
11652
8053
2086
13589
8420
11624
15563
2152
9429
16650
99
18779
6016
16449
18868
10048
978
6582
13377
14586
1216
19355
3148
19856
16148
9896
5068
14972
10616
8929
18150
1763
1886
9076
16619
13856
5033
6975
13198
18041
18556
7214
18016
1171
8125
18946
8682
10882
5478
16461
134
19832
11016
7673
123
3166
4059
6344
6035
16288
1447
9142
16218
6531
16872
1115
1045
17970
18946
4110
16893
15318
3073
17635
19607
8004
14410
3220
18321
144
5604
18909
4058
18495
5245
5057
10815
12730
5946
13003
4478
7422
16703
4687
18889
7024
4887
2766
18168
9807
8193
7544
2763
5826
4887
17068
4571
16432
2716
12539
1820
8206
11457
2187
2322
2386
10644
15767
13068
7399
5829
212
4257
8442
14326
7502
2533
12752
6335
18384
11560
13530
5404
11395
14220
8737
11923
18670
16898
18972
17733
15515
1695
14721
18993
4795
9088
12663
12927
17279
2839
2569
10704
16071
4272
19543
4543
7704
7621
10535
18964
934
12057
6553
12773
16690
3445
4727
12201
7948
15614
7755
8795
5209
11503
11051
13799
18351
2264
14928
12884
6366
3987
741
6350
3433
7294
17882
1135
13714
12698
2935
8297
19411
7455
16014
9266
7208
3002
14729
6893
331
15332
15747
945
15863
18528
8403
9240
13134
17200
17826
14534
2038
15349
4990
10324
18782
5729
18631
7576
11998
19290
12358
3475
10652
11950
5758
18902
9451
18478
10874
13234
14926
3560
16742
9787
11931
15589
9690
17144
8090
16315
7633
1897
19756
9744
19064
3957
9161
588
9505
1647
17185
6137
8983
9253
4900
6074
3180
13157
190
18437
12015
17356
8314
18622
7993
429
9319
16626
8998
12986
14584
2029
17280
9585
4260
14040
17559
3174
18286
17394
14926
7625
7200
19754
719
1524
6704
5302
5758
7156
3685
14451
4138
9553
15602
13530
15136
10203
12576
5051
11130
19027
4491
3865
9493
18355
6499
13730
17312
6555
3410
13545
17296
5177
1469
6913
14288
9940
9444
15640
7318
11733
12835
11277
16305
13235
11387
7760
17854
6426
4171
7637
7802
12758
2967
5205
12594
19074
9995
9505
11702
455
14073
4355
2508
9491
15102
12755
96
7704
5315
14226
9529
8478
9054
12519
6887
16327
3513
15796
16217
2524
778
17652
12171
18969
7458
2323
19484
7057
3202
14826
4157
6783
3494
15157
17029
18923
14373
6099
15522
8470
3409
16921
4075
9698
2425
7252
3569
8928
12142
10873
6675
5431
19779
10698
15408
8750
11245
15912
19286
6710
17642
16176
17402
4183
14558
1139
14753
8470
17112
8629
6587
19455
10547
10914
19919
17717
5176
10504
19057
7187
1633
85
7921
5118
10873
4398
17965
16713
9727
13000
6758
13700
1096
3623
14736
11874
12900
4177
17186
1702
18169
13166
15214
19914
11148
8767
6795
18155
5439
4567
7853
7092
5012
11034
12758
13509
16271
3473
4774
10687
18393
14055
18830
5679
3873
7588
2339
1493
3773
2819
7053
12177
3438
9329
8639
17577
11617
11269
16609
18072
16082
10519
15080
2582
1260
6206
17000
1888
10347
15977
5952
19492
10018
19673
9043
16076
16471
2266
7255
7940
3308
17501
9830
14121
8826
7475
1586
10449
11062
18888
822
7153
2069
6105
13671
6286
17900
6995
9097
13219
687
2218
6974
6028
5307
4210
14393
5357
7632
4446
7473
19043
9782
14323
10449
9892
608
8135
7884
15765
11118
13916
15053
12808
15596
15603
2669
16464
6392
12878
318
3779
15905
14695
4356
11146
4523
16294
16548
13608
2831
6147
10260
4357
7646
408
17937
10486
13446
9730
8496
7818
6574
9332
1420
211
699
6040
13886
6575
4725
13763
12011
6995
16612
9108
14327
13651
1748
13449
6423
14352
5047
9949
9892
11838
13193
12418
16171
14449
6127
18263
8994
2948
2393
19302
16213
9765
5511
17277
6974
6464
9031
1126
8947
4838
4092
17189
3482
4858
5530
1966
10295
4025
3150
7329
11878
10819
5819
16643
2563
18090
18623
18810
742
8118
9780
3684
8141
6930
6002
9269
7442
17111
12529
10571
18812
8594
1196
12367
16081
8341
16770
10763
13864
18231
17143
10498
5628
17576
2807
2257
12861
13270
15930
1696
15041
7349
14050
6884
5432
16654
897
6836
16605
18759
9848
17638
6824
10955
9178
2790
5088
1397
3792
19538
7854
9182
213
12661
12684
14369
17697
6014
15645
8
18755
19644
6646
17269
17896
3416
9978
10158
3480
7151
10019
1797
15839
14219
16508
3715
14857
4477
17964
18193
199
2937
15212
13443
2926
16493
14330
129
13246
19423
14822
1267
11808
15971
11881
9705
16457
12406
9398
9156
13755
2841
7849
3717
2603
12685
14780
1391
8317
9000
4568
27
19915
8754
7144
15449
7045
12671
13000
3805
10674
16296
14525
8909
13524
9160
10719
15974
2378
7856
1553
11366
3855
15111
15474
5050
14655
17922
13995
3268
18234
13180
19688
7272
9473
19570
4260
4979
3390
19454
16604
7465
672
17357
17414
6410
3395
17535
5339
7392
11726
17851
9679
871
16502
588
17922
4345
2176
5308
18318
19349
12196
1548
384
9387
6669
15725
10340
10407
13660
8670
2170
13944
18125
13474
9157
17212
14385
445
17121
17482
16250
17771
13748
6939
13077
15613
4541
4693
1586
10129
5289
13110
9247
3404
10789
9305
114
12535
12974
7656
1957
12756
4164
6015
2108
14875
5245
793
8354
14005
14710
5817
7441
12308
3267
2294
11089
1421
18312
15652
3383
3059
17120
11675
1071
8177
16186
16710
7733
6148
13156
14123
17436
16307
14976
15506
1489
1004
11283
16243
218
8764
9564
3552
12344
13514
4418
13484
16780
15824
934
15895
14358
7895
18135
12792
12696
4558
11844
17702
3577
8232
5420
7362
6661
17871
2641
7716
11218
10824
16683
17088
17949
18405
17177
9781
19411
14688
16051
7058
1612
11323
2555
16677
9073
12657
3697
10306
9950
19576
12069
5932
19939
5654
3272
15907
18980
16253
859
10250
14208
8229
19817
15507
9295
17540
14833
2154
5157
7724
10843
539
13875
8769
3627
11424
17484
17525
17171
12523
6437
1570
4835
10124
4950
10756
6108
512
1469
14224
8963
6199
3106
725
8465
1440
15412
8782
14086
9395
19922
14528
5309
18266
12423
8406
14107
11677
12652
17911
11073
4745
6449
3105
19458
19548
2903
7556
4142
16463
10676
15933
7692
2688
9273
9581
2662
5563
11216
11606
9918
1605
7263
12594
18623
6757
11882
10927
1134
18224
12949
17067
1663
10095
16454
14952
8900
13038
2633
10444
1152
19011
15693
5367
3290
2009
13676
13250
16493
6329
8872
4145
13532
15156
5968
2068
18531
5615
11746
1440
3240
11276
4234
13956
13265
8977
16041
3787
10543
5975
19569
2318
15255
8240
7084
12979
3634
18934
3101
9414
13098
13581
17182
14066
7365
17396
16648
5211
3246
10797
16945
16155
16558
6790
1936
4184
14138
13315
1212
8127
16166
15402
16914
16159
19383
2347
15381
1604
918
618
8144
17742
9569
10698
2359
4141
12923
14744
3788
3580
5028
18961
9725
1047
13091
4529
16874
5242
5727
13881
19844
12567
4045
6748
11185
8883
16004
1286
13548
542
2732
16458
12202
6670
11541
742
8215
10551
11524
4501
11295
14889
15272
11217
10985
15109
12747
9570
19101
13181
5348
6056
4901
263
5673
4097
18770
254
8033
727
18198
7990
9688
12169
16686
4410
2955
10996
6915
10467
16227
15326
11750
439
7520
5503
18456
16411
18378
18253
14540
1590
9420
3266
7108
9124
9181
5708
19672
11508
14931
18129
16533
16223
17788
10300
769
16005
14695
8809
19965
6022
11133
6024
14692
3033
16558
2705
5296
14637
15525
1221
5180
10233
8381
17917
9027
11778
13741
19442
11207
10793
6622
1832
1102
17838
7358
11319
8423
17189
8397
6775
11658
1075
117
5831
12126
19109
17335
14234
4564
10061
5983
14560
12880
12475
13081
11756
7656
4660
15133
8967
19012
14673
13670
10512
6757
16502
11297
15597
19043
8877
11841
6515
7343
7198
1039
3695
4951
8654
1726
12399
6824
4434
7965
17071
8621
10350
37
4803
13013
2638
13362
3390
7059
11039
18927
19293
15295
2539
15306
2452
19834
6704
454
9906
13070
2460
9391
12019
10260
8391
7817
11298
9167
10989
15489
15657
1718
19495
10053
18999
7951
6532
14959
8620
19447
3497
1660
3396
16894
194
17435
11837
7311
7427
12161
5255
205
8481
16602
4680
376
17350
5274
17929
17231
1908
849
9664
10832
7129
284
18650
13019
19691
10040
11333
14036
8097
15986
4919
1127
1486
19610
6751
15974
6843
11990
1062
2350
9343
8595
9633
8296
5693
2294
17206
15115
3963
1584
12265
11294
3418
7792
14786
14427
10167
16882
4540
15152
13309
5429
2572
4639
10116
9419
16396
10693
1866
2857
18243
17111
1612
6302
10259
12168
17698
17697
1919
17351
17012
12419
19991
4229
18845
4643
2529
9781
7611
15712
358
10700
17871
17193
13590
4872
11831
2928
3832
8013
357
15038
2643
14762
9724
1024
17650
13339
17991
14718
14839
6887
9878
5484
2943
16585
12949
2874
16973
18668
14571
966
18966
4847
13644
5265
7785
8584
251
1423
17913
15780
18880
11000
12488
4589
1666
6203
817
13573
8417
8883
19154
6191
2578
18897
15861
15661
3672
14520
313
12899
7227
19112
19234
18746
13640
7827
10009
2753
12933
12811
16993
1678
13615
3516
15192
6115
8146
14998
9605
16651
15332
3106
3076
16003
18782
17397
2572
5365
13592
10563
12890
18912
5120
17643
7419
4948
5047
4433
18523
16761
1000
5065
11525
18191
17318
1710
18965
15
16641
16146
930
18193
228
15120
3714
12743
13678
12285
1305
15334
298
16829
11842
16037
8302
1522
3896
4446
16493
5615
17185
15890
7129
11755
11128
265
2265
17809
8501
11095
16226
11861
15963
7290
9973
8352
12159
2751
17461
15180
5264
708
16483
16107
10022
10712
5496
2561
18763
13759
15838
7667
1665
15282
875
5847
3247
8323
1947
19947
13580
19998
9865
5089
11590
10826
12138
18904
3502
16815
16135
5542
9476
9362
1333
18033
4411
19260
4146
12605
16553
11001
16669
14559
12302
5211
16819
5585
8990
9503
16866
14718
10796
19815
10443
17725
9972
16775
6297
13146
773
10715
16985
10383
14666
8981
7189
9779
2900
19317
5936
7881
13350
4688
11680
8569
2748
16819
19107
8763
3384
18849
4608
19567
16458
6840
13180
14666
2524
14898
2293
8715
18263
2535
18654
4908
6582
10512
8439
16404
11525
11590
6216
18921
2997
1673
7578
6146
15263
4573
14354
11675
19986
13198
3083
6562
18011
5268
15438
4238
4560
3601
12593
8015
9721
6680
16714
8864
8699
648
10958
14585
3714
15797
11467
15297
1259
10376
4990
6273
11787
7420
19985
5620
10847
19594
10741
12474
16626
9695
14808
8108
11780
12424
18914
4170
15933
17488
1266
11375
8494
1632
14864
19782
799
11525
9743
1462
9883
3152
16257
9465
13557
12086
17302
9034
9077
18168
9139
3901
13858
19805
16331
7560
10958
12442
5629
3007
825
15092
11785
18526
11682
14557
1456
4895
1969
14906
2919
10923
506
17733
4567
5613
16367
2350
10933
6114
10278
17788
18713
15853
289
1906
8957
8327
17984
18668
18388
12211
1535
744
3876
7664
4621
4578
9697
8711
3595
5880
13672
18820
16572
19564
2869
17890
3567
14120
3809
12127
14822
763
18779
5519
931
11714
194
10956
2830
7778
11420
11914
10533
5329
2582
19049
11841
13268
2425
8675
7872
14787
10629
11078
7924
19433
3181
1020
1992
9192
5966
10629
3594
12889
6285
13958
17338
3984
7276
3259
12685
18526
10729
12328
2654
1937
16532
19629
16338
7350
13034
12376
17446
12255
19058
15604
17880
3071
14740
4670
8206
11153
2385
15481
19974
6329
18659
2968
17180
19874
6545
12888
369
18567
18927
11184
14302
17037
9584
2401
15125
3757
14601
6183
11920
7600
2692
6290
4729
14291
10781
14862
6997
18217
18301
1245
1646
9600
6352
18119
16987
10075
19333
3880
3502
4767
3138
5384
3802
9354
11553
1416
13630
18365
7595
9911
15763
15930
1775
16484
14094
2536
18622
16846
1810
7251
1799
12855
2293
3089
426
12376
19661
12160
19707
4142
19895
2762
885
7858
12964
14634
889
9798
1025
7273
8258
3082
19169
17409
11429
10671
10985
4227
18506
17763
12023
12851
5633
10955
15824
7217
6180
8591
6917
1811
487
9614
4641
19885
19998
13363
4530
19891
15628
9631
13457
13653
13827
8166
10192
19689
3548
7382
11903
4871
9268
10897
18650
14093
17282
12859
6963
3299
881
815
17431
5561
3006
6797
12480
2860
16496
14766
7991
5415
3470
17688
7267
7270
19233
16364
7122
8982
16168
445
5699
12953
13714
14171
5806
16325
924
16493
13297
3532
12134
10846
1687
12950
1492
878
9159
16170
19198
19209
19399
5324
18356
15732
12810
3904
14290
15779
9437
7948
4732
392
7178
5660
7158
10247
5191
13215
7651
19941
8287
847
344
16286
8058
11822
5659
4117
4427
1420
8669
7590
6038
15876
7122
183
9212
19334
16009
14830
12644
11152
7884
10684
1352
10037
11222
17207
9177
7615
12203
5733
19504
11537
16281
2900
3698
5061
5353
774
10367
15733
8418
13802
14136
15029
9818
18374
1610
3357
6937
880
3451
11108
13517
4092
5840
14087
1604
19088
3129
16330
3337
9939
2169
10581
19230
1315
15861
10336
16914
14054
12313
1961
4895
5529
12385
4354
15650
14980
4619
13640
1208
1294
727
12845
17458
1068
7575
13303
17461
3349
17273
17218
6129
17746
4398
3264
8347
13425
15190
4929
4296
9592
6858
16045
12457
15734
2022
5838
7166
19509
6641
11499
16728
10636
9482
687
528
8401
15761
10793
10301
16300
14287
16684
1685
198
4098
438
10948
10304
19433
13709
5698
8256
17993
17253
19956
6534
4602
11871
16289
5854
3921
8460
13199
11246
2410
15567
3897
8910
7505
18368
19888
12759
14414
10316
2316
15668
1227
17370
9548
10901
19266
3817
7505
19139
14792
8148
16756
5646
1873
6584
10495
9377
11806
16492
16271
18071
12682
15375
15268
2247
396
7456
16962
16507
7369
9446
7751
10591
14394
16240
16649
6708
4406
8023
16587
1860
18172
2975
4028
18863
4159
11196
9069
10404
13165
19986
9421
15116
16190
18548
2659
9569
10582
19214
2022
18492
3543
18975
7772
3179
14598
10333
15566
3553
19127
16700
8964
1767
7448
9418
7362
16880
12600
11665
7614
11723
14706
448
6429
16145
10330
12579
9834
5662
3330
6350
7282
5821
4681
12057
9534
15452
10721
1061
7246
7615
3611
9277
14927
16208
8529
13239
14521
5428
13680
4922
5351
2488
2465
4826
6163
15114
15058
11166
12045
16708
7077
8611
16568
14052
8468
17945
354
4599
12032
16683
13950
19379
8213
10652
7968
4772
12987
18189
52
17054
16668
18235
9851
1553
8717
11973
17027
2747
16026
19947
9889
14679
18323
19986
17454
8371
7053
4676
11548
8191
2454
3732
5395
993
11801
19935
13676
10470
522
8782
2344
9875
3214
9048
11726
9081
1706
17188
11009
3783
4327
7212
12410
17241
4479
510
16742
19023
3239
572
8670
12248
4664
16611
17983
11565
315
18600
18790
13946
6769
1054
16586
18775
14588
17941
9589
2997
12334
13276
18336
16595
16684
17799
14795
13488
2974
19787
10070
5627
7798
5062
15518
2343
14074
10845
12983
15738
2096
29
13058
13348
14629
1602
1932
2765
9177
3830
19427
5479
19883
5905
9846
17251
17661
6430
14376
13407
18435
6879
7568
4797
19854
71
6416
19311
751
18021
16847
334
8842
18592
18421
18857
9049
18366
4707
8442
15737
14175
14253
14421
5781
1830
3605
4059
5838
12471
8517
17515
16004
4731
13641
10295
15811
3553
1190
5300
1356
15328
2235
15211
18879
7287
16531
9356
18978
8629
2979
16771
13393
19188
17350
6691
2626
7903
4787
2910
7667
12373
12567
19542
14611
9094
4565
14734
15817
18074
6807
1722
11717
11377
4015
3829
11457
14917
1710
1874
2772
11595
18112
18794
12787
11993
9315
17171
5828
17409
9666
2289
576
11515
1586
12806
9092
1026
9384
5574
533
7060
