1000
1485
168
1118
1673
1600
141
1964
860
1412
1148
787
317
1868
1110
1315
1202
80
1596
446
1283
125
224
239
287
1465
84
1207
716
1201
1012
1925
1227
1121
1712
577
809
1551
1361
806
1777
1060
205
1322
927
1128
1942
1979
1761
1897
572
663
1366
247
291
152
1352
1360
1855
1706
1733
995
476
154
649
1779
1434
1885
504
1290
1493
155
1031
999
562
566
1114
1685
646
1594
184
826
593
1859
682
969
1127
1270
867
1012
1743
1565
170
81
1013
450
1250
1656
394
1830
346
854
1115
1583
512
177
1343
1660
1745
489
985
215
828
263
974
470
4
1877
1712
1533
1684
1865
281
1827
317
1839
100
15
266
1139
1012
1920
741
744
1064
550
1234
1591
422
288
745
1655
885
707
1345
1141
1607
1859
1976
272
850
753
1407
1028
576
1297
1810
610
1548
1575
677
696
173
1166
1162
1554
1392
1316
704
1260
1021
710
1829
386
1644
403
699
967
1728
1951
505
526
449
231
712
617
56
475
350
571
419
1021
904
684
1112
1493
1215
457
1366
190
1533
1461
535
65
1258
208
594
1308
1295
1681
1790
526
587
1203
400
209
1827
1802
1253
677
420
369
283
1925
1285
898
25
440
552
945
688
583
1583
869
1897
406
91
1795
781
1856
911
1000
612
1187
1667
707
1237
1333
1445
1150
492
1330
1593
487
1129
1587
1169
511
869
733
1720
1198
800
979
57
1184
230
1832
1293
1584
304
165
1344
704
582
755
837
1170
258
1478
976
1286
319
807
241
1905
433
428
1025
1990
1823
1829
228
291
827
1190
1950
1259
1330
652
99
1163
1166
494
263
636
1784
146
516
1684
27
1640
185
1640
1141
487
1663
1618
167
1490
1623
1995
891
1655
239
566
196
1172
564
1945
1089
870
1474
88
140
255
1414
480
639
1747
1380
12
230
144
36
568
1535
1543
440
1680
510
1771
1897
1539
1277
421
1486
1482
481
1297
142
1615
392
1769
701
651
1950
108
1939
1712
414
155
1306
1296
709
1664
1286
1656
1891
363
143
1917
1963
1066
1161
1841
1546
388
165
1042
1092
1314
1984
992
1305
1642
489
200
7
378
1904
1569
489
1054
970
994
813
462
625
1903
1668
806
1272
1358
1458
1939
1309
506
741
903
1991
1892
434
1930
558
1248
507
909
729
1875
172
1371
1427
1895
901
287
1927
824
626
540
1403
526
1270
1933
1609
984
1927
266
423
1857
1218
1843
296
962
1151
732
748
1876
1535
85
306
1248
658
965
1774
356
341
1299
422
116
1336
256
726
955
1310
1972
323
349
813
1843
1773
1483
566
220
877
753
462
1918
622
1711
1227
1384
264
562
1418
331
55
1839
381
301
490
987
418
205
1831
154
366
1758
1324
1074
1578
627
705
1291
1235
1301
1642
1685
1557
820
1096
790
1314
567
1134
1103
1691
1745
1184
201
1505
1811
1848
1281
1142
1672
259
1006
605
1120
600
907
1072
1980
1385
1717
1135
1139
658
1490
1942
944
1838
60
104
1497
1752
1881
1496
1835
495
568
662
1911
1907
1450
774
483
1644
1211
716
1566
443
1596
851
1556
1783
318
302
314
185
860
262
999
1348
869
1905
1408
107
1029
100
206
1159
1744
31
1997
448
1786
1447
1299
1080
773
1185
491
135
152
1081
942
1457
585
1106
1086
1092
135
1496
1246
814
1254
1234
400
1803
1159
1860
1500
123
228
1312
138
898
1477
684
1437
1738
1298
1935
1580
1763
757
356
126
1818
1610
1137
114
215
1655
258
72
384
1762
190
959
427
499
1500
843
49
1288
414
562
974
15
810
52
245
1395
1722
613
1073
53
122
1897
1414
678
207
1530
1029
1615
1782
1897
142
1838
1658
511
1776
1037
527
1422
700
576
476
169
1448
1723
374
1580
1551
1438
134
1337
1221
14
1021
1185
1592
1
142
988
915
901
1001
1765
1628
109
1928
1300
221
1513
1091
1097
912
1985
1294
466
1347
47
1522
409
1723
70
984
285
1332
210
1825
220
6
1917
1652
650
804
1051
1903
688
1358
1812
430
1427
103
827
1322
1504
497
1567
24
1234
339
13
434
399
940
768
1491
1301
770
1415
1244
1916
835
817
916
216
1517
1799
1804
1902
1113
1173
528
1200
1153
647
1769
423
1666
1581
287
204
477
1882
780
579
1128
1567
1324
1124
1874
719
1488
1207
627
702
66
892
1441
683
1427
1172
1999
1303
1200
175
352
81
1907
1107
1209
15
902
1173
437
1899
930
1800
370
23
725
1631
280
1167
1538
1888
1450
1130
1635
1976
421
588
137
837
693
1611
1780
579
1111
1548
558
1814
1833
826
321
1889
1582
1170
1961
161
1374
397
852
426
1241
75
1110
235
1644
200
1834
160
1932
766
1330
1428
1215
744
47
353
779
717
268
902
1558
1649
1157
1908
988
1780
1301
1396
1311
181
845
440
1417
1047
1264
141
253
509
1211
42
171
725
1090
327
1122
575
1269
349
1695
1049
1954
230
868
1400
1236
1169
773
661
330
1428
1819
737
50
590
1243
1622
531
1480
1761
1676
138
1799
373
197
428
930
176
1478
1883
906
808
530
1860
1178
23
1716
757
1468
490
825
699
134
261
583
1801
1087
1956
1902
1573
1890
1676
1498
1084
222
399
434
1958
1207
1199
1600
1060
349
730
1597
1126
54
131
504
889
75
433
1763
125
924
1153
1835
1173
1105
135
578
648
1070
658
1306
1140
1713
1309
176
1554
779
449
