10000
14760
16302
6234
16797
15827
15491
6557
16160
435
19364
18155
5028
19837
15618
17002
17000
11938
12950
597
854
9897
11337
14244
8159
11879
591
9658
19493
5149
3957
12299
14066
19725
6544
9704
16294
1274
7636
11369
11438
9724
5478
1461
11887
6749
1289
11441
7427
17523
14676
11907
4378
7322
19717
10689
3265
14221
13775
18011
12000
16385
19023
10370
3933
8415
7997
17363
17183
5147
253
17092
1997
6069
1300
490
17620
10892
12568
5829
1895
17338
10337
10985
8097
12016
16700
17353
18022
2990
5726
18977
16423
17087
7892
1344
1253
2703
3961
6576
12524
12330
2306
8260
7905
3539
2835
18558
3735
13725
15796
7866
16922
12074
18974
2938
18798
8413
3120
17038
5490
15102
5726
5663
542
266
17192
8121
4396
14515
16969
17779
14291
4027
17734
252
11245
10569
18022
5892
3163
19782
9697
10436
12447
16791
9649
15435
8422
17815
12005
18726
11528
10831
4597
10218
16296
16533
15119
2785
19511
10527
13392
9967
3157
2690
1902
384
2071
10220
16082
17521
6340
10169
99
5463
8409
2870
4317
17679
19789
6800
3137
6467
9070
16440
3686
19318
13930
19733
5645
11565
8746
12422
1810
13273
12793
17427
15134
14853
5634
11502
9593
7288
11703
8556
8957
2536
12654
2906
18087
11164
8550
3389
9126
5179
2823
8650
11157
470
2535
8671
9573
13583
15049
14524
5203
9637
5056
10081
7738
3101
18130
17126
18817
7246
9848
3089
17621
1545
18337
3767
17041
1188
12501
4658
377
19233
6231
8347
16839
13535
13284
6501
60
19133
3993
11446
7032
6918
16049
8962
7525
14526
331
5829
17806
10471
12234
4317
11693
13744
12662
11650
9793
14491
4415
19523
6974
4298
12514
8959
7071
5765
16229
14460
12278
19978
4060
8647
7492
8401
18478
14184
15301
14363
14193
7617
8162
19255
6129
13636
7434
15056
2416
16238
9306
1430
13992
11908
17689
15752
1484
2984
5409
10427
8972
6904
14711
11882
14647
12067
11772
4794
7707
10665
956
8264
15464
18990
11075
11313
12338
5978
12463
9565
1781
1328
8577
4265
627
4617
3213
6448
7865
17805
625
10582
15264
18797
18371
9169
10895
17023
3074
7028
9533
12727
9294
12537
18452
18367
14164
9482
18353
1139
15298
10667
5992
18331
19161
11752
18949
5478
10976
1303
14445
7871
5972
4682
11683
3695
9405
6099
16230
18063
7644
14388
13399
7
2945
1058
14905
15976
3897
373
19569
11107
16485
8879
18093
18820
14502
14438
2465
12174
17012
6640
6604
1588
13037
10154
2617
5937
12330
4741
4322
10661
4557
7085
1934
19437
16759
1623
17883
9470
3767
16519
3351
18045
3037
15419
16264
4542
7052
17080
1740
14071
9293
17999
6394
8224
5920
19499
5095
12393
5710
6009
16165
15895
16570
15797
16870
13245
18358
5325
6910
12244
18033
7476
15622
13559
11758
8805
12349
16605
4784
13778
2569
16371
6353
15656
9755
4917
15538
7328
12721
11241
19533
1925
15637
13177
7622
17661
13986
11019
12992
9015
3526
18174
2987
3471
10307
4963
12347
19104
5424
11062
5013
18215
9501
6551
194
5775
14099
202
19654
9791
13242
15719
6666
16316
14644
12318
6805
14652
16198
4267
14425
10665
17431
15665
11082
2605
19537
13911
4681
9664
15749
13660
14911
7564
11243
3256
16133
18329
5511
13840
1152
16698
19686
9365
14250
3090
5928
4730
13451
1924
17560
12337
2023
8887
17366
1633
8113
1538
8469
1893
5053
153
6464
1124
13106
5268
11416
5704
702
19832
9017
6013
4868
5349
15131
8
5649
13084
10867
4642
1645
7850
12697
10704
14796
757
19877
17504
3140
5953
9107
8098
4824
1664
9317
3360
19603
2772
4839
14492
945
17314
3886
4581
12663
14101
11034
15125
13027
7532
16827
4169
9246
129
13391
7102
6125
7319
10249
19749
13351
8287
9550
5090
3329
423
14488
10311
8677
9312
6333
16680
6369
8042
16586
5339
7868
14110
1097
15118
2499
3640
16675
16516
11874
12895
18014
16365
6382
3058
2950
3361
12607
14288
11434
14137
7898
17092
9854
1611
15628
17003
8830
13088
5940
7780
4178
4947
19863
13524
6796
4328
11671
14194
17838
18438
10589
18005
809
1234
13523
18328
10721
14346
11150
14951
4556
11067
6249
202
2585
8192
10029
6699
8461
13527
18540
2916
4552
1313
7085
19850
3846
18070
17857
10096
962
17315
11700
4506
4853
6466
11583
13055
14940
11507
8315
9177
632
9884
11408
6125
4782
18458
17419
16433
18958
1667
9550
15711
13329
8538
9345
5717
4124
1998
582
7877
11618
4656
16618
7936
389
9839
11607
7162
2876
4657
3431
2746
11537
17040
15475
16705
10369
16398
7498
14292
14918
3927
9821
18951
16786
1074
7511
19976
5681
14787
3817
7429
12433
16096
5731
2140
19550
4590
13311
7549
4326
14711
10808
5181
17499
1578
19448
7194
10743
2512
14414
11974
7897
13670
11710
18066
6029
17980
12627
2328
5514
6793
14384
5541
1237
12296
15972
1057
16452
13331
1883
6396
9724
13850
11025
10231
10715
1344
15521
15372
7090
8435
16252
19260
11498
1190
11286
4659
3432
3564
15098
5049
4075
9203
1853
7063
18545
19163
12272
4772
7321
9746
3631
16140
11300
9453
2646
1660
5397
1540
5587
15564
17687
5323
10263
9993
15518
4393
16519
15614
19493
13655
8719
7294
5239
1046
16373
9873
13769
3437
139
17433
8708
4478
15006
17407
160
4452
3084
2399
15820
7468
8434
17485
3883
2284
14595
18018
3800
10820
1653
5383
9258
10960
16662
14749
2610
15879
828
9478
11841
18547
19289
3891
15719
2445
5069
5515
10198
10516
7862
11029
11749
15018
10434
9987
9168
7627
229
15707
10077
18475
11334
7618
6329
18763
6771
8199
19393
11608
13621
8234
189
9472
7583
14567
3878
9873
11200
19107
10504
10352
4696
10674
16451
883
6823
2338
7756
9340
2240
15015
12112
15282
5372
18916
9272
1949
3403
10163
12839
1886
14854
2321
12609
5993
16832
16457
19942
8992
4731
7227
10140
14733
16790
16041
2091
10523
13636
10398
961
18258
10328
13019
13014
17357
4092
1087
18314
13530
3169
435
15914
12525
17713
4399
13489
4129
2560
6700
3755
684
2529
16775
2357
4990
19061
5711
9472
3958
14014
11275
12021
14241
433
18091
722
496
9034
137
15250
1332
14394
13339
14347
13945
14075
7545
9745
1372
2116
19717
17176
13035
15671
14748
11990
1047
7352
14327
16103
17560
15033
990
19658
18558
3856
13386
201
1295
11402
19989
12022
193
2360
18497
13744
5942
18152
4865
12293
3759
8367
2312
7697
8655
2433
16268
549
2349
15043
8279
15907
21
15256
17098
1158
220
4760
2733
14622
13373
19519
2103
16825
15125
5569
1399
14781
11192
17051
4989
17937
15789
6469
18696
2780
10733
7299
2125
7173
1491
19003
8448
5369
4321
17537
4195
13931
6767
16941
2888
10326
2288
1326
14436
9022
4579
17656
210
9269
19314
8441
10528
9849
13131
6090
7130
11578
7737
6177
5490
1882
19806
14819
9289
10509
19279
8758
9917
17663
16172
1684
3726
6997
2842
11291
6158
15243
5631
18690
18853
8093
8730
12422
15934
13057
1820
18595
6482
1041
6023
8574
19215
16455
6721
12191
1316
14754
2645
19292
16524
11301
13318
17712
9268
4318
9681
14250
17259
5091
11966
8354
3493
11768
8130
19558
4811
4878
245
16979
10755
3045
10155
13151
1368
14898
6353
17843
4390
9532
2821
15062
12036
8736
3826
17637
19470
19509
19207
19071
13901
13578
13779
8508
2598
10987
10336
11357
15676
9410
18441
638
13538
12249
2072
2120
10401
10590
13408
9540
6306
224
7540
16490
17081
18518
5283
10967
5423
13791
3153
12893
7722
4932
12243
11412
12283
18969
358
16910
7171
10626
300
6664
2307
7698
676
3613
16799
19503
16325
12085
8526
16722
3063
11802
1984
9418
17582
17387
1804
4448
643
14249
11829
8661
16017
6255
8761
10151
15721
12798
790
11410
12147
15030
18873
10676
5665
3713
2468
3625
6065
11722
17211
12053
13024
10059
5228
16512
5253
10116
25
13115
12849
12295
4386
7808
19489
9583
11603
10680
2877
8337
6696
9303
15985
2059
9817
17121
37
10106
2150
3152
3098
19815
14112
1965
4164
3009
273
16636
7967
7782
18505
8596
16143
19386
19718
6763
19416
8635
14111
6065
16822
17739
12589
3603
7354
6028
8471
2656
482
10922
3384
19016
13556
2225
7343
3519
4407
8544
1859
2593
3021
12725
6481
624
19601
712
3475
13145
13417
10324
11663
17109
9512
4784
10137
19307
19619
13755
8646
5939
19149
3318
17678
11349
14642
3371
11069
12751
6061
8395
2550
8629
14246
14166
17636
15315
4779
4563
9791
10062
13097
10432
2839
18409
6887
3587
6209
4164
12991
19326
13691
8158
2363
9953
4700
17467
40
12346
17789
3232
5017
11079
3359
3579
9115
16044
6327
16160
15120
15072
8029
687
9963
4802
2861
12433
1991
4585
2743
672
15267
14744
809
12614
11646
10737
5911
18366
16331
14656
1412
3703
1297
5432
14480
15415
642
540
15518
15772
7766
5587
2337
3198
14211
734
738
15216
14939
12966
12241
13093
3778
7182
13413
18799
9003
11528
11217
8514
17774
2371
11046
14711
10312
10338
11999
16173
6414
3560
18125
458
9455
3695
8095
12512
15366
8633
14413
4938
18041
19613
3649
3989
11761
4643
8867
16444
13558
18923
9536
10507
10085
17191
6518
6213
13585
4104
13887
3681
8884
11446
15607
5551
4016
2170
17643
16153
4839
1013
14752
11172
14931
9908
3997
16598
8643
4443
8727
10417
18802
17661
12503
189
1765
8270
15561
14180
11009
10032
6308
18263
14567
4105
6321
3567
5710
16278
13594
429
18587
10009
7664
17954
12286
12333
13945
4970
6636
10234
724
7475
19445
15748
5610
413
19010
17438
3539
5337
14573
12572
290
19891
19900
3014
9230
3116
2267
8776
9790
1696
7093
3174
5201
5767
9199
19533
11911
8055
17473
901
10543
19270
9682
12194
14381
8781
4398
10234
19431
4680
16199
2385
11405
18425
14374
9295
19268
9709
7564
12084
16205
2519
9097
15906
3702
8984
760
18232
6588
17088
15573
11519
5339
3565
11196
7196
17973
17682
2944
6918
3546
11124
13412
1042
7930
18894
19129
10315
18052
2836
11157
9213
7706
7380
3596
5808
7284
8824
14030
9713
14381
10568
7709
8204
7053
3597
16104
7510
8628
15728
6377
1191
416
10273
12888
165
7548
14452
10378
16347
8965
14821
10282
8104
9593
14236
18289
9204
14846
19756
12677
19294
9005
18773
3564
2192
4761
18345
3275
10612
13280
15820
3039
6176
8012
11924
8055
5612
11590
5200
18156
228
3929
17029
18590
249
1598
211
1709
10418
14185
16951
12241
7169
1295
17866
18326
15920
18579
14470
2423
13241
2636
13800
4117
2581
12275
6449
1877
17868
526
15622
8020
18155
14549
11352
8295
1780
5822
1246
17331
13199
15977
830
9477
15551
13066
18826
5232
12111
6254
16583
18753
7786
15243
4681
10080
3306
14185
5787
7461
13961
10631
12475
9141
13331
13196
5409
1880
2493
4075
16831
3127
3150
18514
8068
15031
11771
19407
11515
16493
12977
6846
4593
12669
12107
19988
18516
9811
14692
18497
7094
893
38
10150
19409
8867
9825
211
2212
740
983
6459
12348
16750
5012
8663
12526
9370
14843
12211
18144
12418
7835
1561
5735
16383
5440
9784
17483
7235
16102
18800
6407
10256
73
2045
2989
8275
7640
1054
11654
10689
423
5697
8247
8044
18243
11821
14271
1921
1761
17675
1757
2434
7312
11665
6382
7483
3149
10188
16148
6051
1556
458
4018
18641
7924
17058
10036
13240
13276
13216
107
2625
3153
19057
12374
2467
1921
12551
2300
17250
786
11369
598
5377
436
859
9482
4805
6613
19205
3185
9255
16051
14466
9050
5109
9996
11720
3528
8391
11505
17678
12790
17241
11449
19679
17243
13865
19826
7866
3593
15247
8114
5411
19247
17908
3723
2026
8126
6672
15741
16470
16968
7716
12166
11085
10212
19761
16916
14786
17134
10099
3707
14588
19660
14077
5218
8191
15052
6258
14840
378
3849
14717
13412
11436
9292
9486
7866
1139
4750
2386
3785
9171
6267
17997
14065
16959
7507
16631
3794
18503
12075
11536
19999
10782
14064
11905
13170
11974
10347
12145
16249
3962
14688
16512
8750
17560
17713
18308
18052
10954
1055
7965
5597
48
19536
2071
3544
15787
15788
15292
17736
5704
10593
17715
1568
17063
9511
2393
17259
10118
14078
7258
19992
11183
10771
11820
9906
6428
2914
13673
6477
3746
13429
5959
4796
13889
938
16149
9952
5190
3602
11220
8539
18106
4598
5167
2339
843
10964
9817
1554
18741
15304
3586
1817
525
2310
10005
19317
14666
5763
1201
2266
1136
2867
13154
12364
11642
9548
8827
2028
11587
9418
7571
8399
2194
19148
19033
6251
19488
17084
5813
19786
230
3340
11548
19745
7143
10332
7951
5178
18840
10168
16241
7918
6472
4861
10595
9679
8432
7196
4574
1856
15864
11383
4780
16680
12642
12745
196
5627
7256
5923
15584
10969
5549
18512
7741
5779
13426
17337
11790
16519
8216
13125
12956
9645
12541
8376
19614
1097
1077
2173
18417
18977
18934
3390
6165
873
18880
7184
16996
18938
12007
8043
1040
993
13183
16983
11831
8819
4962
13411
9061
16318
13216
4302
5127
14235
17380
3848
5703
160
19391
16051
3273
17426
1620
10339
14049
8151
7295
19620
9006
9513
3619
3099
13495
8647
4782
11493
14433
17638
779
5019
6090
5188
7843
9687
869
12509
18929
11216
8274
8982
12513
961
6585
17527
19012
14985
1891
2166
17523
9611
15254
7310
4989
5589
8843
4911
19344
2397
10605
13294
7232
17383
3087
3101
6038
12068
3658
246
12375
11445
5683
9264
13615
5517
5142
3316
14683
13172
11537
8682
3441
2952
12622
812
3820
8669
10398
7484
311
12037
11503
10673
2517
1419
17994
14381
10251
2745
19851
16522
13643
14554
13310
3090
3166
2010
12722
15662
14669
17001
9981
17270
2827
3198
11660
10088
3330
6200
8805
8723
1337
2112
5307
7699
6591
17898
13581
1559
13816
4667
14524
5053
12737
9252
550
7104
16096
14956
18756
12776
16013
8140
18684
10080
4439
7283
9604
13636
10100
14730
18676
5977
6729
12498
10886
12726
10898
11593
11533
13568
13775
15980
2735
3892
15244
9078
13697
5406
3883
16455
7101
18310
2255
8256
9570
6666
16456
1514
6345
1798
854
17238
8639
14511
3259
17663
2500
6784
11618
18988
2366
13612
12102
1233
11002
1650
8033
14741
15713
10543
530
19247
9363
13197
777
17705
13571
12248
6930
14375
6799
9489
4603
12353
13658
17308
15844
8171
18183
4244
13666
7862
15156
12319
1840
1231
17841
7612
16883
133
10268
15928
8873
14696
5626
9536
10733
18637
5043
18384
11017
6190
18795
19146
1848
5326
18873
12035
18102
15194
13766
8087
18215
8555
10403
13276
10817
8776
9927
12020
6424
18313
13476
14461
12676
14006
16197
8355
144
6349
18598
7060
8449
867
2896
2868
10081
8129
14767
3943
5031
11056
11378
5484
10021
752
19871
5609
1102
13889
10160
2016
15650
9285
846
6817
10807
16125
18888
11994
15333
5071
14640
5450
2254
10985
14098
307
9993
19424
338
3245
7850
11025
897
12695
15567
17480
7804
3656
9673
18559
2977
11395
13989
16798
10990
17706
11798
9825
824
490
6817
8343
2725
18548
16901
12262
19110
1291
16101
13644
12053
19353
3667
65
14119
9084
11962
4504
17357
15326
14024
19204
2637
610
5526
14231
15480
10970
6838
18822
10504
13526
18488
11112
2680
3414
8505
18525
18208
16769
13608
1036
2571
1358
12726
8260
13622
18815
4762
2468
5576
10382
17086
15030
15113
3296
14025
8694
18176
14422
15850
17424
748
7074
18653
15495
3679
4950
16350
4306
13618
16376
19687
7490
7273
15377
3303
16606
1669
16261
18434
17135
10879
6462
6143
5847
19176
12097
8562
3132
4346
5282
12005
163
17177
17618
5317
10136
6348
13270
6472
15241
16947
12564
18166
9106
11236
11783
7707
532
3781
4369
13863
16030
5576
7728
2015
6733
15806
18313
13732
9487
2905
10881
19325
7364
19587
17419
18724
14045
2964
15323
14667
15143
15956
11225
6057
8321
494
14834
7812
2024
19660
18632
9436
13172
18869
14089
13170
6747
11264
9085
6004
19859
211
15512
14246
2933
16028
8176
2734
12285
9740
809
10747
13582
5803
10764
17011
15698
17404
2070
15352
4895
12302
13196
7414
16565
19611
15629
108
15300
17537
9216
5333
17771
3450
5931
11090
11611
731
11269
9814
5178
9894
18820
5741
19331
5035
13200
16617
9642
2050
7993
3498
9597
15518
3395
3753
16487
13070
17727
11842
18126
4693
534
14940
18396
8164
8670
567
19514
13777
7215
18512
14904
19767
17711
4115
1482
12521
9001
11102
10829
12340
19261
11438
12935
1424
14065
19689
18411
6626
2212
16423
9948
17905
2371
18109
6985
2787
11413
8647
12247
2868
8177
3602
5500
3827
15823
13411
11015
9016
14076
18695
3742
4613
7015
14712
16511
4441
16984
18537
18503
7595
17441
18031
9457
6249
4044
1259
855
844
14291
17528
10772
15895
8751
15054
16714
3789
8136
7952
6398
17901
492
19800
5505
363
16123
5021
10890
10796
12350
606
12799
9981
11703
13518
5587
16304
212
6876
15113
13812
1726
5085
6742
4655
622
7928
9381
10971
7294
2798
17876
14203
2877
6308
9243
9689
6012
1199
6733
9949
6662
5211
3671
18891
2733
6584
6085
4826
3775
10817
11812
8109
408
17354
1122
1263
14672
4741
8305
5584
2581
5297
10251
7382
5971
11489
12848
11810
17616
484
5290
9761
3573
8917
19729
7403
12422
4929
15499
5147
16242
16785
5547
6283
7013
12339
2138
14764
10619
12265
11251
13855
9488
9710
17064
1331
18675
15360
2275
10555
15545
13775
19399
8043
16813
18176
11380
16623
12229
13150
4649
9128
19152
7870
14499
5028
9355
5773
2884
13145
6803
14584
13551
10206
9940
18488
4336
11909
12896
5240
248
5017
10844
12132
12198
6096
19604
14544
16162
4557
15567
19682
7618
10133
2973
17149
2255
1163
19020
2794
5666
16490
15610
7749
17064
13599
10533
17442
10981
5345
16190
2587
9493
6126
9917
13495
2573
5923
8845
5240
6911
14519
6280
4896
1180
6965
4477
13473
1556
10676
6509
768
9530
10132
950
8933
12867
7191
18599
1346
17037
1338
18258
1501
15963
17455
9567
13468
8318
5656
7677
2636
7952
5058
15987
19470
19034
14236
5109
2655
10582
10322
690
16130
17230
5162
3242
7180
17475
4858
7101
6123
3146
6212
16767
11636
1073
176
10791
16328
8863
4324
19175
14498
15993
10370
4822
5919
8352
6526
19592
13035
2104
1467
1567
484
10916
8129
15387
17709
4557
10077
6669
14993
19618
5236
16905
50
8504
18597
7865
15501
178
17403
11119
14092
12573
2219
5491
8520
6802
3440
5658
3608
8830
1761
6551
8154
19967
12684
11787
14173
13828
16273
2681
14985
14039
17822
15796
10188
14615
674
14425
10625
12893
5359
11897
19295
15808
15057
12623
6267
10804
19398
9424
11131
10670
11897
17216
153
10242
14879
13888
13648
4493
12237
19493
18213
4815
2708
15237
7093
16944
2875
13771
12311
15299
14871
1130
15086
18279
19944
845
3534
11562
17971
8237
19784
10889
17496
10492
12307
18195
10415
1342
17689
7755
12644
17015
11771
7852
16972
19167
19746
4551
4483
2642
14435
1447
2084
4133
10574
11382
14372
11795
16340
4216
5419
5525
4402
19733
11472
19535
3582
15573
6479
5223
589
9283
938
14417
5086
16340
1370
4998
18695
15649
18960
2868
3066
5903
4908
12046
19411
19600
17241
803
19969
6531
12547
6764
19790
15990
598
15263
13837
9803
2836
6881
12063
14393
15442
13496
18594
10153
10449
6975
9047
13281
7572
4594
5742
14526
19106
9449
1904
17466
8922
14274
17737
10701
10222
5687
16432
6831
5374
12142
9204
5915
1969
6127
14308
15888
7826
18224
17179
7409
1701
18797
11463
11948
6309
1043
10229
7320
1787
13051
8890
18327
16349
1332
1920
11995
11328
7833
7691
11269
14907
194
7719
15080
10363
9526
11600
6508
12220
1245
12221
3759
2187
17332
12970
18758
15189
378
1601
8257
16682
17863
3525
9452
17780
8861
10426
14161
6510
19062
19764
5275
2403
12060
1626
8214
16133
6264
1687
4850
11974
15619
8413
19367
1494
18424
502
9042
2617
19914
14344
1757
8708
18097
4836
6236
1780
10816
6572
17075
11755
7634
2302
8886
6601
1699
11010
14569
14019
7771
10540
4134
11650
4453
6350
6332
2170
958
477
11092
17541
13800
11965
5071
18556
17438
11084
5324
14801
8226
18121
4806
6124
18546
10719
9433
19232
16506
10321
14309
10505
322
12548
18091
8549
8488
13667
14740
14732
12201
1107
16305
13133
6808
15956
16637
17382
17553
10289
11551
12159
19815
3204
1452
17668
5209
16585
19465
9374
13636
2589
3374
3597
19634
10418
517
16643
6160
10066
2674
2719
19517
2638
5613
18149
6878
18882
16554
19767
14222
17862
154
12210
16019
17267
19978
15848
4076
4176
3625
6517
6118
19353
12456
8000
206
15115
9370
19216
13376
11822
1338
5160
12414
3007
14155
12641
253
12089
12090
13122
2650
1408
18081
13790
19977
14058
2597
8619
6733
2409
3742
7834
9636
10041
7191
18744
10298
1859
11691
15680
10366
4652
496
7322
2033
11453
14000
13108
10778
1199
19089
1724
1207
1683
6230
6039
1103
13307
15903
18593
18594
2920
3820
9569
6273
9777
4351
7496
16250
16973
14846
743
2700
5246
10776
16042
19897
2938
13343
5652
18137
7287
19219
7192
9899
722
7968
5137
13735
15035
6622
11167
18702
13537
7830
17214
3523
7574
7492
13541
17843
11870
4247
1400
2223
7514
13590
19691
8699
9707
8221
19507
18494
19237
9477
18186
7258
15314
7617
1535
2838
18783
1284
9144
15062
14247
10112
10757
17548
16602
11178
11234
16648
11402
1721
9929
14859
8306
18862
1905
19641
17188
5293
8455
5837
6509
5769
3719
70
1158
19005
17751
447
3930
6391
17312
10397
19503
335
8586
2529
2963
3029
2932
19069
9349
12265
7404
2787
8924
6724
1713
1817
6200
8084
1922
10313
3075
7812
12162
9781
4259
218
5835
14440
7776
19929
2700
3303
1132
6599
6593
13446
5716
10569
13933
1431
3810
6027
8631
9981
5035
11484
11070
1790
12220
17813
9241
15383
7996
18106
19280
8074
12061
18393
18929
8051
15653
6896
15728
19832
3124
2155
14046
11294
4465
16842
14660
11640
6901
17729
1372
9275
10611
9690
18796
18733
14595
8757
9953
6555
13642
2223
7364
5482
8168
8160
13435
11845
3133
13470
1502
13301
13368
6624
8308
14447
3614
2717
2955
3718
3540
17682
6864
14690
15817
12226
4624
841
17282
1719
11980
17177
1507
6823
18930
16471
8695
12691
19870
898
8637
16137
13901
3457
10799
1769
15513
1499
11471
6884
19286
10789
9937
12928
14631
4341
2431
2264
17886
10006
8717
4736
13839
16628
12826
18983
19631
2967
7615
9333
9742
17133
10839
14868
10606
7648
555
7179
17119
2150
1561
18212
7353
10935
1184
9167
11413
15898
4171
6432
8073
13048
16856
19316
16605
4626
3139
3249
13966
16237
5491
19755
7455
4171
1889
14082
2007
2166
9953
14153
6332
8630
12303
9314
14889
13282
2199
9988
15214
19923
11840
894
3685
6867
10518
15542
3692
6293
8146
12714
2916
2622
3689
4536
3781
1920
9070
12953
17276
17480
16004
8680
2978
7854
7140
16928
7162
15177
16808
2403
1702
12933
10674
14295
17542
15564
17787
12842
6479
18625
6204
5111
3428
333
7378
18753
14228
4496
12274
19964
6063
16345
1161
14251
18246
19665
13038
5539
11614
8657
2087
14159
10193
17524
629
3725
2145
14054
18013
9621
3417
10428
19283
12922
17123
18334
8485
12009
11807
14367
9921
11407
13991
2157
9668
14839
10716
10276
8481
6736
11563
8957
9898
6540
3874
5859
12509
13093
15146
9318
19918
14779
3104
10248
5165
7577
19091
15349
8500
12981
1052
6992
11632
6709
11733
2889
19305
3119
1176
15435
4431
3689
14549
5009
19075
6112
559
11992
5279
8164
14867
18959
9667
6463
822
235
17277
6838
17675
8247
2868
3944
894
2633
4753
7828
1551
19856
1163
14264
6158
15145
11149
5972
4463
4689
358
4780
17546
18485
8269
8460
7827
1861
8687
19878
6353
14471
19287
16151
19740
9607
12664
10759
5272
19596
3994
17231
15657
8422
18334
10517
8369
14595
17968
11123
10093
9346
17384
7862
7145
17279
8221
14082
13467
13580
5095
5971
12419
14176
1935
18718
12477
18313
3253
8246
10719
16414
4094
14538
12021
3535
14520
14859
18551
12862
9739
9516
17316
1318
2173
4930
4414
3097
15682
18443
11841
15592
11231
11883
3713
12796
18265
6833
10687
10274
8351
13720
7079
17346
15473
6217
2026
6256
14251
6526
19763
14171
18258
3137
3367
7908
1401
8787
9214
4745
3664
14153
3097
7390
2090
14161
6303
1597
13802
5458
6008
11220
4841
6865
18981
4925
12103
19472
13657
6060
5740
10897
4856
5313
2937
2136
7339
5629
6095
15342
11421
7057
12827
6594
11670
10673
5277
13738
8689
14216
11476
839
8923
5990
9225
10470
17611
15828
15060
10947
4792
2375
6286
15016
5436
9939
11860
13652
995
10103
15764
4310
1263
14390
17976
632
2284
14630
6444
12601
3243
17249
9741
12179
5405
8121
19408
19387
8653
265
4652
1510
19323
3526
6662
11944
15889
18196
17751
6392
12163
4341
6076
15408
2952
19356
4857
16913
9839
11424
2602
1539
19168
17900
13544
19289
10001
403
16373
8467
8897
17280
8228
7613
9717
10572
18056
10741
1612
16905
19607
7626
4800
3483
3546
19968
15196
7686
19092
15759
17333
14531
9036
7691
6918
1324
5785
607
15436
10326
3882
6835
4282
863
9263
492
9594
13021
10695
11762
13249
4118
19238
19565
17166
12653
2019
7912
16767
13626
3516
7000
13199
3763
1510
2102
10352
8678
821
10696
2177
11081
11587
5854
268
16680
4961
311
7455
11197
5976
14628
12292
2462
7258
11684
18303
6672
11690
4751
836
7930
2373
7535
339
5844
8299
10984
19537
4862
9134
2839
2756
4621
3606
18840
17418
16672
14062
3426
6647
8721
270
15406
8233
391
9254
17973
8297
6407
2500
13111
10721
18283
13795
15639
9972
7083
15760
12259
7646
6968
13370
1938
6058
19464
3189
7047
15530
6155
586
6482
8374
18940
2239
1749
1668
5043
17886
1059
4000
13463
16549
2404
15336
14897
5482
11126
9063
1595
73
19470
19308
13367
939
11548
6
1373
17332
10220
6622
8908
5898
16329
4593
17826
12637
892
11529
6663
8823
19378
1239
17859
12993
1147
13230
17711
13391
16015
1503
2569
12521
12843
10477
673
567
5817
10572
7952
15721
7214
5659
4649
14816
7724
13819
1639
8700
2088
19339
5446
6115
10278
8034
2158
3851
2944
1864
17834
16068
15526
3120
23
18245
15839
17878
10520
13777
15565
945
19782
15014
17262
8246
9892
4770
19551
8841
14832
1842
17180
8416
8182
600
3587
12405
15071
7704
9718
2760
15174
17663
17822
1135
1483
4881
749
3483
16929
12077
10204
10793
4386
10303
9683
9697
5922
5219
18823
10862
13536
8977
6685
9146
7321
5033
10989
1190
8663
12411
3074
19075
12071
10227
12189
5680
2920
6432
10585
10576
7135
14496
4618
4615
15112
6378
3295
16497
2727
7415
3206
11903
6588
15405
5774
10286
2548
13066
2216
18982
5052
1385
1959
5517
15825
6324
18662
2245
17075
9863
2856
5673
3000
10812
16475
13023
956
1561
5078
15609
15574
15378
11329
10926
6726
2267
10228
17969
3019
13199
9880
12555
3185
12278
1289
5146
17351
9302
10813
5124
2991
4089
4094
4729
17646
14327
6739
19461
355
7840
9629
19695
2964
16264
18909
18226
10148
12719
9715
9909
2914
6572
2881
15400
4027
13941
13230
413
9550
11982
15270
2721
1984
4524
17214
3446
3622
14788
17782
12558
512
5332
10423
12070
9926
10190
4412
11773
8121
4573
13614
13679
3196
19733
10215
6930
6908
6619
9303
18252
10858
18414
741
16687
9418
18129
6925
15378
18180
4503
3880
3918
9751
14793
17417
3922
16461
13910
6084
16291
10602
5304
9705
3827
4798
17599
9838
17084
4154
7708
8939
2234
6751
3244
11198
11042
1970
13087
8782
16163
10891
8260
4717
11544
13645
947
6455
5734
272
2198
2967
7000
12730
15285
4585
19413
17196
13149
9690
315
17816
15340
5195
7834
7377
12251
6677
527
17051
9096
16422
8123
19329
11839
13033
16000
5925
6565
7716
18392
6513
12129
1883
19857
13453
7975
3986
2153
12874
4738
19183
14977
16571
15646
11390
17473
10307
11439
19054
7177
13257
4865
17848
3695
7080
1757
0
18554
6819
13588
11381
9306
4534
12363
15698
19041
4199
11043
18599
11458
17179
13668
18385
19141
5542
18790
15846
9604
12250
6364
11917
8837
10144
13661
17065
5716
18885
5232
9079
8411
16171
6067
5165
17281
17185
2632
12962
9181
4269
6333
18988
5494
9605
5719
19429
19353
7229
11386
4839
9333
11290
951
8118
17782
7269
8626
12189
19228
7291
12334
11376
983
4930
16504
18128
11585
630
19981
7886
6712
13570
16041
13991
17239
11274
7533
205
19345
15364
15916
4614
5929
16199
17490
14125
11152
7963
12625
663
14620
19952
5770
5840
9025
10475
10229
19876
14222
4027
6156
7225
12199
2890
17050
18329
11163
18447
17915
10286
7105
7168
4656
11462
2676
17348
16003
8406
17032
11558
6929
10011
9575
14918
18136
11771
10093
3018
606
11690
11004
3474
10811
8457
1917
5289
10405
9129
436
2231
15734
3597
11070
1235
18844
17356
6314
918
11261
1206
19633
8459
2532
17582
15187
16450
5996
6294
8752
17732
18632
1993
415
13824
1389
129
14862
1252
829
18936
8279
3368
4497
17900
9148
2884
4098
19996
12607
2945
5524
3759
1888
9069
17727
6644
17107
15304
13179
1315
637
14300
18631
1026
16555
16649
19638
4580
6319
14142
11383
4941
792
11460
960
13872
1453
7956
2038
13817
15014
15721
13404
7142
3496
12048
7253
4304
10042
7644
1847
9096
7496
9366
11310
5404
19188
15249
10346
8248
7795
15771
9927
14569
3915
15632
2167
17214
3175
10313
14510
9063
2197
8626
6217
17727
9213
11832
10523
6598
12702
14785
7382
3783
15974
1942
16435
9049
14093
16635
11166
19744
11631
16736
10848
5651
17412
10448
42
13048
11966
16966
18588
4524
2399
8607
4687
15103
16116
12650
11429
10939
19729
8988
15499
11429
18314
897
15559
4125
13228
5965
1956
13760
3862
3344
10232
6477
1911
17031
5486
14436
11941
17839
15956
8457
12887
7669
5731
17544
18400
3817
742
1139
17737
19825
6826
8679
14921
10682
9921
13645
16259
4425
754
19100
10812
8367
7360
10427
3096
2971
1781
6692
6672
19401
13068
9412
7218
8376
12184
13344
16694
17753
4819
1553
18328
4964
7367
1008
13430
17381
14611
1484
8135
19571
13723
16184
13942
2849
16015
8738
12603
13902
1973
9470
8788
16695
15669
15233
9445
19884
18370
1833
15721
18335
16768
2170
15219
14232
11958
2211
15046
5830
14514
3135
10733
11697
787
13144
18423
10923
3735
12294
18643
7397
6625
18292
11396
61
16006
11139
610
13876
4149
14600
10125
10334
13921
19857
9166
16211
2540
15334
15627
18690
16273
8330
19719
5477
782
13280
13620
2032
1132
4394
4406
5827
1773
204
1397
18495
19793
7759
19486
12789
13733
13698
535
826
1545
1627
2653
18231
10491
3899
17692
1308
3909
4528
2794
6836
12288
19348
16352
18868
19044
658
5238
8014
4557
16168
11098
1346
3979
11880
6541
10643
1350
10169
3194
3575
17196
411
7668
14185
4601
11880
682
10297
8834
15797
3018
14018
3038
12728
11600
8124
10193
8963
8072
1480
5526
1230
9960
11113
14408
3507
259
13586
5197
10259
7947
11738
12384
18134
19590
11276
8505
13968
11340
7771
15963
11742
5402
4819
16762
16720
14102
19787
711
12993
15168
8214
12954
16833
3569
18232
17787
6580
18579
18326
2829
307
2621
15430
11223
16144
7945
17414
11183
10934
15987
12264
4357
6287
3184
3563
5098
11200
16457
1957
18748
12047
2803
14556
3151
4549
14636
7092
6393
15053
9043
15810
18489
12028
16708
14783
18981
16331
4080
16473
1392
6240
16565
4227
13140
4747
18175
5997
9633
5740
18234
4078
226
8242
16979
18237
1704
2909
394
14848
15189
18053
2166
9147
15399
948
16725
5162
5984
9614
5710
9738
5966
18545
4805
11857
14523
4407
9978
12990
12531
6104
17823
10411
17229
4429
5972
8735
16249
7407
15553
8640
4388
4158
19055
421
9291
12509
4643
7050
15866
8059
2040
1565
6783
8301
3928
693
19407
6902
17399
7682
15668
968
10828
16383
19763
7620
9772
15588
16534
2782
8005
17624
18202
15580
2260
8100
4887
19581
8003
7971
1895
470
15747
3925
8757
248
3073
3411
10212
2477
1416
17788
9977
9185
14836
4238
3910
5149
17422
2737
11411
5646
16553
14221
3371
6884
8023
6043
4576
16695
16616
3673
2236
19044
16481
3415
6502
3509
9941
9871
15213
18623
483
1234
13428
11045
2507
3452
11482
18906
1134
7305
5957
1283
12225
15586
18602
2778
16493
11344
12859
11087
12967
529
15981
14889
16647
12551
9317
13130
5479
19118
15647
7889
18202
18950
11931
5497
4678
19502
12420
8671
18303
2514
4446
12545
8898
7131
5548
5857
8618
15525
155
16009
16243
2478
14478
968
7753
16233
4838
14746
3947
17042
1614
9254
8738
10877
6977
16769
24
7399
9624
19057
17719
6798
2772
1164
1151
9789
16100
18014
10178
15519
16980
17192
3840
19316
8018
9446
15515
4385
19262
8681
15030
3426
18861
12195
143
11835
19034
1538
149
4524
6538
11891
2600
17186
2810
8456
13196
9450
10407
6260
2505
8001
7482
5106
8387
15879
13230
5382
13648
1522
14207
8251
9563
17215
15313
19852
2709
14371
8506
3742
15698
2687
6221
3978
17831
3346
12836
8313
11518
13672
18377
16807
9395
5265
4161
15082
10223
4332
12182
16844
9118
17090
16767
10196
5423
11183
9422
12996
2407
4058
14325
18875
3555
14086
13174
12185
17800
2242
710
12419
3048
17851
1086
4509
8948
7281
318
16756
18232
11942
14077
17598
9720
10835
13361
13784
4325
15893
23
5935
8539
18244
2816
2395
3994
9317
19481
2021
1951
4405
9333
7754
9759
18789
4729
5015
1472
6118
19907
18676
4371
4666
10424
17149
14065
4489
18537
13931
7025
18325
18017
6738
15524
4421
12302
14915
11629
3614
18985
1778
18240
4464
12419
6322
7030
15724
16238
7836
13386
8436
8774
16814
17364
810
16442
7024
255
1194
9467
12050
19304
11700
12383
16689
11605
3937
11762
9624
3728
2583
5915
163
8895
3287
6886
17983
7490
15220
7923
1165
2600
1150
14234
5414
4685
11324
9592
10744
16948
2040
15387
2799
3773
14549
3303
6895
8996
18971
15106
11069
14902
5203
14242
13021
14896
5198
7441
4693
6870
19871
10938
19377
12460
8009
2387
8224
10068
10291
3398
988
5829
5081
1790
13031
5989
13564
13387
1296
8227
10265
2321
10645
14707
15382
14195
10147
11943
19640
6840
5144
6150
11827
16023
2410
139
5689
7429
1120
4701
8276
16632
16798
19174
1326
4150
16638
979
17709
15071
16825
295
18109
19764
9926
11612
19973
2210
7289
3255
8859
1999
15277
10311
16339
3072
4988
9818
3378
4100
16874
10427
5058
14145
15138
1643
9566
9113
16184
1371
15981
8824
13614
8420
1387
157
13394
8932
11555
13571
2020
9398
16249
2250
19190
1612
7555
12423
8684
16651
14840
4965
19554
162
5217
13878
6285
14344
1004
6970
7738
4050
6431
17514
11538
18542
14473
14434
5247
7136
6868
10249
2088
13046
2615
1438
1464
13001
10696
16065
3805
12019
2894
9754
8365
4903
5813
9290
10850
17713
13531
11725
6950
3947
18023
15241
16682
16729
18393
6805
17616
3
13660
4137
1160
780
6744
17694
18935
17939
15397
19489
6836
12134
7322
3321
10989
5245
8674
19730
14982
13018
3120
8678
1985
17179
3626
19624
12377
11673
928
1932
10024
673
2240
17366
18121
7117
15778
9885
19288
3998
18398
1692
9589
4407
3422
9301
1095
18553
17613
3394
3805
6327
6735
6074
4176
2389
5962
11260
9220
13154
14498
4122
9325
3439
14499
7077
12686
6507
1527
14321
13693
15580
2679
421
2019
6236
14814
17666
16159
3342
16601
3886
14666
11099
2235
12379
10805
18478
14573
16632
5198
8296
1219
19700
17346
17312
3177
12682
10108
2043
14012
9070
5324
16772
11477
13682
10403
14248
7840
15413
12154
4848
1803
19241
5106
18652
5338
17631
5749
11609
12215
7249
19260
1214
15750
2348
2539
16969
14007
5816
14903
4017
10005
7718
17447
6951
15099
17429
1880
16910
9382
13024
2202
6868
18470
19015
16984
9132
7214
5945
4949
2250
14026
475
18642
3034
6128
14200
4876
3837
10800
4676
19202
14241
15141
18862
8212
3835
7085
3170
4486
19364
18869
13817
17636
15597
16974
9502
6144
12128
14556
11965
1495
8661
12492
3881
14226
17998
10757
17322
13801
15376
18008
5378
3649
16574
8338
2203
17717
1043
11536
11759
18834
17148
9233
8370
14781
17168
15463
19584
1072
16973
13927
10367
17441
15952
9761
1169
7779
5616
15017
11768
1189
855
6227
16069
16569
2398
14238
6976
16496
18628
1415
1550
14464
11211
2046
17249
18599
14352
21
14722
5193
8901
469
3891
13334
3340
17515
9028
16391
14994
13216
373
14790
19909
582
4419
18509
14868
10798
4976
15207
2593
6262
1939
5139
869
7967
4217
8552
2497
5917
17111
4658
16797
7112
6190
17305
15231
2448
2745
3266
13577
13805
11189
10191
7599
10292
16781
12226
17299
10309
9570
4800
11967
16417
8563
3280
16287
5018
14095
4962
4504
7170
10324
17740
8681
7333
8610
19056
3196
4691
3682
5721
777
4405
10060
12324
11304
15585
16410
12636
336
13801
4007
3549
2161
12877
3746
11578
3370
3921
2997
8411
8808
7337
17293
13502
2301
16656
14629
14333
8120
16440
10099
11408
12230
5628
18255
19273
14116
1330
16860
14910
544
4156
15476
8900
19404
13789
18740
17398
1021
7753
9569
19637
15462
11317
4661
13961
5356
269
16330
5254
9606
15300
2434
13514
14612
4710
241
19138
1016
11658
14439
9837
4949
10979
13182
5368
9826
13749
19324
17064
19851
5829
9413
16246
1445
12842
16961
16212
19884
8575
9477
9230
6491
8762
8513
17836
7302
3350
1925
148
4247
2125
3153
13676
12548
6882
19447
4541
8554
8922
4143
13747
11368
1898
17943
2496
10682
12172
7845
1825
12623
9803
3339
9273
17322
17054
13925
12473
1906
10770
9985
4769
15126
7455
12332
8927
12705
15388
1077
2902
18037
13071
8160
14555
5927
5757
5354
6841
4919
18527
1268
8084
2379
14069
1806
14666
2887
7125
14209
2102
8619
14748
19768
11534
11400
10469
6764
8652
11328
17687
4683
11753
4633
6712
741
6501
8574
928
7442
10788
13907
15432
17027
19090
16882
3681
8451
6663
14119
6753
10442
15814
11396
6937
767
6399
14690
17538
2214
9940
4885
18165
19693
15897
6186
825
16143
724
17983
4823
12068
10916
1023
9034
13414
16927
19354
5843
13695
18195
18397
4392
4756
19533
9970
11436
14184
10872
8887
13338
12494
12702
435
3387
6960
15370
14203
10039
3925
1261
1536
8616
19698
19519
15377
17450
10704
3646
8341
16878
16853
18610
4061
7374
10194
16465
12426
13307
905
19678
17819
2130
17464
7595
10672
3501
9638
6752
1632
7669
1065
12756
6323
6069
3250
16504
14077
17674
13526
12371
9016
10871
3001
5128
15900
9365
16857
1300
1918
10344
8724
18835
5635
6572
9879
18466
4159
8846
9797
2111
1582
4695
14816
12844
749
18307
119
12755
5302
9872
19467
12867
17623
10642
5663
10265
1678
3491
5084
9754
4899
19128
4575
18684
1858
5774
4800
17445
12339
18179
14336
7531
17048
10722
1741
12538
13826
16598
12692
13812
12624
19231
15749
11634
15750
15843
668
15977
13286
1179
13169
1736
6189
19054
15197
157
18348
10876
13511
9144
2689
12912
19594
6568
3474
2393
4901
6689
14246
14034
11872
9470
5536
18844
14837
2947
19512
11629
5826
14588
9752
9250
17514
12673
12848
1584
14434
15867
19990
1624
1759
14816
4990
6617
1498
15994
11377
6624
10748
12581
18093
18618
18252
3831
2041
15562
16242
17947
9379
19861
19079
11158
16760
5563
7323
16586
3008
2752
2755
2680
16339
6024
12381
11008
12796
9730
11681
11877
14504
7515
15110
3884
8907
17139
8077
9378
8528
15117
5486
11965
15034
5471
13278
1563
8027
14666
6330
10151
18096
15619
18802
14650
17944
8272
14260
6429
3568
16686
13748
4429
12652
19151
14422
7447
2867
4225
2264
14211
11575
2921
2910
4494
18992
18063
14971
10255
19541
5651
7160
6619
18262
9501
6821
3
920
12338
15546
15067
1166
19202
3624
19414
16
5599
7680
15341
2683
9224
7616
7902
16229
4131
13302
10097
15259
1385
14418
5622
11065
17306
3692
16138
4708
12786
16111
16729
10664
4916
3201
14813
17130
16578
15567
4804
2665
6799
2010
19728
9301
15691
10040
503
3372
3038
19817
18315
14029
18032
19479
14900
2395
18180
3336
10521
18064
6309
5412
1406
3003
12121
3293
5991
10551
19314
19455
13051
10730
6371
7062
17700
18679
15056
5494
12882
15456
16190
2380
17215
5083
7561
13567
5869
527
4884
17313
12652
10828
11003
13912
12856
6245
8261
12899
798
8619
7990
7499
15775
12423
3168
7497
2350
7315
18297
13870
211
8629
12263
7794
15122
3577
7000
6524
9862
1450
9775
1675
15750
8685
13528
17183
7273
667
253
12871
12774
3993
14641
8456
19733
19125
3241
2662
273
15550
7339
14130
14078
11328
16478
16912
9511
8987
3009
7684
13441
13920
19704
12793
14444
14952
15232
11501
2775
17136
14916
12220
2466
16372
11976
5864
11423
12295
11778
5986
8146
19628
13385
18872
14104
3861
7174
5274
8675
6581
19143
19274
16803
12324
2258
6304
11361
1999
15447
12279
13541
7641
11102
4184
8663
12786
12383
16608
1090
3217
10864
17105
2772
12465
13337
8242
7235
17158
13411
10116
9738
11099
2063
15522
13552
4234
3076
8627
810
18647
5408
4400
662
13193
3759
12140
10408
12069
11258
18789
17378
9288
982
17350
12220
11297
7613
14230
11140
19818
19194
19777
14719
14721
19198
2112
11789
17991
12527
13831
13514
13587
1920
19500
5296
16340
7292
5455
16346
17122
19996
1802
1252
4768
4568
1622
18542
12272
14170
663
12575
13362
8718
9477
8486
15483
8053
10521
9276
12270
10649
5776
11142
16537
9883
14207
11350
11055
5576
8691
17552
18653
1546
2211
19626
2667
18843
8085
6989
15570
11348
9929
665
10388
3779
8678
292
15388
7931
16223
9922
11091
6981
5602
18241
13660
2677
8029
6700
4525
17495
15341
527
10346
6568
3460
2042
3936
7041
6134
12350
8282
7726
16352
4340
4580
9373
5622
10717
13562
3282
17320
8932
8107
18648
8144
2208
11664
593
5850
8533
1731
9134
4112
3546
11869
15674
6913
13270
6704
15280
9486
836
14302
6222
8049
10101
16180
2401
5354
16788
1799
7583
9735
13732
9033
14164
5455
1478
10632
8884
16427
5463
164
7024
1361
11414
12362
15107
1327
14500
10257
4172
18352
1795
7376
8022
10030
12993
15003
3154
6677
15214
9752
18982
11888
4520
17954
8319
19378
18232
5529
11970
11970
5525
16388
7105
9860
11815
5
2153
1760
13158
2583
2423
12274
2273
12934
3467
3085
11674
17002
11668
7180
18382
5090
10923
7831
17874
18121
11836
4750
11897
9272
9279
3477
8243
856
17445
11004
17232
8417
14798
1514
1314
4532
8023
10150
9631
9554
9936
14721
14693
10967
5100
8963
17529
8951
12658
1616
6344
11091
19408
10711
17294
7991
1583
1047
11637
6579
7617
9582
6709
10900
2071
15264
2714
17567
7631
4704
18659
2729
15051
15070
14631
19030
10781
5261
2322
9900
15806
4720
1101
17779
3326
11008
7227
19755
4501
17116
10591
11338
9944
13870
5883
4336
16871
13462
17460
6217
1796
5781
3345
159
15806
13912
738
8921
5835
18591
16670
11285
1620
9161
15972
3133
11018
17694
15939
14536
5334
9145
12053
13744
238
11119
8742
811
2180
7936
8146
2376
19320
3609
13005
6632
13966
19012
12028
1943
16122
8845
12832
2757
3352
6513
83
6502
15480
2053
3499
13986
1398
5344
10523
19321
12168
7302
10233
18071
10576
10515
3514
15248
19217
6432
3897
312
12927
2868
18039
1729
8911
7626
10813
3186
18509
10715
9981
4673
15021
18920
13750
8941
9113
4327
7797
7610
169
16839
15320
1353
6320
1089
9103
17587
9107
14333
4508
3331
14357
12542
5593
6029
8653
4171
6872
2319
10681
10427
12261
9666
2252
9180
13192
11069
10946
16033
5703
11174
5173
9413
6057
18517
18984
1408
8116
4904
18496
12965
5240
13661
3731
11669
9445
17519
17304
12100
16630
3023
8542
16133
3793
15550
6041
3765
19782
6021
11223
9281
19317
11986
6992
4757
16045
17487
8572
1955
1999
12832
1214
10764
9073
2233
13630
7181
8926
17498
3157
7880
1626
392
16321
2190
2436
1897
13656
13127
1716
2619
15322
6014
12484
16881
8575
13835
8330
7947
7727
7262
3107
3697
1776
6885
8524
5933
19706
8346
6858
4162
12583
15404
16009
19532
14022
10920
898
15317
7630
3749
18965
8817
4911
393
2742
14167
7045
4218
11620
12637
17318
14309
17908
2319
91
17221
7084
5707
1707
6864
17836
17404
8274
16868
16679
17648
11120
8009
12846
13048
8350
9059
18318
1949
3996
17303
19504
9305
7430
8215
5470
11833
2629
3948
4166
8173
10913
16671
7095
18920
13396
11044
6215
17243
19578
6243
9911
8329
8005
10884
18510
10150
18540
2102
9410
14929
17219
3005
2582
14315
1287
726
16381
12146
1168
14472
11357
2207
12584
15720
3854
3993
17658
11976
9825
12435
10276
8926
19678
17417
7367
10157
2533
10514
15357
13426
8854
7554
6282
11533
6668
7327
17322
16202
4741
1214
18378
17259
15069
12026
14163
11508
11575
10096
15906
7442
11485
15417
1971
16681
8671
2981
16987
2296
18615
3376
15316
8843
8877
13764
15091
12317
9815
331
11253
13448
6328
17519
5784
16459
7337
13361
15495
7798
4758
1154
15373
8757
18143
18368
4107
19831
8446
1329
16932
17114
4648
12565
3061
14420
8652
12235
1954
4480
4217
6115
9548
17764
8317
699
19871
3451
19207
13560
11079
11204
2222
1123
18018
17925
523
10205
3248
10973
11328
17120
12744
11077
860
4212
16741
6626
12023
14699
13341
8715
3704
4474
16049
10929
16182
11572
19744
4399
17338
4196
10519
14543
17508
8167
5539
18807
5797
19971
13447
18638
11305
6824
3977
6383
3991
8834
6278
4297
16977
1240
1030
432
4470
5604
12490
3940
13223
12655
5410
13531
14727
4744
17371
16334
8411
13761
5878
11293
7248
19527
7763
19904
1404
4508
492
12075
2717
12818
17310
3996
2334
11557
6242
14948
13464
14646
12827
3120
16533
18272
13191
15860
4528
13497
13624
7539
3576
8807
8669
10317
14130
1692
19929
10116
5470
19087
10453
11053
1682
19000
11665
11664
19011
14024
18101
1244
835
2595
18630
13451
12868
17979
18933
11980
9754
16842
11633
9043
8350
2092
7580
13401
3918
13910
14459
625
2642
2967
1607
12777
17850
10857
801
4953
18500
12596
6371
16939
18265
5536
6545
13510
5431
4180
3757
10553
8905
2256
13578
7073
9586
3747
15257
2103
11368
5738
19615
15513
11901
1318
12392
11731
1690
7928
4852
13738
4036
4220
6639
773
1376
10239
15039
2104
11506
7519
11382
4622
17473
2238
11080
1362
1335
17537
19734
19290
17828
6315
12456
10929
130
14513
7258
8064
7156
1082
15565
5784
13575
10453
14366
10078
5306
8087
1332
5683
3706
16463
15155
1023
17958
12904
1389
16666
7858
9083
13336
13014
13959
10126
6747
2348
17414
8492
7234
19394
4621
13474
1201
15990
9107
6868
9620
17514
11533
19130
17621
4748
7603
1018
12999
1056
16828
12707
11039
12428
102
13731
3171
10816
17171
3814
5659
18208
5165
1931
19299
18447
15305
16068
15330
15513
6825
6667
10549
1854
4348
6108
4773
6326
4736
17107
1271
3173
19048
6626
19714
10397
5976
2254
6811
11434
589
12103
10156
10526
9466
12162
11939
5498
12428
19669
294
4341
943
11151
4837
10860
7626
9553
18024
13798
10118
11309
14631
9763
4012
19545
11576
9441
15852
656
7683
16138
505
13830
1106
11901
16433
5317
9380
19351
18203
10569
10913
12798
4713
18036
4615
1738
317
9326
8386
17264
11592
4509
1179
12301
4589
6173
6823
16555
18213
637
17536
6515
9819
2614
11665
2191
3735
16040
8491
12186
18616
8242
16629
2983
5082
11214
10048
19211
10456
18055
1464
4904
3691
3191
1846
2358
14864
11778
2450
15888
8775
9577
18614
18233
15383
3051
17166
14281
3056
4127
14364
15768
3113
4774
18248
17253
18215
17424
7316
227
6015
10062
10093
3937
6866
11408
14109
15572
8151
2298
2430
19492
4215
1991
3721
8560
6866
15194
15149
6014
4383
15325
18427
5987
16528
4569
3229
10283
11347
13424
13639
1702
2517
2330
19109
4464
19458
4986
12660
10522
18312
19868
15214
5146
14905
12525
3421
8908
4110
14551
8304
7427
18408
17304
9963
15121
6994
14846
15576
4526
99
1953
14684
2312
3840
10812
16517
1960
7870
19114
12639
17053
9573
5689
11590
10503
7664
2990
1941
9378
14000
4021
10397
10636
2512
8706
17329
15253
7732
9129
18750
12898
1179
3606
12664
19902
12483
6090
15024
11710
5707
16403
18882
8431
15059
1287
17162
1471
14816
14589
1974
2788
11485
10408
15095
5836
12283
10800
18929
1987
7640
10703
9650
19451
9598
1157
6943
6587
16674
8152
12682
134
11117
15499
3136
6598
12887
634
19647
6101
15023
12431
14660
13544
13623
12868
2242
19961
12844
17622
2127
14863
19428
8931
12792
10796
13168
12480
16149
8658
6945
7545
2135
755
9575
11109
11070
565
9204
2404
9031
19070
2302
7929
2115
13153
19684
5118
8931
5220
19368
14121
15566
19949
1946
12025
7445
9289
4214
17820
9150
5945
484
16737
4380
3418
5693
116
13472
10351
7853
7836
8905
17069
14132
2541
17718
11523
15078
16746
3420
19236
4818
11035
12948
16306
11008
10790
4011
16840
17619
13773
6717
19620
16719
11492
9244
4495
468
4526
7242
4202
6984
7635
15238
3032
14898
11296
11778
450
3234
987
14803
13291
2159
16833
19395
13680
18873
15165
6081
2363
4333
17959
4631
1221
4326
15031
11451
19525
6736
4005
11647
12282
4167
5439
9860
13968
5727
2118
4139
9107
12253
9029
16460
15821
19330
15566
14815
17853
9640
10931
19960
1751
261
4190
14896
2961
14061
3278
16926
2129
2644
7278
12356
8113
4688
19508
1510
19404
9788
16819
9205
13608
13018
10653
1482
7680
10448
16120
17838
5324
19539
12731
13526
19471
16033
15366
13804
18301
4776
1948
11976
7367
3460
286
6269
8389
5766
11780
6992
12606
3856
602
6276
16823
4924
10454
19313
18038
8956
9394
6866
11057
11357
6442
9725
17400
18629
5235
15278
10972
9851
4597
10013
13946
453
11303
16014
2280
7468
11526
14375
8763
14397
14993
16763
13075
18473
1476
2469
6659
2411
13231
14417
3808
17417
9619
14932
10694
8340
10584
2139
5346
9514
13582
15617
5471
3515
3902
12411
6416
14152
11883
19117
6775
7335
15755
12255
6736
12771
17948
18122
3165
7329
14213
5869
14510
9405
1290
1948
16300
3955
3115
17112
3363
3577
3738
9913
3370
12745
1335
13895
16656
829
19113
13192
18117
13171
1403
3924
10306
11664
9073
6117
14422
16737
19206
554
17645
9436
4420
11515
14047
5157
8222
8102
13619
19116
14381
4104
5902
15540
13221
13911
1884
6287
2036
3356
6490
7525
12247
894
16381
307
984
16441
1762
9423
7
2670
14867
6218
10420
2932
14835
10319
19687
524
1734
7752
5916
3378
8160
19935
17438
1743
5417
14914
5119
13356
1833
18112
10833
19265
10870
13072
12580
3947
8086
8368
18685
14651
11475
8811
16335
1419
19643
11636
12344
16588
49
6927
10170
2748
9908
4399
9717
18355
14089
19738
7166
15420
14311
19720
2110
12672
3743
10
8586
11709
3846
11816
15194
11190
673
3587
2183
16485
7404
3769
10534
16236
14951
7014
19932
14888
4285
12935
2909
14982
12946
1466
12710
12848
2536
13858
16754
6208
2926
13831
2716
7989
1158
15162
979
19363
7985
1622
12051
18661
11930
4289
12773
14093
11772
19026
10325
988
16
17452
17740
6606
9494
16040
18186
17292
9056
50
17857
6469
18422
8138
14673
2646
17737
11147
13211
19398
14264
104
7909
5615
18648
2353
3145
14422
15428
725
10330
11708
17057
18402
6740
2765
7211
19943
7166
6325
13858
8155
1727
5906
395
17943
18874
17285
17892
2622
7592
6146
11688
8765
18129
15687
15675
17292
7846
16682
14163
8756
4382
11146
3043
3371
16970
16903
12261
11323
7543
15694
5826
18690
7456
12365
13025
16978
14318
9317
5355
791
2733
2013
119
4921
4267
3378
6711
12599
15056
4492
797
12948
11285
3628
14123
16782
2403
3874
14870
18056
6952
2684
8694
7818
4248
16568
13261
15391
15358
698
16689
8860
6878
19769
18200
13408
2408
627
12735
12662
17947
5217
8023
14743
18740
14438
7532
16589
13073
5280
14867
10547
13798
9697
17776
7640
3867
6552
19809
12482
18080
5992
6539
206
6894
13178
18591
7958
19260
10862
8232
9484
6554
14829
10259
7811
4238
11610
5723
5740
14025
839
1873
10654
18276
9891
1893
5615
9084
14641
14323
2527
11239
14292
18988
12916
7026
11974
7008
1119
922
3432
13509
15677
19139
7860
12263
8186
16983
17902
6828
8880
4670
18777
1410
16302
6295
9253
19848
15764
9009
9606
11062
17402
6440
17633
14282
11535
2623
10175
7023
2783
16406
2564
5195
14734
9704
5337
774
6722
6308
9349
8563
16381
9702
19418
3100
9383
17042
10860
9390
3466
5004
19484
5918
2423
16534
4211
5430
10598
18087
7818
12577
90
8421
4006
2830
3107
415
18881
13732
14589
5577
11299
18339
4694
14068
4976
16402
12173
2505
17339
6955
5686
14306
4984
6751
7098
13254
12686
19111
16315
8991
13323
13416
4052
7962
4434
2690
18623
6522
10768
1589
3793
696
10093
593
11200
2203
4541
6681
17860
8881
2806
10962
8443
13415
16379
1197
19911
18475
343
6575
19218
12059
19270
11770
12146
3465
2061
15002
7879
13614
10282
11726
2752
17896
9510
10192
7262
17809
17862
18947
2417
5341
6657
3064
3358
19184
17356
5789
5442
2009
5041
7907
10256
10127
7870
3018
4918
11879
6490
2987
94
10767
15090
8609
6640
3274
17330
17653
14837
456
12559
10853
17750
1985
353
16593
1443
11439
12206
1730
18223
2213
4672
2646
4312
15919
2553
16652
11141
13479
1533
12456
19945
7089
14318
11524
13860
10804
5845
9620
6696
8278
3772
660
792
562
12664
8496
16781
7897
14692
11855
18802
14754
12297
17405
3535
16335
13017
15700
16292
12254
9979
8775
17675
15112
14880
11690
9983
12921
9780
10081
19388
4781
5360
4579
2108
16260
4013
1994
9472
6017
7443
15194
1264
11621
8655
14316
13497
11778
18979
18327
19445
8959
13207
8025
12777
13800
13165
5191
8647
3214
18034
18735
11572
18914
9072
5318
19364
8617
6689
16371
97
19037
6655
15543
19179
4641
15894
14839
1049
5182
14682
14247
11613
18110
14517
2709
5894
3940
2680
12591
18271
14534
15667
19282
15093
5737
2560
10001
15989
14328
17818
14910
18036
13408
971
7512
1256
6410
3266
13329
3124
662
12228
17914
17217
19408
953
12717
13351
15858
8807
14231
75
9078
12412
17440
6018
14806
7940
3064
17268
12930
18075
12544
10492
2301
2972
242
3660
4917
17560
5966
11821
4445
3651
9091
11459
3912
16136
12470
9903
7748
17756
14097
12047
2129
1424
10763
6528
4701
19328
12048
15267
8861
3272
10701
1597
16874
7543
7770
4601
15573
91
16868
15848
968
16540
4918
15305
5723
11589
3459
3171
14448
10876
4915
13263
3180
9971
19144
8658
3378
4567
17419
11336
19101
5350
2936
5053
761
8253
7875
3028
15999
13967
1189
3787
16779
19218
17479
13781
8284
10836
10249
5479
6824
331
18032
1455
14489
5897
8874
10653
16424
13102
19071
5413
15412
18808
5878
12253
4351
13461
13121
17698
18214
10489
5542
14519
3131
12171
8266
11757
16192
13881
1756
2782
19841
13773
16412
19986
15951
5079
8326
11525
6805
4521
10367
4928
12185
9378
11770
1252
18512
14882
10248
3045
19934
2300
14458
7731
6378
5513
6388
18579
5402
7161
14223
19116
13007
9573
3371
10782
14687
9120
11664
5645
491
1356
16159
5788
17917
17320
19162
17555
9856
3175
15532
14627
11516
15676
12278
17920
18956
13521
3671
2893
15166
6583
12312
18262
3142
4568
1585
9494
13791
15112
8891
2585
1824
11610
16595
9436
5014
17295
1544
17521
17475
16009
3905
7582
18355
16733
18510
1189
10871
7911
17161
1726
14721
632
808
800
15066
14250
7971
13790
259
2804
156
18062
18406
15672
5712
12006
16056
12986
6840
3712
7437
9484
4860
4796
6104
9604
7541
3779
1758
13711
12029
5289
8182
8318
5398
11213
831
9119
6003
4827
3006
6535
18151
6480
6674
6474
1352
349
8245
4653
2143
13668
5106
275
10479
14431
5118
1236
1952
10561
2517
3884
6599
1460
8657
19087
7828
385
15113
5242
1207
9135
4548
19173
431
8098
8760
14036
2577
12996
3524
18733
11057
16994
7110
1956
2832
6093
19481
10865
13699
15393
4815
12771
17659
15970
8807
18382
2710
3426
8332
14624
3266
2751
15593
8114
6057
16169
19084
16090
158
15169
5910
8477
18178
18685
14780
6625
13490
265
7966
15168
19025
5895
162
10296
6126
1335
4140
8000
5074
13137
1211
8021
232
19407
19651
12339
11209
328
6018
14847
3747
18839
13569
7585
18885
7002
7114
15311
18889
7062
9569
1860
15711
10104
5088
14863
2994
17974
9234
10216
6970
17748
11788
2973
3133
963
4067
11531
7362
19140
14094
14312
3892
362
3641
18525
5327
13117
15330
4497
18634
12858
2868
7905
15809
8472
3070
7020
4701
3941
3056
1290
4706
1583
11025
13340
4438
6495
15807
12606
3977
19840
6692
12921
18021
1406
849
13846
3251
18953
4250
19661
5991
19992
2669
8059
19082
7754
3504
14642
8770
18727
8951
15914
15136
4581
16287
13237
19621
7144
10826
4657
13618
8993
18455
7670
331
7447
637
8527
12198
9506
4196
4933
14166
19635
10336
18967
10863
18354
2954
18758
757
12032
11037
8461
15398
15579
842
4237
17184
12448
17241
15078
14288
19402
9949
738
10232
18616
7026
18028
2076
15117
9845
3422
14634
5041
12480
8056
7907
10037
19680
9132
12298
15668
12565
3285
7944
8213
2982
6024
8122
6092
17631
15747
8920
768
2984
6787
1058
16359
14179
5618
5801
18350
13249
11772
5847
18069
6049
10818
6908
5559
19622
488
8694
2311
10676
16297
12796
5046
11047
12202
7495
3953
1488
10380
7357
4710
9134
6267
28
9607
9860
13507
17376
5288
5564
19971
15889
3267
13528
3705
10060
18075
2960
5789
11243
5501
11245
3946
4948
18786
19137
9559
17211
12497
2209
17603
14677
18945
11489
3183
12122
4188
11658
8805
7925
3200
2010
16342
9964
639
9944
1762
9639
8486
16594
6512
19935
10138
16597
5118
8196
9150
18728
16946
11850
4081
11526
4142
18353
6901
10678
6978
7920
6218
10632
18684
1630
13689
15663
10490
8188
17037
7413
12000
11522
13595
18143
14437
14661
13410
7775
15976
6817
9517
9904
2208
297
8950
369
19121
19880
5413
2241
634
8179
15894
9619
18474
15149
4792
5294
6835
13750
8817
5956
18680
1233
19743
5869
19616
3953
8793
12383
5004
8127
18164
19564
11557
19466
18594
6105
2254
9004
18805
9206
313
4949
930
19646
53
2359
2208
13805
19749
5837
17711
12665
4332
3528
85
14702
17157
12247
9667
7114
13711
10322
15895
13714
11332
1955
5947
17263
3979
11346
16586
4137
6500
4972
275
9374
13025
15279
17846
2718
8468
1173
12555
12806
9986
17338
866
12664
7351
3851
12356
7475
13876
15661
9881
11316
9635
15911
451
6409
14059
15118
1992
4622
17758
555
3821
12646
2544
1258
13597
11607
4419
9378
13289
14562
7485
13180
4041
3389
16507
16258
18785
6927
19519
10693
14847
8584
19396
5994
14560
11322
14834
7571
7794
14584
12205
9894
7924
10698
11016
3644
6202
10058
11031
584
18925
9342
9250
11457
15375
16466
14773
17454
5852
14033
11892
13709
5996
10240
4972
17505
16052
6327
19301
5014
10253
19037
13491
14065
1388
16383
7116
18712
12880
7276
8788
3227
14267
13168
8244
17822
3351
18219
73
16229
1594
15374
2712
3835
14692
5809
15583
7134
837
14515
12071
9034
13980
15599
6389
19808
18202
88
2464
15955
12388
3281
10877
8688
16951
8907
19031
19303
10854
19484
19034
122
8191
9304
5006
4513
1293
1935
5920
2167
11574
6467
9628
16164
13059
19332
7575
744
11680
10505
19273
5697
17914
3277
440
11513
6757
516
9039
13968
14016
9369
8621
2721
13520
14406
18554
10515
1672
8910
9141
13726
5834
16346
14408
6584
8616
11758
9917
2620
13475
18983
5514
2773
14453
4436
12999
14604
11722
4622
18208
19468
6536
2230
11110
4014
13199
8905
13889
7462
1851
3106
7840
3881
19271
15308
19120
6265
18988
12258
10890
16047
4936
358
8487
13764
729
16794
13199
19292
5576
17630
12495
13360
16706
12518
18825
9270
10241
17495
19941
7694
11722
1855
1062
1259
12784
5934
10295
2621
822
820
14500
16919
7921
15737
10372
2306
15595
7507
9428
7421
5636
7463
18464
8655
18963
19199
15866
19083
19787
9124
15660
414
14169
5176
9290
12537
14697
15859
9377
885
15592
10584
13805
1607
11491
4340
2182
6882
19919
8274
13689
1156
130
