10000
14089
4610
2574
14197
3834
18122
11319
16259
16324
13450
8320
11091
18628
5484
7793
4200
19720
3991
7966
16456
12940
15070
17298
248
14803
2194
13177
11971
8515
3032
583
8890
2429
16502
11912
6165
1207
9126
14949
16791
16216
12973
9967
4144
6960
17573
17292
2845
13585
6134
15163
13802
12846
8068
14373
3639
12079
5986
15074
1656
9710
8772
19781
14742
5873
3058
18726
1843
12068
3896
18154
15243
1906
15610
18352
14613
16352
1765
18618
15177
16390
18977
6646
9532
11467
6627
12744
8679
18588
2014
6455
8518
8072
17273
2257
16092
11291
3836
6843
12819
2773
10276
10968
1569
19238
19670
7925
1542
14089
16496
12559
1170
10298
6843
18754
8291
2357
11741
8368
17804
14989
6090
7850
13234
9125
12667
1405
16592
10638
8023
18300
18970
19678
19213
10853
14718
4105
3652
17971
17830
7391
5514
8256
13242
8674
1192
10613
1795
4770
1590
18223
14859
7510
19915
19311
13951
4569
19757
18911
16854
9791
14759
4892
1899
13843
2745
13636
6886
16303
17224
12317
18522
17110
3574
3744
17255
13937
9292
0
17215
16324
15828
18267
15046
14188
6244
7740
16370
824
8340
15338
7858
7297
7377
13072
9259
4360
10730
1162
18270
2602
8743
745
13669
290
7417
4003
11900
12859
300
3738
12892
15216
7642
1703
16290
16643
11513
10467
4719
1814
17108
18322
1097
7017
5016
9676
4478
9552
17476
169
2248
10864
3972
5672
3820
6807
13719
18333
19645
7349
7051
9685
4829
6746
18379
10215
15460
13677
19631
568
2745
7687
13809
13835
17405
2570
11808
4771
14663
2337
19821
1399
4586
5941
17571
17841
16434
13800
13140
19138
3373
2546
19854
422
7815
12086
7372
7407
13294
9601
392
15601
1012
7774
11471
4105
19699
8248
19789
746
267
15213
4967
19110
13062
18508
3080
2678
10460
16203
7827
3558
1746
12423
15863
6784
5438
12184
16896
3443
6086
15312
18250
13472
6918
13137
15217
1312
11823
7272
7620
14869
6573
362
17208
12716
17601
2985
10392
4844
7245
5874
8537
14622
10383
11623
11532
376
18500
17684
17869
9064
13230
14928
4761
6457
1008
17810
19868
7941
12118
4749
200
17144
16945
17482
12513
6812
4352
17441
5110
14278
7722
6835
17098
16317
3528
17638
17808
12290
5856
10206
3381
6336
9772
7061
11383
3985
8728
16119
1652
16555
13098
12444
18685
12582
15197
2274
4713
746
14853
12583
11878
14073
17815
10048
15786
11702
17889
17337
2056
12561
14580
13418
15677
10545
3874
11633
16906
15452
14946
14098
18941
7174
10449
14600
15176
11603
16882
2662
8723
7531
19158
11791
5132
19033
18359
18766
1917
14943
606
14771
7318
6778
6212
15339
13801
12462
17526
9467
11445
3694
2833
9688
1690
2186
19885
3813
19308
19189
9847
6474
6178
273
3094
4014
12749
19578
3118
9905
422
17324
3043
19689
7360
2609
14101
15031
7261
939
12170
12932
11677
2010
15658
7037
15184
2507
8868
14312
17069
8638
16397
6050
4475
9970
18664
12983
3596
10927
14145
7741
19754
18127
7764
4622
11753
9705
7883
2400
15901
7516
13796
2082
3332
7381
8336
14165
5443
3165
10648
14341
17871
3266
15547
19714
1986
16225
12114
15775
18798
7628
3348
9990
3885
14909
14165
11734
4982
16823
16105
9563
19436
13365
14023
6313
7760
18995
16360
3796
7863
2837
463
19598
13591
9751
7010
8414
15611
16497
2423
19449
7029
17959
15050
15264
13171
13099
6218
8246
8298
11503
19764
17212
13199
14475
3350
9867
8453
11207
3798
10254
1168
12678
10411
11321
9768
1423
2441
3689
9097
12057
10298
19738
17991
14482
13000
15743
19551
17004
4407
17154
1001
11428
18575
19704
11658
113
7575
8159
1637
870
4765
6006
1073
1123
2962
4346
14182
2270
13010
18105
177
3274
12065
8885
14375
11777
13777
16631
19542
16372
5312
1804
10007
1995
8030
3521
32
18715
9197
4278
10486
12739
2337
8610
8191
5154
4774
19940
17462
11706
577
17952
6455
16217
2159
12574
4026
9514
13705
18939
14396
16119
17961
18730
16953
12856
135
7979
983
18685
11996
18342
12443
8307
19047
5669
15774
2935
11981
8619
250
19221
7099
18420
1183
11291
17000
16138
15875
799
16758
1889
18997
10921
4311
2320
11826
17022
15051
6476
16561
7691
1415
5955
19353
10954
4818
6546
4402
9396
12138
1251
19704
12515
7492
10087
2252
6819
11119
14444
8902
3988
14201
3099
5093
958
14604
19633
14950
18002
7121
19287
3475
6873
6356
18560
19634
14524
11079
1022
3679
11310
4929
1218
17012
922
15327
4238
2020
8324
14538
18233
10279
12607
17817
286
15151
16171
14157
4353
12922
5032
16506
14080
5504
12475
15014
337
17036
19036
13130
19421
8296
1658
15893
8377
9776
10540
4816
7741
6697
18165
11580
7780
11947
5074
8632
19806
19608
5443
12318
885
2769
18099
11565
12442
10046
16166
12001
14155
4138
11711
4222
5092
19218
779
12428
15038
1778
5613
18204
18504
14688
9095
8233
15841
16500
1601
986
12112
2980
14169
11908
288
2767
6472
5772
11547
10863
3725
5993
7713
1489
664
17896
13765
8289
18709
14825
6436
4766
1490
7687
19683
19212
3599
15413
10501
12329
898
228
3238
11479
1347
15425
11766
9848
13499
14683
15349
6040
8644
7714
16039
11492
6492
11083
12565
6200
13228
400
4160
17750
9359
17332
10690
15155
4450
11716
7427
5355
14983
17753
14964
7733
17749
2554
18828
18001
16671
7327
2813
3773
5983
16560
7826
5223
10175
17227
2247
19293
18276
773
5029
14688
7160
12232
11545
19383
5618
9370
11087
18144
9220
1310
4656
17825
14561
17268
16405
12445
6665
13979
18375
19842
3026
6743
9877
16702
6292
2190
11921
15250
13618
12364
6440
16831
2144
2118
4155
701
10645
6971
16190
16683
11406
9943
13773
5568
13116
11633
1702
15744
5292
10260
12135
6570
10066
14779
9989
1038
16081
13557
18630
17500
8392
10857
16348
18999
19740
17747
19518
14217
15134
12587
1860
752
9721
13383
5119
4502
19547
15575
2354
7806
2429
6670
5937
13338
18929
19200
1589
12730
11207
167
6841
17695
2268
6176
6069
2413
9471
12690
12788
1694
9409
8238
7796
1972
10553
17842
5241
647
7953
10632
14798
1468
13744
10796
7417
6006
9061
17962
15866
7846
1165
8677
18208
4190
6017
12373
424
19428
15295
12360
11571
9026
3411
17577
12226
9209
12609
12605
11792
14998
1074
9674
18061
2909
4569
18610
755
8706
13793
16318
12007
19063
2197
10230
15693
19422
16043
10732
14344
19552
3117
4792
8429
11575
6342
7518
2787
10598
15366
10316
633
13000
17714
13311
8579
11301
5515
5733
16339
15489
14425
14142
16816
12815
15251
4284
3638
580
10094
489
6825
16421
16256
18791
17559
7458
8560
5906
16490
13852
1916
8066
5190
8353
15909
12269
6917
17753
5179
16841
2668
4345
18017
5615
7850
1076
16541
10651
5581
14705
7870
6416
4992
6872
13610
12760
17445
5990
5507
297
10731
19681
12630
11236
10156
17445
17312
4694
12806
5372
3644
18689
6100
6476
4749
14581
392
17130
9701
4248
1799
18860
16464
12261
3617
11100
4832
80
14027
9609
12949
5608
12571
13368
18633
9077
4607
9879
10965
17536
10203
12274
10371
7634
16605
3487
17362
16981
16318
16787
5151
6966
952
16471
695
18220
18526
15734
8213
19763
9981
12717
9657
16529
6221
16741
2440
345
2163
15165
9242
19214
18775
10175
8292
8063
3132
17941
14498
13425
16673
14549
15649
634
500
15224
7334
18857
15342
16232
12863
19876
3439
4823
11524
14089
7990
9261
16648
3382
6236
3609
19522
16484
1070
15112
16883
5325
18630
13716
17203
3310
12485
1683
17149
16968
12175
8305
14227
14241
3042
14904
10767
15431
18356
5323
3944
9941
4841
16786
6013
10702
5710
1616
737
15173
17749
11856
5091
9567
11021
542
19192
145
1180
2642
9511
14147
5276
6374
6129
14102
17456
7305
18812
2689
2562
4333
11035
13719
16762
282
9595
11813
10429
10245
10251
19703
2143
5052
12297
3130
18438
2936
15813
19228
3005
6357
4405
12144
13265
14653
8021
9805
7692
6144
8664
13334
6379
7744
5135
16372
17342
6793
15221
11360
13340
10878
10069
11069
1249
398
15480
18849
13925
7910
15023
6548
13977
13984
7513
14674
1696
728
10673
8523
10728
15327
15800
12361
12709
4937
12890
16561
3560
9537
8607
13730
8929
3325
8913
12667
12142
1612
11717
3801
14526
18827
17736
9086
9798
5047
11591
19085
15935
3836
10043
11442
10715
8812
9103
15839
16738
16940
3631
15728
14733
15560
3983
4752
11006
19975
10933
18229
6842
12025
10532
10310
7140
4397
9510
2812
6168
11102
2069
18150
13856
16749
18918
3367
15606
10539
8658
5083
17111
9005
17858
1783
9728
18978
10999
19853
10312
14400
16500
13007
1658
8314
1576
8619
5805
19342
7003
16564
6529
5914
11605
11809
10905
18191
3333
6351
18383
926
7893
11650
5784
1999
16264
14024
630
1777
10572
2142
9844
9515
2466
15309
11201
15217
1222
1548
5996
3731
10237
6313
13528
15855
12731
3393
4860
15974
9359
2828
12090
13515
18251
18743
3929
17144
16147
9513
8322
18331
10657
3175
7156
14670
1811
14931
16196
1444
18130
6222
19412
15871
16927
3550
7758
1407
15676
14987
7422
2549
18293
1028
11210
5589
12937
11551
1934
14154
19193
8925
3576
5699
7179
19179
7101
18891
4507
10053
4886
9398
12319
8597
3770
9400
11798
10425
15769
11600
8044
5379
13619
12225
6828
6233
19571
18817
4003
16829
16395
17322
12172
9127
4653
8589
14078
6318
5187
7399
17774
8327
2827
4204
11330
12484
18739
10976
8788
10749
12653
5893
16031
1739
16399
8910
6569
17969
1065
13873
13100
470
2148
13115
17122
2669
2164
9982
9453
470
14201
5222
7553
4669
10872
18313
3535
17599
2289
2428
8238
13293
15645
8994
3720
13898
677
2815
13790
18446
18530
16971
985
5133
8460
13955
1871
16690
11393
9241
8941
17924
1333
2315
12199
1355
18704
11889
5017
10348
7657
16080
1561
10959
19613
11371
15932
7746
11755
17690
577
5174
10159
5779
1630
5991
19449
15268
10725
5913
19177
2242
18834
18718
3146
14843
2676
15765
3048
6888
5237
14572
6255
18175
7240
19398
10849
8101
19022
10423
6836
8769
10661
7532
1254
14539
9678
8295
11357
16963
15641
17896
0
5342
3727
18184
11051
6202
16860
3135
15891
4211
11799
11397
3895
11023
10671
694
11806
5171
17940
18158
19027
13273
18398
12915
11738
14937
5086
17650
3118
14532
13088
16002
17592
10415
13913
8421
10990
428
16819
5197
4678
10901
10482
9851
2965
10402
4386
6498
4136
602
11359
6826
19038
7717
12577
6033
11712
1568
14882
19276
14718
16330
12077
5451
19400
1979
16356
13402
11845
11829
12782
995
17107
10418
15067
15761
6972
7229
1301
11632
13618
14781
6598
5296
16647
12491
3232
19529
14539
15044
19405
8216
18850
19674
9907
18983
12897
14438
3
19530
2533
17944
13727
9126
8721
13903
3494
2380
16578
13539
2813
1731
2448
17375
3547
13124
12579
3245
18833
1407
5391
7946
4596
14074
366
280
17192
9242
7481
15058
17387
19706
8771
1306
10204
15800
16977
5327
12870
19151
6106
9082
19917
13119
14359
7239
275
19273
4614
2128
19175
11894
16257
19093
18891
216
14422
13352
8704
15240
1859
3429
13264
12973
11217
14655
120
12446
18121
15062
13520
15039
11543
3172
11064
1320
5210
3350
225
7076
18820
10552
5942
8180
14645
19977
16165
12083
5262
17070
7277
4725
7956
12994
4133
3080
12484
11307
10279
17373
19597
12616
14583
12704
6318
18918
2100
5442
15597
19570
4858
9272
3953
14505
10738
18460
637
7627
17751
12689
19914
14893
8005
8741
13023
18254
1151
7087
9040
9794
11965
16023
11600
4266
6897
6293
6804
14596
13748
6609
17989
8798
16946
18346
12865
3974
8079
210
12111
4093
16980
18166
8062
14987
890
3036
16377
9324
5682
17605
6568
135
17678
19889
19718
13503
4720
13730
1819
14690
18605
16857
7637
14462
3773
15997
1672
12340
16801
602
11007
2501
2673
16837
2365
2922
6626
12606
15413
10528
8369
4014
226
18847
847
14832
18468
843
17320
10860
1048
19715
18385
7486
9906
18711
7470
5333
19450
9879
6429
8312
17888
17831
7042
8355
19293
16910
8944
1199
15175
6222
9777
18255
18353
3822
13298
886
4029
1042
1422
1847
9343
18668
19606
4228
15023
5228
665
18424
4874
17107
10070
5712
12838
613
19835
2707
18768
14557
11032
13011
9092
17946
10085
16076
2024
3351
5581
17833
18950
8729
12438
11430
10628
7425
11534
1999
65
5921
5620
4808
2446
19660
4159
12454
19366
13605
15951
11994
6091
14841
4878
10414
17855
17993
13187
19080
2525
1376
14099
5771
19570
3331
9396
9789
14298
7878
687
19044
3899
7899
433
4425
9304
6533
11087
5790
14515
13131
9299
7611
14435
2567
6439
14692
2989
6878
17821
19527
194
9707
2168
18882
11765
15124
15003
1153
7447
446
9356
17957
305
15005
3461
1504
1629
15395
10423
14044
5634
9753
5530
15611
11498
747
214
19033
449
7358
15943
15118
19308
12701
7633
5009
2244
1393
16576
10422
5934
4495
16217
6231
280
9771
10083
15696
4337
3018
5868
16004
774
6453
13849
11934
17685
1801
15054
12082
10800
13163
1782
6401
2575
4442
13712
5723
8978
7485
2230
6239
15058
12123
10027
12606
8995
9929
2272
10398
11305
10077
4323
17114
9139
6946
10404
15943
1016
19397
16549
11729
5644
19819
17182
9699
14367
18373
19115
9510
19891
12444
14290
5729
10713
2695
18100
17534
4646
5212
16048
12910
17943
14722
7150
11458
17182
14212
7919
7482
10983
17346
5358
13115
12524
2882
18579
19961
7216
18500
3956
10837
14460
12242
5128
10271
10261
12374
2474
19580
11958
10726
5254
19074
15247
4155
4387
9729
1914
4704
9741
3868
5493
19141
19294
19701
7009
9074
2024
3590
6102
13977
18721
16939
17089
4068
3052
19294
12955
15470
14496
17562
19335
13198
5111
13409
12551
13101
4789
281
10812
9113
15539
2417
9336
19954
14055
15713
6785
18625
11730
8495
19653
17033
18085
13198
18805
11733
6033
2273
10079
785
15210
10526
19852
19317
12087
19117
7154
2172
18008
17935
4471
6931
13300
17372
4099
19276
542
3556
4000
5906
8420
11415
11025
9815
14132
12577
9100
8490
1835
16173
13685
8708
10524
8042
1305
481
19897
3595
8196
19467
8832
9511
16543
9458
10149
18721
425
6969
11640
4355
6769
9386
4851
13411
19213
10921
1731
10952
1370
4741
5168
15557
16945
18027
15946
11043
9154
10709
6290
15710
16464
11136
9090
7110
2089
12955
16762
5
5376
9947
9224
10752
11656
18123
6675
18039
1935
18017
8708
2854
6740
16684
13810
8142
5799
18889
6921
15694
4060
6357
14325
16682
7500
13405
19857
16366
15912
18353
7078
13420
12122
15927
2530
4737
7194
5819
9399
12150
19881
6628
18189
6753
16078
16194
1894
10316
13035
6308
2251
7789
6779
7942
9720
15445
17930
8039
16608
15973
15537
1240
4190
1209
17452
4976
4858
7592
1082
8573
15413
4100
6064
10422
8561
14396
4859
3532
19327
8097
11088
16286
678
16550
15889
13067
14573
14080
13343
8449
12101
5005
17943
19221
19766
7057
14442
10956
10693
9467
18428
13846
6974
19046
13017
8602
68
7803
8111
1292
8498
16180
1740
2492
6637
828
12885
13224
17160
12210
2911
49
18547
10571
9998
2251
10593
2007
5512
9005
18581
252
21
5961
13865
15167
6838
214
9850
11266
12670
9288
17939
9831
4529
11777
5652
114
7256
5217
5406
10508
4734
441
1982
6916
1707
16830
10420
4848
16186
14552
7008
19953
696
19034
15240
13588
19100
7308
15623
7477
8702
7971
5973
11103
11125
14963
3503
7022
3664
19291
18179
7765
1584
19262
10523
12954
13153
3986
17155
18911
12884
12145
10616
12253
11514
19277
12368
3561
191
17985
11328
10296
18528
1026
10509
7903
18538
7284
2194
19154
16273
9177
3915
18958
14537
3268
18460
19507
2501
3820
13474
19689
17770
4860
13075
10275
7310
16487
15700
3233
15923
14392
471
7183
954
15560
10575
14795
4517
9513
5234
12452
6926
9663
15305
6750
12541
10255
7895
7794
4042
3023
1028
13329
335
9884
11237
5545
19945
8555
8233
2977
10987
6135
17922
158
319
6873
13998
19240
16378
13462
10530
10279
1563
17970
16722
4935
12576
6338
7967
8314
18116
14367
11709
9724
18745
9270
14048
5490
6110
13405
6851
652
12157
19712
212
5354
100
15417
16831
5914
253
2494
16373
3039
15756
18997
7705
845
1285
15714
18920
177
3912
11873
3330
6350
18042
1326
16409
3330
2465
8417
5365
3079
7387
16760
7937
2165
3004
15629
3510
13892
18242
199
14913
12719
5910
7084
11892
13237
5186
12019
12006
18234
16841
8887
17895
15882
10696
18120
16965
12733
19111
9980
1076
2965
19131
4803
7613
10052
10203
15064
13222
11787
13277
3123
602
18781
7693
7995
14836
5603
713
3929
12333
15000
14204
4551
18880
2676
8597
1864
16119
2150
387
4305
10196
11355
6383
15045
5629
18459
10710
18238
16196
9394
5538
3431
15186
19916
1892
19303
12560
5786
12848
7767
13906
14033
3668
4117
7328
13969
11990
1873
9058
1347
14826
5540
19624
3516
15405
3489
10707
17214
6240
13348
7012
12830
11172
4807
11326
17152
13039
51
3706
4670
7913
10835
14088
3752
16390
9411
7900
10885
2559
8648
11708
5591
1615
10554
293
13181
2823
11804
4821
7346
15278
7469
6073
16050
12441
13686
51
9181
19107
16931
17831
12116
15209
14447
5538
2465
8357
1399
8456
1331
2500
6641
17913
12166
17030
8438
4031
5633
3890
18938
4502
3193
19923
13693
14456
19635
17587
14681
5892
3623
6675
5275
3530
2912
2692
271
14998
11263
965
12885
279
12832
5049
9680
4267
16308
10212
17500
13065
19149
5698
1407
19658
4120
6532
17560
16916
5829
12008
1204
13157
13218
7987
13856
7416
7141
17838
5689
4951
18120
6171
479
6430
7119
9234
488
4296
6757
4316
18737
16568
10820
12843
15278
4549
2932
19956
2851
9219
17322
4682
1355
8938
15122
18200
18965
5637
12456
795
2319
12954
13375
14522
14139
7217
11140
13251
16510
8386
733
8771
5975
10783
16011
10881
6957
15451
5647
759
193
790
3113
2254
8066
8199
13499
14389
9599
17061
10764
831
19927
4913
11144
16822
4076
963
18885
12063
16182
495
7584
17036
3444
2548
5158
9399
14590
9537
815
1442
13270
10884
11748
3784
18972
6545
12385
11103
12864
3595
9526
1549
15379
13202
16455
15972
6998
9193
4083
1052
11508
13186
1042
8043
16236
14633
12184
10179
12870
3146
12886
14696
4198
63
8127
17740
15134
5882
17256
5097
10494
19467
11113
18331
16039
12367
16672
10679
6206
17110
213
14700
6620
4975
12727
16917
13729
16242
14853
2263
6696
11273
17834
2557
18262
13308
19327
12366
13132
6008
19700
18248
13693
18587
9482
8315
8217
19678
4055
14628
12775
18495
9484
7556
16977
14250
5331
16541
11449
17092
10514
13065
13642
13748
8237
13942
17001
7631
456
10178
3306
5438
19849
6127
14623
7085
4092
18019
1803
11506
13424
13182
18709
6840
19135
15897
18456
13480
14219
10296
7511
1363
10819
13547
18926
17214
2501
8487
7011
13067
13181
1115
3132
11808
4620
13810
1642
14070
3716
8901
11042
19007
143
2714
4013
9013
4944
1661
6005
18364
5057
11993
17632
17811
6555
6738
4601
10972
10836
16066
7913
7237
13347
1839
389
5170
5471
13702
14817
265
325
2454
418
19642
2264
12875
10321
19753
7459
11429
11244
9977
3642
11444
19318
9751
511
14099
16783
9568
12544
13566
1566
8816
16669
11793
6058
12616
13991
17886
3432
17563
12868
12298
17615
17173
1231
11621
2791
9641
15453
12389
13408
6325
19738
3710
12607
8628
12210
17792
16147
11136
19244
11788
11398
929
11760
18932
6063
10391
11336
8846
12708
15520
19237
10389
17132
6566
2969
13053
16915
4712
14785
3345
54
14179
3238
9386
15646
5437
8921
4462
15531
16942
5755
16098
2853
4268
9471
11533
15447
10033
13735
12011
3576
7947
7307
16459
1790
10880
12248
17190
15351
14139
2740
17180
12050
4920
5280
7629
14936
13159
1239
10448
19033
17632
5043
4372
6784
12964
19439
1296
2344
13900
4678
8425
5320
8209
15930
3584
5833
3191
10961
17973
9689
502
7770
5660
7384
14310
16973
18458
17584
5158
12241
6620
6338
17033
12695
5972
16666
3839
17539
14418
5316
9179
3051
3835
2904
17318
4055
19560
15921
11455
9672
10493
12220
10828
9174
13924
9260
9794
11442
14149
9290
13646
12970
11941
7721
2654
15467
19929
5112
8270
7840
8549
7664
3986
1592
14261
11885
2621
18982
18998
4666
13676
8610
11858
1701
2931
7725
15431
14897
1857
17937
7075
8810
11538
13383
13950
18740
1041
18418
1300
1500
6632
10057
17598
14288
7494
10482
2571
9770
16459
14506
416
3815
7091
17345
12233
4662
5212
16226
250
10380
1014
11984
5000
4501
1415
12331
7037
16549
12536
12466
12283
10668
12639
5027
18896
14567
15785
13022
18706
18611
12836
8199
1080
6333
13062
2026
14101
12469
4606
8185
2034
18913
13461
19473
9990
14638
17184
8411
10324
12257
10885
2414
6914
10955
9320
273
8209
15099
8913
15486
12798
16749
3931
19523
756
17312
17755
15074
3467
10278
2443
6552
12801
13364
7762
314
2899
2521
7314
4443
8889
8556
14958
13514
11451
606
16662
2776
11572
16558
6512
24
2882
9083
18277
17887
15782
4596
3109
19595
11038
12683
215
14208
11004
18569
194
17101
2531
4539
5233
14702
19998
681
18150
5802
3773
19751
7358
17116
3212
13253
9084
15375
19026
2849
661
2626
11107
124
19128
19915
9122
3978
11640
2519
4695
16035
16663
6864
13897
9238
6832
7416
15384
9822
2465
17906
3033
6412
1396
14592
9359
11267
5128
1574
9474
3683
6401
5485
6431
2750
8104
12356
16620
19686
13536
3649
18790
18535
5863
17830
217
305
9732
17438
15835
10925
6771
16742
1989
9712
14283
4072
12719
9294
9481
5059
19431
19206
11802
19623
18414
8124
1226
2012
5135
14468
6660
17282
10269
6969
3716
3858
6024
14317
10465
17828
5467
16475
5137
14922
9461
6296
13176
17337
15553
7240
18321
9768
17397
2637
15479
13009
11460
9242
1584
19893
15072
11302
8183
988
16528
19004
12580
3898
1993
16752
18010
10541
18316
11019
8398
3106
1116
4903
4751
3575
12474
13750
15381
2171
6847
4060
17610
4562
8341
5822
10512
5941
18258
18930
1294
18774
722
10934
11739
8161
13584
188
7013
18045
10017
10851
8637
17362
9326
15777
18403
133
76
12572
14826
8639
1817
3608
6408
8460
11156
17034
7613
1598
19738
10444
11037
16786
1209
7529
4539
16618
11666
6168
3827
8506
3696
8901
14068
1470
12288
19434
8361
19592
9004
9470
8163
4984
9719
17572
17125
15651
16599
15780
6699
19190
18666
12150
17271
15444
10679
19834
9529
4219
19395
18309
10363
5413
6348
6678
1414
16938
4101
7
181
15107
12846
1759
18644
1993
17935
17508
3668
18140
12625
17389
5678
13440
1209
7926
2929
3329
17634
3533
13642
183
1205
17321
4271
3748
19432
2234
2344
15259
7633
14427
12634
18299
4869
1092
5105
13944
9522
9436
6410
8571
12949
7852
3034
13567
16184
13967
4926
18301
12012
5381
5729
14146
15359
9031
8131
19515
10905
7061
12812
14227
1177
6186
16685
15411
4423
625
15182
5000
8246
7921
19898
17187
16600
12004
10148
11993
2589
18085
7540
1323
4106
4680
15921
10848
6706
12547
11085
18509
6868
6314
7400
16503
9648
345
18785
1552
5639
4618
6208
9533
12590
4710
2169
2328
8942
8536
3038
15505
5532
14813
13029
15759
18576
11864
11568
13429
10308
17794
10399
5887
15595
18782
206
8587
13227
12299
10572
2261
12152
5938
9946
17499
15439
14143
5851
9119
9644
17677
7934
2091
12968
8826
261
2894
19858
9562
9938
8101
15273
12231
11149
14837
11187
2069
3444
3924
11485
3076
13696
18567
12368
7886
19471
2918
11116
4065
3571
1692
1988
19335
6391
18347
9909
15808
2217
12108
14564
6993
7497
6483
8627
9654
1932
3345
18656
13875
8941
13588
6715
10408
12817
6665
17089
4867
18261
15522
18777
19727
5975
18194
3723
9321
5181
2676
19096
15412
6213
7276
17978
4131
9611
5669
1048
4659
12464
8314
13222
18491
18285
4752
10039
17148
3860
2976
10400
5490
2239
8339
9643
13325
6872
17574
4788
11577
18308
7180
17124
3416
11117
13235
19303
146
7754
18654
5452
12707
14509
18578
6457
5747
12233
10509
10376
17219
6653
10992
19266
5474
4034
4669
10582
991
11949
1723
8341
15641
12161
16278
11630
15986
19988
11172
12897
7971
7964
11683
15682
10441
8214
14461
17580
18813
14163
16397
13472
19041
14720
11740
10969
15669
8304
6532
5996
14602
18120
14934
13121
2958
19014
7542
19464
11366
18895
3268
15547
4090
19636
15478
12526
5257
15552
11648
11605
3518
1985
12886
18259
4602
14992
3336
14682
3537
16703
6156
7139
11857
94
13306
15595
3836
969
16688
393
3542
12786
15318
4200
15258
13670
17980
9829
1480
9983
13343
11687
8409
1254
6442
5173
15059
17250
2265
14520
4343
2017
7993
8655
19416
11362
2284
13449
19590
4125
1128
8131
13480
496
12127
19741
2345
10022
5561
11579
4841
5926
1469
213
19028
3222
3727
9083
10223
8073
4691
12265
12974
2764
17423
12547
19715
17673
6031
16013
11698
17654
258
2442
15968
19390
7490
14991
17449
5673
3857
16386
18160
4586
14143
1268
6449
3973
5319
15001
10930
12763
9497
14144
18297
18035
7283
14099
14487
1415
4936
5229
1666
5000
1730
13042
2016
79
10340
3088
9087
929
18024
16592
11681
19454
11368
6425
19349
17671
14456
9345
15297
1769
12304
5520
3547
2666
5543
16852
1143
239
19418
12603
8731
10792
813
2800
13486
10776
14664
4821
15118
2500
12611
19225
8257
12760
1596
18390
8324
3600
4357
19529
14207
15914
6619
13423
9273
15494
6352
15065
7495
16598
16458
17644
18272
12712
5605
15448
429
8077
14771
14450
7388
3269
7204
3471
12243
15241
12736
19616
2913
16373
16785
3557
17040
3408
8670
367
18647
15097
466
12535
17708
10704
15260
16756
4535
1790
10063
4348
1473
6561
5961
13531
11531
4120
15344
7305
9595
9576
18744
13355
4529
15465
8514
9704
3929
19440
18559
8038
5337
19577
19730
7008
14697
9680
11859
19143
16642
2109
12751
9555
8943
106
8909
5123
9184
19761
15564
8728
8158
2663
6887
13451
2905
14144
12539
934
15548
19197
8607
10374
9282
15705
13906
1899
13634
7563
8275
9529
11750
13528
1641
19438
16890
2137
12035
5056
8191
12133
18394
3474
18079
19547
15186
11859
19514
6094
3551
1972
3903
18988
869
7332
2199
10221
12375
10890
12156
17845
6273
3293
4199
3014
13698
4259
19270
1253
6768
9925
13452
9574
1983
17323
5250
19159
8765
13145
12507
7655
16404
9349
9830
12689
13587
17364
988
19561
12646
2545
16953
4033
9185
19369
10856
15192
15100
5253
11159
6592
792
9445
5642
2634
12608
9462
1227
11568
18954
15888
16031
10463
15997
4110
6899
5216
461
4906
53
7265
19393
14164
16127
996
19158
12847
16111
18819
5308
15657
9170
6815
15006
19189
4350
18468
8383
15879
7935
17050
3328
6347
19177
4427
14878
194
17452
17804
2520
12122
16934
10761
13710
12936
15346
8914
9893
3461
350
19900
1767
17251
5722
13429
2247
19434
2604
2696
8002
12851
8033
1257
8353
19167
10270
16381
18491
2773
6100
13961
14551
12952
7666
17462
3951
2689
14228
18014
12913
14717
6330
17750
3039
10597
15347
13943
18646
8982
13112
19850
15243
5997
4533
4912
18385
6689
4418
13675
10840
18620
8752
15341
16975
16823
17470
1307
6794
14290
8299
5789
6622
10797
7014
15141
8809
19045
11202
5849
11472
16046
7781
17759
12160
1193
671
9604
5653
707
16280
5320
11577
18314
8418
170
11332
18317
6446
4972
18817
12591
7642
14178
11602
11271
616
7741
7626
17367
15370
4078
3128
14918
3417
19449
8163
11996
1732
10808
11857
17434
14469
6184
4322
19412
1008
2420
1081
18380
17894
7933
7610
3372
19238
8419
1390
10880
14274
16690
17732
4973
3023
3755
18931
10642
15286
8174
14010
5274
17127
5249
5352
9370
15630
15104
5463
10637
18718
2721
14386
7722
5417
3842
13272
14942
2353
10194
15993
4428
3993
472
10109
11070
5909
7364
7396
5958
13216
10896
2632
16053
8077
10899
11838
503
1909
3330
17020
13514
18126
1763
17620
18233
7932
12815
9438
16217
5857
7171
12501
11327
19697
13572
13911
13563
7809
14508
2544
6934
5565
11125
5808
4227
2840
8609
15096
19237
16350
6084
18101
13949
2118
3695
3427
12942
5347
8569
18354
14864
3994
18603
9510
8780
10061
8073
16696
13434
8374
5144
474
5589
18415
18576
4984
11416
19310
1792
11226
14648
12623
6073
16774
16669
15689
120
18818
11165
386
5875
55
10039
5022
11774
1361
6505
10707
18394
16099
10159
824
16348
17959
2969
6300
8054
12387
12391
6098
3268
14823
8707
11722
16596
18771
2555
17339
18675
11350
3258
11901
6512
8305
18019
12787
12880
9689
15625
4869
1677
17371
14477
1676
14315
10842
5556
3686
16921
9941
8420
14633
14624
11364
9948
11124
11212
9312
14125
17057
8563
17090
441
1623
6
6051
17831
13980
17684
13987
13439
18376
15894
7654
7624
5140
1786
7032
7675
561
4751
11313
18948
11510
7337
5044
1333
10097
1906
13521
3911
19070
19726
14091
19758
3349
13929
14931
6135
18334
16607
10419
17089
7104
13607
19879
19669
18742
701
10373
12515
11619
5898
1629
4122
1981
7347
14844
9572
14756
5851
15499
156
9302
8150
1172
11277
9211
2507
11588
12104
4379
3364
11404
9441
5904
13333
7873
7143
12662
1095
2628
6558
13182
15200
14908
11195
6274
17617
5919
3099
2803
5948
5040
15296
11246
18335
13154
13257
16493
13857
16282
16141
7321
5208
6162
17396
17437
3157
11098
15186
19350
7117
1881
19937
903
12132
3762
954
17994
15224
5570
687
13536
12775
3013
19176
13833
1087
8696
9560
15182
6592
9945
17659
10715
13071
16618
6190
587
8986
17877
15339
12412
16579
2570
9120
8034
16203
17635
5067
15479
8188
16424
1428
4848
16690
5326
9511
2187
13863
16347
9484
8900
6683
1893
15749
134
4253
6968
579
4190
11544
1910
549
6572
17628
3000
12943
13523
4455
9779
12771
4176
4944
14198
18046
15367
15792
16
5201
7800
12814
2382
17147
9137
13830
11394
799
9821
12309
6847
14727
9530
8003
929
5013
2440
15181
5321
5442
14333
14797
16294
2933
13846
16393
783
7937
8296
5110
13869
11611
5109
1958
16726
1527
6649
6197
19764
766
9444
11243
15332
1806
16258
13167
19450
12046
1430
16489
13793
16620
12998
2258
18496
19926
14095
8699
1912
18481
7576
3286
17707
10329
16549
10404
17143
16053
16034
9244
9279
278
18431
17845
4074
19468
8027
16
6500
17733
10873
17285
14819
2723
7632
6601
2885
9593
6494
10553
3925
4674
4796
16965
19308
17373
11436
12124
16916
11433
15694
15631
3303
1561
18643
19269
17622
9621
1545
17787
17445
13549
12117
12469
7860
13497
11647
5574
9721
4306
13255
14712
4041
903
14901
19032
13109
13181
13198
17409
3505
7335
10179
18275
13360
11037
3555
5936
1931
17724
17104
5891
1600
986
9647
16557
10807
9092
19705
3165
6624
11894
623
10475
14328
3286
17130
6306
6731
13613
11376
16072
6227
9891
13187
14603
3774
9494
5907
2505
10062
15447
18068
12668
1241
1761
6826
10432
1777
15574
10528
12546
16190
17176
18937
15848
13767
8033
17437
16631
2512
3808
5621
3140
7486
2641
5778
5595
17717
4279
1864
13221
1602
13784
11832
17146
16533
7061
11850
12451
2661
6564
1369
3082
4984
12909
2697
13344
10362
2141
8980
10827
8458
11178
18113
1706
17749
3300
7958
15207
17306
14260
4452
1688
10092
1300
6913
4817
5366
18859
10196
3017
6264
5379
3112
4039
2896
3336
131
11018
13108
15519
12209
6738
2428
13952
16089
12046
8540
3026
16401
1059
12271
5730
13645
14069
7823
2015
11635
8181
3585
19317
5514
13640
8846
3973
1489
4815
3883
669
4652
3352
1306
7321
7480
9089
14921
10741
11968
12356
7289
7981
13672
12547
8217
15796
6535
13201
4176
16526
16114
4955
5786
19562
17970
2161
17322
767
11639
6581
9901
12545
6503
13855
12911
19136
5647
18730
6743
126
13594
5759
17613
8683
1823
7644
1564
10239
16852
16000
1203
6419
17729
6581
13669
188
12784
19643
16208
15268
13376
10445
14203
2279
19256
17522
2808
7912
18328
3107
14569
15854
8300
18932
17694
19070
3834
8064
19613
3446
14714
3669
19227
18274
13541
16985
15782
18303
9862
16248
14757
14154
3438
18795
2551
16452
17316
14055
12952
197
11576
9759
13026
12057
4504
6998
16912
14171
11196
14757
5406
12813
8284
11557
17804
9201
3362
10810
2241
17383
14586
18781
3021
5220
13862
9508
19206
18123
2733
15407
8788
15179
4755
17394
6568
4084
12548
8282
12327
1142
19466
7422
420
13337
18495
4516
13995
6419
3548
16492
19899
18121
11439
18045
2443
901
10987
17930
1645
1840
3161
15169
18351
12813
18221
11888
19742
2994
15764
3444
19781
1731
17128
15167
12180
14093
2982
6501
3292
13916
14967
2340
16950
2905
7978
4333
18339
15075
579
2675
3822
19688
19116
6735
8718
10625
11753
3373
2536
3784
11722
13527
3089
13398
7834
2013
3216
11133
5653
13789
12322
18559
12630
9332
6231
12362
5165
10849
15834
18608
11824
6354
2639
7495
14953
5070
12308
7481
4365
4734
3434
9161
12780
18872
19597
1987
17028
12842
8606
13214
8304
18912
10690
17746
15038
14226
12547
4592
19934
5260
12276
17250
1911
14715
242
63
2931
13745
8646
1451
4987
12950
6471
3401
445
13291
11133
9406
6409
3132
9440
14884
9756
7137
12703
3111
15059
10192
9500
9983
1409
3779
14996
13675
6779
8962
18589
1158
18289
6381
17992
12873
887
13609
16005
12701
6338
4388
5926
27
3598
14533
11228
18754
19611
149
7293
18227
19705
19652
11304
5196
6520
4186
8127
6464
3394
7291
8082
6288
16324
2550
19357
19624
7783
8394
5607
15480
16029
7510
13067
13165
19767
16251
3636
10540
8724
19567
7010
19786
2259
19233
15977
4491
16713
1509
8536
4181
19950
17851
1175
10928
11570
17952
11337
8540
8749
7504
1841
2959
10420
5845
9841
8746
6120
17553
3406
8822
14280
4837
6959
64
3430
444
3397
15759
10263
4407
19876
7198
19492
4565
12750
6266
734
14590
11921
13625
1870
17740
12167
2389
19051
13079
16188
6212
18212
4315
14957
2037
19709
9193
15531
5449
2966
4359
13918
13772
17575
8676
10214
2863
520
15196
5469
5795
13132
12516
10169
13939
13294
947
9613
6782
14596
9614
5551
18640
13712
1294
19572
14781
2038
9999
600
1913
14759
8376
18202
14615
12091
7938
15203
8411
5470
2406
135
6590
10433
10632
5924
2046
18897
19194
16039
255
13893
1358
1103
3618
1776
12892
521
4993
4887
4460
5626
10884
7133
10625
13019
5443
16889
14147
1054
14520
905
8806
9135
19807
15648
1756
10582
19310
13115
6516
13113
11499
10961
4653
15647
5679
14792
16955
13103
15861
6213
17812
8534
6782
19195
19160
6503
15428
6885
7995
348
7417
12750
6769
9499
15739
6029
7700
17653
12694
8399
18357
10120
4759
14796
4829
4195
4681
796
11646
19690
9550
13570
15131
6831
12122
7910
15152
18432
3919
4961
4544
7777
13521
11345
7769
8078
18086
16973
8614
3426
14764
12530
3921
6646
18934
6459
13618
12801
11972
3919
8057
16989
4703
4948
1972
9162
17934
18530
13693
17260
7895
17235
10627
10352
8181
2614
6484
17292
18323
9826
14084
12036
19778
16680
14460
3048
13245
17281
66
18426
3574
14438
1312
11950
1308
4415
1332
395
19980
18323
244
10286
17585
18718
12091
14029
1274
12577
12532
12057
2806
14482
4994
1564
8398
4980
16234
7682
6559
13538
7711
15893
13714
15909
5639
18944
154
17926
4974
18549
7466
4732
8455
7050
9488
7174
12666
4797
14322
1621
2511
921
99
13857
662
9009
1186
2012
15760
2728
14096
9667
3389
12211
7276
272
643
7479
9644
5709
13655
12556
11322
13187
4588
1283
14985
18192
17269
644
12722
14007
1432
271
15503
12337
5906
3588
9907
18274
18913
17727
8741
13351
19601
6235
10839
5322
1542
9303
7335
9400
11843
11861
19441
6506
18582
13247
7982
6815
5184
7173
174
11595
8100
11681
5806
9768
6922
11740
1141
8043
11249
9001
14321
9970
17551
13807
9801
11097
7910
12388
17758
8459
16742
16852
5955
14902
9144
5345
15574
15671
9422
13156
10234
10101
13541
13394
19474
3049
3572
1147
14172
12507
17844
15851
17960
9992
107
115
18676
11455
14486
19842
6853
4043
16403
1132
18532
10410
8201
1645
9490
18845
13268
2439
9130
17816
17968
16710
11538
5977
6818
13061
2012
17173
9630
17226
5343
4654
18264
15660
10189
8097
6026
17461
10929
19451
255
10978
1480
8140
4762
7975
5977
4947
2054
5775
2865
377
17018
14625
14847
3867
12456
9887
10345
10782
11139
12328
9641
1063
1995
4957
19432
16130
17879
9857
5750
9920
15069
3929
11331
190
4512
3219
8348
8640
14007
10915
12069
828
6646
2791
11567
12083
18363
16460
12439
378
11096
1835
17819
10999
6360
16971
4921
12200
13167
17930
15686
5212
2530
918
17416
14629
7056
245
14321
15941
796
7076
16536
2085
11896
1661
918
16517
17903
14961
3609
717
18063
5749
8840
11842
2130
8282
17428
4981
7720
12212
6647
7093
7650
17532
11277
3365
17117
7217
2379
10695
1736
7673
11168
19160
1364
3781
10790
5141
16856
15154
10021
1467
13534
9036
1957
10381
16142
9869
5837
9998
18772
9443
17181
6894
1488
14224
13764
15201
4090
3819
11967
11179
18640
3907
13359
2968
14846
5924
5750
7176
2985
3794
11501
17927
2648
13074
16901
18619
10751
8392
3352
5174
6825
17595
13355
12428
18369
18485
35
14142
4861
17991
960
7861
4200
1897
14618
19306
9387
9886
6071
12257
8055
11254
9511
10487
13425
14893
11452
10704
11130
7441
19913
12339
8698
16960
5589
15122
11049
7728
18716
6400
5786
4873
9667
2247
9380
10797
5398
19410
14733
11895
19519
4517
2614
11649
18437
13005
4445
1279
12671
13745
17203
14217
4019
4999
12667
13335
10896
19076
379
18596
1540
9131
11587
4373
5755
3239
9623
3507
13205
12980
3674
563
514
13143
12281
5847
9084
2637
2929
1614
14689
3265
12478
17142
14412
9367
1281
14434
6255
8582
10220
18998
3631
15171
9773
4591
17468
19032
15606
1088
15820
16435
19077
19927
16755
1370
8565
7038
10208
5885
9375
8285
4631
10788
2926
12412
4806
18823
10718
5830
7399
6749
4016
17258
3313
12075
18317
9275
16955
10302
10100
7991
16846
14452
6626
6437
6630
17365
14013
1751
13061
671
8957
10287
15092
16063
5592
17950
7543
19995
16072
19048
9675
16107
14042
14115
17982
11881
8982
18557
6347
13406
2086
1821
9073
2267
7909
16450
11503
1897
9062
15465
6687
7352
16894
3722
13932
15060
7119
18081
4881
13910
16818
6602
1487
3031
19487
6437
8682
11391
13660
13594
12193
17563
8736
19446
5704
6796
8387
5907
7844
14140
11460
17173
7298
6572
17622
13457
13204
14377
3080
15592
13673
7006
15376
17
10760
15202
8147
2709
18857
5073
2963
14484
11696
10297
12885
6693
2918
19211
3822
13210
19638
3313
17387
12194
5441
2527
9017
11688
13759
19650
12503
16408
1459
8149
15990
11138
7753
15474
19657
10359
18158
15781
2287
336
10956
2268
10267
8047
12193
4699
10652
5245
10779
13165
18798
12178
11026
9428
7708
15090
17922
17665
7791
14229
1219
19167
14808
1951
11590
12426
10582
3918
18671
16189
18245
11667
15018
13193
17507
10871
2187
12737
13056
8350
10310
2994
4225
13225
10727
1489
15665
6037
8784
12364
14565
2497
12269
4098
10282
15822
13268
16494
2798
5023
12542
9950
4455
18591
2621
15139
10020
13153
6618
8065
8558
9731
19532
10822
3098
13228
6774
696
9774
5108
17693
1958
6637
13507
16036
2752
15713
11825
9671
14563
6436
6893
16497
18028
5003
11353
18298
686
656
14962
10880
4191
2906
7470
4672
2028
8107
18942
817
15405
7270
18611
12702
8052
3738
8477
12574
6782
4816
18606
4882
19180
15309
8765
1530
10283
6308
3942
5396
10351
13660
11662
4658
6527
7256
18277
7894
137
13801
14180
4845
2134
10509
4694
9926
2232
17217
18419
1134
9120
12139
16871
4393
10829
5949
18578
13006
7646
8422
3560
223
6505
12091
3416
15044
8996
6397
2890
18211
14144
18631
19618
11518
14517
7479
1761
7626
8312
16470
3274
19463
4970
1094
14114
12960
5770
7239
14545
6881
491
10277
15205
8880
19392
2434
19285
7530
9459
5628
10979
11803
565
17818
17243
18840
1007
6360
6296
1309
9336
5357
18182
5534
2527
6837
13378
10764
4104
8256
18749
10919
15700
8950
1023
3322
3288
19973
6665
216
11184
14216
179
17648
18380
16022
13715
7087
11496
12997
12991
5331
2938
985
12490
12456
19845
4876
12490
15105
8938
5883
11387
5556
9118
1803
13020
14834
1110
7575
11670
11297
3262
3735
10973
8920
2474
14478
13903
19127
18084
17008
8058
8097
1476
9902
10618
5815
15070
64
6400
5810
9428
15917
4206
828
12108
19130
4190
4715
17277
17133
17699
1659
5187
15804
15591
19687
2546
1591
18739
14756
13958
13519
12013
17530
16857
4770
10940
14208
13646
14020
7271
3475
5739
16778
11195
16466
5252
6966
18411
8857
4561
4539
9266
12505
4961
8364
2868
80
13352
12453
15010
17482
6420
6229
8348
7315
8381
7495
4753
5847
14427
18347
386
4121
10706
4006
16453
10764
2632
16627
7942
14129
13783
5300
19687
16334
19485
5817
13479
4199
19472
13707
18657
4636
4240
11638
12619
11647
13397
16625
18815
5648
7335
11819
17815
13975
2477
2772
2961
29
5021
10085
9554
2983
19121
12877
11207
4719
17659
18649
9254
8929
16815
19230
819
6032
1183
11782
2015
13458
4612
2837
14186
16511
18871
17816
6121
17025
11968
9289
18659
4792
6
10048
1109
10125
4645
8601
15318
7665
3870
8798
148
5745
1480
12786
3869
17016
2788
17306
7098
13857
15758
8807
12405
17559
5647
324
6300
6348
1424
4952
12350
10386
3721
11417
2162
7289
8215
1486
11063
4230
556
4382
10837
14252
7935
8922
11010
5481
14853
17156
16737
4224
10136
2587
5157
11854
17651
3844
11412
13611
1312
2903
19750
14271
2344
19330
11373
18175
1066
12446
10702
2979
327
5708
8493
3173
9273
4491
9511
15031
2468
5914
7096
12097
10341
19012
11262
2135
3879
17261
18325
595
7508
9079
10304
18548
18728
10225
9833
5266
4897
6525
16192
2876
7987
11581
15712
4144
1241
6393
14799
471
10630
12335
164
8090
7225
5559
6338
8741
6062
19858
15267
16183
11281
6767
4016
7459
9741
8793
19308
8582
19107
15073
17489
3749
3062
4067
13682
16482
2819
17495
4543
15546
10126
3639
8103
8223
11800
3400
5208
19085
12877
5767
18082
15243
16857
2801
10937
13729
6971
11470
11801
3600
16465
13083
5316
6513
4915
4499
19559
4750
17052
410
8187
18679
15810
1958
5382
10115
15559
9386
11426
15780
7656
12448
406
6756
13682
13618
11616
2593
9909
293
12404
5571
8945
17442
7646
19318
7565
13474
6915
12841
4774
12150
17286
16353
4612
5584
12134
15546
4553
14994
16036
1724
4002
18545
14435
9238
7072
11205
1960
4665
15200
5296
4161
307
16454
18568
18754
16967
18729
7491
3914
5318
4007
2302
2244
18956
4313
618
19881
6745
9186
9843
19811
11146
16545
18350
5613
9875
14501
14303
2710
13788
12960
9861
13636
16085
9492
2018
8341
855
14219
3114
7392
12569
5891
5479
2682
3468
18277
1062
12149
9171
16950
14883
8227
17602
5127
9420
6968
18385
11239
6804
11565
2781
17401
2838
11201
1757
12832
12548
1466
10428
7382
16139
9129
1463
16284
13765
16780
14004
8236
19194
18252
2493
6154
11091
999
9688
8729
446
3720
8100
19722
5047
3442
4178
17102
6329
8252
6109
12173
8129
14902
552
4720
15450
14377
13331
4856
18027
15197
16505
2225
857
11156
9002
10017
1498
10579
18303
18235
1208
1185
2719
11920
1373
9864
14381
5125
6593
9401
14380
9119
18318
6060
15824
11259
11884
5412
12994
5242
12750
12209
336
5849
18327
7567
17518
1759
10474
4396
2573
11632
3854
12135
10294
11935
3866
4596
6340
7008
13442
15932
13179
10075
5278
16577
7272
9276
3667
11807
12407
9991
15265
8717
19563
6120
11625
12099
19198
18985
7288
8758
16373
9949
15316
16383
10174
4154
5057
19353
16585
19428
8049
7881
12704
10755
3622
12120
452
6774
13093
5724
14406
225
1209
12341
17375
386
12929
3667
13421
12834
10583
1908
18922
19143
10110
5355
19882
12581
16007
2108
13617
17684
19360
12100
9934
7197
19386
14966
11352
13903
1781
11232
1892
19150
18026
7628
3008
8779
3093
16898
3823
11022
13469
19691
16930
16495
10625
784
367
18565
10976
1825
14992
1142
8933
3281
5594
17101
2286
14687
17464
14537
6103
2288
18180
3922
7400
19831
13698
9862
2071
12950
13465
18226
2235
1310
7279
4732
15087
14611
14016
18621
15839
15787
15066
5612
18835
3797
14807
5781
17109
4310
184
393
11199
7438
14555
12303
13030
14073
19833
7096
15229
9106
10015
15888
17576
7698
18310
1456
11262
19478
19153
13489
5209
7006
8611
6523
15262
7442
4218
11515
4867
7295
9676
13011
19874
12255
10748
16747
2745
9975
9849
14981
13434
19546
8436
6670
5654
8906
2715
7377
17697
14910
13655
19173
14114
2463
3198
7143
11706
1869
6454
10082
4718
6335
2951
6378
10770
17672
17212
13257
1492
15316
7382
6705
7267
2065
1804
16432
6394
8011
12674
4321
18124
11376
9637
16254
11341
1298
11233
19347
13115
2346
17407
5999
13064
19450
11583
1204
2501
17803
6669
17677
4076
2453
8163
3487
18666
1629
18683
13688
9735
8376
13775
4740
19635
19214
17263
10495
7087
18426
16158
16869
5142
7726
18154
13764
14246
10483
4518
1587
5166
6382
5702
4060
7829
12829
5526
3540
15748
1505
19574
6476
16274
12022
6710
18304
18603
4382
17738
6188
15100
14588
12779
2847
6269
2331
12394
7687
1243
12431
5937
14156
19585
915
6424
10457
3266
9649
17409
7188
19654
4065
3569
14927
16943
5129
9515
13623
15911
18242
3658
7146
5607
7099
7290
9734
17606
7351
19476
16316
15132
1521
10101
9731
11346
9920
12793
4904
10089
11477
18457
16323
12675
15521
15839
3142
4241
14388
13121
17070
7098
17824
15842
14076
19781
3516
2369
4573
15684
3556
1051
18021
3613
9534
12996
155
16085
18007
19709
11662
347
12108
15378
2597
13007
7493
3572
10291
17101
3451
19214
14025
16410
12826
16582
13254
13354
5058
5490
6634
4683
10823
8851
19560
3953
7001
13683
4825
10527
4862
4983
3053
6831
5018
97
8189
18078
17233
36
2908
4599
3747
13156
7084
3866
15798
1130
5228
10825
18354
2434
12047
11663
11685
18801
4712
6637
4519
5270
7105
3811
3831
10459
13324
5911
10436
13464
15312
3556
905
16964
19109
6818
5392
13945
11418
10958
13655
2083
8339
5047
9775
10245
113
8516
9920
713
7786
16133
4939
19105
16663
116
1832
12222
18220
5736
5230
10412
13698
16342
14705
19784
10352
14691
4357
863
12505
1003
11424
13765
15230
359
2558
15503
4724
575
2238
1741
11792
3436
15562
13191
14399
3336
16980
1971
16467
8757
9883
12016
4247
3366
19853
99
9731
8750
7846
19051
875
16355
983
9507
14865
13679
16514
13811
14620
12755
10402
5299
9600
6551
18503
8414
1660
14802
19294
15599
4259
15955
9232
6298
7698
17898
6369
11145
6849
4150
3224
18257
13013
8524
2015
689
5777
8192
1472
10951
18892
2484
4687
5615
9758
4506
4583
3448
4628
487
14668
14693
2723
1878
15824
10397
4185
8949
17201
9551
5582
14608
5151
10245
5626
19609
11611
12452
14945
5137
7899
3486
15785
19222
11435
15860
7180
8488
10925
15723
8393
18425
11905
6185
14484
2193
1375
7020
14158
6427
9121
12648
15727
720
2622
19643
10527
5822
15153
15631
9541
13588
12888
907
19575
10637
13689
13814
9328
10166
5726
13769
17279
15614
16545
2224
11580
4761
11107
13213
10069
3857
3157
584
11175
19081
6106
13319
15721
15855
16772
2534
16193
5502
8987
12900
17914
1037
10524
12042
1837
17944
11198
4679
19324
5128
18832
18189
1534
16994
7805
15970
4148
2377
13682
19140
3738
6736
18102
12253
14266
512
11096
19198
18650
7138
13799
8827
16309
16331
16762
18179
583
17697
13808
5786
11458
10957
13873
19988
13822
2015
17012
3952
19501
14072
17850
14767
1741
8185
2039
5712
17590
15302
7281
4874
13779
8310
2304
6117
18733
6649
1238
16213
12259
1574
8920
2260
3574
5760
8522
442
19105
7589
170
9692
6502
15635
50
6686
11555
19479
16480
4150
3875
3475
17971
17183
9616
2603
7372
3574
2407
2925
16532
17877
6788
10203
14620
5290
12220
10806
6110
17651
3306
200
5123
16824
2497
5133
2238
12964
14720
2303
3894
8993
8995
13789
546
2736
1750
3672
13804
14402
14244
18298
1719
11382
12846
2963
14525
1712
18712
8961
6961
11505
19997
13659
15652
14297
322
19930
7395
10134
2600
18661
10269
3047
18075
16823
6946
593
13640
16015
6118
2525
19723
3476
5637
2029
14406
12739
4257
13273
4173
14326
1095
18667
1278
13811
9168
1139
14863
4878
3459
4775
1216
8252
2936
4954
14063
16149
7543
9431
15146
18309
670
251
18814
5167
16001
12045
4718
12254
10540
9115
7104
18570
7908
146
5074
5059
6156
14425
12874
10974
16740
11595
15371
17529
19243
7919
17858
19819
69
11190
8768
12045
2455
14768
10691
224
16207
8651
8749
1242
1249
17065
8821
4848
13324
18172
924
9345
2364
4161
15320
508
264
19703
19309
4015
603
15322
58
17646
3408
3840
17615
15548
4502
6928
5500
9209
6227
13114
6692
8840
2693
9910
17776
9244
1219
18621
10432
5055
18275
4190
15805
6334
6325
14430
4906
15955
8459
7759
2361
2320
9148
1579
2970
19526
10046
9678
15853
18512
11185
3566
16760
7775
11355
17784
9045
9922
13262
17063
6211
2161
2021
10019
18813
8567
6541
7476
16391
18169
3745
10626
10596
16455
3533
491
16293
4478
17300
7968
13500
16344
12141
15164
6350
3761
2056
4577
19047
16502
15727
19569
14536
6220
15239
16198
17563
14458
19766
4366
9767
11477
15422
7719
2943
19814
10823
15283
17172
12345
8891
56
5835
2693
4683
12119
11658
18451
10575
8710
15435
19725
2027
14412
18259
6020
10477
2489
17212
3006
3986
9280
15246
9146
19944
8082
4237
16929
3278
17847
3948
14475
14712
7595
17471
5995
10543
4371
9198
440
7157
16987
5861
16057
326
14766
3560
4557
9658
1489
12260
16372
19591
10844
13441
6909
6147
11574
15476
10444
19975
12300
10160
4903
14031
3469
11644
19166
2429
5317
3072
2390
6366
8212
25
1648
13348
17963
16012
15418
1523
18562
18231
5105
16631
12601
7267
11889
18226
18633
18582
9308
1300
11973
12036
18883
1954
8403
454
11411
9305
4993
16963
2686
11469
17317
12490
2981
1386
11958
7650
4512
1755
16864
14041
12874
6280
19016
2200
14155
15098
11453
16248
15523
12154
12759
7085
7664
16920
3567
11168
1277
9352
4313
7163
4167
582
3586
7966
16876
2906
7427
6190
594
3158
223
525
6066
10749
13343
16709
17183
4318
3015
8925
11159
17437
6645
9262
11365
16179
8181
15951
18191
17836
4772
461
6307
14638
10463
3447
16377
16601
11783
9845
2213
13930
17459
5880
19005
11865
18322
10220
12705
17667
4828
14187
2027
9634
7955
18891
2548
15959
13243
17655
3359
19146
8371
9404
14599
3465
11216
13081
449
2924
6805
2266
9805
16793
8080
19966
13343
2018
5203
3027
1892
1420
622
12292
7155
12459
19782
18217
2353
6921
3892
19036
8321
13734
16540
17836
3398
13690
2536
4362
9558
19637
4673
11457
17726
12711
2250
13891
14828
18907
18201
4670
6205
6398
658
3181
8579
9310
417
9002
9361
3341
14132
15330
12871
3685
10227
7457
1365
18405
18589
556
19662
9690
14912
8814
9803
10873
16724
15626
18712
10088
5493
19663
17407
3644
11036
11562
5039
13181
11737
8468
6280
7590
17614
15660
7814
7785
19914
1952
6728
19599
7457
7429
12892
12157
2309
13766
16457
6898
17636
18072
5368
12269
12957
12652
17247
16235
10911
19774
4235
10574
2177
14571
4906
1049
1592
15103
6259
9815
2232
15788
7026
3164
873
535
5012
5507
17765
4204
4523
23
4780
10577
13598
3918
4453
18200
14417
16718
17425
15918
11692
14035
15309
13265
5258
6793
4228
19231
19745
12564
12014
2345
10440
4911
17162
2342
7562
4881
9043
19684
6886
13099
993
15609
512
1806
13887
8120
4008
11626
11237
11775
14533
15986
5714
5932
9341
11291
2375
19312
15620
8834
17186
14012
10654
3757
4758
10872
17714
6154
9988
14066
13742
13331
1144
17940
4497
12627
16546
5326
4121
18787
18958
17618
12810
16717
13155
2559
23
14354
19061
9045
8304
14535
9224
19848
7080
9433
834
12623
6593
9553
586
4571
3798
15827
15267
17093
14885
14080
8671
13344
504
11836
10658
16014
18447
15434
14997
4143
1707
8915
14146
19251
10041
13221
7251
6033
18489
13848
1314
16208
15178
13708
5372
10274
755
13422
13207
10673
15537
10905
18892
5170
19288
8345
10611
8854
10792
4523
16923
19774
846
3649
1986
1391
4595
10018
14199
19419
8357
11437
585
1087
12320
16413
2795
3372
537
11080
3400
6236
11463
16866
8029
7654
5870
10688
17719
5133
8969
6870
1897
13202
13523
6369
12265
14442
7731
18880
17416
19275
3746
14109
18957
5248
16697
4074
3758
17179
18396
2919
2218
14986
13021
735
2501
14434
8238
8626
10112
13048
11655
16526
19188
5711
13008
15670
14187
15211
10635
10053
19452
4836
16706
18827
7105
11638
1000
13398
13942
19605
14063
6508
17456
1438
8677
3637
17880
10729
8331
18293
2947
19867
11893
18647
17167
6711
2487
13349
3836
1044
4593
12755
13540
234
8281
2492
16376
8006
5346
1637
12473
19709
9478
16285
18736
11006
2517
18630
7114
4799
15962
10189
12276
3545
4742
16436
19823
18896
476
5074
5839
19626
3320
1712
18070
18754
16925
9460
18920
5620
14809
12730
5322
10680
9975
14110
14876
10156
14912
18007
4177
16809
9007
9917
13991
10360
4560
10187
10567
3677
15188
9119
3610
14833
15476
11487
15877
942
4096
2710
11779
11268
19011
15771
2334
9545
14516
17170
10762
4364
7931
2828
14270
7050
16157
11594
8720
11322
15111
19551
17995
3203
13203
9715
12943
5069
2138
16675
5350
15572
502
5894
3518
25
10162
8299
9000
15060
3857
3038
13068
8644
2968
18281
1351
5222
409
343
5442
1220
125
18036
18128
7940
2637
18448
11620
3202
13628
5314
10700
16344
18708
1737
17646
17657
10588
10158
7261
2333
3172
12069
10072
5046
5005
11411
5727
13538
6999
3817
14835
12665
17767
17902
5769
2726
7093
16635
8587
10739
13072
18015
4171
19677
15438
8483
18437
11078
18708
13128
2000
15753
15423
16012
7488
12616
17196
12780
859
7361
15722
16451
4853
7359
4474
113
15051
3917
1152
9399
1849
6309
8361
9502
14712
3526
14840
3767
6392
6565
2607
10173
11157
16634
1910
2198
2169
17147
16683
2265
9294
7783
10407
42
4158
6008
15529
18209
18281
7579
11361
4360
10658
17564
18139
5059
8455
11066
1445
8297
10555
14265
15711
16817
1409
12951
2622
13000
13463
2454
13437
11615
8749
11736
1825
2465
13440
13577
11368
18178
15736
3382
15117
14739
1690
18203
8090
1009
3082
2682
10314
4127
12353
7752
14649
15784
3943
7425
1867
13574
14446
6844
6678
11136
6378
12281
5998
3661
2576
19670
15083
19672
7402
16001
1272
7068
4117
15720
12058
16590
4823
5420
5243
7450
15360
17044
19218
15654
4860
16638
19377
9459
17042
10288
2571
9377
6844
1837
1344
7058
8515
10467
12134
12967
15670
8448
6997
7910
7847
18853
10767
2557
8386
1811
12267
15872
19275
450
5341
9007
15667
17809
8323
12467
11606
13975
16654
4359
6804
3704
19467
1779
2635
12275
19373
8339
909
216
7193
2358
12291
1175
15374
1186
17886
19667
17583
12085
18069
6102
12974
13767
11104
15518
2454
1835
7696
19733
14037
500
3081
17598
9252
1364
15069
19339
12629
17536
18822
5580
9208
2607
7615
4386
10506
19361
10463
3153
9818
3773
468
12435
19705
17682
14360
14346
13918
17311
14706
10894
16083
13326
3724
644
16479
442
1452
15023
18193
16722
16210
3072
14693
9942
6381
8681
16599
350
11962
1168
14017
3578
7418
5535
11058
7764
9614
6040
16430
13042
18290
7493
1212
12823
18163
11437
16752
617
13678
15491
19221
5165
3111
19577
1366
3278
18499
946
777
1373
6242
2420
2808
1779
11772
13660
5678
1105
5623
4236
13723
3272
14754
1279
19492
16213
6609
2397
14762
1732
13206
8522
6037
18101
4984
11129
19068
3004
9523
2847
10804
18914
18188
2402
15507
13354
13198
2287
11679
18766
15686
12202
9688
14374
5015
17632
17695
6666
3131
9657
642
3984
15672
7658
19461
879
13274
9286
3982
4772
2130
18516
13804
3601
8715
13404
5349
5187
9892
796
5179
19277
8655
14231
18395
8688
4518
13644
1794
17916
19748
16772
16171
13648
1575
15941
1817
13501
10496
7716
1726
17897
15412
247
19942
15407
1587
17384
1955
17667
3634
6150
10933
2515
14567
10998
1205
16457
3777
12294
2623
8334
18785
12194
5370
19785
11096
3104
13542
3876
19103
8949
8480
19119
18413
17547
5460
12062
18585
12682
18272
17229
16236
12690
14209
16708
10369
5995
3773
17814
3005
12788
4524
11843
11653
696
7779
3486
6752
10718
17598
2280
14058
13247
17482
16379
15953
11379
9612
17923
19184
5476
10993
16134
4742
7972
18419
19589
2034
19451
3781
16506
1005
11448
13372
1953
7780
4904
15994
5396
18417
14309
7607
4526
949
5733
3534
657
1396
17300
5665
18626
14125
2396
5322
19410
15316
2144
19392
13496
19597
2376
9506
5434
1799
2423
9475
14379
8083
18904
12242
5902
7008
6135
16484
18232
5109
14700
64
7956
9002
4594
7559
5376
5251
9621
6047
1044
6825
15946
18234
18275
10343
10936
3591
7577
926
10836
1749
10213
12229
10188
16639
1585
3361
13177
1625
8620
11677
1015
12438
5576
7814
15248
1459
15967
11942
13140
2019
12624
18523
16837
12599
8
1266
19055
3177
16028
2309
14805
4870
10259
12335
6374
19767
9056
232
4847
10474
9292
18562
9514
12994
10418
542
17171
14967
3428
9355
3739
4234
19468
11068
19286
1002
4716
6981
2288
17948
13063
82
3548
12171
18968
7620
2988
14348
10464
17737
6844
8172
8894
13047
13385
17624
4278
16676
2656
18281
18004
11365
4912
2730
18377
15297
11169
9319
17076
6897
16286
2644
4669
16631
15182
9879
12506
7384
5185
11123
852
10968
4742
18289
4516
6704
9593
16909
12119
14254
6488
1371
16625
5321
3735
11669
9933
16094
17290
12098
14914
15149
992
324
19522
14538
7087
19677
19804
18592
17706
19359
11777
3752
15471
3887
164
15842
16348
10677
10042
8686
14850
4867
14784
13386
15474
5952
3612
7784
16180
8751
5212
14250
8727
5505
5307
2973
9603
851
16930
12591
12425
7909
5963
6479
12188
10585
4672
18368
16217
4164
14338
2809
10209
14132
16966
156
359
15070
4473
849
1189
1859
10341
17982
14121
1694
14891
12581
19469
11693
3632
1978
9668
1721
11733
12767
9872
1027
14558
18079
12209
4205
18612
14947
1464
9059
7461
10516
6777
1316
5513
7470
511
6705
17568
14236
19001
7856
791
8342
7538
10365
7530
7540
11583
8206
17539
1966
18769
11361
1984
18066
16682
7845
19027
17376
15628
9634
5283
6597
4749
6054
16175
274
14087
10220
819
857
6411
2923
12195
14692
822
6104
8852
6162
7516
15161
8282
2382
5729
8040
3884
10605
9703
16384
9636
10916
14753
15462
1346
7556
9605
343
5456
15315
16736
17514
16385
10504
3940
10178
5682
2147
2461
4339
14578
12454
5921
9614
19710
13044
5413
17706
16197
8869
1036
81
2058
18979
14394
6468
5160
3044
12167
1868
12240
17316
3696
4158
1965
17438
14663
16042
2281
8070
5898
11201
14888
3239
145
15520
9202
7956
4801
10109
2095
6189
8894
1005
778
15984
7197
15791
952
2329
13719
12569
4690
18328
9561
8765
477
4526
792
1431
10795
8003
7106
10198
14554
4806
8048
14020
6523
13602
6488
4916
5197
18778
11487
10183
2792
18881
10028
11163
13429
9688
13015
17041
17818
9477
13280
505
7188
6508
18588
11164
3005
17485
18313
14630
6637
1145
16323
2798
6364
19634
7312
13443
15013
6943
13333
2900
10983
7497
10700
8348
2981
8276
14317
10825
16461
13405
13033
1384
14454
2541
11637
12302
4194
13623
12355
8517
15587
5076
4173
19633
17210
11992
10219
18878
11962
3536
6372
11944
10091
8123
12704
5895
15915
15682
5692
9461
18190
15349
14327
12508
16006
1604
2441
1473
13791
14326
10420
10567
9953
12106
13458
16002
11992
8392
16878
11289
19088
6178
7599
759
16409
7564
12366
15598
13194
4309
11176
5544
18114
14785
2447
15243
14378
16933
4252
10184
12151
9983
4191
19361
17323
8015
16439
13109
6011
19765
13660
13961
7947
18600
2330
12788
2773
19728
6712
19687
12456
18978
2134
1143
4429
17590
1078
3528
4229
6149
400
6424
19343
228
12073
6982
16038
