1000
1270
985
1994
409
1222
1435
1535
264
1187
1494
730
1614
1424
812
1580
1414
19
123
769
1485
1072
1950
1179
1137
659
208
1310
84
1610
491
871
1344
829
1806
666
324
1339
430
758
221
1106
1395
295
336
1403
323
1160
1379
47
332
115
1819
298
139
1207
544
779
282
1189
237
1572
1797
1271
196
1557
1533
1756
1983
1775
1862
612
16
935
1355
1813
41
1258
1522
1208
792
1575
1705
1187
1562
1582
239
1492
913
1235
544
1894
1040
30
456
1587
1427
818
89
1047
843
248
1448
1756
1399
1239
241
1223
430
1394
715
799
1225
559
1157
261
238
319
672
708
1686
799
1351
663
912
1610
632
1361
1311
1961
1158
1645
46
664
1784
1138
612
1461
377
1554
1283
616
594
1120
1082
1130
405
700
410
1731
1856
1293
1301
324
273
569
1074
1229
1209
1156
781
141
1577
146
1948
644
1689
555
573
662
1944
186
1435
1006
237
1153
271
220
1708
269
50
589
676
882
1408
325
1285
1427
905
988
766
64
402
1602
997
972
424
496
432
1561
1780
413
1216
643
1034
1769
974
390
1292
201
78
1308
1643
1072
975
439
749
1639
1620
1735
554
1657
29
1977
672
1549
334
589
935
880
417
194
719
14
584
1888
1365
1517
58
1713
917
551
1903
1692
665
1170
1895
272
239
605
644
26
1672
569
680
707
1485
289
1080
154
876
1576
160
521
273
1758
1233
1445
1600
1758
549
23
526
471
1811
195
1151
149
702
1330
409
1915
1336
448
808
576
1892
691
1259
1507
1528
150
876
1179
81
1890
1165
1808
1489
504
766
1536
179
1725
1387
1135
767
1570
641
1758
1833
1567
1953
1046
1892
780
1053
1057
1684
652
1472
918
1841
742
1675
15
1879
641
9
648
890
123
1107
1975
1015
1606
1056
1698
166
1567
1396
369
764
285
1194
1297
1245
707
348
1170
238
866
1919
110
519
126
1004
919
1319
346
1544
219
1795
962
1493
1862
1639
1174
1905
469
1533
1790
1804
1906
1034
1903
1144
1121
341
1928
377
1270
1444
665
427
1488
1711
1889
515
1238
117
401
1726
845
365
707
917
1603
357
497
1122
1851
1142
1299
764
1733
473
57
1374
1465
402
1936
727
448
651
133
602
1087
28
372
133
1761
1717
315
302
1088
862
416
1466
1856
1158
1851
951
312
1895
1361
745
1902
907
303
1810
1533
1176
223
1402
1078
1110
634
1903
272
1394
1850
1269
1453
1579
347
1646
347
713
1629
309
1731
1181
1704
1237
497
948
1885
1334
1361
725
1029
407
786
1226
505
823
522
155
1645
925
1654
1861
201
1816
1820
1466
1733
721
1183
1842
1344
221
1182
1984
621
318
1177
1759
1707
1000
817
1995
272
161
1244
1628
785
194
561
780
1360
666
358
698
1683
1186
739
1671
669
955
1586
1006
331
659
1910
1377
557
1639
405
1438
910
1458
1156
1600
146
356
29
1826
1916
286
1631
718
553
1465
1987
500
1484
646
1670
758
935
1248
727
1328
1442
542
1055
949
316
836
1096
1316
1707
137
1212
1401
1889
1028
571
1472
573
1775
424
1397
1611
862
401
1575
1865
297
105
1243
1111
1940
1939
1084
1963
768
445
623
46
1946
1463
357
886
1009
862
538
400
597
1338
907
1561
347
1600
1317
1178
1613
1845
647
894
1934
1632
1625
546
1099
841
150
72
189
1700
1141
711
907
581
150
226
1757
1711
55
1043
1083
1693
1030
1828
51
971
385
1626
1322
530
185
1119
1258
878
933
970
1993
446
1347
173
394
1832
1929
731
1725
806
1898
1892
1425
1793
1300
1822
1658
1416
1926
386
733
1037
78
16
345
924
1696
367
784
1257
1747
53
1714
245
390
95
1706
588
192
415
1810
1679
1013
1327
1698
473
660
294
1782
160
893
310
1469
697
1376
1998
141
1384
1057
1667
1876
51
1143
1766
634
1794
739
1282
1522
166
206
1205
559
563
1932
185
1492
1467
1484
1853
563
1272
1921
164
1254
965
59
26
1660
361
46
1167
1244
194
1173
1169
181
1818
463
618
214
1961
1367
963
649
1942
1937
1811
218
1355
1264
1577
165
1684
693
1506
1469
499
722
1111
169
1492
1325
1414
1018
200
1152
1179
279
864
1533
890
665
1464
1038
172
563
749
634
1364
264
1517
1908
1565
384
41
446
1346
1942
201
1915
873
121
1852
1505
637
18
1738
1597
1990
869
1833
1953
999
1504
184
728
1124
192
1772
1243
478
1427
852
908
1357
569
1131
303
1160
1731
1625
696
1732
1758
22
127
439
825
1245
912
840
385
1592
911
1637
1950
1838
489
735
262
1189
1190
214
207
1094
1243
93
1762
204
1516
1450
811
1400
558
1388
461
37
26
681
1330
931
669
1123
1024
690
764
1063
599
268
757
930
343
1855
529
1727
239
1733
1014
689
544
1362
185
250
1984
1818
1472
1686
1130
1853
550
999
690
1248
1399
445
854
281
43
1522
1361
695
176
1359
1881
1403
1647
639
408
599
977
334
1687
417
123
1437
1478
1427
596
1877
9
1683
1575
340
1165
634
1683
1433
584
1620
592
585
29
931
637
1100
1103
1279
101
1591
333
1454
400
1958
508
172
1717
1334
1186
1799
1212
972
254
746
609
1846
950
4
1878
1724
952
996
1840
897
1538
388
769
1276
1756
479
742
270
243
1727
822
1663
145
423
11
1930
392
58
221
1569
1774
711
809
446
305
1698
1361
1880
891
