10000
19084
1293
11014
7162
1696
18905
10632
16454
10405
8431
5729
16770
151
8037
17312
14567
13783
14625
8819
16927
15584
19777
5133
9892
40
244
18643
8455
17013
11084
10692
16589
19289
11755
14147
7668
13963
5242
10722
7187
14755
4377
16077
4511
17618
16656
11407
1930
14076
9956
4773
12005
883
13382
9278
14790
18737
8933
4683
9573
4625
8867
17129
10273
10187
2245
10055
19168
11883
3652
9622
10355
12492
385
5901
14295
17206
1014
19062
3128
3184
5287
1497
1808
15684
18615
12706
2318
19599
2966
13233
9777
5313
10136
1471
13075
2743
14369
12808
12195
5522
13565
9145
16618
3411
396
822
5071
12566
12858
6984
13815
12968
15533
19810
16676
10535
12823
2863
10078
10901
16300
18234
6703
10039
1741
11578
12903
16656
13827
8983
6336
10197
2087
10941
348
15117
18813
10364
11691
19335
16449
18201
14825
10872
4186
6933
16196
9327
2828
4280
2971
4599
16490
11898
257
19881
3751
12878
19873
13418
18317
5067
14716
488
7271
4664
1742
14797
9177
8019
17870
15358
11279
14334
2772
13043
6835
11814
3189
306
19864
6418
10153
15050
13876
19780
18286
6601
7242
18895
9413
1242
19301
8246
6586
13759
11137
11004
6658
2983
5538
2254
2717
6189
7560
19081
17338
5645
10267
3273
3066
11266
6144
4591
12268
12257
10862
13934
10360
11052
4442
17682
7447
2868
1326
15277
15263
10670
11576
1439
15069
10992
16990
10850
4539
4617
12144
1104
5345
7258
3702
8753
6871
18069
2024
6756
15625
9840
13245
5833
9763
8518
13306
8425
19740
651
16844
2179
18895
16137
3889
148
7107
14811
18545
11586
16461
6278
5194
7173
7180
19471
7368
10227
1458
17213
17492
18662
9346
7660
5411
4684
19956
2699
5392
10314
7094
13587
9540
7277
10221
4580
6736
4272
16089
19965
13277
19907
19190
15768
9307
11198
8926
320
13206
13666
10636
8207
7911
12968
16764
16201
7463
10088
1935
12175
13438
12520
4586
15392
9625
15199
8093
12914
5017
17413
13601
8361
10952
17529
11131
19666
11143
11630
15101
15103
13859
10131
1708
18112
5030
13342
18972
3033
9034
2804
4311
3621
11560
14551
12188
6151
4815
19629
18116
14057
7984
14185
5089
10580
10485
2616
2943
8298
4562
13802
5324
13571
3796
8538
4724
15874
17653
4156
16004
4691
17746
18914
5104
1155
5972
556
13073
17852
19626
7018
13286
5596
17112
8814
17755
12849
13609
19827
2151
2515
8031
2532
7823
6365
10475
18282
17128
18025
3928
2454
16794
4136
7874
13031
12735
667
10884
3865
3179
15378
17647
6347
14438
8030
14614
2218
9653
14996
4006
1119
14902
18400
5555
12369
7946
17027
19534
1785
17485
16747
7891
13761
1216
17422
2014
15863
9544
14755
9789
1972
15887
13021
17665
7011
9
16292
3470
14768
18385
12146
3186
8303
14129
6055
10802
17158
673
16649
2720
4056
13766
15771
14921
11919
5372
2169
12843
15269
5454
19117
8963
1743
7010
13873
12644
15719
10066
10018
17284
15892
2069
16446
15600
4472
10396
8058
3808
8182
5431
10689
17958
19486
11544
10413
14975
17366
15440
2651
8812
9926
8758
14831
3642
352
14758
17443
8093
1259
10470
18861
18011
10187
8835
4428
2949
10702
19962
17550
5601
15285
17618
4674
15938
13885
2151
10036
17561
12137
17474
12939
14533
15534
19619
3163
197
5754
9345
967
12335
11106
4264
19255
17977
5767
13185
2513
9748
11876
13775
14103
12568
16567
13365
5693
6010
16457
5462
10054
10843
13308
1172
18522
2266
5520
15418
18022
14506
7346
2837
5424
6174
17793
2941
11764
2592
4670
8177
9088
14433
13071
5440
8393
6858
9168
5604
10216
19537
5144
17929
949
14248
3171
5004
3294
16336
11457
11518
5412
11723
13338
8648
7954
19054
4284
14120
9882
11829
19139
18937
18382
6192
10467
12945
8184
10299
6869
7843
12855
17964
18364
4421
15894
17093
14195
6381
9483
3242
8916
6452
11593
6028
16679
8700
13442
2724
10054
16526
5628
635
4426
6716
9966
14630
14835
10181
18648
8815
664
14647
12637
7534
14601
6254
17150
3415
18014
7642
15763
108
15871
6303
5416
19891
14862
13751
14387
5987
3476
11122
19438
16216
4775
15901
14645
14342
7541
8576
349
7657
7791
13602
18350
475
3797
18311
15775
8223
3802
17913
11853
5179
9108
13508
5719
12354
3682
443
889
19663
314
3321
16035
7086
8750
17122
4086
5844
12890
17704
6970
17135
2093
10345
13023
4599
15890
4373
2702
10916
9594
7245
458
3002
15079
5671
10185
12383
6775
10702
2441
877
19467
6886
9873
19810
3027
7886
2373
11412
13817
10462
9893
18211
3654
10352
14083
3143
6324
19643
16767
18344
1362
9338
1120
6253
6061
15275
7505
1100
17345
16915
12662
11071
3068
5950
7498
14808
15659
1893
6711
7403
7556
5481
13328
16842
6126
8507
7118
13838
4369
9598
5989
19504
12214
12900
19651
8600
12506
6580
18181
1101
15541
5805
2197
18891
15457
4389
15971
787
14153
14251
10047
412
17487
1258
3601
10887
5210
17198
13429
14576
3803
12513
14870
17184
282
17934
6630
14208
8002
15303
503
12648
8965
19042
9017
2325
8525
15070
8080
10008
3841
18883
5553
3691
1200
18600
8986
14816
2940
13134
5771
11954
9126
9129
13989
16636
6739
7966
19741
7336
12312
7240
12476
18815
1671
6997
9718
19103
7701
14574
15494
17708
17543
12787
2210
11869
9305
14660
19232
15223
15018
797
1541
9239
7783
14233
10213
14984
10611
19895
17053
18580
3248
1562
2440
6711
11565
4778
2689
12975
7820
10616
18710
5872
10927
5182
16710
12277
6014
8933
19159
16849
1111
18272
18742
2499
16018
8086
10156
14823
11152
6141
10361
16744
19456
2114
12111
10228
3725
5061
10510
9993
18952
2112
3063
18603
14573
4456
9168
12823
9396
10029
1939
17521
3735
12540
16563
8986
16411
15171
4108
16670
15933
3604
5957
2761
15674
15139
1029
18042
13882
4009
3279
15951
91
17483
700
10752
4566
19061
692
15528
8111
14272
3880
17373
17406
13363
6031
14625
1493
6565
8762
13969
9326
14784
3574
58
12435
18785
8830
3148
13225
13180
4827
15047
17401
9245
9433
978
13308
10793
166
17546
4995
10627
4170
7799
11777
14890
14462
9979
18357
11264
19594
15875
3063
13957
17343
14400
5662
18914
13518
15759
12556
6273
19843
372
6807
1305
6753
9030
17109
7432
187
19619
9827
1081
8013
1988
14098
10438
14453
12748
6511
2199
7313
18138
5293
16455
16693
8285
10576
3975
265
15975
5881
8220
16605
9274
6409
12548
17066
6368
2228
470
7623
16599
2724
1831
9316
3304
9319
16745
3015
13208
13078
5678
2208
9048
13602
11114
11147
17527
3741
8087
2562
760
7938
15601
19804
1630
17027
5953
1254
18435
3917
5976
17917
808
19290
9105
16645
19015
3282
473
16200
6180
10431
14570
11758
12418
15596
17714
11414
16978
1304
7635
12143
8805
12925
15620
11541
19203
10680
3061
1355
16628
4053
8528
16721
9372
13688
11194
13442
13636
8841
10648
17517
4179
7389
14095
5998
5884
15326
5700
5193
10192
13367
13378
19362
12404
1757
14649
11611
7917
3549
11139
9451
12728
3518
8419
16215
17078
19955
10535
1392
7492
2368
4172
18186
4265
1221
16768
18036
14217
18092
8834
5752
13783
203
5254
9648
39
10519
18036
13251
15808
6053
4880
9787
4913
18590
2869
516
379
5694
8475
14404
4203
12361
17271
12945
12555
17547
13601
19635
8910
17450
15729
632
7466
19083
17027
1357
4099
157
5018
19936
4833
17285
8096
3215
6243
19495
19434
13068
8941
3887
14554
15856
19613
3865
19199
536
540
5763
16216
19105
4655
17068
10773
4060
18797
7401
12958
5102
2955
18308
18413
12230
1875
11153
11702
14043
17428
5551
14503
4066
13618
8279
18474
15401
15998
7685
8103
5139
2720
5888
17094
10736
3856
16551
18227
312
901
3833
14170
837
869
481
7666
10154
16443
3357
11702
1107
9350
17065
11150
8922
11149
17581
19276
99
19601
5408
18322
597
9691
1879
754
4662
12629
10221
365
5377
8533
273
700
5606
16851
5255
4909
18431
2971
4412
1701
12875
15294
14762
11268
17705
14339
6883
17351
4978
10747
6525
13510
4786
15250
19195
13053
19205
12001
19060
9736
12395
5249
835
16072
9863
7706
8842
6946
19962
4409
931
19879
12310
7520
17732
17870
19138
11671
17070
7164
17930
13504
5011
12934
16767
13544
15873
1294
2706
4378
11951
873
4328
14445
6243
5537
8091
5438
2718
1334
19342
14872
2949
17791
9546
14479
7149
18958
17593
5229
4161
18226
15102
14404
11635
10902
9487
15650
14461
1766
12433
2370
14546
16114
15951
17854
19879
15211
8950
10722
16023
1899
11087
14525
3031
7409
4057
2257
17559
7113
6275
14281
1105
11499
15908
4362
5618
16666
5271
19842
3682
7020
8374
18429
11218
7241
10353
8727
17312
19340
8779
2508
1162
6598
5202
16362
10605
6082
5721
13128
1240
7812
6227
19056
5042
16619
4878
4119
16741
16501
6858
17646
17317
4226
7765
14961
10849
13104
15588
16252
2917
15749
19216
14622
5929
4812
10026
12261
1722
5398
19964
4697
9187
10753
5182
8421
7960
19159
11506
11119
12190
5325
13116
19113
19290
684
12737
7936
11253
11181
5020
6418
13736
7548
7223
8509
19658
12383
12556
7538
16755
17968
13431
16968
5164
4518
18455
7628
5398
15986
5858
15318
13747
15205
1122
13752
16788
16527
2224
2063
3776
12418
1451
4924
1246
9493
5589
9324
6016
14340
16043
18291
4332
2453
2110
3768
1928
6934
18995
15498
12321
9729
12179
1968
10775
16801
14799
12573
8649
1167
757
10146
5592
13653
12136
3966
7675
2355
3134
16273
2527
11712
13179
19022
15224
10408
19845
6574
14025
4180
165
1665
9740
5928
5689
1440
5310
8773
1688
9438
5546
2351
4099
18717
6768
2376
18500
9180
9266
10075
5382
14670
12155
10485
209
454
11404
7598
3904
14446
11013
18438
15105
5975
3916
7402
1704
18731
5661
16469
12624
7166
12622
595
1904
19619
14077
10017
13237
6811
1400
8688
14945
7528
5257
11145
17568
17504
1404
13482
10115
2844
1839
4142
1532
1584
19957
5899
11732
15541
12102
5749
620
10114
5671
16480
9902
11386
11473
13923
4687
11038
3489
8855
15075
16163
13595
350
2397
18398
1915
9761
3042
14908
6810
18322
10281
206
15290
18256
15537
4738
18383
6217
9694
17997
8137
3194
6290
3172
9890
2449
6820
15177
16416
10164
7520
16802
9319
15770
2043
5830
5566
16150
19505
8785
18973
6837
19420
13783
3888
5245
7347
15509
12618
14997
19389
2531
17898
13700
5072
13765
17474
1329
16523
1281
18122
3625
11660
15147
8704
13184
19438
19131
14937
2510
19843
16609
7657
15515
13866
18287
11307
7637
7213
84
3053
15325
8410
16136
18492
7875
17116
5859
19143
17862
11061
777
6194
2301
3482
704
18970
17683
1355
4962
13695
6445
19822
9517
5907
19079
17863
14072
14942
17789
4629
16545
12267
19334
1003
19937
147
15898
2762
11872
3748
15444
10968
805
5901
1874
13952
838
15401
7961
14886
10782
3973
19830
4740
8796
16432
18623
18373
15416
13342
19256
9181
13216
1785
5778
7172
18289
10788
14445
6734
13154
6093
9438
15816
10777
16175
11244
18160
3649
5185
17397
17617
19539
13567
17293
2426
19537
1555
7686
12282
7666
4383
14635
18875
5495
19593
19942
216
19900
18595
19138
11772
5322
9271
6218
1880
14506
4556
13072
18464
11508
16023
4714
16162
12677
3968
17271
5732
17583
623
3360
8154
6282
14260
12505
15489
12488
10897
15910
9755
12775
15364
15195
16455
15103
5492
10843
3516
15387
215
5154
7330
14372
13341
6846
16493
16121
13629
19480
12022
17243
11547
7761
4504
3493
882
16935
15844
7865
11651
11831
17602
5749
13434
2588
11749
10596
13594
5077
73
12560
14053
19173
9835
2805
14985
19476
18981
14578
5706
9555
10404
15929
5192
18173
9928
2246
2541
8920
13624
10508
7221
2139
18304
5610
8698
10218
10792
17628
15035
3228
17458
11886
4169
158
5743
9835
3566
5328
16190
5172
11034
109
18658
1325
12971
9320
8799
5073
8280
8625
2641
325
15706
10071
17001
8106
2712
17416
12005
9548
19277
3732
11595
4376
15704
14256
14882
14410
5472
6486
11725
1284
15586
6249
11556
2778
14585
13494
12464
8490
19080
13078
16195
13866
1670
15248
17362
10074
9127
827
17201
13912
13187
5857
8297
8498
518
4511
13048
15445
18355
6218
18181
1124
14102
11979
11582
19813
17188
9163
3312
8534
14257
16554
5858
14141
11022
19784
17775
6269
13564
8486
1246
14499
6994
11207
6911
18048
422
14961
11205
14770
8924
368
7098
986
9961
249
18339
274
5538
1899
17042
17496
5030
4529
9186
12963
14532
14884
6802
14615
7114
6702
13089
8467
9804
13994
7682
1191
8365
2727
19676
1602
8397
10955
3425
7946
4880
2932
9417
4645
18150
19322
8746
9780
8028
10448
6038
3968
1438
7849
14066
2508
5991
3191
2798
11402
19783
5294
6405
5194
15055
9256
15763
4044
14492
11105
19278
17110
16734
19875
5474
16482
12676
124
18957
9903
14886
13227
9108
15320
18159
4025
4032
8833
2789
4772
3737
10349
5781
7703
9277
10317
8000
10613
14460
13043
12956
14069
15859
19268
18024
10695
4900
2540
6225
11701
3502
4332
5434
17573
19534
16750
747
7418
5234
1625
13208
18618
11574
12032
16332
15050
445
5876
14227
17749
2605
4314
11169
18988
13735
5784
6114
15527
801
9960
12319
5513
16162
2511
2505
16930
18490
17223
8678
8943
16987
11320
12501
6300
11128
806
5503
7913
9753
2756
6364
8522
1528
18150
16575
8040
13147
14836
19648
17701
16878
7738
5508
19165
5948
18204
8458
6407
14794
16935
5332
9691
4240
12483
1840
3150
181
4517
706
8665
5894
18912
17681
7928
9618
2587
7307
14926
9861
5854
8501
19013
16319
19718
8018
10803
16240
16376
17903
18456
8499
11698
15913
11844
18980
4765
8188
15829
13695
11967
11018
16094
695
19564
17092
1860
18799
1885
343
8258
6584
18809
6262
460
7816
14703
415
3888
15027
4038
17549
3000
6857
6252
17722
13772
8012
2218
4911
16277
3244
14648
17449
4957
9760
10381
5705
8241
18083
943
8217
19112
5321
14537
5302
15677
4733
7963
16190
632
17817
6634
13207
10316
8960
10904
5978
1721
5403
1966
11290
19153
2382
14550
3605
4984
4118
8998
18742
5220
18466
16918
18660
5252
17195
1683
14506
15261
3026
12684
5764
3920
5300
10153
259
2007
17356
16155
17405
14862
13189
8526
11156
1198
10746
16348
17601
12244
5645
3995
61
18625
6656
10422
15628
6811
2259
2906
14054
16496
8794
19174
4419
8026
19226
7014
4930
8382
7393
5113
3959
8815
12159
6413
8399
4079
452
12845
1537
3606
11607
8689
178
17419
12849
5683
17733
9583
6644
9474
1917
3961
9995
7535
9649
10524
191
389
18091
4868
7186
374
11612
14175
19132
4880
10784
15513
12288
9390
12105
7072
12043
490
14059
4646
40
8529
14403
14245
19010
18767
4708
10141
5079
6441
672
1912
14582
10538
18096
18350
2613
15989
1984
8228
1489
1881
10650
10224
10434
17890
14413
9816
7194
7788
18874
11096
11163
6035
19578
481
11506
7462
2127
6911
19444
8922
7238
18451
14387
6746
4262
18079
7388
16475
6200
16129
3729
18286
19314
3766
5086
9807
14114
3968
8730
15227
9779
7970
15740
3998
1119
2568
14487
14922
13874
7843
4212
3299
17078
14482
4267
8568
10336
2044
18301
13740
18199
5274
14928
370
7548
4306
13864
631
6394
9982
13727
25
9995
16874
1793
15126
15173
17980
3174
5791
16512
14223
6476
4907
16292
8759
10673
104
14131
16841
9994
14700
3664
11027
17283
14442
6923
8198
14516
14975
6923
10580
4187
17644
13622
4212
9020
17887
18016
9219
12530
6570
17389
17284
112
19189
8261
5000
19993
4270
5139
7593
312
19519
8537
4560
8253
7992
11828
15414
9237
17867
17768
5928
13925
4023
15464
7491
19938
9596
17444
2431
4079
6798
14863
4169
9812
16516
14667
15368
4152
19279
19380
14208
11675
15944
12198
14069
147
8258
2347
6759
3937
10303
2693
11964
19214
10687
15348
13340
5127
4754
3397
17366
13650
8687
8280
11039
12044
7581
2348
9114
15361
4302
15881
4851
17479
6156
233
2566
8024
11083
15107
4829
9930
3583
13654
14678
14924
16422
399
9186
15359
14917
7191
4938
16591
5137
1564
18029
3820
10372
10363
644
11849
19920
16614
8454
19120
2415
16471
9863
2080
16248
16753
7451
11653
19790
17615
12953
19827
2898
1805
6650
4318
15577
7407
10849
6616
17017
12913
532
12040
10557
1131
18953
35
6935
11841
17276
13450
4277
1765
2204
2944
9452
19977
14054
18438
7537
16453
11816
7509
12135
18593
5896
1848
3762
7904
8573
19299
15178
1737
2203
1459
16971
13555
14732
13220
18089
12428
4858
10857
2849
17574
9609
19820
10763
2174
8161
13378
5484
7051
2505
17289
15207
14144
2639
1312
6163
11549
10980
5668
10920
18072
11716
12419
19699
3844
14259
17535
969
4059
2947
12961
15672
3598
1810
2230
18777
12069
18224
17067
17602
14613
7519
14368
15640
10653
17875
1260
3521
18908
4280
3150
2008
9236
19347
6250
14201
4819
11073
7112
4636
13828
15835
805
8638
18321
2843
148
5019
13554
16473
10197
1625
4279
6958
17296
7549
10669
13913
6607
9184
15345
4127
277
7132
12591
8141
4094
7905
10901
666
13940
1093
9529
15432
8203
19479
899
2345
19610
9332
12088
3261
342
16531
2309
8089
14669
17659
13188
4068
14940
3796
13902
15804
9549
12410
10973
3254
13393
11086
8989
7553
15862
12360
18766
11851
1925
15463
19608
11038
15643
3752
3596
14979
14625
6869
13811
8902
9130
12884
14934
14073
7880
13473
6728
339
3244
6198
14356
1169
9560
8454
16798
2652
4803
19561
11577
6635
5160
16433
10693
95
19051
19260
7938
13804
18474
7874
2741
19352
12379
13678
6070
17148
13095
14794
6740
11879
11971
13234
9446
4514
14503
16779
3439
18446
13134
10445
4748
17834
7944
8410
9309
13872
11327
6419
12045
8319
5796
5664
10208
5907
16661
16588
5817
9968
7598
16116
5125
4638
7816
11700
4711
3918
19378
15938
15681
3643
5675
3382
5883
11372
18970
4166
16275
17462
586
17009
1282
19486
13349
14577
583
4475
19019
9747
14258
5818
18991
12995
2735
12987
4942
9600
5228
18169
13261
7886
937
19143
11727
13451
13884
11446
6128
25
7741
11955
2240
12378
15061
17613
2879
9594
14974
11220
9329
1350
7574
12285
2591
18042
2726
15586
17482
5816
11881
17894
3340
7157
1468
4438
17197
16877
13633
19211
3966
8695
8079
1132
9622
1843
14201
1041
3815
17663
16153
1890
156
11881
11481
18973
145
17727
9918
19959
18415
17794
19570
12954
11971
10233
7052
7212
18649
15682
17918
19440
9882
8195
18395
13030
3807
16863
3619
9325
209
580
13548
17961
7679
2976
1614
13280
10779
12532
3980
18398
6802
12129
10714
5112
3365
18335
9839
17837
10152
4333
16520
2761
19927
17890
854
18339
13648
9858
13926
16518
18097
16652
16044
10477
16335
17328
7531
13479
7056
542
8514
7963
4934
16249
13174
4421
1736
4363
19416
14365
4750
12946
3219
17753
9705
17784
629
169
9340
8800
11063
16928
13467
3100
1323
19762
19807
15228
14721
2713
5283
11681
15862
16274
16671
3951
2521
18308
10014
13376
5595
10656
16030
10742
11859
16740
7587
3977
3531
16858
9848
1854
1322
14750
8067
888
3711
3772
4100
18504
19175
9207
17162
10784
16731
13287
13938
2022
10617
9658
10845
18180
1421
11227
14316
15099
1275
16975
18554
9400
16812
1692
11287
1439
627
18884
5693
16516
15163
15024
1425
11097
18191
232
6615
13088
7429
19806
2386
18018
11239
9482
6391
15609
13760
9360
6605
6280
16576
15390
9411
18698
12812
1201
14445
16583
8389
16087
12669
17315
13683
7920
634
3377
15629
18638
6208
17734
11112
12795
2643
18183
10138
11289
4065
8868
1546
11940
180
5982
2806
4276
6384
4739
8607
11999
2447
6459
12917
5787
7990
1819
12187
11137
10484
406
6935
2189
14967
2739
9208
18370
7082
15578
19556
1930
2831
10568
8765
5659
13621
8867
496
18774
15990
4935
4858
9032
1200
13150
17622
13107
19422
19982
327
3111
1074
17580
9535
3722
19569
1646
12394
12535
4875
1182
9754
8610
18261
6411
17935
2650
18789
8730
15491
12455
14633
13529
4175
3314
4453
13716
6205
1924
9255
15777
1228
12455
16360
14677
2201
4904
9634
17977
5393
15006
11624
3320
6895
2373
743
12271
9139
16675
2903
3175
4994
15659
10525
11935
3412
12832
14465
17025
10398
465
9670
8695
4828
17955
14027
8375
6011
3660
14494
10426
16736
1723
9176
6410
2521
10582
19865
6393
12254
9691
8896
5647
7202
18280
5286
4219
1692
2934
14456
3530
5741
8831
16816
19510
7085
4448
12655
17493
3447
602
17721
14099
16941
10451
4460
16282
5609
5753
62
7821
15810
3303
8563
8660
17975
2592
15160
6866
603
3543
18559
13330
11805
6481
10967
13056
18482
5443
13542
10484
8161
4533
5958
8840
3403
3176
4058
11979
10006
5267
4204
9935
10677
6249
6692
8988
12853
2423
15431
9223
3781
19497
841
17310
18563
8684
4336
16218
14751
12558
17255
16599
16527
15202
2683
7263
8303
18079
4150
7906
2546
9192
4917
7394
19561
4902
3528
5803
5295
14002
8230
15520
5007
17711
9003
14672
11794
19411
7791
16584
7849
13606
1859
4578
2547
3364
5322
17018
523
9117
6994
577
10194
5467
5615
7371
17684
11555
15378
6307
6617
9620
18955
17439
8395
3821
2680
9902
991
4139
1576
18061
898
1008
10608
19737
9153
13375
14729
6558
5045
6116
9285
3822
2473
369
9260
17838
2921
8546
6391
7850
11209
15810
1480
15689
13455
12007
68
12603
13598
13560
10350
815
12576
7086
17666
6688
19215
6872
2474
1487
14592
6137
18784
12365
3724
19981
9537
7311
13468
8297
7530
16708
16145
1375
6578
4834
10478
15233
10916
11100
2562
1789
7767
1936
19925
4294
8555
19516
2799
19923
17667
16977
18751
14401
2841
17376
7951
7892
706
18129
13090
12826
2944
6995
7974
1008
15486
3341
8092
10431
1483
10931
352
15486
5238
2069
10615
6779
18914
19473
4405
19251
9958
11848
1705
3774
16132
15949
19973
6601
17155
250
11309
16475
11084
7069
12955
5113
318
10672
3725
16933
4110
8870
8044
13824
1310
16417
4569
7824
13240
5537
8086
17597
2888
471
13775
7478
2036
14295
11747
15153
4344
9388
2003
9871
258
11589
14469
19677
5991
9581
17301
6071
512
19000
8985
4775
18756
13722
12336
2283
16547
3442
4294
18965
8829
9987
11590
6699
11485
8515
10525
1423
6613
396
15046
12633
17175
6479
13880
14240
15341
9929
18664
16857
9685
9038
8604
5078
9565
10306
15534
8527
9655
12967
7577
6653
10745
8048
10307
16835
15443
979
18534
3336
8398
1213
17436
9087
11806
14144
3975
7208
4803
15944
12827
2831
482
15883
11369
5585
11291
10334
18504
6207
15495
10052
1282
17532
12719
12225
7960
1472
5676
3213
6259
2847
15830
5701
10985
4
9707
4283
13287
19126
10719
397
15297
12157
1498
9523
14835
11102
4019
1266
18515
10017
7431
14605
5814
8148
4597
892
18363
12168
1977
16405
13720
8985
13507
16230
3135
17355
15251
6724
11916
10736
2420
477
6990
2663
11986
1834
6383
14782
7865
13505
16226
19256
11979
3815
4968
7209
4574
16707
8831
17854
4048
9229
12520
15417
7
15973
5299
4154
15018
6336
937
10746
14997
572
19350
945
1021
5365
7857
7031
13665
19025
4713
12328
8264
11285
12046
7072
12125
2395
920
5445
15236
475
5080
5188
16568
1894
11610
19188
12098
14417
19923
19191
5336
3918
15277
16415
11344
11607
2892
8013
3391
6884
4156
6356
3634
9916
10393
14300
17128
16423
17883
17379
10922
4642
13564
13758
40
7436
16007
4957
4210
18525
1438
6188
7823
11287
13096
4949
18621
8436
15925
18307
14694
12191
6031
14306
15068
14943
1152
4770
4849
13805
2426
11291
17013
2214
11655
10026
10892
9564
15277
7801
16363
17960
10941
604
7791
13946
11737
18296
8219
15025
17280
16830
13292
18437
4855
18165
12282
16385
10709
3254
18765
19375
12011
12849
18489
9260
5902
4716
5368
18202
15842
15820
10051
1204
12037
19660
3693
2716
11670
14026
18331
12529
12896
16897
14884
7740
12007
1521
8385
13417
5485
14843
1264
2674
4577
3688
1707
9943
12613
9578
11872
2730
13786
7098
19693
7271
11466
6687
18075
5889
11634
2192
9555
10232
10954
7665
18689
2694
13586
18074
15876
12600
891
9910
19342
19770
16272
4134
15807
4715
15391
12997
16920
6416
519
15719
11134
16292
11327
11578
19054
3245
17473
3343
4599
13002
305
10194
19576
14248
13998
8724
11959
17236
4916
8202
8187
3979
428
7374
9767
10477
5265
8195
6260
16015
19679
919
9161
368
2937
13857
12218
7044
19479
10665
3482
18796
18763
4295
17086
15782
7086
10947
14863
9632
6828
11068
10699
9064
11497
3140
8569
16415
8878
16072
4616
10253
8020
2958
1539
18126
18732
10455
19634
15593
16424
12419
8880
993
14826
8116
6949
6852
9479
4043
14623
13536
5911
12687
13010
4854
6459
1772
4873
17351
13867
16983
19655
12524
3900
13200
5023
9666
4043
15040
5644
8257
13513
386
19662
6317
10210
1342
14786
12197
6891
10192
540
9625
19912
6855
16068
16281
14711
6026
874
17225
11228
6229
19303
6128
19626
14433
2225
9680
5035
2049
9499
14800
10668
488
10919
1236
6760
6537
8649
14062
8048
4214
15801
12782
691
12650
17684
18485
16624
3266
9200
13735
4053
14949
16666
4671
3282
6341
16814
10012
12991
16990
12338
8185
4743
9307
15024
12059
1456
14104
4814
10723
11688
17377
19595
18915
17006
8474
8760
13582
10329
5400
9520
9479
11497
9068
15733
4987
904
15808
1577
18763
11933
18490
5479
642
2061
18301
18108
8101
16622
10799
14052
19144
8361
11542
16517
11805
9899
19451
11042
10663
12713
5552
541
6125
8045
2957
19277
6057
18817
15894
13751
12224
2583
14041
3852
12237
6770
12980
1343
5846
7413
8339
10337
3968
8006
7479
9691
10175
15103
7794
17991
14757
5105
13422
7596
3195
9076
7373
11860
19629
10096
4363
10507
12544
18849
9248
9942
1087
15755
18019
6702
14291
13562
13672
16376
17809
7859
14473
17666
15053
18173
16514
4603
8204
9286
12790
11280
3543
17139
3056
10719
14123
12136
19812
19002
1997
6064
5363
6521
18652
11242
4493
14684
10463
17456
6513
2524
18813
6149
13968
4077
875
14874
17872
3859
17215
15741
14060
605
18020
8990
10489
9858
13767
8223
19235
13878
17325
6200
12085
1641
15719
5509
15896
13949
19646
8364
18803
13347
14121
14222
4624
5552
17694
5930
11648
15777
10980
13032
14484
12744
14950
5225
14252
1073
3844
5736
9549
7446
13508
17677
15947
18778
19142
15854
5319
11974
14964
14754
12113
5791
4120
5412
12238
19808
11848
13504
724
15929
413
12957
6131
13636
16098
7975
18254
15487
12935
7416
11495
12843
3956
9442
2200
4768
891
11803
2237
4779
18022
13702
16976
13253
7312
9626
17420
10097
19504
6641
275
12785
2159
5999
15051
19654
15675
17549
10019
5666
15860
4801
10195
8939
6499
14924
4865
4655
14219
10687
8832
16863
663
13803
15827
1129
307
10084
15568
13366
9463
8305
2367
13692
9662
18098
8321
11201
309
15246
8558
11885
19022
19192
12566
16330
4020
9566
1353
1627
2265
1806
13075
11158
13324
17061
2207
1087
9510
7670
10812
10435
4387
563
6877
5102
14765
4890
19577
16297
6644
3359
12243
3443
17403
6546
2453
18843
7116
8109
7957
12919
2827
9917
5818
9060
8967
10634
14519
5883
14285
18244
14965
12460
5879
13132
6064
16026
10978
19964
7704
11635
8957
14996
17559
11562
3005
11906
9778
6962
2477
18157
19785
14457
16387
18238
7480
606
15502
1068
2528
4657
18027
15811
5984
11302
8791
8303
15452
1142
12799
6123
6976
4562
18995
13792
10558
6244
15897
2108
10131
6756
10461
2673
744
19699
15846
3495
627
2840
12836
5824
4638
15253
14502
19589
6015
2533
13992
16530
9191
3476
18473
18778
8343
16059
19482
7096
14603
10262
14002
4500
12954
18020
19327
527
8918
8986
6808
10347
1070
8325
2062
7289
19795
6074
2080
17760
15192
6811
3053
13671
1842
5929
17859
17887
10399
10177
6071
14448
1763
15348
9006
11231
14765
1574
15960
10552
4696
5795
16732
16222
2157
16441
1038
18412
1126
11190
7710
13351
3246
18623
7754
10914
68
9545
14675
13773
1629
19064
1325
15067
2377
4434
17487
2127
11790
8479
7723
17187
8753
1728
11128
948
8660
12936
8586
11085
11353
7931
6083
3150
18756
15010
17987
8120
11550
11560
1147
1496
6678
5269
11616
12398
16386
3524
18170
11514
12227
18402
13628
3394
1030
4774
366
1249
12775
17800
13189
6959
1841
5727
15829
13353
3392
15450
13405
12541
11239
1146
3392
5461
4012
8683
1460
8605
4593
1374
2515
13490
623
3556
13807
17866
18747
1705
18947
986
3370
6794
8420
5479
17073
10260
18198
2700
5668
19835
8059
2725
19296
16691
8262
7158
14917
5487
19950
1532
10875
18804
15070
16685
16469
5432
8425
13038
7987
12925
19162
8145
19233
6724
7594
7177
2749
6159
10891
18700
16054
19352
15265
1571
9072
15367
17265
6801
3748
7956
19089
4318
11619
5817
5406
19231
17627
2515
18413
17507
17971
8629
17081
12988
11920
841
1371
19592
13786
3940
18968
5116
19705
3845
7092
1740
1369
16938
2084
2553
2348
8974
11521
9495
15982
8355
4280
5914
19716
9032
2943
11965
12670
8359
9282
7406
14364
18798
14587
5753
11468
2087
15488
9711
10673
14646
8791
3859
12383
10799
3396
10946
13027
7538
2051
8188
17152
2852
4208
14739
16820
17387
13315
13999
19577
7397
5690
12859
4615
16742
18863
4336
7798
428
15465
5019
10913
2944
7726
16270
16999
4428
14933
10432
6508
13427
2073
4865
8892
7730
15082
18367
8975
13393
19934
2894
6631
15493
9381
16695
6166
7493
7962
3328
15229
8775
16021
16788
18063
1047
8189
9198
18453
2483
5435
7879
5738
5574
3337
14490
2150
15391
7850
5777
14616
8013
8403
4110
16429
17145
1671
13399
1645
18976
10816
5374
5604
17804
2569
5324
12606
13646
13545
19786
2540
5434
7737
2668
6563
4190
7319
11450
18019
6560
15123
11644
4405
18260
6822
1058
1294
7735
8643
17997
1328
15434
18246
15678
7056
5070
4841
12760
11922
3737
4949
9524
18064
16947
11029
4802
2362
3888
13925
8310
15095
17961
7018
7702
1769
825
7868
12095
4687
18513
3902
9679
10308
12440
16271
5235
13764
5155
7992
14157
1967
11373
357
12673
18310
12691
16721
1436
18259
11375
18521
17154
13317
5038
16755
9107
6712
5936
16408
18329
7123
4732
14652
18512
5195
3741
11487
7570
6501
2237
6267
18046
8537
12477
2685
9796
17810
16142
4785
17424
9425
6031
19223
15345
19506
14243
15954
17381
4454
18414
10142
16643
5727
6284
11169
13444
14890
7310
17498
3502
16855
19506
4566
14591
6164
17789
6498
1330
951
13912
7227
16977
5178
19653
19809
11992
12897
5084
14282
14594
4631
9894
14963
7314
3702
533
6896
7743
1702
17822
9765
15773
2236
52
18797
16708
8356
2690
13847
6271
16954
8901
12145
17588
8113
18948
13725
15307
5206
14445
12448
8828
12623
14605
13209
3065
733
9419
9231
14901
3009
12929
12451
8048
15515
6488
7908
7041
2893
13631
4993
8191
1150
14985
5753
16011
15514
9088
174
11485
15159
6889
10360
3465
4146
9014
17590
3662
11544
769
11872
12923
9633
13132
15448
4734
9078
13810
2814
1547
11987
5449
18274
11909
13448
343
19573
2732
6489
18254
17528
4483
19429
11014
12406
10588
15620
18677
10830
10179
12554
1869
19624
6244
15560
2738
8936
18809
6225
4630
8768
11636
6554
7859
10272
10885
14171
19493
19241
14025
9746
10401
16256
9200
1703
5430
11422
905
6857
19903
16259
15628
14935
14529
7466
19811
6268
903
9880
16822
19697
12248
13806
15634
14534
12146
12543
9173
9788
19621
251
10744
13449
6318
7273
3673
8958
19726
4371
8612
5061
17671
10619
798
5764
2547
8556
3374
5695
6336
9707
19081
1178
16908
14284
7032
16027
5017
13921
1255
4942
909
3533
12812
15586
2088
7927
12914
465
3427
17658
11138
8317
14722
2393
4557
11925
15125
16368
4408
14519
6673
4869
4421
19823
2725
958
10170
16126
15484
1292
8208
19094
16687
3396
13145
18305
15716
14479
2575
14946
8039
11319
9110
15923
7843
3042
4909
3053
796
3067
3958
5190
10700
6699
10175
6229
13209
5799
18252
19025
12560
13219
931
11223
7584
13540
10932
11946
9397
1139
739
3157
4271
3918
12147
7276
11678
11320
8977
11697
13789
8497
2874
17458
17832
5088
1994
5423
5563
11244
16898
5369
10440
8394
14165
5494
17268
7185
17167
2913
10895
3849
18595
14991
1647
17954
8655
7596
9736
19425
4686
10756
16298
5269
12858
14302
3254
13352
13595
6242
62
9233
6385
19930
10040
3302
9466
19575
7711
2574
6720
3947
12327
16149
13698
8339
1275
6104
3069
9496
1972
13984
3255
6379
13208
14477
16008
5517
16684
10439
18118
19729
8215
8089
9547
17113
17077
6458
12613
4733
17813
13536
762
13898
11696
16953
17653
19782
9254
10676
4402
6802
1463
15482
5025
713
15418
10331
14714
9957
7614
7970
2110
10273
12218
16490
14598
9496
12851
5642
3499
10476
8842
16235
5041
12355
19135
10427
2736
15276
8774
12954
11552
18815
2116
4978
14464
10243
17510
6244
19107
7305
2526
18396
13017
6709
16028
8102
7253
5021
17925
2522
9632
4617
5938
6515
153
9434
2247
3294
3878
11592
16366
19406
11420
3172
4655
332
11208
3036
18479
4427
2968
8381
6595
4218
16456
13330
9615
15890
3308
3690
1343
12975
6711
3288
17376
732
14950
8532
16156
12359
19469
5183
11441
12371
8507
19139
8109
12428
2860
4281
16808
12342
971
13220
13822
17374
17954
6395
6472
7090
3232
17508
8021
9388
6341
7324
6250
17993
4781
6003
16307
16760
7638
852
4580
3022
5552
1282
6866
16311
4897
733
8743
9959
5202
5924
10725
18062
10937
12437
18074
6217
18019
7920
19100
12309
18110
12249
19906
13183
16384
284
17727
4087
5016
16907
9916
14211
17295
3683
16880
11504
11386
8045
9822
13059
8415
4448
12108
19949
18114
995
17947
7677
4491
17552
15880
4079
11637
11797
13566
4226
12213
5108
18933
13928
9893
13770
18155
9366
2700
14412
2045
13467
14572
13357
8803
5326
10344
5404
6725
12928
4656
15626
8094
18160
15370
15818
2124
15325
3807
2449
8176
6358
8703
14045
12296
11629
2577
2706
13702
7499
12060
15135
5933
7069
9867
7936
17544
13899
17920
11100
15047
8873
4760
8398
18678
1607
6102
9633
11836
15459
7727
19636
16909
11582
3026
1853
8108
5036
11922
14377
17825
2501
12561
16514
7475
7544
6058
6154
9634
13728
15835
2404
547
19278
18126
9010
6425
11941
3746
824
2572
12261
1595
9407
18601
4320
17442
13494
17814
18600
11738
2099
3216
3145
12385
376
14723
3475
13630
12624
14981
13487
14669
3032
5807
15890
19941
11994
19097
15664
16259
12181
5297
2760
19156
13785
12664
13054
12132
2670
12825
5062
19742
3028
5543
891
14206
3332
658
12655
3835
17430
8677
13949
9355
16956
383
14298
2546
5707
3979
2346
12907
11258
3295
4143
81
9571
11758
10876
4682
19911
11562
18152
8273
6766
4506
11230
7102
16108
8019
3634
13044
14111
12054
7917
7912
13460
4294
16745
14121
10473
18916
17560
12367
6349
7625
17726
3812
2724
19583
8512
3594
19239
3836
19220
19304
16616
124
2840
2581
2547
3482
12030
19743
3983
9899
5445
17815
14500
8824
8835
3773
11095
14646
18302
14660
1969
8931
9434
17794
1726
17374
19756
4791
14384
7236
12174
11223
8932
14883
12843
3477
19868
4508
634
3149
17676
10810
16839
9934
4304
1994
11820
5411
13114
19574
12736
13469
13930
5793
4966
14719
6389
8225
4934
2021
18984
4372
15864
849
12550
161
2844
4147
14829
17293
14279
8949
13943
12758
952
18208
8444
7695
7017
6127
6261
19608
13249
12430
16635
14969
16198
9550
13902
8347
4879
9448
1874
12131
10456
13579
4435
10412
9999
5540
19369
14687
16747
425
1110
8146
2332
11490
685
4091
1213
13492
9645
7599
15718
1675
2538
19804
11326
18276
7597
8735
7534
14612
11761
962
10161
10520
1743
5142
6151
12379
13108
12521
16905
9405
1325
3139
15287
17478
4709
17443
2316
10887
613
13393
13843
14696
17594
17024
12467
14676
8373
11202
8710
14270
651
6055
6311
3886
2941
9716
13898
3339
18034
9532
18757
17895
6495
3902
15052
17058
19977
6138
10715
11739
10882
16177
19692
14650
16175
3576
15368
1523
3434
11160
7226
17080
12995
8678
7871
9247
5217
16538
6938
16170
12743
12878
13444
17881
6097
2389
12352
14248
7997
7445
8045
5574
18919
962
8500
10036
8205
5369
14689
5205
6737
5590
16111
3768
17245
11154
10268
16991
12832
3292
13020
14860
18871
14675
4201
9127
17607
19997
343
5742
9894
8935
8838
2842
5945
6682
7792
8873
5880
18774
9507
13965
5806
18702
17225
6705
10429
3775
9090
6179
7166
6158
2803
4451
5317
4925
15160
16774
5155
10890
19541
18759
9926
4517
15242
619
10203
10987
8869
13199
8020
17795
7217
4977
4036
18325
1003
5335
19590
14530
16566
10175
9598
11844
19557
9797
19127
15490
18517
19754
4460
15760
18909
10247
15714
15137
5438
1806
17426
3018
19092
15705
16709
1173
5775
9490
14648
17150
571
9950
5438
10766
19258
12103
2437
945
9364
1828
19696
11382
18245
4551
15972
803
5621
1827
4415
6802
19589
471
386
11116
9252
14812
6159
1504
16225
6951
19309
15647
9211
14139
11912
3544
18676
10190
2550
13771
6629
7894
17749
5804
3115
9648
17007
8886
18399
14061
191
13258
19619
2586
18542
13091
10775
17418
12918
3478
14380
17186
18408
4427
19376
11936
17960
18642
14728
1993
11414
7621
9276
15022
4936
9816
18155
9914
13042
14175
16832
16603
3048
12349
15580
7498
13818
1316
11667
3737
11006
18605
11027
17784
9644
15445
3294
7171
16994
4723
8568
13100
1384
19922
11004
13600
2798
14799
17994
4377
9745
16241
3195
4960
19900
7039
16661
11964
19307
8610
18649
12379
4875
12697
7642
12380
30
12787
7816
5879
18682
18957
11946
15658
12977
10247
15947
13984
13163
16837
13227
13120
13359
10207
4022
16656
17825
12933
12561
16803
453
1779
19920
2246
7169
781
1573
18723
13505
10391
9108
4432
9236
11828
10402
9496
1076
13721
1323
19875
739
10252
9746
4740
6289
18398
13235
15903
19673
19395
1268
3413
10923
6634
6683
7373
17957
3837
5785
225
6554
14775
8740
4386
6740
18332
14850
16713
1206
7642
17089
155
666
17658
4483
9272
11034
1539
2327
1313
1866
15403
1667
7363
17442
9978
13661
1156
14297
16606
16185
8361
13900
16581
7869
19394
7807
6586
3376
6162
13914
9631
752
13726
18389
7267
10595
18162
2158
4160
19270
2122
7127
10899
3617
100
2829
2009
12859
11904
13986
4515
17289
15728
15036
1718
4706
7074
87
7426
9519
7751
18277
16284
2014
7519
8950
10361
8245
515
11890
3338
14595
6511
12227
17327
15442
11370
19888
15801
6169
18579
452
17089
13582
7242
1646
7550
13593
2008
13409
8582
899
7579
5275
7813
13389
5490
14018
627
19165
17346
18474
9621
16211
7491
5268
18258
18075
10570
12561
18032
7835
6931
11012
8714
15563
5642
2213
7857
18308
2743
7713
8093
18801
5604
7583
11437
8898
18219
13054
9986
17888
17505
11673
18709
13019
1018
12429
4624
9310
3543
15217
432
1988
9587
13572
3061
7844
7845
7653
10147
14280
5458
1371
10520
9852
8595
14773
3466
16033
19839
17484
4412
12161
13493
19268
2621
220
19784
5201
18270
7425
6278
8279
8014
4505
15463
17513
12276
1118
1135
1299
16199
8681
9760
18196
2285
6088
18463
19394
19183
6606
18144
13617
12725
12740
4369
19759
9603
11549
10049
2502
9167
8552
6891
17509
606
5598
12323
7608
7003
18747
13723
11667
9555
14826
7474
16590
18991
633
19514
17514
10607
6412
4996
19506
2528
10605
9482
3356
18234
2113
11577
15151
2712
3413
19098
16799
9524
9303
7707
19411
1182
3713
8798
15240
18937
15409
9117
17390
19155
19060
10137
9328
13823
16480
12478
1489
7377
14369
7412
19186
14869
5707
6021
1584
8108
2414
198
1930
7428
17352
13955
3104
2258
11124
4012
12727
14159
12736
6070
12089
13453
10012
591
1529
9588
9486
18402
916
13789
7939
14915
7123
15977
13440
15575
397
3999
1846
675
649
6018
4532
15248
19745
12523
19062
8792
8163
5127
7804
13936
18801
5903
6101
2641
18664
19040
8698
17700
4317
3127
15543
9194
8547
1227
12356
12101
6954
14246
7506
71
6305
7041
7488
5909
13276
12220
17965
12631
5136
13335
11912
2687
379
10575
11236
12595
12738
9048
7495
4921
12818
4275
3489
17470
7271
17005
9018
18146
15883
10132
12260
1764
7926
11959
10544
19910
14803
11897
1852
13084
14916
6577
19690
9751
15804
7521
108
520
12746
14416
4123
15315
2165
13766
102
818
195
1380
5799
3970
3988
8126
16434
15790
7371
1270
17544
11639
1004
1238
3496
10973
5344
18730
7492
1644
8310
1399
15057
14885
6917
7964
17144
7976
4012
3300
12393
19771
9082
19620
9424
11066
4457
10423
7552
9755
18468
14388
13547
7868
1034
10664
15219
9068
14347
10998
507
16786
1135
12168
11319
2430
15830
3824
6946
9322
3098
9055
17391
19725
16656
3041
3031
7900
3374
8340
8432
2237
4166
11875
7134
9097
19440
14819
9859
16093
2439
105
12403
9566
6601
4805
10723
6982
14594
14016
16063
4175
13922
1229
8186
19867
14634
7343
19808
3230
18471
15783
19112
18889
4597
16344
7845
339
9348
7066
12892
6917
7960
15126
19215
1123
6346
1924
5528
18226
13196
7423
19313
3530
4266
8066
304
12858
5260
7106
12593
2451
11000
39
9003
14674
1524
1255
18948
18573
3529
17761
7424
11704
15907
8563
14837
3956
15701
15545
12474
15638
11321
12867
14526
18032
10901
18225
9012
8030
9241
717
12460
14222
3493
4517
8285
557
11816
14724
18047
7754
8451
14349
1301
14090
13131
6995
2631
2439
15821
3511
11566
16965
9580
11870
19432
11795
3911
8718
1547
18042
5430
16742
8822
5670
5234
12471
13187
19981
8116
7587
9241
5088
7029
1585
1534
3598
18901
15977
8522
14448
4312
14130
2358
9172
11562
1061
9139
18409
19683
14702
3928
16355
13254
16383
147
16908
3619
17137
1440
11688
8669
1880
19607
2147
2725
9121
1792
17209
12773
875
12098
7009
17241
19103
17688
279
16759
4141
19781
17156
9679
6596
4447
7213
10542
910
15366
13205
4989
5670
10680
7728
1638
9111
1821
19013
17622
17330
10045
4222
17822
16395
13778
18607
17075
11153
7608
6369
790
15368
14624
18714
12462
16485
17284
8331
8561
18821
5909
118
3234
3978
12432
19577
16564
5299
11919
13275
17388
14135
10907
12978
8484
6782
5407
6319
11884
15228
2648
15847
2859
12619
5289
9310
8804
6308
11852
13266
15284
8921
3010
1793
6935
15346
18219
12281
19626
10274
2256
3930
4811
4677
15549
11817
2812
7288
13261
10548
455
9941
3518
1693
13084
5610
17444
18821
14517
18037
14969
12022
4922
8542
12818
13068
6976
18193
17613
12097
19565
5622
9734
4597
16439
8335
776
13655
4746
14541
6240
19186
19624
815
8494
7190
5418
2745
11477
16513
1893
16589
6066
5930
12040
8616
11369
3786
17282
1275
19226
11240
17408
13253
13683
13536
13332
12105
12031
18575
5521
1841
18492
5725
15763
3647
7114
17895
15867
9484
7647
8839
15224
12959
12504
18755
993
19307
8298
11632
8735
5189
16471
4352
16040
19905
5371
5679
16806
2408
6630
10725
2134
8760
15204
1257
5644
16152
15224
10723
13459
7222
11752
1228
11282
12672
5105
15029
9130
18971
15834
5168
16221
15907
14375
11134
2505
7679
16356
19574
12753
9600
673
15247
6012
13910
125
2314
5110
14191
5499
223
277
1805
19730
3811
4695
4579
8512
10835
3431
9900
4766
19167
6142
13799
15758
10710
4870
14163
11024
6473
6361
8899
7253
7615
1448
3775
971
16245
19959
14519
17303
79
4134
16195
17377
6560
16651
14972
7977
19122
3611
8337
12855
10962
2471
14567
15760
16731
8995
5873
5413
14205
7298
10631
1989
8426
8701
6598
3602
18781
13554
14820
2289
18151
4073
18318
19003
2007
8370
18272
14641
18405
7850
6816
13068
10972
13277
3895
11954
2338
18917
13997
1029
9669
16240
10400
10677
16131
6048
449
566
7254
18667
16619
14604
15930
2979
9280
10242
10076
1552
5986
16411
1410
19449
8875
10591
3313
1314
4010
10231
13150
4560
3451
1300
10581
7271
4929
6154
12383
9204
13634
15706
15188
4039
1823
16844
3293
7479
12302
6171
17796
14538
19287
14507
8986
10700
8807
19542
13285
508
6676
6275
8356
16583
2478
3160
3137
13388
15134
7270
50
15102
2942
15843
18891
5288
17685
10742
3075
9674
269
10058
15713
7202
12690
197
14788
9446
18377
10483
6828
10958
12682
19035
17000
8558
9084
7475
12573
9761
9452
8847
8175
10337
15177
7573
19887
3251
15263
16172
16482
10624
12911
19987
16361
5341
3239
846
13458
12044
9507
4794
18619
3611
3167
12610
11550
9931
7191
8266
8701
18347
5214
1033
9739
9506
13688
10196
19477
4780
9140
4084
5611
3772
3689
5305
13071
8127
7019
18857
3225
6177
18410
17969
19428
10633
17448
13788
2073
4543
6933
9953
2582
2830
1225
17878
13658
7141
1021
4835
9007
14743
10630
1394
9397
16610
1710
3650
15559
18829
19409
7226
13772
1962
5682
17178
17533
16379
9976
14350
11342
18064
14536
12444
7226
5039
4864
732
9455
6957
11980
19559
14163
8472
5769
13320
434
17687
6868
16848
3845
9545
8206
19750
10401
202
19727
11290
12217
15956
17443
16186
3248
10978
2821
11422
9439
9808
10135
3550
19007
2814
19163
16100
18612
12019
3281
8764
18871
3615
14734
232
11646
5432
6709
3375
12521
12454
19797
693
12140
3322
5022
15910
10388
16953
13056
17548
14744
18614
17795
3969
17310
637
7133
16350
7078
13549
3667
6641
16119
4253
9135
3405
1060
15775
1562
14267
13851
7425
2231
10383
5802
14384
13564
15798
16718
17463
2957
14378
5337
6246
18999
12648
13023
4750
6246
8569
15070
8072
7331
1612
13991
9653
13549
17253
8365
13600
7858
17774
9769
7424
6443
12043
15111
1402
6066
14220
3025
14755
5920
6140
11127
6114
19143
12023
5335
8820
15241
18776
1678
6153
12884
18191
8123
15180
15706
12402
17452
5793
8049
3179
4488
12774
9507
18447
1048
15100
4147
654
5714
9983
5581
2470
4612
2384
14536
6034
18714
404
17948
3744
9036
6645
18266
2240
15878
8390
5484
12985
9909
15396
14473
5749
18091
56
5909
4957
19600
16313
5555
11935
14629
5231
14312
12875
14390
8850
18190
19262
15867
8081
5105
9173
10250
2702
6377
963
14077
10438
16949
14557
10044
16175
6640
16531
6215
10202
12371
14425
17219
759
2631
9572
6206
10712
19749
14640
6143
14638
11148
16221
6831
4207
1245
18523
18590
11706
8246
9338
12020
4785
5578
2852
1013
1252
12122
6598
8528
6511
5010
18121
16420
633
9090
16287
10000
17597
13495
15865
16725
11238
15766
8054
5193
4724
14932
3381
5147
18459
3413
14123
10815
7594
5855
7504
1301
9417
3962
13524
922
6427
12518
18287
19146
4739
11417
6454
12559
10627
9620
1002
13963
17184
14528
1386
9631
11745
13930
6376
10454
15127
8665
17113
8817
12726
5928
14854
1615
16448
7236
18912
1912
4995
1667
17680
7558
8281
19391
15885
14545
19054
8974
4358
16853
13247
14335
12703
14467
6173
11027
9144
8225
7024
9526
19497
18782
16664
11833
3018
12822
16815
3885
13294
2622
17355
18845
19792
8013
4703
6760
16198
17896
9249
9658
9618
10536
4326
1863
15704
18121
4714
9507
12969
10354
15276
18209
16413
9500
16149
6757
3200
1600
14041
17640
17763
12994
5878
7560
19699
19764
18137
5641
1383
19080
15521
16140
15570
7062
15515
11691
8889
9766
1516
9966
17183
9435
19789
18093
12603
19005
7632
10946
7051
11840
6849
6281
5666
9686
13512
14680
5597
12238
16139
3637
9875
5095
9073
7097
18794
2837
257
7263
12359
4814
17864
11368
2813
2546
985
3598
13799
6741
13902
5699
144
19051
16813
17637
4559
78
10823
16288
16369
16239
4794
3873
5998
4599
6933
12851
6078
12792
924
5560
10372
11189
7425
13572
16008
10794
10898
1177
19075
19322
10771
8827
16083
10515
18944
3856
1999
15392
180
12278
8084
5483
15048
9632
17053
3564
19027
8014
273
4755
14191
14601
17590
6446
7676
1272
2116
9175
10206
14881
10837
15101
17282
1631
5912
5870
4734
19421
2404
7198
11894
7852
11114
1110
2234
4487
4227
16188
18860
17248
4936
5146
5184
3718
12961
12846
6877
18454
3061
4910
14880
16571
2112
18709
2335
7204
739
12366
2731
17312
11412
5628
4654
5528
12406
12068
7892
6217
5508
5721
6951
12572
7815
6753
1010
1252
4584
14088
999
17108
18206
4321
8508
18938
14184
3572
18479
18492
4247
6089
2379
7277
16835
10160
19811
5932
17566
3882
3706
16218
7013
5975
12325
16630
15954
18653
16585
14070
9391
8369
542
18212
8517
6310
17077
9523
17074
18863
8470
8636
3961
18802
4577
6713
7923
9388
19958
13565
18084
12347
14225
4463
15369
3691
14061
11969
13164
96
18217
18161
5690
8509
7431
19675
556
8016
11313
7544
16577
11738
13591
18232
3213
16030
915
11768
3946
15140
19470
543
3789
11147
10747
2779
4052
5225
11841
19923
9115
14656
1110
14696
4173
3680
9094
7501
19192
9906
16755
7136
11577
4936
1910
6756
10103
8319
12324
13884
8491
9230
12173
17062
13277
13454
2109
13554
17002
13157
5605
5502
5505
6576
1108
13519
11789
8461
13438
8494
11084
9283
6111
19868
16031
4142
7481
11860
1626
13482
14648
12924
9307
6428
1783
19846
11191
16504
412
12297
4432
5458
18814
6487
8195
2788
13063
5755
8541
18777
8308
17010
11470
11444
17465
18147
5685
2592
2177
14587
17627
4852
9043
13833
221
9954
7729
14611
1856
14749
3514
5619
16041
6341
8911
6642
9252
19025
8851
9248
2690
9751
11019
3245
5248
9274
12869
6950
16898
6385
9429
1519
2622
12400
10233
10841
3317
19669
13726
1921
11516
1394
3421
8485
4409
19666
12349
419
7658
13353
3900
12304
2526
18684
5896
8402
15143
7786
19271
18331
4647
9622
14102
5666
4615
2450
15951
17088
16583
10889
9859
9891
14095
393
9671
18770
7684
4972
4108
30
19927
162
1478
13793
8311
13468
11886
3159
14983
6135
6179
6965
12649
1314
10763
9706
18266
3086
15991
1648
183
16850
2948
13807
285
8600
382
1903
11631
7016
17183
8471
336
2510
7381
14375
8080
18954
9250
14766
2755
4596
5533
8457
9965
7530
4437
9721
1402
13560
15286
1184
906
1795
4068
13527
6377
12018
8292
14703
3549
15097
18458
11266
1880
8579
16845
5845
9966
14171
10663
19341
2560
19959
12089
2346
5111
16130
13275
15876
1292
12229
18352
8033
7811
14065
16936
12401
19257
12203
9055
19302
2034
10484
19011
14291
6965
19188
8338
4319
276
3843
578
6438
15266
340
11419
3277
12201
9566
9375
19136
17908
6471
11401
233
15367
18864
9107
19375
4655
10423
2641
8969
14963
18221
4443
3837
9641
8469
5801
18010
17958
18997
9942
17870
16301
12189
8423
15109
9
273
3141
14783
598
15860
3941
684
10361
9267
3913
5318
4399
9259
7936
16715
16835
19736
5192
16406
7577
4795
596
18713
11304
6342
8232
7865
11333
6599
16161
5894
3866
19536
13106
15638
5397
2719
8169
14589
13596
559
15216
15370
13279
6425
5039
6753
14470
7944
17678
18032
3817
4728
14616
7889
16447
1322
3548
12059
15309
12391
12493
18501
6144
5294
12105
7608
5750
19452
6903
10640
7255
17271
1129
19023
1121
11575
8865
19678
15713
8690
3664
641
14621
14658
4858
6581
10797
4532
16373
3368
16683
8496
4335
3989
15808
1664
4335
347
5629
7167
19188
13177
4203
5440
2331
10825
14746
728
17756
2262
10006
15625
5875
16987
1560
16268
5628
18041
6521
8985
17879
1972
5121
3126
1484
10507
14653
2810
16872
14834
4302
16221
5509
19854
8510
2974
1223
16108
12174
15568
17027
16382
6571
13058
16410
8979
9824
1450
1155
5010
708
5325
1767
10419
627
3181
8998
9658
8283
12175
13015
2288
7149
12776
19724
6752
17907
773
3796
9099
2241
243
6586
12681
13636
5201
10474
5533
10647
11184
10548
12531
16532
5187
11593
2968
13447
1257
12802
7318
5406
13365
225
139
9885
3638
495
13477
8271
1832
18692
14300
14710
12214
1732
8780
7843
16905
199
13805
2785
16562
13969
3664
17452
17104
5280
19929
19967
14783
7493
17460
11051
5437
17865
13909
18019
8858
11440
2992
16532
7579
19099
3889
13907
8843
10727
19386
4846
2559
6483
9015
7172
14596
224
9662
19696
2184
15121
8936
9408
17345
8177
15015
17157
798
17779
1444
15939
7208
13365
6838
3720
3956
18078
5568
15546
9672
10950
18375
14536
2951
10933
4942
18722
8059
1091
2225
15909
11646
3199
4059
11918
2021
13707
13380
14384
9258
4804
6826
4065
2132
3456
17930
11022
14725
10352
15611
12623
9152
69
1832
4758
15700
11343
10312
18752
7402
8832
14812
6254
359
1231
19012
1101
6078
17592
4862
17649
2934
2688
18396
1985
7858
13847
19552
1387
16419
4022
9655
856
3175
18504
10224
602
17307
6213
312
9826
5765
5977
2259
2447
13175
548
1976
8896
4032
12058
12809
18283
10965
14538
7406
19654
5047
15260
1933
10498
9441
2260
5864
343
18769
3251
13428
13946
528
13884
6833
7692
17824
18164
13226
2892
12801
963
747
301
11135
12503
3162
6402
16828
19623
19828
7285
11190
18261
15141
1527
12820
13165
18658
13265
19474
11242
423
19514
5255
11512
12904
19297
15503
12084
2710
17098
18458
15183
5841
5974
9808
7921
11332
10714
5471
10107
12450
2354
18658
12293
7546
16558
18640
4069
15641
14154
15647
8529
11709
1180
13779
12316
16658
5063
11046
5532
17387
15788
11733
6829
9598
10912
19205
18894
15676
8536
14929
4136
9419
4480
13041
559
17090
15308
10120
11425
3329
14310
10442
19948
18283
4806
6856
4556
3265
16416
602
11634
6428
12054
16743
11040
19334
1134
13140
19792
2773
16895
6823
757
4837
12837
4534
1625
15409
5108
1265
15013
7022
13384
14377
11903
12388
10363
11452
17710
15466
19344
7998
4345
17981
19149
2084
16109
17564
19142
13968
19485
4707
8435
15797
5636
11331
483
6918
8870
17466
11018
3679
4084
10292
12406
17455
1038
4829
5183
1857
16035
2881
11453
14309
5300
2883
19316
17088
11351
12630
11850
9293
18840
17211
1113
12558
5913
12792
9471
4051
7481
14865
9778
18725
2547
3206
12082
2448
1565
15945
151
1803
19217
19098
5033
15045
17481
9441
7375
4334
12227
14503
127
8287
14148
8049
14451
11143
3161
6745
11933
11379
5656
14795
13073
14968
5829
1114
14433
19520
2001
7612
1478
3471
3100
13897
16217
8530
1979
1931
12770
2947
6421
15586
2568
11770
4647
9911
1479
18963
4520
16411
11936
4824
3334
15355
16394
9068
2447
13922
15110
11060
2444
8907
3664
5601
16679
5953
13105
13662
17934
10038
16242
13554
4336
16700
17227
7315
3940
3427
16281
14728
2889
12272
622
15640
18791
10038
6401
15732
14420
5939
17287
1374
4915
1034
5338
3221
951
10680
9845
8062
18406
7541
8610
3089
6904
9001
19466
5404
13887
15753
876
19960
11648
1581
12105
10886
1951
3311
13755
11941
16985
8097
7046
9556
4234
12267
15335
12702
14960
15841
8745
4647
7527
14653
15126
2193
12402
8254
15882
619
11451
3740
15011
18519
4786
14662
18069
16087
7186
6170
13627
13875
6209
18849
12232
17897
13718
13924
18011
19377
18164
5007
13872
6700
11701
16897
9235
9769
4226
10573
10703
12115
12478
12688
14341
13243
11555
2799
14072
1885
9316
908
11685
2705
9553
1092
6448
16305
11417
4585
16090
7778
3786
8791
9039
10561
4916
16693
13659
11883
14027
523
1085
1704
17611
3322
7859
16117
182
3739
15477
9101
19097
4216
8574
8500
18925
9665
18276
14976
12248
8045
9097
18084
1044
2158
5386
10458
808
14190
10900
6060
274
17035
15703
15007
13254
10701
14675
988
16112
7968
19567
1436
9205
17491
17288
19344
2904
7435
16582
16714
7704
19524
5675
19660
17558
13030
2532
14475
11541
13632
10242
1695
15002
8035
7650
1962
16563
5949
40
738
9300
8945
2827
9405
10524
11952
7977
12216
14422
3030
1051
8452
4283
12899
676
7277
1589
18868
4739
11848
11679
15197
4039
16793
2344
15590
8994
15007
4534
4383
3414
8764
5095
8577
6157
14500
2578
4611
2117
1921
17356
15286
1511
15936
11399
5245
11416
1597
17013
16428
16041
2342
5098
16155
2409
14478
17951
8007
8571
17424
5235
18343
5794
10462
9708
10438
18904
4709
1691
19873
19518
17055
3294
4734
718
10452
18814
9703
9772
3277
1913
3010
14171
4120
17018
4654
4492
8529
14660
15164
4144
14899
9614
9127
3663
763
10088
4434
18130
2964
1275
14813
18362
12261
3567
13699
7699
15059
10854
5652
4259
532
19909
18185
12381
3698
3667
6473
2578
12343
3770
19831
12519
8187
1803
3638
321
4392
6622
8410
6685
10470
2678
9964
11708
4008
7683
13434
3611
2865
15553
2616
1601
15588
14974
7959
1938
4520
5049
6304
19297
9620
2438
14126
10242
14268
17166
6469
14781
18648
12947
19314
15582
6733
12753
7553
18793
2523
4447
12565
1930
9283
10709
10664
3819
4722
11816
2111
767
3022
13713
3752
13884
19419
16683
6419
15910
6987
731
16714
15333
18784
12234
10478
8824
17183
17262
7952
18339
16307
18535
10697
4676
5499
12037
18999
4676
2609
14342
12212
873
8600
13789
18452
10695
2945
19694
11611
17654
15226
7958
18456
16095
4148
7880
226
10769
2895
19378
9806
18416
7524
11518
8042
2029
5935
18228
11993
7184
3895
18621
940
10961
14971
6978
9785
455
2810
5619
11866
7640
4095
355
19492
9167
19624
1489
1058
3115
14257
4834
8494
15604
12546
233
5484
2696
15025
16360
9763
16820
21
11344
10169
14334
4361
14341
16778
5503
9561
9725
9764
7278
10125
10727
225
8823
12431
9032
2178
6315
8633
15808
9221
18001
672
5003
2563
16602
9879
5956
6185
15794
7746
4548
9680
9138
6744
19368
18011
8723
11635
2032
11917
19325
19480
17860
19844
16861
9629
16881
10582
14261
17372
18769
9254
12013
10835
15209
13187
1031
4020
1644
15102
5744
208
4892
13573
11187
17435
5232
17121
8231
14204
14737
19592
19881
7348
5311
10784
3492
18280
3441
5617
18796
9516
6458
11142
18507
4462
2950
15616
8403
1597
5283
17622
2418
18868
17437
19052
8323
9606
9666
1007
12224
10759
19460
6155
11861
469
4220
6953
337
2658
7820
1161
11158
17695
12061
3319
16399
5638
4871
9229
11841
5380
463
15717
16890
11521
7626
14937
6278
5293
13888
16473
1345
3465
18156
15976
16359
15312
11168
3764
1798
13184
4101
3024
11477
9640
19296
9936
2782
9999
1263
16512
8726
18878
7283
3392
5262
2124
4936
16064
11618
3077
9296
12276
18382
16246
5870
2997
7489
19383
11821
4756
18409
8885
8193
19515
15086
12955
2917
13346
16955
11868
8739
8171
7702
2240
17619
11323
10289
1289
4859
14581
15353
13313
7252
12180
3852
2177
5133
7108
1480
13728
3273
1790
9502
11446
1091
3583
14309
9036
14194
9603
8170
5667
2887
18883
11653
14973
5395
9065
15016
3051
14310
1035
2576
8276
4754
6380
18782
18079
12334
4651
1823
18430
5814
14533
18791
7383
10256
13518
7869
18479
5865
16615
7408
14485
5438
9948
7783
16105
8151
11806
15765
15143
17133
9400
11947
3508
9676
2864
680
8004
15732
18620
15148
19429
9753
19997
11050
12747
9163
8893
14843
11993
11248
6113
6383
361
12364
18795
4735
11160
18083
8078
19838
19057
3157
6478
13902
8532
8
11732
12238
15683
19908
2988
6801
9161
9911
15707
17226
423
11321
3296
7299
1853
4585
2885
4238
3473
13654
19042
18450
5758
6395
15790
4327
18204
15458
18083
15068
19720
19017
13101
4853
18705
12801
12143
5267
15806
18674
5875
2412
10079
4349
6763
5465
15342
4602
6056
17934
19394
19552
5654
10596
368
18755
17458
3282
5053
2935
3113
3291
11717
18994
10671
15136
18817
10128
2681
886
11897
12272
1079
7666
16934
14876
6897
11713
10370
12134
6685
1973
8911
5773
1594
10329
15456
9599
16333
10597
5288
16632
9941
2381
10877
2697
7117
3283
4905
18740
9373
13406
7757
10196
17309
14818
1425
17017
14152
19774
13196
3536
10937
6533
2253
12354
9444
12148
6980
11187
17267
12995
13776
2314
11515
16663
14566
18897
5019
13619
10330
6418
2545
17486
2542
417
3097
19584
8628
19097
14978
8182
12929
5598
10639
6693
14128
1602
19111
6267
19311
3267
3065
13328
7562
305
8303
7004
10707
17389
17038
2531
6475
17901
16104
555
18352
5181
9662
13070
4930
19359
5493
12587
3411
18931
8467
13590
3979
13201
4278
5072
15925
6675
19090
7633
17834
19824
9957
5825
19544
10819
3385
13863
7118
10058
501
633
999
14347
1856
11730
18928
18032
16531
18785
5656
11795
15930
11390
5299
5717
5639
16567
2123
12007
