10000
18291
403
476
4989
8759
7745
2019
221
11854
6818
6432
17962
274
7792
7348
6276
9446
14135
14916
802
5907
8651
10660
6998
7459
8726
322
19023
17881
6569
15756
11480
17771
17108
18559
15870
8734
14225
8430
15982
6013
9755
15947
4925
18389
13980
117
19105
3759
14883
1822
5501
235
7861
4759
19610
14613
18426
5466
19952
14343
14360
8532
6276
18331
3549
1773
15051
4235
1269
2613
16077
9383
13980
19725
16069
7858
1453
7375
13829
10234
11641
7707
10166
13874
13972
6432
1980
3757
7433
16835
3768
17497
19181
1550
11432
11062
5969
13880
13033
15442
11441
6861
11644
15650
10025
6106
3558
2111
6056
13143
11154
16026
18428
9713
4081
5149
17101
10739
4642
3232
1478
2352
268
389
13773
17040
8072
9489
2068
5557
3739
9191
3784
2728
18561
13730
9063
12837
6470
2574
10478
11520
685
16836
17328
4242
916
11776
10851
4964
19406
9761
2933
10294
4816
5725
4444
13133
7784
18942
3690
12919
17350
7229
7103
12124
17694
15545
14873
12483
15142
5524
2246
1374
1883
16395
6906
10899
7392
18864
92
4839
11622
4037
16922
10569
9159
13942
4798
16857
19595
16020
17112
15091
3918
9610
19450
412
10969
11038
6979
16039
16621
19589
16755
11269
7102
5059
13341
19079
6492
14847
7482
3825
8332
2559
15994
14044
18581
3652
18262
5576
10199
16420
6145
8861
6070
18432
13629
9020
6133
19778
14889
19847
2620
2773
152
11049
16220
6753
6493
11619
4169
4225
11650
11604
2278
4291
15736
13637
9919
19003
18537
13294
19119
14500
5545
14952
15330
2389
7019
17360
981
11579
17968
16117
9402
15544
8346
17438
7799
15832
7870
16507
10734
13644
18712
9542
2743
13574
10713
19669
12265
3887
17083
1888
16055
5800
8181
16105
6583
10715
17545
3309
7103
16413
3707
1477
297
6274
11133
19001
9013
6077
8805
17538
18444
11123
1664
6170
14946
5147
1471
16995
5014
1300
12176
720
9652
17763
9672
17588
7097
519
18427
14885
11318
3450
7982
16300
7309
12615
7044
9580
11416
11363
6197
5741
9994
15114
15133
452
6285
1782
7152
3809
234
6846
3115
7540
13032
16009
14214
6812
10859
19181
8133
5902
2173
12937
8302
16510
4427
4411
14261
17581
14406
3870
10098
7984
19818
7524
19636
10744
4763
3084
5647
17507
2507
9153
13297
5183
16984
4334
1395
2678
3954
7297
15595
11867
19418
8123
4446
14543
18374
18897
14002
14543
9122
451
5345
16222
4272
7383
10377
9515
624
12433
19361
7775
7674
8080
14918
8485
12744
12968
8788
18486
4305
9399
2384
800
8656
16390
12098
9010
16355
19199
2816
10502
15439
2758
17733
15820
15585
16021
6496
16591
175
9559
13929
16711
13405
16193
7822
8890
11484
16904
15532
7407
14221
16163
7321
18897
15331
12318
11166
7164
14886
14295
866
12295
15891
14713
19650
7342
17505
15347
1085
7226
10110
17621
13483
18895
17976
7206
14573
16563
13400
17092
10751
19638
3785
18041
6410
12866
2007
9814
19799
8896
16690
13103
16414
1348
9841
17394
14844
5399
8243
3173
13667
18687
10368
16028
3339
3085
18030
18516
6150
11010
9857
8047
8498
9407
6922
6732
18727
3464
14160
9026
4976
19763
8427
7321
8182
1715
940
15717
19000
16508
19707
9055
5079
9906
2905
14946
3950
8307
14564
703
12798
16637
6073
2782
5639
957
10195
4434
11283
10293
81
5015
18669
11081
19446
1226
9327
3943
17674
9829
17689
10480
13086
6933
3997
3175
14541
13658
13910
16181
8830
8411
1977
6679
13221
6052
15332
2501
1577
4573
11732
4159
8480
3912
3411
5398
12183
11862
1997
19188
8942
14790
18115
19753
3552
10299
6809
17139
1120
2617
9770
3177
8223
1852
17819
4772
10122
6805
12621
1034
10063
13027
16268
16089
1952
4489
12484
3629
4401
19953
17140
14574
14492
6589
2138
10489
17540
9573
16302
18312
11158
5586
13131
14369
18571
6038
18504
5976
1642
15174
11972
14178
3498
2710
12800
15799
13557
7215
19526
10146
5097
11215
19495
11625
19576
16573
2019
1620
1039
15527
8289
18236
14579
1818
3487
13617
15335
637
17027
15303
1290
9611
7759
13822
9950
6763
13779
6829
3043
3309
10045
6955
11170
11908
6891
11353
17158
17626
17441
2959
2340
6932
15286
1986
10811
13860
16713
6190
4982
18501
14481
2054
17679
1398
19506
15861
6350
17814
651
10992
3343
7512
4107
11226
16001
14915
7428
16883
8810
9705
13497
17598
7432
11426
10833
558
5618
8100
109
14028
3389
1985
14838
17191
18011
16478
9135
14425
19870
11371
16202
13266
19419
9219
11894
18276
9737
18178
1910
19210
4232
6174
9005
16085
4574
5059
10742
18132
1884
2703
18512
10879
4416
775
1301
4640
4500
3700
4748
447
14675
11646
17589
10601
13868
3555
15010
18844
5951
947
4165
13202
8388
12203
4035
18535
10571
5197
6056
12392
2781
10168
6133
13594
3746
3849
17940
17508
5916
11470
5580
1083
465
19619
9967
11848
4742
19051
6065
12631
1894
8748
12020
16607
5506
5863
17630
4873
17042
5746
18348
7839
14298
12692
5824
15186
3720
14717
9109
6343
18553
3391
9843
19808
11931
5421
6334
9027
15661
8911
12137
16265
14179
16159
18056
12261
5286
3971
15811
2190
7576
9255
15782
13099
149
19446
17589
6746
18965
15381
11453
12318
16781
5948
3622
15491
6358
12018
11492
17966
1797
16996
3917
14693
15353
9249
3717
18584
15028
12405
2357
1867
7584
12288
18810
18530
6995
7603
16537
17480
12077
13574
3824
1627
2206
18968
18312
9559
13893
12260
14118
6493
15315
3869
12257
5248
18605
11238
14958
12333
6672
3056
9048
4884
8687
497
6635
19575
14744
16093
5359
14542
17398
11428
11409
8340
399
3400
10749
2961
11500
1017
1192
13893
19513
3790
1354
5134
3363
4162
10441
8950
13406
15241
12336
13245
11209
4142
9662
18654
809
1355
18139
6400
12945
1059
13318
3995
5539
10111
1065
13925
9457
13251
16750
14265
15132
18252
16619
642
16318
15657
5720
5865
8483
18227
289
13113
15793
8715
6359
1867
5800
4046
5986
4243
2340
1591
13553
4710
18048
15185
16881
9158
16245
8119
12187
7500
4417
5867
18248
16145
13346
14447
4576
17977
6305
14691
2448
13245
5835
8027
17050
6931
13178
13980
8454
1371
15827
10388
8023
17736
8105
16115
9688
14090
12223
13609
885
3348
5578
14206
13125
10351
9556
5416
13637
12570
3965
8812
6177
15132
2684
6740
9291
15112
13988
6153
17869
16171
4802
17485
16827
11062
7010
5432
6754
3842
16273
9901
13438
11076
6780
8121
12423
1391
2936
2567
2250
3585
17627
8130
6998
11147
8008
14536
301
17920
9192
9448
3771
18489
17331
1528
16227
5986
6063
7125
628
14885
8527
9623
13562
593
6876
7184
11185
6342
11665
1570
12949
18016
1376
15450
12597
14398
2578
17037
5445
9678
2508
17389
15795
6870
7181
1735
17649
16513
19635
17661
10513
19429
11486
4123
7439
1869
17548
1368
13607
648
3140
11947
808
10861
17134
12615
13505
232
15871
16469
119
2150
9074
2509
6808
5561
11122
9360
19210
4296
1300
18980
1245
18615
5441
2989
2655
1102
19506
17861
5710
19144
308
16152
8936
13946
14346
5406
3934
1214
1138
14613
9575
8572
12736
7227
3409
5076
1510
15301
18738
16874
16853
14207
16028
7502
13117
1345
719
15430
5360
11401
15593
15227
17957
2875
14489
9661
9913
16530
1873
13876
12240
12673
8505
4452
1048
12939
319
764
7150
4507
12012
10523
6746
2625
1235
8031
2390
522
11875
6027
14924
7643
10140
3381
19837
14409
14590
457
14109
16087
10396
2461
4060
13549
19376
3059
1600
9266
2280
16708
14958
17351
10750
18159
5415
8319
4965
17310
18095
7326
10655
15280
2601
13676
19307
3497
14909
8374
13724
17715
18652
18498
18117
1742
14811
11853
13361
9563
8763
10563
15119
18561
14377
6971
16746
9274
6368
17132
13206
2110
19212
15727
12102
18698
17066
16050
5915
14092
18092
662
9015
13677
1688
3943
11792
15067
6384
6325
2720
6354
19052
7187
15384
15367
6243
10763
15637
9265
11465
9052
14219
12340
10674
14578
1310
11723
2357
13377
12207
18129
4588
13693
9939
7340
343
2744
13600
5943
1056
18233
17536
4043
569
9429
16328
1129
8993
3373
10595
18214
13254
9988
7815
8020
18661
6683
14569
585
3821
14412
13675
17741
10593
15071
8500
11525
5596
18859
8569
3095
14606
4877
10391
5658
9157
13502
12450
12796
5671
7476
2807
12719
8667
7896
6510
16049
5928
3071
19371
18742
11829
12743
7764
16148
16656
12239
5725
19435
8490
12532
13279
4463
12959
8132
17959
7347
7827
16545
13226
11508
19096
532
6486
7039
5900
6538
17924
18720
14400
14032
2250
1960
15891
10470
17261
19418
13756
19555
1331
6866
4903
13126
14582
210
3350
1748
19733
8619
16553
978
15269
3908
665
17568
1604
10122
15358
18192
6350
6613
18608
2658
4648
16402
16522
7550
8442
8946
1226
17710
5114
10254
13525
3701
419
5493
88
15567
15557
11924
6954
582
1909
19553
18253
878
4677
14660
13651
1150
8271
1347
8157
2443
2986
6984
14686
14851
16735
19313
16318
5443
7990
4148
8762
17654
13609
15884
1065
5674
14618
8004
3962
12272
8512
10015
13977
9264
4701
14722
6384
7239
3403
19071
8458
6430
4052
16991
4531
19912
10657
6858
3035
12791
1930
1686
15897
12636
12077
5386
748
10649
12570
3406
15901
11493
13322
15153
19296
19739
655
6358
7513
4831
16039
18396
1308
16783
19050
15241
9228
14785
1507
12690
10725
10271
6844
5322
1302
1819
8529
3332
1221
4560
3623
11878
18711
13176
3221
140
12807
3364
6048
16790
8435
17531
15685
16
9142
497
14864
5468
10799
11043
13225
3709
4641
1357
942
9858
11956
18920
5627
19406
15930
17955
13478
2528
5195
11037
19495
17764
7953
701
16788
14677
1888
1870
15051
1581
19261
10938
329
5002
1407
513
17880
11711
19091
1846
3460
8308
2969
16918
16014
251
13484
6534
12762
11857
991
7721
5795
7020
18019
2363
687
7207
11813
4332
14749
15207
6196
15516
15130
14729
1344
6831
13203
6859
18782
6158
6276
2771
5224
4186
7023
17856
17697
13101
361
1611
3670
5167
10702
18745
9280
11057
15700
12864
9095
8330
19933
18483
6752
5676
13831
3884
2006
4482
9406
3702
8295
9577
16241
9204
4549
12423
19297
5872
4029
13804
14549
11460
8692
18660
6955
8479
9549
8597
15337
15477
9480
16860
8945
7973
11429
3710
6867
18824
6629
16077
7101
19923
13393
17434
9806
5193
12212
242
8200
4065
19555
11990
17539
10191
18494
9083
10814
9073
6766
13594
912
17592
2925
1460
10365
17297
15814
17542
2340
10287
12241
4165
8149
12919
19521
12119
2144
8104
8441
8558
8328
8933
13944
16481
6199
1728
182
15336
8907
5124
17446
11412
17326
2431
8763
19560
6659
8522
8231
19512
11932
15447
11263
10589
13961
10998
18490
17842
6794
7171
8344
687
17158
19632
6655
9215
12404
9675
19073
19552
1686
12555
8825
5622
17574
2460
404
12716
13417
2597
10189
9480
6688
14930
1617
17546
14973
13347
10593
5121
15090
2192
8149
12490
8965
10199
8669
17318
512
14916
2723
15990
8836
9084
45
16310
5246
11013
3166
13235
5170
8757
7676
11114
13396
982
18252
8895
5685
11795
313
14774
15290
12642
1012
18034
6249
16942
6101
12776
12701
6208
17152
7327
344
6313
7843
3526
7640
13358
3516
8049
18690
14608
11479
12370
7995
15062
9524
18704
3574
10522
167
5287
13383
2446
2329
9083
3062
8617
10924
3706
18608
177
18972
15566
599
16230
14945
13947
3225
15273
5905
9083
6526
4359
10242
2931
538
11174
4173
7218
17347
14859
2734
8870
11709
18822
19080
2682
18673
9883
870
13360
18364
10797
10652
343
16132
4872
1195
12681
5125
18379
13731
17348
6121
19505
10787
15715
11766
3227
13980
7832
15296
17915
11763
3464
12768
19487
17861
803
3133
12953
4678
17886
2631
19079
11682
19023
1923
5795
8196
1924
2591
3913
1652
11649
8231
13184
18331
19924
12048
16231
17955
1366
10290
9118
19578
13569
17459
6638
18709
7273
11294
17238
7344
19128
2387
1299
16531
7017
4184
13419
17649
10176
16749
5014
8266
1957
11996
5097
18576
16411
6543
1536
13159
15937
10396
583
5318
1477
1084
14822
16666
5696
14265
2471
841
3474
3013
17573
10259
18138
19687
1715
6965
17489
19729
2053
11080
16452
19181
2815
10630
6349
17301
14137
1517
14125
610
13515
14203
10984
9181
7355
18329
7484
12017
13472
11061
17631
833
9778
12807
19509
18997
11824
18325
11147
4432
8237
9138
13235
477
7415
3553
14908
648
3078
8791
13037
17513
4318
15742
7037
2202
17569
598
882
17898
2164
15767
8437
3946
12524
6353
1230
11653
6773
16084
13858
12269
11071
18891
16645
19344
10789
7395
2845
3274
7579
14026
725
4083
5203
11891
18682
5305
5772
18998
15510
8072
12056
2419
7014
6470
6313
18647
13306
668
663
1271
15081
5998
11280
12185
10959
9547
10109
2451
13092
4543
18956
331
12793
13926
19231
765
6994
14396
12113
14555
7898
976
14432
18766
11560
5175
14556
7643
15437
4508
362
8897
18390
17013
12181
3839
13284
15761
10322
19347
14309
10349
4622
8828
5358
15526
9590
8417
88
10824
15970
10250
789
16165
14432
14252
7053
18722
2777
16451
19609
17451
18017
7895
10331
8551
13792
16065
7352
9766
9208
871
14035
2102
12467
1123
19016
13205
1675
8738
14881
6913
16661
2376
16120
14251
10603
1488
1834
14699
14516
17137
20
10124
1618
7389
8845
17000
935
19523
5696
7694
5061
5716
10564
10111
8273
1410
1177
8249
19411
18853
386
2027
797
14167
7193
7047
17045
3007
19347
1013
12929
6475
14034
8420
7182
9366
16833
3707
7133
7689
7311
4878
1515
19357
9003
3852
9723
10751
11992
117
10594
13581
16941
2057
10830
9885
4524
1500
11732
10908
19452
14277
6389
1491
17766
18134
7244
9446
11625
6662
1558
13399
16282
6217
3934
1319
16059
17569
6277
8157
4982
782
6603
15263
18743
14977
16732
220
13700
8430
16602
17196
9369
17952
1666
8847
3524
11494
15422
18514
17850
15499
711
16689
3316
10499
4020
1462
11721
3713
19299
5727
7753
19974
11139
13598
1492
15349
19676
6266
8693
5057
5595
11474
13374
12071
19230
17538
13761
17656
7416
16222
8904
15311
5154
2235
11761
1185
17727
7245
19658
8882
9802
10603
933
12611
14141
15439
4152
17481
6144
16697
7988
18682
6221
403
17535
3553
5180
5551
13232
9681
5264
3469
870
2965
19101
17145
8422
16550
468
10833
18160
10422
13740
4612
8125
6313
9327
949
15830
19427
17694
16223
15348
13212
130
1682
4143
9968
16368
9724
14021
18996
8952
15812
2346
10467
4106
18351
6150
886
1158
16229
9808
17298
15871
1549
9637
26
11498
9717
11364
17509
9385
9134
14345
6027
6158
8852
1188
18490
142
6028
17013
19173
9541
1382
9415
11643
2911
2113
2054
4117
17066
8269
8030
4329
5622
18636
1681
19356
19237
14994
15669
629
3733
1292
232
14860
2375
7101
19632
3585
3755
11171
13396
2600
2218
14199
2064
12226
8335
12307
18425
4360
11283
19631
16974
7168
17061
5604
13814
10034
8306
18833
14908
2516
11574
13564
9092
5954
19903
1648
329
1897
2041
14628
2612
10114
8284
17533
16571
12444
15023
3530
4820
6066
5463
8876
6388
10524
7232
4185
10216
929
12198
17238
14671
19177
8576
4769
8114
17777
8202
15249
6977
3992
18286
10229
12364
2582
15183
4409
6618
18413
10705
2856
13673
15703
9640
18283
19811
15359
2107
1711
10970
3435
15284
7972
4960
6039
18408
11361
4901
14941
8606
7461
3181
1392
10781
5337
18445
14633
12758
4530
18626
15096
8683
6674
9775
3964
12986
941
10609
2989
6571
2409
9760
9334
16754
2847
13956
2177
13568
18495
12497
8747
8492
6672
15553
8726
12442
6068
19469
13853
262
2921
10280
11714
17807
19564
17047
7267
579
14937
14833
12620
14594
14573
9935
12454
10673
6444
17775
6956
15582
11487
18859
11454
5355
9301
15505
15758
8953
5514
2367
4024
531
4997
6910
6959
6515
1083
11768
14034
14740
10321
2870
15902
7094
11774
2394
14205
6024
17423
6165
14684
16373
18661
6503
6362
6221
13529
10737
8988
11727
9759
888
1117
3024
9704
19321
15715
15306
18241
18627
2957
7940
15993
6165
19400
922
2656
7253
18337
13801
7211
13386
12501
13721
16340
9559
6083
9543
13023
9877
3139
11150
7031
3115
16849
19570
7190
15821
993
10440
14947
9582
11446
18373
4790
9891
11374
5538
5847
17333
4149
4905
19397
3138
1818
16830
10770
18993
10270
6221
8843
18705
5992
8428
19926
10093
11478
8972
13748
17453
9263
13378
9030
1900
7027
748
9419
2578
1875
10818
15079
16366
16221
16987
17440
13265
19344
569
7586
1577
718
13906
17571
5880
143
5820
11840
12657
14162
17844
14917
7439
47
618
11500
15346
10792
7053
9309
2647
18109
7951
372
914
3422
10196
5921
14507
10715
17244
14568
14450
12152
17739
5032
16608
12828
9938
12825
6539
10665
10427
7630
7590
6214
4694
2715
3155
10967
2523
1008
5414
18638
17947
15907
11351
7259
6472
14443
10787
12895
16797
10184
15200
13214
4363
14369
8507
6323
11810
1285
18512
11325
7352
12275
3269
13943
9081
1589
7556
4902
17003
14087
8883
15435
18524
3830
8561
19512
15978
13443
8143
18111
11951
3526
14696
8550
2376
1455
10015
8983
1632
18056
12564
17460
18781
11223
2754
17032
11687
15232
5432
2232
9744
12358
18257
312
15077
12050
8755
14490
6959
3468
19777
6689
19078
10982
7325
2035
17939
15737
8286
19693
2176
16199
12521
2353
10143
11743
14191
7355
2260
10942
11363
10801
15007
9779
54
10136
8266
9851
14833
3523
4619
12715
10574
17767
14838
7948
16820
19210
18467
8289
19501
7545
18775
14116
1189
5401
9554
11726
2369
14005
8244
1205
19738
11190
2988
6127
18581
10897
18271
13845
11392
14905
721
8163
14090
14326
17716
9980
19360
9102
778
10699
8800
15743
18776
4388
14044
8014
11465
9800
12268
2362
91
3752
4368
15754
1419
13728
9313
7845
248
17029
5331
19584
4918
12953
3722
4337
19794
16283
14965
16195
7197
19548
12619
4386
18519
11339
2144
19030
3769
5555
8644
16429
19614
5690
9881
5329
16271
426
5584
12729
9290
12077
8351
18906
15854
17489
10688
10686
7078
4395
9000
18957
2479
4279
6882
8424
16136
9854
552
12949
5717
11440
2525
2739
7664
15281
18730
3279
14893
8880
3924
2512
3751
10322
12214
5165
1292
15022
5377
11807
11939
16401
3724
7697
7861
17025
8665
7187
8223
5631
13253
13773
16594
16550
10091
15889
5925
8720
19159
3433
17304
19543
19074
592
3493
7672
18735
17020
8965
8948
16448
9337
12221
1745
10902
10737
14051
16894
9123
39
10576
18451
16301
15588
6020
13014
5634
12808
17905
8218
10547
2786
8165
19010
6830
9627
8503
11748
4284
5964
19149
12008
11411
17296
13416
9679
16217
7220
7693
10545
7062
9962
2800
14175
15572
6717
7839
19687
16086
19615
9448
13333
17010
7966
15016
2870
7372
3094
6769
8664
19025
2944
7959
4494
18605
1927
17496
2096
15689
11867
11366
7359
1188
7710
5906
1637
2861
7100
17398
8571
4218
10841
5054
14404
14728
1058
7316
407
80
6693
776
90
11618
1692
6840
585
8897
4964
9281
15862
11195
10028
706
5483
4771
16745
16746
43
15660
18310
16062
17462
15044
6649
14408
15595
3882
4721
14334
6503
6126
13067
3374
19948
17700
11140
3844
13822
11493
12009
536
2022
7042
11850
2231
14105
4389
15085
11660
307
18790
12190
15466
10877
5606
13380
7417
11118
12556
4655
5722
13517
8090
4493
10265
3284
13835
2781
19214
12464
12971
18939
4176
5317
9299
7801
8407
10383
4735
19694
10604
2435
13486
4968
12655
1779
7030
5726
1476
5393
19713
17024
5532
4939
18983
3472
9275
3828
9834
9001
2635
3044
12456
3421
797
565
7937
17790
2487
10830
17637
6034
5086
8605
13752
9865
6849
17821
15366
15882
767
2872
4733
7689
16087
7269
1131
3989
4362
18194
15605
1647
6799
285
19888
7157
4499
3964
16448
5147
15050
15356
15115
11899
11991
4999
19225
18948
16019
15807
1995
11502
9534
12743
3317
7213
4479
10848
3640
16099
9113
11600
4480
16272
749
3328
10423
10533
19014
19484
19557
11767
10437
4125
6789
7374
5801
3107
8133
3357
7930
18780
1881
13452
2931
15874
4412
19696
682
7136
11364
3997
11453
17524
13088
5682
6714
9136
7473
7058
18794
9115
11107
14195
17468
14229
17671
16367
5770
18711
15694
13720
12874
17688
10564
9673
15507
1357
2694
5367
16522
11304
12577
2822
424
7809
4745
2680
11433
3282
16338
8448
3924
7387
2063
17365
17474
9190
12069
610
6893
17638
9098
8122
19798
12024
768
16008
19955
3404
1128
17125
7091
17629
12612
14371
9712
7770
5870
4934
8144
9673
10126
14898
12695
12578
11260
12928
9324
4759
3410
17002
9606
19315
7917
7429
6963
13280
16800
7727
1606
11363
7189
12606
14907
5730
2689
19768
14183
7173
11459
3649
14817
15770
857
8718
13542
18291
6270
16984
17038
12810
4644
15660
16809
6980
2858
10880
19637
14675
12218
12608
6976
5750
12002
3846
18388
8539
1868
104
1283
8901
1564
14219
1424
16872
11910
15030
7352
9265
8906
1601
3707
8963
19149
4012
2315
19324
5493
2796
432
5334
18113
16480
11573
1865
10434
706
1074
14894
14201
4985
19095
2558
6959
5290
6034
8472
15659
9487
12766
6498
16243
9248
9768
5479
19523
9838
14046
17983
12547
19439
17623
10988
14536
13971
5401
15648
9385
8117
8939
19260
8188
1741
10199
8596
397
8034
19931
17806
16090
9277
5389
11177
18990
6552
1097
2458
4984
8469
17592
19985
8583
14284
6110
8058
16196
8060
17856
2783
13516
8163
15729
6091
4009
8905
7608
12778
16940
14646
14399
12525
16617
11267
11065
5225
4558
13678
17937
18911
17601
7047
3692
4278
15958
5319
955
611
10474
13089
7359
14507
1055
19505
1816
8607
8723
1296
18380
5638
10815
13546
7345
3033
1930
13446
14807
1480
8296
5732
17301
5658
11730
5894
17838
6865
15747
15237
14367
7180
4172
19268
3337
1126
7860
8929
19189
3964
13584
15720
137
5099
14171
17314
18885
13015
19634
1610
18266
10601
16719
4384
7016
7280
16735
18583
15698
13672
17954
17289
16225
4920
831
4170
3761
19669
10625
5785
2780
10148
15794
2739
10785
7741
4947
1922
6769
16203
6869
13939
278
3024
791
1509
11488
18597
3868
10877
6061
12830
13512
15927
3571
3628
13943
7735
4909
9117
16570
4765
641
4798
18735
13782
202
3104
16763
9647
8999
12280
12935
14469
2175
18465
13781
3864
9103
6556
17373
18622
15953
6583
4616
11219
6218
8044
19912
1422
14225
704
6866
15343
6807
9260
18393
10549
4183
408
8744
14092
13468
14563
3388
18915
1705
6943
19292
6268
8649
6650
18806
7900
14228
17207
2391
10754
5114
19067
17862
11701
18799
1347
1021
3093
5715
18226
12037
9748
16829
12777
1006
9022
13027
335
3784
2226
8073
11952
18464
18517
8195
15682
986
6972
10025
7010
8296
14503
8566
19613
12708
10638
15196
19307
11344
19539
2953
14741
3783
19318
14126
13879
19263
6471
2161
9441
3006
7542
49
8535
18038
7975
2161
4473
4351
16834
644
15997
2863
12582
2995
19511
3320
2461
15021
10266
7550
7531
5804
19705
18067
17152
12448
4902
12273
4205
2618
12700
19892
18643
16279
3768
10546
6967
10855
19618
15639
9905
16057
8202
1825
12324
5317
19373
4884
13576
9813
12950
13211
13283
13649
3233
4477
17782
10949
15579
16632
18675
19825
19525
13084
2989
15822
17559
6182
12072
12664
5314
7095
12879
3772
4750
15921
3652
9727
17282
1774
13266
19112
17857
5052
8510
5579
4977
4953
5084
1587
13912
1575
5694
13675
17247
19724
16359
1706
7480
3976
17406
16953
17756
19892
19326
6689
18285
5396
10250
10710
18106
7320
15838
6906
11073
11381
19232
3151
3598
7067
3893
4925
9826
3154
13777
18332
5871
17238
18086
4031
10528
11244
8861
14205
5013
768
1187
3197
12363
7229
794
4093
90
19623
17233
15711
7417
11609
8334
1425
13436
15894
12231
2487
5757
10990
6960
5464
15609
13967
17070
2305
12433
16677
17738
3097
17840
13840
8130
16483
18572
4352
11385
7977
11366
2384
18478
18220
4204
5724
6539
5957
12094
19264
12436
5974
1165
17102
15007
10962
12415
6667
15555
16389
8368
2663
11816
14945
2194
88
4030
2567
16725
14898
9930
19822
5633
12709
1723
10227
18944
8498
15387
14430
6169
9835
10081
19372
16695
13799
18371
8862
19144
6718
12744
5854
16865
4071
5691
2377
11743
10252
7548
16605
14664
5190
785
18944
2224
10299
9594
4650
7512
15536
18626
17073
18704
5964
8273
8751
19549
2700
671
10514
17398
18748
4546
17951
3112
9784
3144
19716
9498
3647
9952
6969
2090
17361
18643
14226
1686
6309
2544
6948
19095
6762
1957
6993
11272
5752
2442
19538
17572
7281
15799
12704
19469
11481
12085
2110
11945
1647
7954
7847
9319
5671
7982
13135
11168
6118
11731
9945
14936
8185
19521
17045
4323
7154
19303
14963
484
10817
1326
17833
5489
2091
19023
11164
4754
1129
933
9390
15625
1695
15677
10661
13835
9591
8298
18516
14796
8377
14261
15048
633
13226
14737
14417
159
17631
3916
3051
7241
6908
3170
1096
3494
9133
1772
19260
4361
8767
14518
5892
362
9372
6701
1395
5066
7842
7223
16283
15444
2047
13725
5012
8702
16363
1539
6157
17039
3298
15065
17292
13242
8701
19754
7331
9769
5387
15825
4881
8309
13905
18379
16402
7761
19867
263
4325
9447
11262
11002
19192
4218
19436
1904
3633
1387
13842
19549
18075
6422
13617
369
13803
10108
10615
8457
13647
19932
6682
14018
14290
17403
18385
5769
12942
11235
12431
11502
17166
2983
6877
14999
11455
5092
6162
18833
4563
14914
8401
8897
1617
12474
3456
17496
2044
19539
14528
15813
7902
4069
6222
12932
17809
6750
15541
3156
17323
18274
5229
7718
10595
14445
9172
8946
19204
308
7527
13444
5485
7626
17790
16915
12866
14974
13473
13266
19762
16898
5259
14496
9734
5158
4186
8570
6115
19363
9807
848
10236
13236
3816
13076
15896
15870
9911
6542
6651
11760
2143
4205
13107
10853
10059
2745
9122
3654
459
16580
14146
2189
1195
15455
6426
11557
13618
10376
15676
9645
17812
3392
3544
13147
7092
7099
7840
16637
6714
10161
1657
7322
8429
18321
17019
15063
5837
14389
14053
2006
19695
16177
14656
19993
16342
2533
9102
12644
10218
17298
13839
2369
7224
6985
6384
18620
3238
13375
17456
2959
10449
7197
10768
10328
16613
11059
3415
15237
7512
5581
14879
626
6339
6685
3008
4906
6558
2360
18358
13929
5719
19485
14833
12482
18959
5711
5305
5084
1233
7588
1916
6487
16656
3415
14486
17645
9948
14328
16060
2451
11616
3202
13541
7326
19771
17613
16597
17827
19929
5658
8326
9911
1389
140
19190
9461
19853
8438
11048
14526
12490
13871
13367
7386
6731
11458
1054
2780
11429
12802
6045
5508
13657
12763
13673
3134
3434
14404
19
14920
9561
5712
11123
1937
7135
10435
14897
8029
4102
17250
1103
14853
4292
4131
3126
15579
4085
1892
16956
3819
19732
2007
17839
11613
8855
3483
3329
598
11044
11494
8272
12958
3219
6494
1488
19101
9665
4455
9271
10591
8813
9366
16228
16119
12532
5700
6573
1055
16420
18463
1348
157
3358
3002
13446
4257
8973
11429
672
555
3006
951
14270
7337
19035
18759
10993
7902
840
3547
667
16030
216
5879
18138
14358
13548
13847
12463
2345
9322
12248
8011
10421
3991
17264
7189
2037
4113
5918
11898
14975
18251
16892
8177
4588
19813
4049
6090
14008
4263
8131
19282
7647
1146
7753
15749
14184
18787
8831
9425
13118
18685
1907
11363
2713
10898
8988
9553
1980
7893
12074
19427
6391
3583
888
15518
16748
11653
8414
8303
3599
10994
9603
18480
5446
11078
4048
16250
18864
5034
1600
14983
19650
12687
14579
16354
2508
9827
5826
9070
3674
11247
2316
5840
6103
207
4911
8985
15628
15758
13235
3796
15174
6334
8064
8041
14038
14737
7407
6475
4690
5592
9438
19876
16536
10709
1949
15931
18290
3070
8934
3007
5333
19601
16458
17267
5443
7758
15398
790
14353
9846
6580
18861
10819
5726
6493
3472
13139
10416
18124
4654
6481
13374
3774
5981
16804
995
18838
1570
1199
9432
6733
15417
2415
11376
9094
18882
2048
7409
14719
16008
5278
4751
6244
11823
19689
7143
12382
2522
10723
3349
15465
9622
1843
17778
4547
19398
268
6061
13311
12331
13351
15365
9050
5744
12652
3520
1957
11600
1072
587
14720
10116
5048
8751
19688
3693
15676
10828
14184
10586
11719
13269
6763
9591
17627
4295
1073
4434
10865
17799
15679
11435
6526
16951
10385
11959
14705
18357
12491
19121
11416
12305
9549
5630
5219
17896
2948
1723
7168
17281
5213
16965
14789
14308
14453
4741
18541
4242
3116
7350
4953
11269
8057
12308
9528
18469
8022
18979
2145
6531
11291
5241
541
6326
15016
4009
19074
1487
12796
17805
8281
19899
5891
9071
8161
12726
4781
12884
3629
1830
9529
6405
19528
9947
3760
8508
7673
1792
18446
10536
11201
11390
6458
16092
6049
5070
14551
11002
3065
17081
12340
23
4075
19502
8030
6539
13662
7934
16085
10968
17599
2296
3323
2613
449
9660
9161
9462
3781
3326
15900
15513
1941
14745
18700
16303
458
8654
11678
1028
19981
15224
13647
18926
18874
18924
15696
13422
18881
5810
14290
15878
15303
17242
663
11256
3305
3166
17000
12918
16704
12723
3716
14091
16864
9610
14293
15364
12730
297
3679
15005
5794
1025
2866
10596
2474
12331
17183
15564
15629
6244
9736
4721
6729
14819
11823
14242
8867
17875
7824
4848
6766
15345
13195
14705
9286
16196
17849
881
2999
9235
19904
4374
16347
18151
2241
9039
1088
12703
15311
12537
12071
13930
19450
18061
553
1573
12425
14984
14836
15984
15462
19832
13331
16655
13620
3520
16428
17466
2939
137
14051
12705
13956
1414
19612
15072
9344
6178
18878
17563
16130
14760
18450
1494
14413
4526
779
16436
4744
12222
287
15178
6159
8898
6579
10334
13347
6604
16886
14433
6177
4768
14116
8007
7951
15743
13322
2911
16723
17649
6249
13139
19742
589
10003
5054
3077
2824
13011
36
11185
5560
11945
9843
1740
15011
7763
15508
13788
15433
9031
4654
11853
5771
12892
9303
3238
630
18857
13656
3357
8912
18469
14748
11142
2238
12654
13876
5414
14191
14757
8842
10535
16297
13974
32
16324
12494
3541
6885
4
6986
13924
339
10979
15132
17937
10728
10476
5630
6172
2686
10179
19731
10358
3849
478
8013
5894
14221
12276
12376
6053
11930
15438
12678
8777
2949
10010
12215
5406
1284
15134
3524
11856
6149
14537
8745
15110
1515
11717
8077
5800
19078
5513
14639
17537
12271
10763
15278
6559
3773
818
5813
6135
10694
5482
12194
17670
12054
10449
1650
8466
2373
5902
16010
5168
16600
15585
12292
5854
5686
19957
5364
4592
10917
18354
6230
8328
6625
7568
10551
15326
12952
518
8156
3135
4965
1376
15730
3378
15046
590
8819
8022
2044
11961
18162
9287
3968
7472
8419
17599
924
10689
17162
5017
13101
6852
18910
464
5555
16177
2202
9510
3986
9970
1120
4290
1928
16626
18634
5233
1355
17941
4878
11980
5278
19137
16845
8282
7696
10906
10521
7340
2130
10924
4641
13478
15571
161
9242
17374
4218
4498
5707
14941
638
18746
18389
6466
6053
19367
17277
1606
13912
18121
10456
122
17055
12749
14994
3916
12542
13475
17818
3753
2283
9402
12334
15964
12139
17390
17566
3988
15369
13304
1504
6020
6514
36
3599
1796
15472
864
10784
5045
12320
19120
4292
8258
2066
16702
7091
16642
13501
16142
17051
15321
3388
496
5380
15422
2569
18031
19871
7544
14036
8582
3627
15681
1313
11986
3971
7277
12059
14051
10951
8291
9240
17004
8454
19242
11755
10906
10949
14687
544
3265
7214
6050
6616
3889
11032
1873
9729
3943
5519
12364
7856
1344
6368
4472
16606
9833
7076
287
5277
6035
7334
10292
3829
15170
12082
6164
4159
14340
2875
18472
2845
8510
11049
4359
16179
7137
4734
600
4583
252
16996
17878
10993
5771
18068
1420
11326
4973
15141
19967
2407
8052
11344
7563
4617
14102
17244
6054
9313
11968
11018
13376
12678
6185
9439
3340
7810
12932
5865
9560
2606
16848
2800
12504
14666
1290
12923
18498
5014
3746
604
3570
8911
10091
13881
7437
9449
5483
10616
14818
11109
14610
17510
8652
19888
5768
804
15957
10969
13023
18062
14741
4396
8680
6953
3352
6671
16513
11817
2269
12536
4236
15548
14202
713
13082
9143
17597
14985
6950
15387
3630
7424
9823
11490
2800
7791
9949
17996
8902
6602
12245
12033
18386
11347
7719
11522
18264
11156
18997
2929
13858
3865
12782
7929
14365
6471
2120
13724
8320
4893
13899
12631
5612
12102
2218
3764
15215
10455
1421
6411
2211
14987
8266
5525
1651
12825
2771
10480
30
17518
5096
16776
15028
19917
141
13448
7229
18272
13590
10140
7353
15033
990
4802
3970
13449
13847
19501
526
2492
11292
16086
11312
4528
8739
4031
19998
6512
10830
12805
11053
2001
8224
17506
9880
18856
3021
10555
12896
1349
3338
11181
2221
6385
2467
19503
15955
1887
1195
16228
12976
1042
14478
2303
16593
12523
7811
16883
18548
12141
11005
11510
15720
11376
7329
12146
16433
11165
10673
13000
1448
3052
1447
12193
9503
18488
5949
914
5442
12220
14249
14443
7961
5677
8487
14652
6218
6899
10990
12196
7355
3812
17156
9208
11349
2975
15533
1645
17220
12482
383
16322
19099
8265
9937
4204
17076
16292
19505
15967
7701
7763
17461
13526
9966
10624
1066
3648
4831
10713
13832
10855
13111
10281
391
15006
2359
4787
12650
9862
21
19786
18137
125
316
15823
1548
7812
6160
13735
8547
6411
13839
6520
18324
2043
19539
5729
4764
19583
788
13171
12630
2992
18059
6544
13929
19836
1138
2975
5147
8818
6534
7112
2660
653
2094
19506
17789
7771
4310
5207
16951
6568
5428
9088
1480
7916
1131
9730
11425
7053
12110
10709
14459
3506
13340
6093
4175
17574
8489
2167
11748
3781
14846
978
3811
6438
13271
11911
8199
17541
11050
13990
7057
3212
1640
4958
13975
10301
923
6873
764
6175
3663
12690
987
1026
1549
8116
11453
11888
17250
14928
2026
7315
15359
4506
11516
6013
570
193
6991
8184
16337
10217
14836
12202
14798
6087
1701
2148
11046
12184
10643
16903
1180
6238
4347
16724
2787
16312
15063
7119
8064
2237
15088
18703
2286
4789
4593
16933
16986
6452
10775
10726
11535
11220
11237
8054
5484
4270
5908
3635
16369
9140
19784
13563
11225
4046
15005
2107
13441
9007
17184
6646
6567
3155
5850
10318
2254
3543
8231
12273
5021
19989
2981
8419
519
2459
9512
2980
4549
19431
7274
19006
18623
6945
10176
17070
12331
5653
19815
15724
12236
18987
16509
11640
1915
9957
11405
1379
7523
12884
2306
6679
11302
8792
11932
17060
7069
15314
16961
15337
1725
4423
19210
9691
14165
19251
5694
1012
13972
10887
10301
9787
775
6530
17074
9195
2944
1639
17676
419
8210
10624
16582
17994
1721
6543
10209
6013
9431
18157
7251
7415
19384
11681
8729
12700
3415
734
19464
17185
17785
17721
8417
17467
7703
390
14115
8002
10266
2894
763
5954
18175
17167
16630
19391
15002
18736
5911
14594
13174
15231
675
18180
2074
12746
17370
17077
3112
14166
960
4169
10015
19455
17017
12001
3712
8204
15124
19890
4237
19566
6686
10579
12621
981
13111
18024
15021
15375
482
14694
2049
9758
12405
14403
135
3285
7921
7515
13900
4399
13867
2529
9032
17387
7785
928
18405
2152
14280
10669
19677
3225
13114
1260
6657
18374
19885
5947
18038
4543
11398
4990
3481
11069
1261
13096
16515
19094
9442
5890
3432
8380
4493
5884
18682
19860
10355
17677
4362
1454
7492
5897
14702
14117
11378
5054
12862
5493
6428
1194
14905
19732
19400
573
4901
13391
4719
11527
14835
19490
13361
7390
4800
2899
8106
13069
2103
2443
13373
13692
1172
2706
4588
536
17252
2278
1290
12672
17929
8280
8135
1131
1018
10051
17067
1465
934
18665
3614
10164
8889
12620
17187
16322
10487
6598
4197
8874
17733
3558
4842
609
4903
10696
18340
7184
16548
17839
838
7588
14789
19233
16468
11505
1117
13119
14643
11011
13315
7232
5663
1571
13402
2633
15515
3683
8945
7019
4131
582
12134
1112
4542
13103
13894
11651
17936
4548
6832
17876
8683
16638
6391
8357
17797
3984
1958
12733
12612
16818
12606
9030
9622
13993
1626
2412
11358
6420
18452
7316
5832
10134
544
1046
4798
12475
7286
14265
15763
6248
8749
18666
3292
15108
5091
4696
8447
14941
12537
15568
2467
10744
10747
8080
8391
19001
15133
2761
14895
8331
12769
7062
17336
13164
15062
19603
5069
12920
16218
11260
16626
19057
12191
8132
4062
15304
5452
10159
18565
16362
13946
5356
5171
2250
6367
18418
12629
10311
16808
5269
2418
8058
11262
4613
5495
15422
15147
4804
16783
10299
5879
16034
7697
3217
11243
10999
5427
9502
12662
11228
19357
13421
429
1638
6872
14459
13613
13312
18726
15591
6973
4451
19179
3445
9999
11797
13544
5118
9413
18812
3752
11704
6704
10781
18196
5854
18707
5078
129
18268
2598
10259
11849
1465
17367
12209
6775
864
5642
7693
11996
8749
8129
744
5950
8273
15415
8154
9360
15490
17831
19631
3773
4003
7242
18754
12382
16459
156
2965
8299
9492
10080
12778
11854
610
8698
10273
627
1101
16090
1167
5051
4141
16473
1015
16784
7234
9915
11272
15155
14109
14420
16402
13105
10351
10760
4357
14164
2764
9323
2985
4758
13626
10791
1652
18224
572
4795
17995
8944
4662
2496
12473
2217
3964
2023
2629
7908
8827
12734
17618
18933
6052
15762
248
13896
7569
8111
15611
17850
10453
1122
18373
8484
9764
18559
12805
19058
19579
18014
5571
850
10030
11361
19934
13832
18637
2832
8676
8511
18130
10981
13934
10905
14761
15396
1686
15431
16892
6914
12565
3092
1498
18855
1117
12187
612
5357
12272
14042
692
2344
16828
10078
9866
17856
2419
7422
16596
505
3115
19139
18552
4052
19118
16260
5826
11470
5215
11025
10181
13478
16330
17862
16336
796
7686
17567
12782
18549
3851
3786
16793
13435
4810
919
8093
12705
11821
10508
18021
6148
17067
11990
18884
14574
328
16538
3041
10964
1415
19690
2208
1982
9453
12915
16425
967
13876
5266
7864
13562
14568
4359
11232
16380
10241
13762
12092
10889
11454
1369
8916
5879
16922
15163
7432
151
1454
16415
92
5530
5411
7094
12864
10863
4210
11456
8891
16586
2618
16058
18803
3809
17916
19764
7004
17520
10103
13281
11259
11164
7739
360
8181
14869
16172
18807
11577
18676
12981
13687
15334
12964
6
2106
4762
2813
5900
1361
7897
2411
4428
13882
9782
9677
13147
5015
8065
9401
3421
10682
19853
2941
4280
18364
16797
10945
9172
1581
15242
5512
19761
5477
7859
6518
3429
5465
17794
13867
9457
2474
3511
6348
7166
3767
17747
2883
5977
16338
3651
18013
5545
5072
15271
2097
1929
18522
18366
5921
4998
15361
1776
4249
982
1422
18296
19156
14451
12151
17323
11517
243
9166
12841
2771
325
787
8383
2726
12522
2794
19319
12222
1390
11463
15197
14140
12066
11430
3406
10935
1335
17559
5695
12840
4536
16598
18183
9986
18468
7769
19466
1912
8039
2690
13123
16291
14037
10132
13742
7707
8418
19619
10991
19138
14337
868
6402
11840
10454
7268
15936
8585
9402
16276
17130
10747
18987
9665
4214
4004
18253
4034
15283
11616
14402
11370
18970
15935
16257
11038
18771
4325
19285
19329
2081
14380
3413
10410
14443
12804
13499
1399
3944
8250
8100
13883
16902
1334
7107
13458
919
10238
12962
2742
19481
14680
16854
9642
3329
8845
8317
883
579
16905
9079
903
16320
12863
3166
11069
1228
11626
14948
13252
10138
4558
10823
14384
16999
6204
15380
10799
15520
4148
12629
4505
14257
8869
17272
12358
17195
15312
2302
10457
5521
16363
8027
4026
4608
14497
11953
5570
19832
19286
12292
5967
10347
13512
14330
16503
15456
3986
8593
6394
4868
3018
1052
11248
3183
17322
1692
2401
5742
12396
14903
1139
9971
4462
215
1406
11221
13908
13857
12828
13668
9709
10096
15676
4909
13646
16751
10549
16518
13627
7696
16664
12792
7364
8619
17118
11174
1004
9845
6272
4958
772
1340
11494
2682
15254
8989
5207
12147
19806
5251
13487
18308
19091
11005
14254
10422
4835
17402
19117
17901
4028
1795
1196
17646
17223
6229
2343
8971
9422
3289
17575
16717
10974
9410
14836
1533
15656
18371
18856
14671
1890
11466
12959
14827
17931
18397
19947
11769
17547
13167
5348
3464
17368
8959
15644
8380
5269
11054
13616
3698
2133
12315
10234
13168
11101
13596
13507
6574
14152
3099
4855
5435
14692
17163
12849
13230
10297
8485
8629
16266
17994
2211
13948
1100
404
5624
6250
3764
3059
13387
14715
19470
6628
12526
8796
19804
4869
3775
4119
18274
8505
14810
12294
16109
19911
3160
14344
18208
3906
8521
369
13629
1828
9546
19899
11437
13235
10338
539
7180
11397
6143
14
9492
16192
3720
2931
7716
14650
3166
8562
6668
1727
13204
7929
2936
11089
7912
15528
19575
11210
19165
6498
16167
9277
5462
4388
18238
18746
10577
4914
19159
5584
4638
10925
3607
5900
11131
19009
13596
384
6285
14234
5697
15167
13213
12246
16720
4069
17197
6069
14085
19412
4597
15630
3034
17881
2174
5724
5844
3980
3897
18421
9257
12086
5373
762
9229
12237
3580
1418
7288
10779
17089
18130
12917
797
17289
17183
4809
6151
13051
12180
8286
7845
19620
16663
4716
18428
14259
3013
195
2318
2286
17190
18263
7389
16847
13371
11368
7207
15871
9076
14124
6735
3470
5694
18172
6972
3692
12762
5272
1979
10918
13544
5591
8864
15456
9666
18736
1322
971
101
9726
18404
19780
7626
14323
13671
18569
8404
13212
19709
4312
10721
4941
576
13702
4355
12105
19745
3417
15113
7791
3525
12387
19574
14244
1514
6043
6579
9370
13319
8570
13344
7834
1169
5166
19461
10355
14905
11966
16711
8638
2355
1083
8247
8173
14930
14783
17348
1744
4943
9606
12592
2980
11401
18853
8576
6809
12358
7627
10733
13054
1175
18290
10456
13450
6905
12546
16603
13482
600
10563
4154
7970
14606
5500
4216
4098
6473
14477
13989
13351
18507
15589
4245
3818
7435
4417
8012
18793
12729
8034
15126
11440
126
5290
15091
4260
12193
11442
11503
17644
17382
7339
5648
13788
13106
13871
15528
8447
3786
10787
2123
16800
1240
1644
18106
17525
16943
4298
8605
2441
10438
5461
3280
4740
7392
8499
4244
2362
2413
2068
17318
13645
809
5130
14797
13759
7522
968
461
16408
10199
12309
7832
9935
14523
8749
9156
18489
11193
15189
6840
3180
16018
18841
12512
3535
13474
15235
15040
10816
15520
12026
16292
9665
13252
9621
16470
19744
7235
11034
2793
14113
13333
13304
19218
2698
18680
17277
759
7979
6861
12885
17664
4071
5312
11360
10601
6404
5510
5774
697
19115
6815
18041
16877
16508
16602
3487
11438
18514
4344
16635
14593
17806
19752
8831
13789
2979
5010
18224
9399
9629
18511
12798
985
18318
9301
10975
5809
16023
19377
12679
14117
1167
9101
18309
12485
1427
14577
10557
2073
19690
2117
8925
16217
7796
5365
19071
18971
495
8589
9370
7367
9701
11588
13285
2023
15317
2037
2313
1242
15548
9511
3746
17000
2336
17359
818
10863
1273
4556
6402
2811
15292
12464
12118
501
8197
16350
15467
18130
1441
270
11151
1580
11350
6670
14429
14639
10991
3235
13684
11625
16295
16269
10516
12804
2641
12456
14868
10512
4226
13358
2722
18969
7324
18970
11256
8504
1591
7720
19831
9573
13870
19449
291
8458
2852
6002
7067
2035
13553
611
1011
4418
172
18437
7824
18207
16183
11261
18687
4076
10850
925
7218
1270
10749
6954
7704
9575
2045
14168
14328
5785
13034
4145
3146
3173
14307
468
786
11386
8142
19706
17689
17929
4352
17876
4330
3676
4965
1201
17542
8775
12781
15100
4421
17782
4371
961
2538
12966
8587
5840
4289
9169
968
11034
3159
6721
999
11545
406
7717
5947
11692
14204
10945
694
12831
7607
3487
3536
10281
17823
5700
19927
14319
3088
17918
2644
358
13186
3769
11638
54
8391
721
4285
7257
15200
3713
2532
4515
14140
1594
17612
10300
10830
5839
4706
5256
16682
16749
16140
18024
13500
4264
8821
3290
2662
13841
19026
14811
10548
15812
10704
6988
16252
1693
17148
3122
17783
7178
6863
14903
17527
12540
9364
1455
5637
15895
4664
2229
12792
19625
4684
10803
3155
4567
10425
14688
17115
19475
6498
16228
18547
8874
12335
5912
4215
19002
13275
3880
12178
12192
15515
11706
9052
17071
8840
3784
979
573
9324
552
19348
10327
14758
14574
17494
8693
985
18439
8932
17736
7991
6950
5109
1104
15685
19036
3946
9034
8652
7808
11971
167
19100
4654
3294
18008
19164
14540
12589
3236
6866
1671
3762
9084
12331
15644
17434
9798
3144
18770
2228
7125
5734
2501
2733
9402
18472
15774
9353
14516
9635
7005
6943
17378
19558
985
15889
14745
17187
17342
17159
7762
4063
9909
4839
5339
14994
13313
915
10125
4698
741
13184
9501
4035
8836
9678
8524
15819
2048
9032
15865
13525
5444
10106
631
4461
4477
4010
12921
16338
4387
4277
19369
2213
19125
3911
8984
10221
7842
16630
16943
2212
13604
19739
612
18401
15911
6158
7337
14083
5416
11485
15743
12758
12440
6216
7976
2629
11296
668
2329
6461
7774
6987
11630
7898
2701
12356
1655
11696
3939
10004
19984
2136
19987
12249
18287
19861
14931
191
150
3106
10649
6809
3625
6170
6078
7229
9273
867
6212
19004
3423
1783
8948
12924
17700
11313
17472
13813
989
15505
18759
10820
1396
15980
16502
15983
673
7379
2732
8598
18839
1565
16662
3058
4251
15508
3001
3693
1936
5658
2927
15805
16526
2357
2664
15966
7729
14014
19921
8299
17901
5314
10706
11193
7326
16627
14642
9296
2014
19246
6197
231
5456
4393
7429
9883
19066
11033
10862
3083
2735
9629
19363
10547
14090
5259
13663
19396
10487
7893
11046
3612
17515
4600
10986
16007
19060
14113
14985
17169
16842
8795
8531
12582
12933
12345
4361
16841
7752
7772
10785
2317
13979
1090
11526
9075
4983
5868
15164
14049
6587
16267
4290
10523
5947
12454
16080
3841
16856
19850
8992
15013
14282
17326
6249
3463
857
16481
10790
15471
19116
5331
17077
14374
11160
2109
571
2801
12506
1485
7236
15274
18752
9842
2153
7133
4386
6433
11914
349
10638
19362
13979
11489
8065
18650
9916
10398
2865
11957
14271
6849
13127
16591
3182
9225
10378
480
5733
12543
4566
19490
2523
9460
19084
1152
10462
17845
19843
19933
4476
9293
8668
2653
6750
10647
2195
6260
12079
16158
12881
14025
19226
11028
6655
7271
12305
19691
8309
8352
1290
9779
17584
15390
19140
4785
4193
13864
15783
12440
14274
4717
7529
3334
11428
19312
13933
382
17733
10352
15175
18365
17437
1586
11866
13019
3191
2477
19682
5249
1820
2162
1261
6049
12426
11510
19043
6134
164
12446
16967
12473
6596
2566
4086
19900
5260
430
15565
5607
9689
993
10279
5102
19544
10115
8291
8779
851
16950
1284
9949
1892
14633
15442
14364
11498
158
17213
8695
9977
19286
14306
16012
9420
2076
17799
7492
8374
19850
10784
585
12469
8572
12308
5668
10536
8623
2041
2199
7895
15829
19707
19924
1905
15257
3996
7960
563
2153
14550
13960
3332
19588
1884
7814
18814
13634
5151
17200
7686
18458
9611
437
6237
8500
2289
1812
17103
460
5760
2228
2056
10047
14605
13370
12806
2966
5265
16330
18890
15116
6993
15357
14472
4541
17657
7834
5950
7789
15938
15604
2498
16978
1299
865
883
8607
4323
14099
12530
19085
5148
5460
17385
2376
8539
4578
5481
19988
9428
11429
19666
9819
11059
4393
17003
16852
12957
5309
12721
9904
19957
10054
8044
11812
6874
13536
1053
6318
7853
5107
17844
4039
5009
13454
319
7844
10091
9506
18108
12360
3497
5757
6031
14665
191
2786
1167
18205
16204
12802
16538
16449
1979
15321
18729
15749
17574
487
8639
3000
8148
5065
14331
4588
4067
8211
556
1414
12385
1869
10724
4452
16756
15079
19141
13515
1178
634
19064
6251
10506
2301
6269
16625
19289
16417
3805
3466
857
553
4571
17263
13980
12553
5961
9106
118
11450
11158
10850
10624
16054
10309
14622
19289
5719
5497
17172
3143
583
15980
4597
5467
17635
2079
6583
12915
9009
13804
18374
19737
18587
19031
840
13512
17511
18723
5643
3822
16628
14400
4014
2477
18931
10242
10409
10140
12031
7246
13625
10251
603
11405
18540
3012
14343
18979
1669
5196
10591
17529
15085
1448
1040
8118
15191
11037
1206
7980
17421
8368
19351
5903
14300
7340
8342
2177
12025
3969
3862
4456
10190
16169
13835
2656
12997
15399
5054
5229
10320
16329
12893
4265
10515
6732
5404
8124
3503
10974
13100
11786
5867
5886
11350
18982
7553
10207
7797
4036
930
12748
18765
5771
7111
11174
7051
5353
14293
10089
1243
13633
13292
14669
10464
320
10604
12103
8724
8974
8837
1775
11836
1407
6681
3517
12838
12937
14544
1037
13378
13264
7640
7841
15034
3868
1175
14790
5104
9196
5071
1390
11570
3908
1004
16828
19676
12546
16621
14495
4427
17967
16716
3573
12313
14160
11692
15153
10330
12252
3038
18456
16722
19720
2608
13477
15024
10110
11859
2828
12363
18029
6727
10715
12952
19833
10565
17884
4709
4307
8840
19831
12821
4579
18457
19252
2297
17921
18326
7423
5543
6212
11775
5444
9401
7474
10236
9658
9284
1301
19118
19964
14611
1423
18609
6322
10784
15716
4682
18798
12207
18550
755
4914
7207
15438
18944
14799
8750
5238
12045
14185
9760
10372
7814
3958
8779
12720
18546
10117
12745
7526
16541
14011
16027
14199
11905
18968
12031
10218
10256
7352
7374
15088
14305
15958
17301
12245
5140
8491
6413
11954
36
17844
14681
8320
5544
6802
7164
14119
8325
650
12660
19252
8852
4781
4055
13001
16779
4338
14760
16910
2379
1950
15222
16741
11046
5830
13682
9051
17162
9355
3402
16250
17999
15653
16039
8124
5657
5051
18655
19259
1577
17901
15896
15523
3014
14645
3834
6216
15140
17730
5008
3956
2735
7044
5019
15225
18934
2534
14962
12356
12918
19060
3641
306
4418
3646
15581
17181
12012
7061
362
12719
2291
19475
17033
18840
7209
15575
5914
2714
991
11885
10089
12288
15983
2252
12592
14959
15045
12761
19753
13269
13420
13898
13486
7102
15217
14756
17584
11878
10358
2213
5776
11080
12725
19902
14876
53
8942
19640
12713
6753
3023
10712
17482
3031
9728
12413
9483
268
5672
7621
12172
6257
12607
6672
3421
14306
11440
16316
9139
7291
13994
19887
10628
17771
16613
19827
836
17248
1036
7740
12733
4418
11018
18853
13796
12348
14229
11065
8190
11444
9650
5197
8495
14428
547
6794
1242
1409
1780
14440
9562
18177
16702
11286
9275
6618
16117
13751
2774
1117
4853
1926
19048
19744
836
10810
16494
13907
9347
19588
8734
4075
2839
2581
19237
6810
14798
7581
16665
12192
5424
16046
14522
10939
3684
15679
8842
10777
13819
9100
13541
3246
10589
1371
13663
13441
16047
10489
11225
17697
13118
8835
8608
1013
18283
4737
19554
11344
8786
6220
15533
12323
2456
1393
12934
10413
4112
7597
1187
14830
15754
2104
15110
7385
218
30
19798
5767
18976
8424
5563
14696
4729
10874
12278
309
482
13781
2491
12577
13764
2012
14636
9454
10112
5076
11155
15867
1815
12101
16411
3195
8535
19581
9035
7265
11134
2548
1921
18359
12972
13066
17415
10734
11017
9708
18549
10256
752
5909
9475
15889
16023
14449
18824
3044
1052
9437
1012
6410
3917
8298
14054
6309
14004
2945
17099
7274
11517
3744
884
18453
6790
1634
16178
13239
1826
16573
18417
18634
17513
16165
5550
197
384
17678
4150
2090
7488
4655
541
13725
7622
17281
4888
10288
6903
12582
15575
15225
10989
13511
4098
9221
10210
8566
5871
12837
19959
18802
10781
7
14146
16137
1041
2592
8947
9528
6954
5413
12865
19245
11267
11512
3061
14669
6884
17183
2898
14578
17925
7153
4736
7180
10945
2634
15412
6345
4659
10558
5277
5967
6895
15338
5294
12325
19583
14982
18819
434
4504
662
12914
17501
15481
15904
16175
18515
17184
3192
16923
11464
18281
9494
5770
15764
2147
16553
528
16638
19057
5157
15272
9591
8890
16952
865
4733
16365
14683
6053
16928
3348
14948
9798
1666
15476
15288
2248
19927
14591
5693
2693
16939
17942
11533
1473
10851
4382
14342
2475
15579
14525
8063
18028
16495
6225
4053
12943
13301
19086
3236
1261
15976
13682
11601
6579
10240
18311
18404
8403
14588
18068
10003
6180
16641
19968
11705
1911
2076
13572
5061
15735
291
748
14799
10588
6650
17162
12517
13100
1042
18998
10116
2382
17515
15206
13026
7341
11962
4294
8200
17829
9702
12117
1438
9453
1933
1244
3102
12448
18307
18699
8074
5834
4154
7889
18361
19020
17373
9911
8204
1804
12182
13978
11967
11837
16912
7108
13211
1414
19446
998
17609
1073
9946
19092
9665
17522
2322
9117
18368
18
17757
6181
12696
15927
15076
2944
12033
12818
19323
1517
3469
9988
12550
19661
18490
5293
11960
9536
18336
16915
5911
4634
138
9068
4380
18406
12961
10025
16566
17271
13796
1791
3694
4775
5908
6450
18853
15182
6860
8287
4249
14657
17197
5415
10374
18148
6679
3188
8042
141
4213
10953
10497
14263
623
16874
19663
5375
14882
3205
13212
15231
18221
9275
18137
101
13346
4111
14721
16399
16541
874
8186
15813
19920
11209
10267
14770
1596
17380
6888
224
18173
5627
3160
13360
2557
14558
1399
6003
18824
505
7944
744
10303
16827
6562
11571
17414
2178
19516
10134
6296
6469
8291
14894
6106
5662
16679
12428
18317
433
2550
10542
19677
2589
10848
7738
10166
8926
3674
598
15127
9692
15902
18631
11422
19923
13423
9764
5027
11872
14970
12055
19969
6117
5943
6352
2351
17722
3248
13989
15820
12176
6521
18601
16185
17731
19613
12839
12480
17659
19417
14140
11474
10335
11745
18735
10607
3383
1249
5390
5182
14236
9151
15782
7453
19838
5371
15390
13682
12817
4440
4017
1119
1333
1812
4550
3284
9153
10707
13614
13087
18092
17210
1017
10430
13495
2807
14933
19669
17594
2590
7748
8987
12169
11855
13400
4943
11011
13011
14606
2248
14488
3908
5989
7210
15380
18892
5977
16436
10667
3558
10112
5526
17443
6081
14625
4735
11641
2691
10540
4021
19153
13514
5593
4798
10109
7790
8705
13627
3529
14274
9491
5749
7169
8793
13172
8559
3840
13413
12118
5083
342
9082
19444
16136
4853
8625
2279
5273
15224
10793
12072
10865
3151
12777
15875
1483
8588
18304
19732
390
15044
9292
5312
13789
13026
11673
2418
6644
13198
5666
4273
16622
2005
13523
19675
14428
3253
9423
8641
15856
1511
19437
7518
18607
7178
797
7444
15717
17256
15369
10373
7763
10151
406
4491
2211
15342
3882
1620
18556
17265
71
3870
13681
12476
1685
17387
16307
2904
6239
2561
6087
15356
12467
16609
9170
10612
2285
7233
18353
15494
4237
13032
4134
18855
7940
7366
7116
8665
11054
10894
8491
15391
4634
13905
19367
12831
17989
11767
14835
14770
14755
12572
11171
7755
2271
7493
8575
18337
17979
8702
14003
15131
1872
5906
10499
5783
4889
1574
9564
11991
12747
19314
3942
4361
1244
4509
19477
18098
5157
6004
2079
16502
19746
12966
18728
4582
11094
19871
12441
8806
3563
11807
8623
19930
4055
6711
10991
19276
3546
9279
14551
8573
7940
8087
11248
12742
3251
8120
7263
41
13306
13333
5659
16505
17886
14868
2682
14755
19834
16419
7044
12055
6754
8888
5032
18007
8388
10090
77
9466
1034
15845
17024
7005
17308
5614
4909
16072
11171
2548
6921
2969
14088
4975
1932
6831
12539
9784
508
10580
4656
15140
18692
17479
8035
16669
6307
5478
5852
7007
2593
17045
9486
9068
18525
16237
15033
3597
16257
7332
15663
5414
10583
16148
6996
18133
14805
3339
12894
9094
13779
18351
17692
8246
9854
7916
17683
17698
5348
19643
4612
11467
12208
11024
17961
3496
10864
16320
1022
1384
19537
2733
18652
14595
14028
3024
7072
18715
7418
5634
15883
17652
10435
10183
18946
5613
8884
14423
5494
4379
7727
17738
6142
18145
4604
6368
11584
6125
10430
19562
19023
18513
17344
10072
10765
11101
18606
3392
1138
18582
19583
7784
7173
8981
12112
18928
8775
17470
1101
15487
8687
1499
2600
3464
13487
18421
10860
12376
18902
15
10474
3647
15151
6591
12530
7001
14215
13257
6463
4952
10956
16569
19849
18000
4816
1757
6718
8798
2509
7069
13450
13398
12514
408
19602
10024
15484
3676
11073
6349
10928
9281
16730
18932
5956
7459
5004
10916
1997
9787
3747
13485
4787
12281
10619
9103
5617
10591
17136
12710
5529
4477
16881
5873
3509
6276
15570
1757
15943
17801
6305
19891
10289
12825
19120
5819
6897
5171
5809
524
17124
16903
768
4977
12364
10953
7898
5113
17804
5521
16939
8986
5200
10354
549
18499
17321
9716
9132
14301
11382
6161
7119
17790
4766
15913
6929
8074
19418
15331
19749
5509
15344
5120
11064
26
17305
1085
15848
6049
1956
5541
16691
15728
4884
6256
19946
7009
10148
15133
10532
16732
19243
11879
18671
5761
19995
14023
1825
19988
9379
17157
18124
18693
13428
8444
14736
3962
11072
15722
19755
19676
18110
13808
1036
2651
18602
18572
2533
2143
17322
4241
13918
8716
204
3168
15109
5488
14795
69
12451
13005
16784
12112
19883
7230
8244
15854
16908
7239
17188
8515
11782
11453
12061
17702
10841
591
16823
19930
1624
11632
17502
12933
17565
1538
12603
17038
6870
9345
13778
14840
19709
10793
15109
19829
17477
13604
17621
1513
5168
15316
18760
6141
2558
12378
678
6907
1535
12256
61
9645
4266
15721
3909
19405
19270
6707
17438
12296
17285
11462
821
6100
7249
3772
7334
13194
18430
4717
6715
1058
16607
565
7218
17131
12853
6788
18044
10947
10274
14979
12930
18937
14652
12510
17506
14812
6973
15858
2776
4320
6678
14964
13464
12909
11588
12091
9687
7203
18907
7115
19689
10126
9247
18271
1508
15425
16369
14546
2628
5554
2822
15786
13033
9779
7764
11298
16410
3432
4549
11763
4140
7242
238
15422
12638
4023
19450
17112
15868
3315
9215
13970
15139
12607
12242
19108
3236
340
10038
16694
5154
5916
12911
16587
4085
14734
13269
15882
1713
10756
132
10634
9728
16282
3376
6009
18860
10437
8246
19593
7097
9358
18734
16440
19535
2090
14940
314
9429
11127
8134
6437
2904
17685
3200
729
16588
5150
451
12202
17770
15683
11356
2955
10775
10053
15584
11577
9157
8621
1085
15425
8050
457
9132
8527
2510
16675
11203
6164
3003
3487
2023
10899
397
11344
478
13448
14480
7512
2466
5813
17961
3227
434
7243
16757
318
2467
11729
7757
14114
19507
14420
8747
4567
17822
5387
4902
8734
11497
6886
4633
4319
16540
19955
1763
7043
17869
8972
18535
8143
3511
192
1267
8734
4394
4220
4669
12666
8155
18230
8458
11223
10620
3958
8552
10796
647
4322
12155
18991
19444
3492
9493
17483
2825
18682
9502
9952
18705
7993
6548
13368
1669
4863
14315
13569
5959
9460
9749
7340
7790
8700
3325
11457
10332
6620
4366
573
3051
13670
14928
12841
18021
12802
19986
15096
2387
4987
483
18109
3629
3556
19450
5318
7377
2469
13430
17593
8783
19014
19200
14633
2144
10998
8749
18741
17206
6200
15519
12541
15887
2635
17098
19106
9155
1909
19700
19833
3965
16267
17366
17004
6663
8255
7743
13197
4861
3911
8376
19576
9540
6342
7362
17732
8659
18489
1339
14437
13359
544
10976
15713
16053
4423
7181
12908
19441
19311
3359
1827
15275
10430
9978
12066
3681
800
16678
3714
18255
18777
15284
5363
12747
12232
14015
11889
1933
8697
3886
7270
15979
13703
533
5404
6371
14891
13499
989
8306
8198
11639
2921
258
14056
10356
15315
2432
13754
19059
18041
11626
11950
335
7486
5959
11424
2107
14693
1553
3657
3048
3052
19534
11137
8323
2019
7453
6286
10203
12903
5963
45
3744
19296
7557
10460
19495
8019
12391
13473
4778
13348
6387
10235
12620
7116
19454
12227
634
14547
12900
12030
18861
13899
3196
12482
13964
10857
19877
11074
5007
14655
1088
8472
7678
4026
4632
16654
11415
2934
6972
4874
10927
10745
7213
9491
11408
13011
8306
7428
14112
17424
19081
18188
7874
14423
5176
12894
3318
10050
5537
11804
17915
8346
1812
5308
2741
4366
17439
18324
19882
13488
14625
13799
19462
13452
3452
11915
6238
902
4232
7254
2609
4655
11236
2246
19850
1187
6055
74
14051
1539
4693
17296
18020
12234
6573
555
16073
19085
4927
17472
4193
8084
17019
6926
851
7600
2692
7479
4123
11640
4420
7279
6737
14404
8089
7073
17162
9957
8077
1624
3641
991
15971
8625
334
14244
11917
11738
4254
8654
2875
3495
12227
16632
14093
11153
10810
13273
5354
14443
14986
11679
2825
18371
13892
4996
8461
7056
15174
3503
17901
11870
19482
8874
11953
4148
9756
18588
10041
4574
12472
5474
13239
2332
9841
9614
5373
12294
191
