1000
1881
1453
162
1702
313
1191
673
1133
230
1987
307
900
1872
290
1456
369
978
1257
1174
1413
303
1476
769
1210
390
1267
1461
246
1876
1426
699
877
471
215
134
99
1067
1349
1249
1438
467
1485
519
649
757
948
1742
341
722
159
704
875
240
1435
360
877
1638
377
1382
1930
916
1206
1935
80
205
297
36
1739
1986
470
252
332
316
79
561
1397
1877
970
660
416
755
1662
462
1823
402
503
1029
1759
1581
489
1239
550
1065
1841
533
235
894
278
495
884
1555
1935
1848
1722
1221
1038
1190
122
355
666
1032
1765
633
1082
964
998
631
1325
1308
131
222
55
252
1997
519
1430
515
194
1343
611
380
1538
466
1267
664
62
483
813
601
1468
853
1318
61
1159
409
1032
341
1988
1189
241
738
1359
493
520
635
1988
449
1786
1388
969
1731
402
1375
1976
355
1448
1216
1419
1097
1216
591
512
429
131
583
508
886
1563
438
188
62
263
1241
374
367
1342
1382
110
1661
1825
181
1300
1854
489
1819
187
1434
1120
1108
1893
1899
1931
1260
1193
641
1540
571
375
997
1863
27
290
904
690
151
188
1367
1455
1057
1264
349
1774
1920
344
1493
155
341
510
378
1072
568
1200
654
1779
1620
1757
1171
351
1755
587
1625
1808
263
1419
965
840
1519
1541
458
1679
914
1261
54
471
1571
359
1340
861
768
838
1689
1259
1169
1248
1445
203
986
1021
1512
1590
973
350
87
1083
1615
1259
1882
59
1189
325
1275
1792
299
650
1180
750
768
1942
293
434
946
662
138
1271
289
584
1253
567
1795
1679
1477
78
1812
1571
706
1435
327
1477
1403
800
509
1920
382
1512
1696
1514
1539
1240
1309
665
374
622
1645
739
336
278
430
302
1649
1324
146
887
940
123
980
46
510
1444
466
29
556
794
1931
249
632
714
759
1554
1631
713
1197
613
1059
1349
453
192
560
77
1419
1349
269
1693
1660
696
642
1281
497
1379
1616
1962
693
1225
464
527
1124
214
1324
1915
1970
1621
1188
708
628
28
63
1740
927
1938
1823
1152
780
833
1998
1214
1173
263
1162
131
1087
294
27
1234
963
666
957
401
619
1787
511
1758
357
1112
454
382
999
804
366
1846
1423
1901
367
403
757
1366
744
51
97
1895
1082
1526
690
1867
1827
575
530
1143
1286
965
1155
890
1764
1591
373
1535
1785
1852
1848
1023
389
1031
1081
1492
1301
1081
1851
1880
461
337
1507
989
1893
318
751
486
1549
1494
483
561
654
239
1730
776
1439
1274
582
1101
928
351
1661
867
1831
1523
1488
1291
709
1095
64
540
1475
747
303
1452
1742
927
1753
1451
1005
553
1821
1071
379
578
1580
1353
37
203
1516
1606
1569
190
1177
1698
1593
975
553
1639
547
1521
1258
1716
1454
933
1803
1609
59
1613
884
1710
277
494
514
1282
319
756
867
1601
777
271
634
1647
1070
1627
1392
626
301
318
407
1964
18
779
748
469
977
131
1289
295
1934
939
4
51
363
1448
119
1921
1423
983
716
1236
624
1913
805
1516
1021
140
70
949
810
261
464
541
440
1720
1050
147
1296
1514
1757
379
572
1070
1741
1150
1859
892
560
686
191
1280
540
1926
1341
1758
1889
208
1920
1907
111
913
946
502
1205
991
1528
1438
536
914
208
1645
1917
344
90
1834
243
355
464
1452
560
893
67
1602
710
940
884
288
1489
1408
188
740
1504
808
809
1943
77
981
469
815
939
439
1060
1808
1083
371
1306
451
1595
102
1238
271
731
51
1935
611
1934
104
1770
997
1866
159
389
645
1707
496
1155
539
1514
1188
1589
672
933
1876
1761
88
1628
592
961
1084
55
235
1450
1046
1015
659
359
309
568
847
1650
609
1311
1234
703
1592
1158
1292
213
759
721
1167
1978
1540
1516
366
442
488
1267
1602
387
1706
557
198
1695
1878
1478
962
1759
45
632
790
401
1382
277
1356
1854
1154
500
1199
1459
1965
885
1371
1017
1569
1235
1994
1603
1988
1365
1277
900
545
912
1132
1258
1076
877
1220
1499
1311
114
991
1658
1898
784
418
822
1943
1161
1807
415
1347
1787
1371
438
1801
1902
1146
785
1345
1669
422
295
1733
260
1247
1278
1939
1055
1564
1150
495
1035
767
1329
864
820
1495
234
1851
1673
63
1712
717
1255
692
293
81
641
1043
1495
1585
713
1441
882
1130
190
1348
1679
1752
273
799
1614
672
1445
91
1259
461
1668
672
1024
1505
856
531
1863
1853
365
1849
986
1613
304
1962
1481
1434
1699
1121
1335
275
1616
687
498
214
1319
80
1581
1575
374
1093
1756
355
1636
496
875
175
155
1119
1018
777
1728
1183
617
608
799
1569
1260
1488
1351
922
668
1701
448
261
506
785
1493
467
336
264
1521
451
1622
792
10
1244
526
1127
1669
343
1613
1268
820
1657
518
847
323
1182
1876
1429
1547
82
1907
612
1376
200
1404
1949
782
1133
12
311
955
1095
1759
1279
344
1688
1630
1309
985
894
1507
1795
271
508
804
367
1503
1555
1028
127
369
330
1297
1332
1382
1438
11
558
262
738
1587
519
742
471
1323
829
803
502
1055
1319
637
1322
1328
1560
1667
1452
1289
593
1095
1302
1376
289
1133
1913
1803
584
1605
985
1451
745
579
389
1770
750
935
693
637
149
318
1421
1334
983
373
254
776
1145
324
1036
999
1148
351
1418
