10000
7177
16903
3584
13950
2915
19816
1458
17227
12122
12080
7880
13084
1665
19625
15855
15236
9370
14359
6688
5078
11001
2090
3628
15108
13014
947
4709
15913
13326
2419
870
7170
1847
15214
14976
12246
17438
3007
16930
5239
3359
965
10789
11681
1504
7355
12113
18879
11402
14598
16624
18925
14053
2247
19725
17239
6768
4080
13127
19585
10105
2355
11576
1440
17247
18486
2940
16741
7329
10243
3041
7322
10882
18716
17610
12357
13692
9483
17311
16841
5022
7288
1173
17708
16228
12308
8918
13108
3090
19953
9452
9962
6828
12980
7503
3168
13940
10147
15816
17230
7649
3417
10337
10552
4984
5529
16748
8684
17290
10911
17901
6344
9706
19985
1924
5784
3401
19508
6587
8797
4592
19611
6952
713
16217
1178
10783
4166
13866
13722
6200
19830
12688
3941
9464
7510
3316
4256
2174
6844
18204
1305
8269
19135
11361
5878
10225
8149
16743
13164
10576
3415
5855
5841
6574
8161
17173
12393
4668
5750
16150
3709
6271
577
6851
9355
8729
17942
11882
1846
17206
15862
39
8637
12404
17905
3703
12009
17967
18918
9748
5760
18537
18150
15794
6168
4627
8663
18644
13669
16251
16692
1324
17554
2130
18834
16046
1646
19320
15389
7951
3806
19717
11360
7327
8817
8599
9476
6944
17745
5460
4304
3970
10996
5467
8623
16509
11410
9419
6063
8554
3569
16783
8037
12703
8765
18020
5293
10469
16019
13513
2351
19414
8796
66
286
8376
7831
4425
3867
2097
19759
10097
150
8967
8044
18104
2100
437
12709
15849
7276
7851
5523
19531
19179
4419
15584
15786
18967
8027
12318
15936
6897
7828
16117
17055
4563
19558
10804
11229
17433
702
16329
19421
2077
19061
19115
7638
14234
14798
7764
7202
9586
16907
15469
8069
6219
13900
1
7864
660
1862
19731
13361
4165
2492
6284
11889
7620
11101
5452
5130
5540
15705
34
17674
6664
10785
4055
17384
12678
4346
18244
4074
10790
17854
14691
18320
19817
13711
5955
18337
11655
10265
9430
15665
6480
9155
16133
14763
19828
5137
5283
5761
8351
13177
7870
7693
3356
18911
6482
3490
7386
19664
10999
4020
18220
13047
6011
225
12618
7840
459
1050
3476
8935
11562
15314
5783
7868
19716
14851
13992
4437
10588
19767
2510
3279
19778
17113
4572
11267
6144
12248
16860
9153
1267
19285
15207
19340
13399
16810
14288
1810
4987
18615
9344
18341
7348
12618
892
59
13038
19402
3524
11519
7549
12865
11477
6801
113
3683
15853
13217
8103
6911
10254
16579
16156
16193
10075
367
8604
10049
19776
2905
15193
12940
1039
9768
12824
4908
9925
17460
15270
1655
5131
11137
5128
17585
8919
819
5647
15711
435
12557
7305
3817
16245
16905
1876
18027
9742
14646
19310
7897
7071
15849
3593
13004
18532
1058
4986
8781
244
12957
8400
10428
545
3280
19009
4189
15354
12615
16512
7968
209
17850
939
18028
4246
3080
16673
5928
14209
3443
657
14341
18991
15895
3277
19691
1380
9160
12286
6271
14383
2471
2544
12430
17355
6720
15342
9016
9729
9220
4617
18267
13003
2590
14289
3675
12244
7475
326
12460
17307
19995
12072
4412
12726
2903
12843
4223
50
10606
18471
11383
921
15944
14155
14240
17933
5766
19633
11414
10480
18715
17709
1252
710
11851
5311
11114
1586
5215
16520
11306
1149
16610
985
13007
17046
3644
9638
14458
10899
2440
12538
15018
8501
17587
9892
4295
13002
4052
5327
2828
17067
12706
912
15566
13862
16663
4472
7981
7574
6751
969
17751
13198
11356
9958
10451
19029
7930
4099
9392
2026
1898
13915
19435
12105
4285
17984
11031
19526
1407
492
6092
15574
557
13911
2830
10574
12628
13442
16921
5923
8552
527
12710
6095
18045
3668
4829
5749
134
2532
18007
8188
15719
18221
7470
2456
7865
7009
4547
5126
19642
15820
12428
11957
4655
12900
3640
17346
13559
13503
8160
4220
5868
5342
8364
14695
19449
17286
7135
10076
19123
9103
7937
9293
13621
12854
1159
18629
924
10413
10784
15054
6011
5331
15934
300
9468
4542
14431
17191
18420
7283
19704
12903
18210
15640
989
17624
3812
4706
6991
16844
8181
7208
14978
16191
13287
7736
17130
12854
10169
18439
18402
3809
1813
1220
14840
4256
4201
2790
17720
3009
13407
13988
8724
1223
2171
1571
9037
17926
2833
19242
14816
18539
16865
7345
528
9113
9392
17656
2220
11214
7908
2964
1820
12964
5147
6692
2957
9715
17481
1506
503
7475
5324
17940
12328
10848
8045
6722
18415
10006
16470
15811
5382
7836
5674
14256
2685
19741
16037
1530
3967
17489
5522
2583
2243
19034
18819
19415
15186
7146
12944
4405
16975
9122
10223
6856
19656
5397
3788
11994
5720
9292
4741
2064
11606
5058
8069
18920
6109
527
6043
13377
6873
194
6966
18836
19563
11336
19551
9312
8761
10569
4019
8899
13877
337
16988
8964
13224
19500
11691
17741
15963
19147
10003
7351
8642
16963
13541
2397
1894
3060
1636
19283
14477
8167
6020
7023
11303
19761
5188
19685
3832
15252
677
18352
9341
18853
7942
1740
5245
18248
12542
4385
9197
16855
15285
18746
17408
19618
11550
10068
8074
1904
14837
5938
11663
16643
5457
9229
7852
5242
6855
15368
14497
1232
15259
17153
5178
6561
14403
13956
3321
8877
17082
7642
8802
14965
18493
16798
16643
19907
18405
14064
157
14662
6530
17187
12787
10938
18065
16529
18382
2150
18970
16110
19050
10015
7560
17977
19969
1002
16549
8399
50
19327
12114
17754
15150
7241
15520
11047
10623
4649
6894
4213
4052
347
639
12969
19213
15216
7831
7743
352
3130
14354
2394
18918
10758
19937
6333
8422
14052
130
10738
8475
19842
10266
6055
11748
918
4626
2553
8
13882
2379
10952
15363
6674
7936
7082
13490
13449
11095
19387
3351
6937
18947
15538
18697
10570
729
6351
1404
10706
19116
9873
19560
7802
10887
6340
5945
18849
8775
663
8466
1753
8947
12971
6622
6479
14008
18408
2933
745
7045
19338
1927
5064
18912
19416
16520
19693
3236
3989
19544
14936
9912
2671
12813
13835
19052
16405
16576
17261
13842
19622
17713
1578
12951
11429
13592
5080
9565
2728
12681
10644
9942
9935
17347
2187
3711
18225
2933
2709
18295
7698
2093
6587
570
10194
12575
18457
8414
1695
19822
9631
10185
2122
5626
11217
3917
10775
14918
14734
14081
16110
4388
14670
5150
7502
19168
11877
14259
1281
10118
10020
4421
19339
14769
3582
2374
9116
13808
9864
400
11685
12951
11578
8319
9863
12896
8018
18248
13319
3547
11000
19898
4413
13561
4891
3504
5772
6801
16954
17999
3980
16782
9824
15074
4323
18389
2342
12912
9362
854
8732
3607
9451
16270
8483
14311
8480
7223
4209
9341
18647
6221
3607
13306
4379
12541
10752
19232
14092
14412
14287
9065
2965
19873
2379
16195
15646
12720
10935
10572
19512
17444
14170
13190
8438
12968
5629
4694
1243
10515
19026
18751
16782
18126
14514
12438
8938
2946
4319
4450
12114
12163
4104
11699
16513
16435
16395
19228
8096
17588
18420
18637
14769
11566
11140
1265
7816
17977
19437
8385
11578
18344
5881
15651
7949
338
8715
13091
18703
13886
14269
18283
6562
9034
7528
12418
13844
15928
13250
13215
814
18262
8002
2697
7426
17000
13631
3789
9767
4852
5814
11770
10850
11338
8970
15324
12570
1486
3174
7699
12269
4100
15710
17839
4481
4694
12148
9898
2226
8228
11574
8994
15562
11753
15428
1298
12464
13351
239
14797
16983
10734
11229
18102
374
11662
7626
17022
7736
16662
13928
17659
810
13512
14022
11105
1394
10235
14991
1023
15711
18316
4938
13273
16059
2786
9311
2622
11996
15453
7257
11589
6682
15675
4678
8169
18684
16838
15643
13566
19435
7037
12244
4334
14184
18718
8314
2645
14873
12429
18942
15477
12734
13123
14625
3863
6658
11637
18582
10751
4045
14112
17823
14570
6742
10862
1428
17159
3030
5960
10114
18415
10328
11193
15311
578
16876
12474
14300
19456
5851
6975
11972
19200
11572
4125
17281
3984
2917
6230
7278
7018
15557
15139
3174
7216
1038
15932
11307
9156
12489
15943
15235
17318
10562
15387
11389
4714
11802
1584
12210
13141
1690
2438
8998
980
14661
14798
5741
4889
8935
16920
18346
17427
7050
6201
14419
1513
11367
19641
15120
11347
12601
6519
11970
950
493
13658
5025
5849
8405
7029
8702
16840
5117
4117
12903
7909
7253
170
4873
13093
17388
10128
6543
15022
19614
1977
15592
10828
5060
11384
14663
18826
10665
812
13636
4019
12797
5096
9440
9765
7811
9787
18405
366
8677
8609
12652
3974
8455
421
7768
18633
1753
4657
16704
17519
15429
4276
9002
4586
19049
1614
5459
17084
10815
1819
7339
5362
13783
13658
17085
10848
4966
9720
6636
12666
3992
5598
11512
19277
7552
17396
5184
16984
5937
10512
18402
1642
11589
7903
10910
10393
17050
5807
6745
6044
16093
6359
17692
10854
9502
1507
19260
15424
18659
4735
9973
9921
9368
15743
17904
18860
16356
5162
740
19302
11384
6753
16920
12723
3648
14063
19622
19853
17660
10030
12284
7327
17480
9395
5436
13668
12950
6776
14851
16535
13246
8549
8966
16374
8556
6745
6232
18392
10487
1722
10312
10920
5234
1847
2375
190
18971
13271
6504
12632
19089
7360
14912
11162
13699
9605
19277
17343
5124
2029
11635
18362
8122
1308
18561
5262
4213
18208
16819
8646
6685
7482
18128
19921
9732
14823
6099
17246
19802
15691
1287
11537
18720
6841
8139
13823
19732
19776
17237
18091
13515
11733
5907
3037
18908
18937
12684
1660
11577
15624
3941
17768
3513
4862
16928
10326
3505
2693
15167
13865
17889
159
13126
10409
7274
460
3358
131
15165
1977
15670
6141
8111
1381
14660
8852
8265
753
11818
9076
14139
13156
8371
14931
10928
2776
15900
3594
5853
12196
19599
15729
2483
3335
5707
7510
10517
11854
2368
5658
14083
4162
502
2792
11188
7377
9613
19923
6530
13911
12030
8779
1407
1768
5441
11899
12294
6045
19848
10146
2093
14169
15944
14603
1782
12951
17400
8204
16644
6674
9011
13048
7370
10480
13559
9217
11903
460
5807
77
14830
3551
8078
12052
12202
10058
1138
16916
15263
16834
5192
144
15555
6008
19886
4779
13964
14020
11827
3933
14715
4557
18011
15217
3030
2072
991
16379
11027
17067
17329
16312
10575
12349
8637
3299
14623
1116
3722
4497
4158
17370
5568
9707
7814
18388
7940
3654
15450
4416
6047
5920
18783
7475
6589
16440
18922
6285
5840
15882
6836
13410
13141
13767
17323
5893
11150
10669
738
16691
14319
6856
15817
8473
4948
4612
7447
6562
15471
10958
18755
12737
5632
9862
4946
16856
8668
13027
4331
1667
17424
11811
5735
14788
12735
9325
2564
14636
1639
3878
15928
19266
322
15691
16930
14643
5896
8497
8924
13206
16498
6839
5548
7162
4665
15237
1275
12495
11869
17284
10429
16910
13794
2681
1198
16550
9204
4031
14334
5316
17643
15904
14019
19550
13193
12784
6606
15900
5473
10310
8952
3011
3474
4951
9562
15775
3440
4657
16187
4013
2628
10129
13092
5570
4650
4385
13936
11356
8472
19666
11167
5443
16126
15537
19785
123
12712
2025
9616
13608
13313
10966
5775
7070
12498
4257
1871
1541
5672
14301
17944
11269
17620
6172
10147
14740
7467
5006
366
8089
14062
12120
12745
4412
4516
141
18990
11660
8323
15660
5678
8332
8429
10901
15941
9947
12151
8681
16847
4958
17061
2525
14229
15565
5201
11098
18271
18551
11243
18869
11246
13298
2746
7302
14849
5795
16833
2919
3092
9094
8828
12779
362
9915
10889
15064
10367
11949
8580
5474
608
1632
10667
13190
19318
14262
448
7743
11485
5630
11565
8809
16978
13467
3713
2896
19467
14636
1881
4051
12449
14812
1882
8507
10281
3240
17626
7986
576
3145
1630
13186
12836
14558
798
4459
19583
15383
4677
10943
17534
9631
6261
2142
8481
14407
5095
7114
5547
3083
7472
1734
19576
10852
12639
17200
4366
9865
7714
2519
11533
9059
4392
19291
3808
19564
3842
10432
10101
17378
13155
7438
10473
13709
13063
14985
15548
3243
7663
14248
18692
85
13194
1683
10910
14608
12335
6334
19423
1682
13542
16892
13704
7982
2855
14722
13848
7358
5723
13786
18779
19820
5535
13600
2880
5245
2438
15677
17257
5626
5758
8157
17723
17661
4491
10191
1462
10708
495
19001
17310
12213
6987
10965
7255
18207
10047
16171
13520
15080
14413
300
1462
19272
4348
16457
19689
10049
1624
14670
2571
2025
13751
17151
12884
4886
2711
16461
5956
10054
6242
5204
14512
12775
13235
12436
19933
15113
1907
10826
4363
1630
12028
747
4680
3243
14463
19709
8134
463
4640
6353
6502
10188
8671
18432
15635
16566
3634
14977
17580
3255
8525
16357
6041
733
15972
16975
17087
18049
4135
8883
11310
1685
15372
9258
10327
18633
16139
5871
14715
19289
2690
19098
11199
4663
16601
12310
12668
11504
2912
6208
12274
1246
10164
4926
18205
7210
12096
7354
18208
8955
17120
11066
15645
10784
17953
7166
15014
1653
9861
5173
10990
19381
9474
9947
9753
6269
4426
11379
18802
9113
11877
19101
4155
13805
3514
10933
15583
16898
15917
13672
18180
19019
2658
18643
8700
12626
2335
10618
15258
13316
11120
7873
11777
950
14308
16714
18584
6867
4277
17580
12346
8195
12837
2861
1194
11737
2532
6300
15108
14489
16525
1773
591
10596
16176
2098
7982
4865
15723
9202
7222
1802
625
14280
5977
8176
19212
5531
7137
16652
17919
3413
7448
17028
12164
18755
15556
10614
4821
6056
18000
5219
6534
10046
6694
16347
7919
13930
15801
19681
10471
11867
10398
15802
939
15359
19674
10712
16511
12161
3318
3230
17611
11843
3504
14543
10983
12019
17836
1687
18193
8334
1511
7317
3867
16174
1835
11747
15042
3889
13023
2980
18648
11144
15158
17577
1123
16568
13736
4608
10399
2544
12733
14970
4894
5895
11557
2807
15408
2034
4198
849
18974
13920
15821
16801
1391
4978
6597
15761
4685
9273
869
2848
6114
205
13987
10507
11453
12296
10054
5310
6321
19677
6362
16151
5980
9656
6813
3443
11812
5300
1878
13815
349
7315
15205
6077
5960
15389
7285
15833
2294
11191
19598
263
6186
19039
360
8243
6268
19875
6745
5605
13369
15259
16495
10023
10472
18953
9082
16148
5160
14923
16768
13822
1525
11930
14484
7452
8809
19331
193
2799
9150
7776
6176
15
7282
8050
16841
7414
16772
16892
13061
18345
14491
5791
13954
11903
15750
5198
18400
15759
15070
5485
13833
19322
6919
15851
8798
10578
5493
14329
18860
13766
12588
2406
14237
235
5568
18072
10570
11112
13850
5385
5838
2238
6204
11676
8022
1010
14811
7162
469
7769
7787
1838
3252
5951
13466
2681
18535
17523
16242
18962
7802
1266
14210
10782
13034
14831
13462
18632
10928
1212
18946
12029
14840
14296
446
9958
14960
2325
2347
17795
7131
4132
18580
4225
17638
5664
6063
7415
8658
4468
19491
9219
6544
3209
14692
4764
8811
10895
15033
8147
3646
12551
10495
9803
11398
7244
3366
2514
14770
7324
13465
4251
10456
4966
13563
17082
16737
2162
1261
13883
2244
6439
3948
3231
113
8029
3767
13172
3139
4544
6190
2383
3320
10397
11126
4713
5949
6156
19897
1779
66
17306
2410
10392
910
9458
13030
12654
10507
6056
15318
2615
8289
8802
8433
1498
16193
6179
12190
10425
10167
2548
3639
13904
9795
13425
8522
7625
18049
13710
2425
17342
13188
3844
12161
6956
2657
3612
17719
12624
16967
4567
6030
11105
9389
5304
18486
4425
16036
15054
1726
16609
10828
13345
11482
6120
17410
7288
17183
16576
2454
13029
3499
12646
8250
2766
9443
11500
375
985
11188
19156
9242
7315
11642
19211
8972
2877
5215
5471
6495
13779
13339
10783
2307
14778
18202
3886
6361
12742
13723
13379
14975
17125
16276
6335
14154
14315
12499
17900
4946
18235
16063
431
13863
12047
14462
19530
3937
16773
17264
5265
9589
16966
4472
6662
13539
9331
7770
9491
15980
2606
18591
5156
10754
17826
15350
11006
18743
9553
7798
17248
3383
3800
9918
16276
7314
10240
16029
11154
16849
17732
557
3090
11306
3738
15353
3435
3247
10688
4800
2509
5536
13157
4050
3832
11489
1297
1687
9174
4998
17521
5039
1276
18570
15843
18804
3960
18303
5210
2523
12983
8000
15022
3866
14742
11459
7620
739
2467
18602
17782
11918
12336
18840
10014
4918
3378
19552
3044
18873
14076
13785
18658
4739
2451
9583
6160
17572
11246
8403
4688
1725
14893
14450
2456
2971
15186
14786
5208
17978
4672
7257
167
15786
18222
7320
2799
19215
13000
19173
16817
4290
9443
11350
726
2229
14843
10889
11475
13396
5963
16529
11447
10087
19399
16106
7445
7124
11097
8526
5833
513
10135
19168
7241
1687
18366
13125
19817
11586
19149
15570
8395
11733
12224
3361
19233
17066
13542
1309
8800
14183
7426
10845
4611
9724
4827
10542
3161
457
10912
13800
14476
5949
156
19906
10543
16761
945
14466
4355
13906
8885
15628
14214
10709
12646
10044
16728
2373
3786
8079
5611
3841
1671
13691
903
6337
15324
5920
14552
16510
17594
14550
4725
5777
16131
10117
973
18163
7997
9107
5327
3140
18419
15575
13942
6248
11561
17069
15631
10539
12409
8099
19497
4325
16655
12048
8472
6105
5085
9828
3814
9591
7964
5691
3351
2498
2752
235
8023
4459
19350
16444
16962
12860
3004
4791
18831
6321
669
87
11834
8032
9001
18748
3437
19001
17613
13727
16874
8105
4019
1632
13496
10201
12857
18811
8327
2995
4262
281
12161
6404
18447
15970
16495
12829
15653
12976
14022
6131
9208
5150
19948
10087
204
4000
15147
6432
2518
9229
16112
2996
17619
15446
14336
15398
14789
16154
2233
11881
19627
12210
19232
19202
12828
6088
7116
5899
3552
17093
16621
1908
6091
15495
19322
11813
4663
12113
12183
2782
6620
19196
17247
5343
10031
4620
5332
10531
2933
16733
15456
17575
7234
13820
2598
1449
16498
8498
6346
2155
13314
8027
9498
17783
1356
17717
17240
1053
3006
10260
12741
9239
7222
14834
7467
6797
1340
13316
15015
2260
19932
3431
4785
7410
6494
12377
5417
17309
6948
10917
10496
10241
8511
9718
12736
5952
8462
12684
11001
7539
15637
1676
16809
11567
19286
14866
8615
10211
11822
2306
14829
1182
17102
5885
14495
8173
16404
2510
7004
5378
16774
15619
15488
7824
3211
16249
10803
3443
18598
9361
19890
1228
1103
16223
5848
6570
336
15457
13832
13669
18393
18220
1018
2915
10528
705
9184
1213
57
17599
14867
5372
19949
7954
8351
1949
7930
15882
15495
7700
1383
12422
8855
5036
7682
19695
932
11628
6328
2081
13058
17205
18161
4292
15906
15273
16357
16537
3685
17446
11519
18000
9890
7855
7276
1622
7664
19467
11456
5867
13777
12423
2982
9266
1947
3926
5537
14785
17539
19257
14787
12600
9352
6874
13225
19983
17690
2002
18066
16584
10149
15979
19611
3716
2590
14495
14616
7697
2088
12767
11568
15969
5859
9392
19670
16214
16659
17711
10335
15385
11624
5685
17285
2282
5967
17718
2583
16689
564
8963
9146
5843
434
2768
1345
4032
17113
1360
2180
169
17851
19228
10688
17232
19123
7026
19755
9528
722
19130
9202
12410
7751
804
8241
7193
5995
1389
15278
15022
6886
8769
2354
12157
129
14650
17669
13224
17257
12742
15653
7234
7836
1511
290
6875
3220
9396
11898
19258
15213
1052
7180
394
5813
12138
15643
2379
1007
5509
7009
5481
2499
18671
5325
4810
12486
8813
18874
12416
3745
19909
16494
15454
576
10499
6860
16552
19130
2903
19894
6147
12952
1912
12514
15467
6148
4780
2807
12995
17680
17535
16229
19751
7743
2448
4511
8702
12212
17644
17846
8459
6357
1202
16083
14147
14619
9205
4592
13081
345
10720
18451
17716
15783
1907
9608
3298
18666
9804
17467
5510
2465
2273
16271
16332
15150
14602
13725
19710
12704
9147
140
17071
7321
3407
6089
16276
7137
12032
4227
2546
8006
7603
15430
18227
18221
19185
1746
11123
19546
15951
952
19286
4375
5647
3569
18556
6597
8543
12762
4684
17725
5312
9199
19342
1313
4609
16451
17813
8037
10409
10521
1465
16403
4212
16835
17955
17151
2453
3380
545
6407
11673
12004
3641
12038
17644
8960
16123
7959
3445
17931
17231
8416
4284
17589
2637
19426
18188
13237
19019
15611
19316
3014
5777
8662
4647
11100
14440
7888
10755
11106
15505
2952
8559
3378
4339
10754
14237
14256
4428
17815
13327
17251
14472
14621
11446
9584
3791
13519
5589
7636
15129
1209
8292
18270
5149
11970
18896
6952
5767
885
4128
688
5479
9230
11475
375
1094
4766
9285
10133
1876
15419
18320
15670
18653
18023
5103
11669
5882
4411
10366
14004
1667
977
13341
2581
9698
10283
10260
17848
14051
8450
14256
1010
18311
1518
8330
3110
1688
6703
1897
19170
8759
4598
18302
4953
5265
5012
2158
12632
13648
19516
8044
6343
10925
5687
4260
8031
1892
9285
17813
1890
4608
10218
13302
3003
8405
12285
2905
5171
12620
14120
13772
3981
5881
16924
17756
5471
19528
9461
9076
11437
18838
19974
8324
14660
3196
3168
12861
13615
6406
16932
4664
17242
2498
19587
9910
5633
7252
19757
5410
17907
19078
13214
12819
4009
3805
1634
174
18077
4935
9025
7560
3880
7856
4267
7688
7036
10931
13280
9323
15003
19757
18140
3009
18674
13934
19838
14325
14966
7433
3124
8011
16505
17803
16933
6753
15657
10088
7642
4760
11526
11089
13098
14572
669
1089
10528
19646
15365
19415
13611
19443
14069
10462
6946
6997
18561
8711
19346
7159
11247
10840
12613
18070
15354
2910
1073
17691
17442
5246
14074
3486
18094
17130
18757
18820
4160
18319
858
11848
13843
14954
19732
11896
2483
17338
7145
11318
19928
9265
9297
15263
12705
15781
1812
9
12489
17315
16661
4709
18473
14947
3829
5859
12170
16342
3909
9845
11236
8380
2316
844
1240
16882
12400
11679
19527
18216
16069
13962
14093
753
13071
7730
16414
2899
5558
2054
16027
15359
14917
5634
15600
14587
11071
4173
13261
3642
15711
1666
2015
3149
19242
15468
1483
17074
15667
5579
11398
5835
11306
17523
17396
18698
5570
13587
15899
5384
16541
8083
1571
9141
12023
12342
6604
11849
17292
11871
2924
9657
5255
9168
11043
6725
2120
7054
13277
12335
11120
11937
17316
16166
9612
3735
3584
1312
18652
19495
6732
8934
7487
3411
13237
649
8349
1510
15697
19890
4816
9565
15290
4983
6576
11619
9862
7050
11418
8149
3588
17003
13852
4196
4405
1918
7007
2904
9893
4791
1938
18321
1572
5074
19215
2025
1318
13951
3852
11702
18707
6618
8064
651
6795
3737
5583
1758
11930
11902
14324
7236
15700
17612
10090
16985
4109
343
16472
11036
407
10580
8087
6774
5913
12463
8993
7771
18025
14940
15223
19561
9638
5541
14958
1869
14228
8225
6136
18374
7284
18150
18347
15617
6399
14934
18320
15043
4416
6228
1418
5637
6891
15610
4128
13913
16094
9667
1001
16972
11634
14915
1907
5860
17854
11894
2448
6984
15496
18326
18622
15262
4840
12678
10513
1103
5180
6315
12064
10215
16450
6491
19464
5561
3253
14509
12801
9663
3302
3216
8027
5951
11542
8888
2932
778
13934
9266
18521
3646
9660
11161
7574
13803
2666
12097
13308
14002
17020
6353
4398
4808
518
1710
11048
5755
15592
8434
16429
13260
19975
12667
11627
18106
9833
3135
17197
17151
16972
19741
12925
17972
14275
18064
12724
976
7790
3069
19167
19789
18133
2315
8591
15851
6530
11154
3870
5230
15064
2219
3385
10755
12179
16232
19054
1408
17405
10301
5523
19305
16074
13723
7088
10414
12817
19262
7211
5457
12904
16124
6990
18662
18939
18845
18711
5588
6568
4746
284
15480
13498
13567
9784
14344
16159
826
5815
3573
264
17397
14266
9033
606
3152
3559
2992
8603
10311
14768
13748
11916
14563
13566
960
18113
13772
13658
11238
7245
11100
7831
11036
1953
19727
2144
18048
11808
16342
9594
1309
14014
12171
6101
7046
4506
12639
7604
16063
6901
2607
3926
17210
14029
14966
18081
18399
9403
17787
8331
2629
10694
14506
9060
9661
19201
1633
4195
7791
13000
15969
9803
16412
11218
18724
7097
9793
15827
13997
781
10909
18129
17531
17683
11722
11265
1144
14125
11303
12222
1582
17407
4630
13445
13401
18134
5633
12207
18232
15605
6200
9452
10044
2142
14869
6968
2563
826
7297
3997
9630
5029
9167
14661
12782
7481
15526
13690
398
9365
6108
413
17674
15305
12989
19359
14957
11329
19819
8543
5560
16747
11680
19904
9486
11495
9294
10021
6540
11467
8936
12172
6486
15088
19961
3301
589
15228
19826
14318
4284
9069
7106
9388
18866
19710
12957
6920
16682
15129
10143
2435
13317
5241
3146
6007
15450
12539
15306
4972
18115
15841
15770
14740
4409
8610
18336
2308
8922
3409
10163
10895
4390
18249
14813
8736
5994
13042
635
5044
15091
19154
6273
12753
7940
2323
13626
19303
2339
10572
173
7170
7629
4431
19068
19785
18698
6479
11398
19382
18363
14988
7820
13714
16144
11293
3985
18604
8534
2072
8730
12310
8557
1281
15381
7453
11416
18156
7638
16195
5038
15472
5532
17722
6701
7691
6994
13183
15182
1772
17649
19856
9139
17761
2146
3019
1405
11037
10146
7909
16379
8197
4223
12132
12764
3000
12255
7258
19301
1561
2015
18718
3263
6810
6009
5960
1543
9447
10463
2121
15977
17036
4835
10309
7463
387
19129
5134
850
862
10228
19966
6364
12205
1389
5681
1284
13325
483
13788
10832
8686
15932
19662
17433
19262
41
929
864
7479
679
12957
6686
10210
13826
14154
5690
14631
11828
79
8787
2579
8203
5484
12541
643
1193
19120
7689
12115
8805
7992
5532
16094
18958
13605
6945
2961
7536
10328
9499
3088
9359
12269
7123
8996
15472
882
16368
7392
14360
13314
14116
7343
11051
6498
11330
6685
9686
14006
7502
7230
9609
14913
13677
5502
11964
3000
18332
13189
12434
3202
15004
10406
4539
7534
18058
4549
6195
1873
18221
13668
5032
9915
9129
5064
18905
2260
3120
8940
1017
920
12504
18530
17875
18508
13384
12929
18760
8539
17579
14896
19411
18066
17959
5645
19758
7477
11368
15642
11277
7036
16022
10116
3848
7341
17285
3186
12823
13367
6858
10183
8501
168
3115
6643
12391
8460
17775
4092
1398
9026
17749
18565
6424
13021
17121
19864
716
11092
1745
19317
6628
6246
5229
375
4701
12526
17885
5855
266
16894
12981
12256
9359
11003
7595
2918
8233
13397
19720
6915
4587
5537
1693
10775
2211
6837
2061
604
12603
16352
1800
19308
2971
7971
6745
15695
12875
4848
16885
7876
7382
19773
5683
3595
19403
11557
17563
11565
6109
16924
3127
12041
19978
9676
16422
3421
10585
9201
11343
7980
17596
1229
7795
2833
15797
17288
8315
10849
17109
5192
5680
18102
5344
1417
19882
17534
15852
5530
1280
7582
14855
3700
6142
3300
10520
17879
13525
1256
16158
16514
18316
17886
342
2511
16052
4090
3032
9193
19705
6304
12512
10891
4148
3144
19850
9046
16573
8619
2934
8654
9470
14028
3372
17521
12931
10629
12921
8054
6638
813
2135
510
15143
19651
9002
14361
6352
3546
19527
14009
3574
5665
14383
11339
15171
11342
14681
2263
18417
17830
5486
5556
4569
2379
7598
11208
11817
16611
7344
13084
9556
16833
4134
6073
17156
690
11583
13601
3306
19334
4678
9164
2006
6680
1127
5853
12738
2588
11122
10464
72
6885
9112
19106
501
8592
8818
6605
16469
7344
16162
13151
16813
8982
12561
1734
7335
3965
15127
10266
17416
3504
6872
13750
14974
5625
15244
13013
1397
18406
19671
19365
11336
8602
11863
4747
15061
10477
8765
13811
873
4097
19122
3025
15835
16226
16282
1401
11925
15961
16534
8535
460
15918
19171
4172
14577
17143
17056
614
11039
1409
9390
10363
4341
15417
9776
8130
126
17144
10513
4046
19115
10249
1092
1831
3331
16888
9575
9575
7121
9241
1665
1998
15163
2866
1002
7042
7571
16518
9354
16038
14118
18783
13177
19958
721
7735
6758
2460
6228
6915
12659
1747
17055
8189
3518
8726
6089
14604
9306
4963
11487
12114
5243
6577
4601
13458
18385
16811
8136
1052
12876
8168
10764
4214
5278
13896
13666
296
3614
7118
4955
12036
232
8533
14343
7729
6689
912
7760
17139
11865
9601
7556
14392
17161
5909
19529
2497
2748
14299
821
8459
10826
11615
18230
14649
127
15848
15595
8384
18843
15178
11254
4430
10514
17352
1993
10008
1139
3242
7229
8383
5734
12598
16450
5918
14991
5454
16401
7475
15695
2662
1021
6951
8009
9665
2823
9276
16130
1607
9649
1234
6690
9509
14378
19190
3031
11073
13800
15623
6200
9080
19572
9702
12871
4917
7231
7546
6672
13392
15059
19356
5070
11554
9156
13414
13453
12352
19685
14163
6314
4443
1399
17043
16022
16819
12379
11950
8089
11379
8041
946
14036
3693
2937
14331
5855
3251
4543
18397
17520
1327
1716
3825
6845
6016
2511
3258
14009
5970
13298
16403
15674
3960
7072
12471
15644
13928
8077
10220
10302
12115
11950
7852
969
799
8016
5714
2769
12227
14756
12062
14580
4479
7960
7269
13024
5334
6176
17304
18738
13929
7731
270
5400
17041
3891
11857
13143
4696
10212
4130
1608
6452
9309
8810
5918
10561
19100
5247
3395
4890
14068
19887
17312
14260
450
18635
19835
2967
12478
13171
8859
11066
17484
11130
7431
10554
9617
118
3692
12822
10787
9254
16573
5930
12570
9024
12597
17350
4771
7606
17720
1387
14962
8740
5495
19649
19479
12377
7346
12920
8810
6528
248
18361
9953
15818
2251
5191
4096
4409
7102
12600
9359
14379
13536
7786
9031
18529
2482
19652
2054
12779
2932
522
14755
9523
9822
4476
11739
1858
1258
8012
4650
18482
9615
9082
12149
1714
8903
1069
12963
4879
2002
2832
11628
1349
1684
3207
11562
19586
7770
5261
3052
3795
7322
4108
16970
16366
8888
11607
1138
17499
9765
9991
5217
3775
18881
19249
1741
3238
10817
18112
11327
7020
4620
11284
4158
4329
15743
6710
5126
14711
17105
6870
7608
3041
4560
6884
13035
361
3338
5064
11936
13494
8008
11678
4435
19833
1237
9393
5997
5146
12220
3603
7862
2980
6575
7958
19752
15721
14820
906
14335
6611
4826
12820
333
3337
18393
6407
9514
3034
55
4321
17224
4809
13943
5412
9828
20
3628
19696
6809
18787
6588
9114
14414
7306
2687
16075
9776
4219
3463
11448
19386
9579
9337
5657
19216
4895
12313
9576
17420
691
11748
183
1615
3558
6391
3534
12249
11526
16461
11008
6452
18675
19333
12842
12235
14355
12386
13639
10904
12338
16747
8435
4090
16307
5939
15738
19269
12439
16948
9947
10836
17576
4692
2974
1849
11203
19914
3407
2133
12032
8665
13847
8483
19456
19003
12950
11151
8242
7353
9182
4229
2305
18518
3279
12163
9118
12428
17227
4368
101
9710
5333
16550
15439
9164
6762
5386
2835
11061
4348
3165
19961
4695
10439
10186
3997
18946
15634
17952
19996
18442
9860
1370
12383
3787
13921
15610
15553
9159
10079
17652
1886
12043
777
9478
13657
5328
367
5030
7274
14013
3816
14483
3619
14057
6629
15693
17278
9374
10419
15937
13605
1401
77
19549
10717
10510
16444
15138
8367
9993
18892
14582
11668
19055
15340
8153
18493
13571
18177
9776
4669
7716
16327
6525
9331
19123
7782
18896
4247
16243
3820
6518
1024
16457
7053
7184
15856
2819
12212
16191
19069
533
17861
3866
3485
14046
8977
5058
12077
16777
3156
2509
1790
16079
6094
5406
15773
8314
4412
17846
9821
17829
2130
14564
11618
10367
11384
9272
3981
10926
12478
2421
19391
1712
8829
1732
13932
17052
18508
2565
14046
3271
15067
12161
1187
17635
17104
11067
7284
7426
5596
18948
10018
13528
19736
17678
15967
17726
1025
5304
6439
13427
11085
4905
12777
18909
42
10552
17557
3949
15570
10887
3044
16289
9132
15
6143
8514
4097
12887
2445
1870
9273
19934
9020
6704
16691
15576
16811
13931
4734
19542
12113
14390
5590
14205
19214
14529
7166
3513
19085
14037
2838
17163
10738
6010
12601
13181
8678
18418
17334
8246
17979
13410
5865
17224
14526
16241
12630
12455
19897
3625
1633
11124
7393
10139
12012
13592
899
15295
302
13644
3910
15353
4813
12917
13949
2582
4472
1261
2412
18005
15555
18556
755
4163
4191
13830
2684
5663
9941
15933
2781
15517
12127
2071
8267
12710
15172
6043
6907
4764
7982
5237
3670
7771
15114
18057
1176
2650
4059
7492
3877
14001
3674
13646
2281
7797
7055
699
10506
13663
11525
12512
18125
14315
17645
15939
13665
11931
1841
9708
9388
5019
14322
568
9264
12768
225
17836
13465
13226
13655
17670
16933
10057
15026
15502
14001
18939
76
15084
5020
2323
5913
6900
11291
19157
12669
18012
16345
12542
9351
8910
15239
9249
16814
7128
13287
10028
12327
9057
8849
12713
13568
18006
12929
6400
5500
12131
19806
9786
6539
10461
14503
12160
16165
5147
7035
2818
18180
15333
18661
17107
8091
11845
12963
16082
4566
5691
1938
19076
13295
6540
13847
18332
16778
16314
1132
14300
10606
16174
7333
4917
15489
12530
5502
18379
19646
10715
12259
4564
9398
1796
16827
3967
19328
7478
402
7505
13534
4291
5378
16682
7662
15186
2173
12582
3273
17524
16794
11072
3356
8373
11065
16017
4896
17710
12884
14070
760
9879
4197
11087
15750
10363
2766
18276
5163
12644
11305
17730
13146
13044
1100
13891
10391
11349
13208
6924
3057
4297
17727
4496
600
11067
17999
11153
7261
8662
2975
5574
19974
884
16565
11224
7850
15886
7154
9031
13807
14835
19131
11050
4381
8532
1285
8820
94
764
8635
4625
7893
19388
2031
17775
10201
13828
3099
18554
1100
1358
18771
7360
3100
3381
12905
11315
14933
19523
7355
13645
15104
17895
17917
10637
11133
19013
11391
17311
15992
16712
6940
13402
9963
16627
5278
3907
4752
9269
3792
8591
1217
16474
3650
1894
14158
2558
14227
2595
11066
11036
11134
19448
2451
7045
11203
10926
6668
6509
3568
6538
13144
159
5260
19115
18309
6352
17089
18703
1683
4497
11555
4725
11344
13150
9057
8094
4721
8019
6695
9229
6415
5406
12429
1933
2939
7632
10848
15410
11487
11469
4939
4695
17779
5540
4514
2086
13145
536
18922
14295
17206
19100
2408
7248
6381
3549
677
5706
12505
5593
10779
8372
16326
19213
4798
17905
19437
19692
7433
12604
9930
1612
11652
17292
9948
1339
10928
1522
7001
3055
4911
223
19211
17018
4627
579
9707
17084
1281
8272
3608
18482
12192
5469
17364
12141
17860
6438
13724
11646
19730
17425
14658
6989
14160
4939
6280
1736
19083
8209
16442
18008
18499
8651
17801
8592
3479
16882
9280
3423
8424
2834
2117
1221
7277
14155
4685
17441
18579
4753
14140
2505
3055
10740
2457
4755
15553
570
11946
2096
422
7079
2512
10361
11994
18239
18401
8257
14120
10658
17854
18122
8817
14710
19825
19443
852
6115
9190
15631
17439
11767
7938
17809
5619
7978
5220
8163
15597
9787
3542
118
18806
2521
5391
4628
13001
7423
17801
13361
15164
471
6459
10560
5773
17119
2386
4226
16746
7304
14129
793
19453
19387
1921
12186
14834
4022
8726
12673
13351
9012
3073
17182
16815
19083
4011
5070
11874
17295
3029
14981
8517
16116
11177
12614
1457
4112
17340
12245
19043
9535
6082
17411
7359
11488
16718
5769
15266
3645
17413
2641
4547
1224
4606
9005
16516
8576
13656
12042
3227
5779
7480
17151
14487
14941
4125
2592
12210
13775
18690
15088
11410
15723
12687
9811
13179
12396
2172
19809
14517
6338
3300
534
8501
2202
10273
14598
42
17981
1226
14318
17767
9519
17190
17158
456
7127
13963
9650
13250
3775
5944
8856
3500
15089
10955
5771
2084
17633
8128
4390
10079
2090
17254
11317
2481
15312
15295
11021
4629
16453
9301
15932
9817
15303
16372
1531
10218
19174
19783
6304
3767
10019
12530
5743
6372
13780
17065
19921
17326
10533
16332
10877
11286
7096
11841
7474
75
429
16812
17255
6520
15965
8940
6169
13416
4607
2837
12164
1489
15533
9125
3309
12196
15777
14085
4028
11343
19097
4863
15079
15597
13819
4215
3624
2220
6769
4487
7441
11736
7765
11866
7510
2984
18216
13861
14889
5029
379
11869
10020
435
209
5593
19806
12829
16604
6117
9088
6913
10084
11231
16081
5333
17990
11410
16430
14325
5977
14125
1973
5547
14892
6368
19200
17785
13419
17938
3952
261
8832
19169
18015
11522
9205
9783
6775
855
17624
3429
18369
1006
3480
8415
8725
4507
4684
51
6480
10790
15507
3687
8388
17464
19606
6031
13865
10174
7113
5032
14673
17181
7120
19412
3257
6418
8478
8050
9404
13188
19321
16089
1026
6697
15226
19569
373
5009
19536
17934
13044
8051
2371
3242
14624
7315
6934
14525
18291
7340
8039
18491
7857
11871
9552
3883
3991
17144
11791
7168
2768
5978
13795
1750
8679
18663
8141
17610
5686
3821
12726
8022
2717
14352
17967
13576
238
496
19154
13725
356
7671
18504
2975
16212
2369
1573
11961
12252
10152
13133
2355
15481
17900
2362
10863
15444
9595
565
7294
3068
6178
7265
17183
12111
9200
15608
19477
19921
19203
5485
16580
19647
11122
2161
4072
3806
17526
1457
10739
2989
1014
11740
9441
4889
8237
9026
1080
10958
15450
10487
1537
16235
19172
11319
11390
18990
1640
16868
5351
4079
13825
9387
16549
105
14866
18053
13066
1682
7091
15065
1195
780
6389
15455
13916
9300
6292
15295
6182
8088
9720
18615
11783
10150
11944
10971
17318
19903
7532
12567
2289
19914
7516
15408
11669
11909
8875
13705
11257
1334
7530
3842
14392
2079
11194
16570
2361
8112
4626
19925
3372
1751
19368
3288
36
3026
11712
3377
5003
1669
7663
5524
13831
9703
8234
8224
19527
6327
13136
961
19433
4332
16368
7758
15980
11401
16569
6002
1708
15311
12700
14600
13343
17005
2368
12703
1163
10803
19106
1309
546
3140
2854
11488
11420
16874
15710
9471
3343
14403
14678
12624
5133
9817
2266
5027
17083
7631
17765
5483
2633
10071
10823
15484
16818
1088
1617
10607
17810
18637
13920
7139
3391
5153
8132
7230
1253
86
12364
3122
5314
16718
13648
3738
5883
12736
7259
4995
19033
18740
11763
16200
10788
7882
17061
5173
3866
4595
11282
2957
11115
12163
18416
3751
15668
5471
2142
18707
18935
13361
12681
2171
16467
7930
1908
2724
17509
3591
12039
14164
15291
3100
342
3693
401
7020
12
17815
12394
15659
10325
60
16620
12123
19973
18413
19640
18274
10088
7330
15652
15965
7463
11295
8375
16045
6900
17970
11265
15152
11506
15384
1812
10027
10179
10015
10179
13667
19119
10982
12246
17995
14126
6721
17991
19575
15059
10873
14364
11215
14742
16176
6625
15775
13852
12578
10433
12811
996
12647
15905
9056
11600
11125
4601
10566
6510
18626
10768
11537
14371
17191
9299
14519
467
17056
273
6492
7023
18191
17078
5384
13563
14433
7426
13082
16570
8968
18182
7895
10457
14856
12218
12891
1814
1677
12061
18447
7467
8313
12618
2875
5434
14748
18804
9427
758
4604
1086
2221
10731
5428
16378
16371
7660
19896
7163
12596
14935
3638
12472
5141
15399
5048
8992
804
18166
3782
8181
6701
13869
17961
1767
8421
7465
18250
2382
12196
13068
18873
8642
12624
16445
11306
2810
5524
18620
10649
5888
13999
10150
11534
17102
17193
11266
18908
4007
15552
9030
13379
3220
7265
5097
7765
1561
15219
14469
12182
5203
1933
4040
6364
17585
7911
15000
5270
2220
6893
9888
11145
17925
10704
16604
14133
12697
16663
6589
12919
19299
14068
4121
1480
19822
11537
4882
18466
405
14216
17569
5922
11290
818
8831
5192
8127
10327
16944
17628
15684
6148
10604
1932
10365
18107
6155
976
1775
18372
7917
16206
10504
19873
15651
10392
11096
1344
7901
10675
9103
11241
7185
19027
17237
18839
18180
11491
15712
5124
16505
13792
11125
2460
340
5797
11134
852
12777
5217
8292
5555
17253
1540
3177
13614
4152
14137
6949
9906
12510
13165
15164
2234
15529
13454
5944
449
9037
1294
14791
433
18567
12551
18003
6010
19947
19192
4922
670
17480
11502
11883
19721
9370
15326
17788
6782
9420
2862
10506
7692
5224
13011
4813
16447
12189
8885
407
13203
7724
9615
7850
5028
14255
15731
2739
224
6821
14666
11399
12158
2654
10553
4024
5416
9056
8511
14388
18964
7892
13083
19130
2033
9584
12938
11161
7548
3554
12046
17639
3985
16533
14058
4763
11327
19395
10953
19912
12468
1944
3167
18583
8312
3038
18792
9696
7830
4458
17420
15012
11125
2307
292
1065
10565
13930
10518
11827
10804
10858
11131
9948
18976
2174
10210
112
8999
16185
2126
2439
7578
17558
3706
16735
6704
18940
15613
18262
10583
4013
3752
14945
13221
19820
19149
3852
6796
5449
13625
1775
4652
3019
9634
4457
5667
7513
636
15547
12863
5028
7620
14691
6196
2036
1952
14579
14473
16909
3806
1614
12013
16893
18968
6175
11495
4037
11449
16598
1131
6786
10458
17504
12808
4312
16101
930
4158
10586
1179
12689
8813
17688
11601
2961
16904
3749
12532
14279
15849
1699
15053
1661
19646
7726
544
9715
17409
1026
12622
11324
10501
4329
14043
16444
19820
16965
6122
16891
13205
7030
8036
7430
8371
17097
10327
12259
2201
13758
3099
12399
7538
8532
208
12247
6925
371
12739
7407
10837
6549
7887
3569
7102
10002
8608
4053
16347
358
9300
18345
141
17889
9434
11246
12342
14700
6204
6128
16524
5747
11032
17727
5705
12051
17481
17710
9886
10688
6406
13544
8424
16339
6816
19370
15611
7440
17615
16000
3290
8784
19398
19680
9065
17199
3618
4733
4858
10931
16674
16297
19875
7607
12976
15211
15409
8276
16350
13176
18806
17163
6956
18673
11741
10289
2150
3257
574
15319
15529
1010
9293
405
9350
18099
5741
8595
12255
9095
9218
11348
16399
19012
14436
15551
14182
19335
11632
16907
15602
10537
15320
15238
5017
7680
16954
17922
12547
53
13102
7773
4916
15005
12504
11947
4151
1014
766
12642
7446
13504
8724
13186
19813
1333
16787
9055
17983
6438
15464
7564
8169
756
15336
9510
9842
10184
11585
19546
9468
2959
428
17492
6324
8630
17599
13765
13084
4317
16607
12239
8747
13115
14706
11217
9546
13839
11218
13866
18719
16478
9182
15435
3622
19981
2954
11390
3515
3324
10903
14221
17173
13693
318
15792
4428
4305
9765
12407
1595
10782
13044
5104
8257
12014
14145
3093
10753
9926
11495
16533
14793
17249
11893
861
19343
4809
4643
1923
1559
3218
16000
6927
18610
18099
11047
8198
14145
10305
16655
11797
15319
3114
18241
1622
316
18699
9893
12226
7661
5967
16405
12659
8833
9124
5011
14677
7463
11227
12662
3721
5291
7036
18784
8084
16311
6372
13387
19690
8662
17084
3649
10963
1876
17015
7275
9784
1153
10151
2369
11917
18740
11581
8224
4794
9740
15771
9242
13031
16018
15544
16040
14403
16922
12815
10426
3217
17289
5252
19246
9936
9072
12373
2623
16742
3062
5368
11829
12776
9364
19255
11034
17960
5017
17380
10509
3100
7374
922
16815
1479
3988
4403
15259
18214
19113
15296
7667
18489
12938
7528
10421
9259
12274
7711
12140
16672
19265
9602
15459
15419
18232
12685
2868
7913
17024
16217
17855
10253
14538
14645
7926
10441
17841
10432
8149
11973
924
12321
6223
1920
1183
675
2115
9872
18849
112
3854
19575
2521
7720
3674
15972
12529
1214
4275
10723
14893
2031
15930
19939
17957
2144
17011
12641
7501
13332
19609
9078
2805
14439
4754
9530
16333
14825
16701
17971
8129
14202
18567
5502
12738
14910
17820
17848
17156
11422
14459
8426
17892
9499
9827
5231
3842
18415
6889
2852
5452
2946
7820
3371
18811
6950
15935
12699
13878
7855
5765
2855
4180
13970
8508
10537
9728
825
10959
19275
6613
9825
4111
19154
18184
7504
797
7624
3397
8950
1790
8676
16338
9663
3472
7416
12432
11505
8092
10327
19359
2633
4289
15969
3585
4300
12912
15564
6647
17677
4023
6513
15367
17466
4629
10320
11199
8131
4140
1472
84
11016
948
12695
6051
7614
5483
16051
4248
9214
13931
7747
10413
19625
404
3444
1290
3740
16041
11644
13835
12172
2071
12317
10943
16927
6286
14998
15628
12999
6292
11916
9648
17211
5679
18480
1187
3443
2433
9869
5912
17888
11729
9489
19234
8709
803
15734
9331
10710
13225
2187
5824
1100
7186
19843
6016
4387
17889
18490
17459
9712
3194
800
14624
14177
17973
6083
8118
10579
14132
2109
13108
12554
6193
695
6340
14833
11857
14392
13505
1070
12053
10799
7802
8865
2415
15321
18767
15865
9841
2543
18104
11059
3136
17007
9701
7248
16072
16805
13376
12721
7978
9109
4975
18354
5553
13192
16629
13568
10850
6897
2904
11704
8752
13083
14429
3262
19631
4401
19407
406
7873
16233
1023
9859
14669
7630
10758
11194
14413
12968
17989
9186
8262
2410
18861
6698
16435
3864
3099
518
11162
5907
6587
8296
17952
8835
13517
2263
16568
11872
3205
9199
1014
11676
18924
7380
15330
17072
11109
10420
18664
14274
11498
409
9197
7952
13300
9223
2268
14171
5560
1688
19326
11027
13935
4529
12231
7131
7471
2689
5069
4921
2517
4342
14804
19228
10404
6587
18021
10634
8582
10802
14301
3621
3569
4362
4673
10682
17253
7709
3120
3590
11602
17577
624
13252
16727
14537
9514
17335
8773
3535
14034
19889
5058
16384
4287
7390
11497
13420
11161
4272
19950
10152
17456
18567
7871
18538
18088
733
16646
18272
818
15275
19724
8238
12919
1916
11256
546
12141
18540
18644
16598
3468
3388
496
12321
17530
15029
9632
6554
5410
11542
15232
11018
6596
3323
24
5676
5126
6764
5403
16932
18343
17408
12137
15706
3476
12428
2165
2706
11892
5613
12448
4584
7806
13389
5988
19661
15402
1012
19661
11673
5125
16719
13825
8588
2014
6262
4161
1413
4029
5596
10119
2973
4371
11224
559
16577
19693
299
9971
11403
12226
12045
15566
10044
19532
10905
8962
8248
12819
15217
11348
14909
4613
3215
629
1057
13314
14314
6268
5544
2483
7937
13711
3807
13978
2151
10721
11832
6213
15819
16661
16482
1884
13058
13312
6372
18298
6228
14509
17205
16121
14240
8122
2811
8998
4652
14815
5791
9299
13005
12495
11689
907
11343
5526
17630
12736
8449
9059
14098
3360
3265
11328
5995
3814
7135
13084
10580
14925
4945
13545
3290
3808
18483
8097
14183
12
16632
13188
3480
19511
12305
17884
11517
12489
9401
3137
6637
16840
9307
9881
1348
17379
6176
13879
14682
13828
16185
2436
12608
19144
15685
19227
8954
5291
4895
1902
7380
6396
232
18887
6338
18160
10956
11016
9944
14226
15188
11412
9794
9464
12327
19302
15201
8337
11741
17023
12931
12570
18594
8446
15581
3984
13987
487
13576
10175
15545
18182
14198
15449
6191
1036
3343
8771
2961
1784
5964
7273
6611
7986
18991
11250
11291
10480
12957
11726
15852
4443
14521
3691
8208
14764
10719
17543
17089
18416
13465
11904
7380
18603
9217
9319
3650
17976
2228
11219
7956
14127
4335
6546
491
11295
16521
10683
19786
4794
9773
1246
3488
10896
1202
1692
9846
84
17785
4115
9297
3419
5154
11122
8644
2434
7370
6091
9461
9551
1221
7718
9290
1904
7477
8818
10288
16896
6885
5078
18632
17032
14436
10822
18958
9442
11457
4081
11559
5112
5599
14583
12871
15083
4629
6104
12957
18736
6277
9128
12987
3924
10358
254
6789
18913
14705
876
16341
18233
11669
15784
13769
6526
823
17801
2410
6004
13529
18734
13561
8254
9029
4280
13144
17541
17159
1015
1811
10007
325
14050
3369
17100
2427
8736
11835
17444
5079
2532
8687
2861
9710
1430
13473
1344
9305
1739
7015
19306
15216
11926
15648
6152
18752
120
9016
4716
19404
3123
10138
5213
6814
16669
15795
8731
9960
4368
767
8159
2300
7934
9810
16768
11268
18082
8613
12082
190
13425
17018
6249
8856
9679
1294
2940
5732
8029
7003
1061
17656
14192
13127
11556
12901
16670
16716
3459
2673
3602
3301
1333
10515
19839
4433
18743
15595
2864
17767
13304
763
3133
13751
14549
2278
5307
16601
18941
9284
2219
5940
19475
14591
8946
19628
8338
141
2376
18889
15723
9194
969
12929
7657
12048
18666
18305
13782
8054
6374
15389
10934
17059
17366
7921
9873
17518
286
16851
17135
1748
12996
8888
18363
8628
15132
8703
10506
15242
11135
17246
18325
4646
11674
15975
16641
17928
8035
502
64
4155
6662
15770
15408
10187
14813
18109
8354
19268
14846
6034
1781
9449
9262
2170
3169
10861
13235
3699
1583
12881
3624
12702
3525
763
16585
8043
96
14927
18734
7299
9562
13260
19317
18162
15371
6438
19736
15407
18315
1916
15645
4105
18453
2966
1164
5136
14216
7292
8731
3933
16167
3093
15525
18686
11552
7259
17114
3714
9578
12567
2000
637
4103
3679
12759
4057
19017
2889
12938
8986
3601
9962
5888
3436
818
12879
8514
17995
8212
9591
13176
17551
17461
19659
12189
11954
810
3035
12369
9983
17027
1239
1100
15320
6828
18374
14223
15748
15855
12199
12855
3219
8823
2561
6987
11248
592
7401
12885
14978
2410
9264
8654
10238
11420
18598
2545
589
19846
7695
13489
5654
7726
19456
6822
13511
5452
4759
17187
12325
705
17492
1411
4654
17282
2263
17250
6759
15187
19255
17352
13671
8782
4124
13760
511
10658
12122
6951
12772
15736
17483
4031
10011
14449
13864
9507
4447
3628
18756
19605
19794
7300
2789
9171
2558
8789
11519
5769
18663
14879
8910
6271
16975
3555
751
2131
18149
16714
12828
7810
13547
4229
8835
19167
17314
14863
12163
16742
18612
16943
13890
19946
16862
346
13517
17962
8376
13941
11628
10627
17570
4024
705
18111
18541
1357
18429
15211
14628
17496
7808
1414
4245
19825
2571
117
2463
13900
8771
5715
1721
7834
8165
2150
3773
8136
1632
909
8624
4645
3923
17717
3118
9090
17220
14795
17174
10129
14490
14731
18576
19568
8408
9047
18967
5855
19479
12804
19783
14668
10591
12302
8579
8784
7041
3916
16003
17395
4467
7358
11417
4618
18921
227
6175
13441
13708
13031
7422
17939
14778
16857
8637
886
10043
5530
68
6388
3835
18225
9324
10803
8328
12924
5926
9974
18666
4737
19236
12061
10073
12387
13608
19912
4064
16976
11111
6233
9005
17687
6425
15158
16465
7799
11359
398
11162
12562
1650
12595
14538
10560
18052
9125
9684
3008
13269
16848
6963
2794
9077
12683
14407
16607
6960
11170
2957
13186
14939
10766
9209
2688
16954
4767
5043
19210
3787
7963
16875
18563
17458
16353
11482
16053
10434
13734
9047
13886
5413
1441
15218
7944
13928
19746
5008
3383
3302
18620
7908
1979
1232
10596
18790
13829
14006
15441
19
10582
17428
3843
16321
14258
4091
18433
7901
7060
2970
18651
19043
17115
7562
14445
13049
19938
851
6532
16521
15406
9406
3387
185
15488
8888
9695
4456
2762
2048
19121
18439
7774
14222
9577
4561
12866
10495
9336
8649
16736
11777
6
13071
5338
15767
1849
10110
826
17161
10647
14597
15976
8268
14243
12767
5877
17577
13891
17266
19379
14061
16642
18049
4903
7405
6418
5646
7927
2643
2825
3632
10782
4105
11372
17100
13407
6305
9737
4115
5430
15134
478
6104
16809
19171
3383
9868
19613
6262
4596
14936
18885
19473
17161
7350
2358
16389
1632
14669
15734
9098
7641
16231
8882
15624
7697
8688
8750
19451
4480
8429
9656
1511
7484
17719
3382
5912
5884
18003
12477
4756
13943
5903
3619
10111
16458
7995
8172
6410
18712
10049
801
10938
971
12418
19552
6224
12377
19855
7404
4890
2979
15616
13092
19158
855
2709
10449
5694
6293
8423
5113
1877
6542
9930
19698
2476
10792
2306
8240
14897
4510
10334
5950
5140
11044
10261
2923
10647
2121
5404
10236
8946
9109
18913
19584
19073
9745
17863
2273
11594
14438
3806
1205
6766
894
4254
11924
6956
15175
13152
1764
15436
11222
3001
7313
1519
12296
4596
8696
7632
3875
2283
15778
8727
2107
482
4782
11706
13296
15904
12199
8528
6485
18186
6197
15860
17547
6142
4463
786
17196
8809
14
8337
15300
6949
4764
413
13434
4915
5675
7536
9676
7216
7715
13628
3864
6647
14387
10519
9175
17108
10601
772
7907
13728
1212
2074
10426
4638
7078
9715
4315
18544
17616
12563
16621
15927
19173
11091
5246
4773
17416
18473
16265
12544
6274
17398
18161
6390
14771
7563
17194
14648
12042
409
12791
3572
3184
7892
17613
6963
5246
15171
19415
14955
12686
11430
18227
8482
5071
100
17657
8064
7571
14577
17084
5871
19811
19320
7049
13042
10770
12235
1452
11839
10926
10980
19379
17050
5459
18774
842
12208
5017
10261
11716
12301
8430
3327
19163
13434
959
9381
16655
6678
7823
4538
2826
7920
2058
5143
19045
5726
13971
16521
2019
5822
26
2872
14779
5318
13801
2356
9843
5225
10813
13854
17703
2793
14642
19024
16809
12692
6104
7978
19395
6109
15393
4154
1528
8663
7676
9703
8
3056
7228
8954
1618
15848
10065
2154
3220
16780
17464
6083
19054
12275
7022
6322
15652
14165
8800
9295
11490
19587
12958
6214
9306
551
11373
9156
7208
10841
11708
17660
6775
3738
8847
18707
19965
10833
3255
206
1569
16576
8226
2517
125
15106
8878
10660
4638
14243
18809
15598
7880
92
17141
14415
7479
5001
12279
10156
6304
13513
174
9449
12534
12402
3824
4615
19464
19630
2352
11383
7591
19382
3692
9440
4902
15849
13635
15145
11738
9640
18180
18371
449
14962
15745
13142
4063
13335
15139
2471
8995
13947
791
8994
13064
19370
9349
12714
16791
9618
13665
4186
2634
8161
9498
12087
7851
11292
4528
10548
14651
4152
11908
19201
12047
17465
14023
11634
13237
5957
14036
12647
16436
18596
1177
12989
17553
18487
14640
18576
14894
2610
11117
13163
17997
17175
3888
5710
13554
7023
2330
3483
17926
3976
188
18845
18424
15686
7690
5045
2782
1671
10063
19746
5721
3352
16378
16524
2038
6189
4118
12749
17233
6369
19544
18909
10324
938
12145
3929
14589
6359
16996
527
13662
15338
7441
5481
7646
14060
10095
1651
18045
8305
5560
17099
1556
19241
3870
7588
14715
5792
3963
10998
2436
8851
4711
14213
6084
12719
3395
9165
7058
1160
19602
17671
12296
7186
12807
18811
39
14080
9464
8994
4151
17431
19058
6934
3915
16461
2343
5080
18467
7748
1187
11293
6731
4413
18780
1943
13313
12890
2664
12508
16628
17173
3560
4181
5031
11702
11361
11685
8437
12341
9131
4308
8143
19724
15331
4535
6049
12088
1627
3933
10546
13100
562
10072
3018
4626
19806
17318
18670
12095
14500
13916
18567
12338
458
8142
12704
17161
4101
18397
18958
6815
3372
2269
4778
9830
7085
8098
19290
8829
12861
18343
1486
334
5003
5370
5957
6471
1262
12743
15536
11570
12669
6304
13710
7732
7197
3590
2775
2270
18645
4278
17620
16947
7165
12435
7659
2807
19061
5291
4697
13808
2386
2921
3864
2589
13811
10039
13824
14191
1010
5262
4714
16519
12341
7260
5711
9710
7748
10384
3567
11915
6006
16420
17357
17381
6980
15752
2263
7381
3775
103
13252
4742
7773
13848
18294
13804
4366
2787
3424
11358
11245
2926
11457
17458
6610
9252
14221
17396
7844
17441
6636
14370
779
12060
3708
3623
3588
12656
11602
5234
19662
7337
1950
10738
12162
7944
9516
17936
11679
12947
16487
2825
13283
10140
6168
12039
1717
17452
13004
15835
11711
5868
979
1817
6458
11728
6309
4175
19681
17408
7295
8995
11688
18213
3979
5897
7909
16204
19582
1566
9516
17529
4538
10660
7928
19212
15892
9178
4037
16873
336
14614
19035
17478
776
3138
18757
4662
9067
6353
19392
15084
9762
13564
9071
11855
3855
12126
427
11737
7502
4296
16791
6731
10653
7137
3377
17233
14072
12030
7525
18061
10685
4858
7484
17539
15918
7314
17713
11680
13428
1280
9092
19272
1121
13297
5352
7067
12046
9221
1335
10275
16931
14179
16357
12412
4277
9014
9649
15520
17449
1384
3736
12238
18679
1562
996
6678
12425
4637
6850
14788
16675
4464
913
12295
16125
10774
8278
10685
10092
14291
10861
17789
10303
10115
17178
5152
228
1687
17725
14380
6634
19661
3395
10271
15298
15370
3641
14325
15647
2039
8412
8021
12380
11894
4844
6398
18652
16959
15807
13642
9677
8315
16849
16220
14662
16572
12665
19819
16175
6263
5335
1387
1120
8159
14986
9332
9058
15103
17342
6577
16049
14484
14722
18536
11427
15237
18136
1793
12706
11872
1797
1844
4085
6642
6664
18067
1117
10690
4167
402
10651
298
3813
14031
7151
10323
7600
16225
19419
19597
18007
6689
19685
17768
6553
10831
19644
14577
17753
3907
15058
5836
6061
16401
9960
2155
15701
8152
5287
10760
2376
4423
14122
15909
11466
8588
16249
13661
1755
12731
593
9606
2697
2679
8415
2790
7621
17568
16011
19183
2963
13977
8081
6777
6811
19732
3210
17658
19612
1661
12073
17220
3072
10272
16962
15323
843
2551
3909
3217
13517
19636
17704
17952
17079
12968
6690
18532
15146
18925
308
16755
8139
5878
10562
2425
17458
18193
3455
2004
6914
3702
19655
14889
13491
16688
6821
9089
7115
17732
6357
2755
8491
17250
16868
10671
6629
8199
12691
1908
1132
3148
4859
3535
12995
9263
1290
3298
16760
16125
1675
844
8010
12568
4292
15018
18436
7178
15609
15370
13870
5991
878
16551
5465
13656
13033
998
11768
7561
4950
5516
2414
19280
13956
8186
15874
7864
8044
13286
12367
19114
14642
1943
824
17207
9637
16828
665
15525
10464
3914
7320
3059
13523
13489
6138
4042
1051
8825
6738
354
11693
1310
17781
16494
83
293
681
13285
18413
11834
17724
8558
665
6184
3920
12871
11565
1556
11956
10802
10688
2742
17102
13917
10248
15412
9236
17772
15199
9469
537
1925
6495
12991
17509
15608
4172
18054
1470
10313
12369
210
2370
2043
5762
16659
7991
11099
9152
2340
9401
19974
1372
9505
16306
11800
6387
13190
16105
7474
4759
11429
18065
9575
15694
803
3617
12739
7251
4240
15268
4889
11131
2882
17479
1255
16690
6157
14832
11400
2244
1089
2254
4342
16631
11103
11755
12409
3189
7033
6109
5745
19816
14406
12380
19996
14014
15038
15247
5956
2476
19448
17951
12904
18863
5822
7373
165
621
17449
12799
5505
9626
19551
13173
981
10487
18917
4442
3508
19060
5474
14454
348
11350
1843
8000
17623
15604
9124
15697
17710
7611
12817
8372
7755
7826
18970
57
17226
4504
1724
7177
16028
13801
17234
4627
1687
15455
1223
16581
669
4212
15894
17911
678
12486
6304
8129
15469
436
19657
6348
5813
5189
10032
15526
10742
5416
4681
79
18792
1077
11833
10544
9578
8242
16237
8620
5840
16082
11352
1519
12999
17305
11815
1347
6245
19322
9506
16577
14034
8961
18849
16836
13709
12172
5960
15865
1981
8436
1281
7571
13717
16329
17332
763
514
7484
2118
19940
12788
8438
332
7548
5830
9157
4458
6495
10188
18584
4236
3494
5529
12127
8255
16700
18474
2837
3757
13521
15923
15482
8948
5160
13763
7257
5026
10027
12918
19816
6128
8958
2615
3598
5143
4593
13392
6559
5779
19759
8336
7426
3634
9555
14295
13171
8697
19514
7169
19269
9556
16211
1164
10207
18008
18355
5192
19303
17911
6822
14971
2813
5374
12543
3598
2494
17934
17489
3159
8681
13750
18742
1539
9245
16009
15724
4416
1249
2401
17664
12676
6014
6192
4994
19198
13767
1311
18264
11575
15865
6789
3535
16964
12285
9765
10059
17355
2058
16261
9440
13584
8999
14662
14041
14491
1646
19717
11478
12583
4140
3917
4211
8969
1413
2646
14178
13115
18837
3614
3323
7908
3825
12994
7914
14534
8652
19578
6406
5028
7318
10639
15714
3630
766
11321
17053
4042
16632
5465
17652
9921
5369
7023
16214
11139
13087
15225
8728
6072
12942
16937
12415
9476
341
14722
11131
6357
4047
9935
3924
3980
18438
4064
220
17574
13393
4609
8579
9670
7678
16793
13290
3649
13227
2172
12431
9446
11982
813
10055
15112
19701
10900
11466
17417
19176
11768
6855
11652
15882
249
3096
16471
19934
17900
11377
6892
19685
948
11570
2370
14438
8921
18876
541
12455
18984
12480
10022
8696
5511
1075
16640
11151
16467
13438
4713
16525
6584
5169
14857
10336
1644
13879
16026
8610
680
6405
243
17630
5828
13709
12051
12434
18478
19919
19143
400
12103
15918
11352
11999
8858
17888
10900
10815
6554
9791
5911
16394
1847
12094
11989
2997
16636
14197
16711
22
19624
317
17840
6687
1479
14263
17131
14984
2540
16102
11091
2315
6573
6301
18350
13289
7355
2483
10807
15018
17085
17235
11047
2754
1768
176
415
13326
5725
17046
18356
4478
13183
19675
19319
13101
8719
661
14400
7403
1254
3365
7670
11131
19278
18801
6686
16888
9661
18415
606
15891
15983
5116
16013
9368
2496
12109
6777
1551
15427
15709
3731
5342
10081
15654
19643
6187
16593
14859
18244
15198
7888
5329
2628
2597
18142
5645
10235
1682
277
13048
6301
9919
10854
14336
15229
14642
19089
4472
18327
10331
15105
5008
13434
12154
195
3615
273
9053
1729
3900
12973
17383
17183
12108
11185
16909
8336
8630
9721
10490
438
883
1319
15474
15284
16897
10891
19539
6994
15318
3247
14391
9709
5937
9212
3478
984
9292
8493
7465
13587
5806
5454
13641
4646
19421
14352
2870
3418
14992
13420
16179
13716
8034
5713
12111
3151
10755
11692
19711
9141
13769
7187
7494
19417
933
18510
918
8596
12432
6466
15152
7547
6947
18011
7560
5913
11429
4982
6660
14414
2111
10120
4579
1667
3212
7887
10874
8713
17068
4467
7865
1326
15352
16919
8461
6267
19823
12994
5438
