10000
17950
7785
13694
6697
13867
5478
7610
19481
12669
2697
13597
6555
59
8261
15011
7939
1073
2169
4486
13720
199
5217
13893
8464
12511
10793
3217
15128
4010
8637
916
18000
6183
10491
4798
5235
12153
3178
18125
2708
8004
9284
3736
14372
7108
7759
6776
11120
18026
7977
9972
3590
19860
9569
2631
1336
12520
2403
4944
5178
17837
19115
13782
13126
9638
13243
9078
18463
7947
6248
14794
16914
14789
13870
11544
3384
12646
7651
9620
4312
4003
521
2195
16873
10608
16125
4589
12821
1654
12685
15726
18426
11315
19399
12729
18602
17582
15756
761
8338
13813
9795
17286
9943
8213
1449
13104
15292
437
10758
10700
18016
16400
15452
10904
17573
13325
2713
18988
14635
10780
14635
13278
18843
14383
11379
13042
12128
2835
3730
17341
2671
426
5056
19412
16391
12391
19227
18390
11731
12101
1981
9330
13293
11043
17606
7702
18525
2208
4696
3990
1695
5391
14402
1141
6818
15639
8564
5459
11756
9066
6833
11155
19707
2976
1955
12456
3494
6319
9896
17340
7394
5321
12265
16252
12417
4018
7308
5827
4533
4509
5567
19713
18131
11202
17781
13415
3090
2526
270
5586
6354
15366
8910
1682
12569
713
4943
5142
9208
17346
15858
534
13069
727
369
19389
4482
12753
16976
4112
10066
15416
15378
671
13836
5354
18696
2983
8112
13943
2884
6242
11798
16412
2668
3180
4718
11611
4073
16658
7138
1843
255
6841
15831
1153
7191
18313
7762
1587
15960
6420
15096
4356
6261
19366
18638
313
13376
15050
13247
3447
7195
11063
18620
1791
16591
9398
5277
5832
8534
15505
7302
15159
9746
9177
18469
19581
2497
5204
19863
1196
264
18081
13610
12791
19436
12137
7005
15270
5695
7812
12804
18387
9144
11173
12808
10916
17403
11876
6187
19589
4472
3973
7401
17953
3152
16426
1466
3101
15153
14386
2740
7089
16034
6860
11213
1540
2010
3324
11197
12931
3499
14793
13314
13149
12988
13920
2398
6974
10037
11657
19355
13350
15283
1284
7087
4517
12923
17119
4090
7446
2923
375
6444
8309
13228
4584
2692
18782
17156
13588
3187
12868
17032
1612
5534
2250
12494
1981
19106
2945
2336
15417
2802
3135
781
19649
16508
184
6809
6573
10059
2012
16725
15320
2213
4269
9513
4106
15028
13947
5838
2883
14209
19453
13880
9825
13692
1870
6288
13711
14936
12194
16320
5130
12340
5220
13288
15216
2325
2477
2478
12007
4878
1795
9969
9416
10754
8140
6238
18950
15776
10381
9211
10303
13772
8099
16033
9790
9215
18525
2184
19145
4645
10868
4186
1198
16708
10409
10857
19365
700
15129
5980
8546
5066
4415
18596
19899
1638
9318
16270
3568
1485
2153
15281
3163
4665
7850
13318
4245
16299
13611
4728
10081
12235
10540
9105
13594
16486
7937
14708
6645
7894
11247
1289
14962
4576
8644
9970
6661
13303
17040
381
16283
11486
18691
13522
2827
6474
7812
11788
15386
7365
9420
6308
395
7087
2653
1577
19297
10111
17186
18252
8466
6760
5572
10968
13003
18519
1541
575
12794
7928
13885
2799
10268
1720
11791
2819
12739
16868
18184
13078
19139
3185
14803
14194
11257
13045
13083
11527
440
18131
10910
7639
1682
20
17898
18861
4704
2192
5336
18926
9870
4909
14082
9768
7078
16638
3169
12904
10231
3276
9447
17640
19137
10066
14070
17476
10240
3618
3099
14189
3219
3749
6155
3063
6568
19456
16408
5677
11398
242
7503
13637
6390
11225
13586
5517
14574
17493
1549
17220
13371
19492
15479
2726
8043
7117
6471
17247
6261
13784
13264
17153
3045
4314
17627
18769
12392
10926
4863
1179
8944
191
17760
12230
15556
6626
10369
7585
232
10592
18663
1053
6180
12818
5643
13301
13971
3525
5275
13031
5707
3197
9967
2951
17764
17205
15235
3817
14150
6244
4310
9275
17363
17851
13789
6869
9742
16651
12836
12265
3303
10052
18306
12149
18757
12472
15256
4055
19662
2015
135
12448
18870
12595
13131
18337
12513
2203
16663
3426
9718
19940
14990
15122
19395
14539
17531
19896
3463
6008
2094
3048
9664
7813
9716
1073
2258
13820
3409
10707
3248
8798
2685
6190
13098
543
17496
2773
14419
7311
9643
2849
2637
16532
61
7011
15347
16851
18318
5457
15747
3309
4244
9186
1863
5446
5071
11220
543
9537
1739
8746
17036
6183
10034
6356
1659
13382
13195
5350
4460
5654
18323
6410
3550
17271
13046
18386
1336
6614
13866
1765
1015
17102
1801
5499
11855
14987
10249
13284
11264
11050
5145
3362
18967
4125
5946
11735
8381
15626
7191
4568
10112
6643
19331
11777
13628
8208
5454
8291
11110
18808
5411
4984
17461
1503
9857
13111
19885
12505
16180
3843
18089
16925
13456
19518
7493
14693
10857
5627
11781
6161
18609
12912
2341
16459
11119
1162
17469
13285
18008
11131
10449
4126
17997
11854
11379
14884
13137
5083
8757
6228
10629
17462
19663
7869
18690
17666
10889
16290
7827
9795
10246
7710
332
13457
18893
7393
18282
4232
9044
14137
8393
17437
16780
3276
13020
3947
2500
8161
7788
2154
602
2687
16112
1153
17125
10445
3270
7859
10936
6201
4491
19893
15891
212
14493
1151
13708
7322
12938
16065
10646
16815
15444
429
11499
11205
9571
786
10683
9787
2183
13257
1745
255
15529
2344
1758
371
9229
4083
11973
12077
12839
18899
7714
5721
5174
18015
16280
12634
129
12214
4885
5101
7021
6287
3044
7790
10872
19880
12943
3988
15285
15322
2894
18935
164
4622
4976
19666
269
6057
677
2563
1337
15682
2343
9904
19470
16660
2659
13987
16645
2606
16167
9910
2569
8328
13353
202
4782
16561
1553
16657
10379
17859
3652
1068
9173
7928
19375
4462
11162
19350
12972
2399
8535
17925
4212
4124
14934
15842
19937
3772
6568
6060
6846
7182
3003
5019
11566
15262
13176
18160
1686
14358
827
1288
5192
19233
496
170
12941
8555
4455
12160
9902
8420
10771
1122
9694
2371
15396
6221
9672
5447
8479
19987
13936
2553
6103
14476
3945
14541
8107
6923
2963
18407
13084
1931
16302
2363
2312
7752
14335
1005
16424
6762
638
17334
9602
6395
12410
7816
11276
8154
1257
13641
1150
19912
18608
6523
2066
9280
12652
4860
11291
11844
17690
19241
1727
7122
13001
9053
19571
1301
506
19735
4914
13016
16209
1690
13336
1685
4379
1519
11905
5100
16827
16133
19129
19567
12595
5464
10912
4122
12651
5998
508
9248
18433
16798
19867
13312
8014
2732
8355
3830
17137
6351
13592
16558
19546
19380
10986
8244
9173
13467
9655
9063
688
19423
12228
17164
11979
8532
14516
1886
3003
10280
15554
19587
11451
3083
14401
17945
10033
19435
18030
8687
14136
9656
12686
14577
718
9575
13033
3068
11036
8466
14307
16239
18525
7004
7603
14946
9645
3123
19682
10800
3440
13838
3937
9328
13117
6965
2055
7042
9317
6495
4870
8996
4899
6742
7081
4388
12129
3960
19212
13936
3172
16247
6392
14697
6550
10272
12218
6806
4302
825
17598
9077
8990
17986
15181
18124
9369
19390
1088
7486
14847
12204
8064
11481
13318
14669
2652
8652
10790
2634
4038
14165
12001
12782
11723
376
3118
4974
10476
11884
17089
10154
17981
18864
4472
13099
2170
16603
14628
13676
5793
7729
6866
725
9776
9073
19157
16066
3612
6219
18674
12610
5579
7951
13416
9339
5838
3361
1242
9355
15071
17992
3130
10602
17843
9445
13395
5419
5563
12961
15507
15137
14653
3200
10163
16222
5002
5073
12933
13431
19036
17735
6489
19907
8462
962
12172
3810
8696
6118
3565
2298
9349
12910
5133
9821
1171
17049
3075
6375
14438
6658
19385
7683
5065
6477
8150
5068
19138
14333
3753
2897
401
13219
10127
9906
13765
1650
577
17895
12923
1069
1885
12352
4659
7265
16398
13063
4305
6607
507
1058
9997
9025
618
4340
19832
7710
14031
10787
11564
14233
5717
2100
10062
12644
10535
1170
1250
5794
3963
5614
2315
12825
8187
14048
3806
1766
13298
8588
13985
4715
816
17568
9030
18276
6074
16506
16574
12375
19121
7078
16124
7145
13629
17508
8039
10253
15317
18472
2138
2711
9102
18619
11196
5295
15646
14975
3128
14945
683
6960
18264
16305
15637
15398
1507
10476
12893
3479
10800
9402
5553
9113
7621
12688
2805
5861
15281
2818
14703
2935
2466
12117
6702
19186
8483
15218
5848
6625
9750
17142
15951
1848
13866
18054
13952
11032
4153
6816
5576
18961
16353
16653
10722
11970
1565
9715
12657
16956
11455
8935
8295
3140
15084
15231
368
8247
11796
3270
18558
18697
4748
14184
13201
10246
15466
6317
4738
13657
17340
2243
19757
3243
12358
16627
3289
9090
12630
790
10726
14059
14757
6721
17137
3475
2253
11131
9766
11919
18977
783
13123
18939
6894
6237
4293
3135
17772
9098
12082
7022
3360
3096
9090
12360
7410
9649
12810
19776
4613
11805
16966
4855
18136
9843
11971
2375
3353
43
262
14012
15073
13906
14428
1980
18799
9175
5535
15688
1285
5378
12098
17754
8025
8004
11386
11182
4857
17290
18217
16701
863
3275
17415
11781
5516
2081
15983
16996
5763
10132
12035
1635
18597
19857
3069
14512
9861
7482
15604
4259
3688
13752
11367
13602
18235
8587
1641
6976
18160
14082
8041
4224
18902
3941
1884
16535
2803
11855
3625
8719
2753
7578
15921
14888
1379
9683
17370
9594
12547
6028
17462
1045
13033
15856
14484
6249
985
9905
15139
1633
8970
413
6782
11306
18367
6991
16441
18578
10660
18114
12167
13196
10886
960
17669
4240
2286
1209
14214
17182
11964
18767
4219
2819
13853
8974
11359
2164
5641
8825
1084
2359
10011
1951
13022
6178
18542
1421
14386
507
1104
19837
18491
3934
12677
9068
14321
11997
1819
18633
5237
2017
4998
1865
12502
15567
15063
17207
2553
3558
9533
6600
11849
14789
1496
6605
9211
9130
3670
14947
9436
9172
3181
16772
1209
9610
2292
17472
1035
6868
14110
14886
4797
1383
16371
91
3547
5919
19852
2638
2745
8324
4939
14082
15325
3631
14101
7882
6730
19878
7053
13940
7274
14627
5167
15804
18966
13971
2021
2177
15301
13562
3561
8052
9392
10227
4408
8460
18974
19285
6543
471
337
3602
7493
9259
3019
1145
197
507
2622
15771
6566
9509
17551
13994
15016
15720
3238
3934
12749
274
2549
6417
658
7736
16291
7914
12649
19967
6163
4919
14965
17943
13302
3859
17056
18247
17609
8679
7868
547
780
909
9780
15066
18849
2095
4527
12076
12733
4046
7777
5785
4686
16191
18765
2772
9961
10575
13050
4919
14671
391
18385
15312
6715
2603
18128
5081
14347
4157
6831
8614
13864
15167
19693
11927
307
3477
19029
16940
2158
13608
2643
1560
17189
11814
10092
4431
16759
1447
13279
14489
16709
10155
6487
16040
6517
10367
10826
14022
9219
17215
6321
15944
2373
16021
8163
11807
5401
11199
1744
13325
1902
11919
888
11092
11020
8012
19014
12586
2017
10453
6412
10441
9736
6
6492
17283
4024
8211
3295
9714
10150
8401
1110
17069
10808
12980
19148
7351
6984
3251
5428
9778
15601
9960
14051
721
8505
9779
76
3051
18906
830
19317
17323
1102
18331
8147
5923
13015
202
5638
15393
11177
12503
2323
3482
17333
7520
19514
14147
9874
11380
7859
18847
19434
4662
13962
1875
2270
4481
7828
1397
14423
1349
7085
13410
2218
2320
15920
11278
12167
10473
19730
3414
4255
13109
7323
2258
655
18332
1538
2535
8237
3781
12740
13945
1326
19614
6560
16413
6257
16216
7698
14284
14316
2063
7914
4243
12081
7304
16008
14279
3708
13843
14199
183
3228
4943
16035
2842
16635
13965
18520
11847
12524
204
12536
15491
16336
8355
1657
3764
741
16990
4217
9172
5132
17280
14974
5858
1013
19303
19598
11443
4585
76
17192
3526
5300
265
8350
12308
12109
18070
10064
14438
5667
13740
6053
13569
9125
7754
15048
18588
7662
16502
4765
594
4268
10427
6975
15891
9420
7056
10007
17205
6691
15354
12411
7048
11963
2920
18784
9990
17624
7323
2494
2153
6950
8553
4991
18103
5441
17623
4802
9977
12545
14147
7955
13865
14560
18724
2879
7209
14056
19017
7958
13745
9598
15614
7522
18816
7557
6446
3166
6676
2801
16674
18805
15284
14313
11591
11705
14730
8920
3117
9084
11438
7792
5995
9422
17246
15803
5280
17203
14954
7295
9013
4384
15531
9517
639
7602
14324
11623
3616
4332
8704
6956
9965
14699
6667
3393
18473
18663
6173
6781
14320
10728
6881
13393
8561
3074
595
2706
5587
12175
5976
7684
14040
2184
17704
17253
5534
11903
12838
19956
3554
11740
15824
12348
3296
13330
4753
8640
17013
2750
10388
11781
6725
8891
14548
2646
4857
16100
7886
16120
10368
10471
8984
3500
11670
3746
1067
5082
9314
10238
4379
12160
16633
12804
167
16342
15520
4128
2636
17532
13838
1265
9620
11299
8080
6505
3435
19893
8999
8615
9043
4355
10252
12111
18029
16649
9715
18371
8088
17087
13581
801
3734
18719
16135
16248
4521
9837
15248
11399
510
15912
7960
4532
14335
18092
13300
8454
364
10434
9438
19776
16452
5061
9498
13691
16701
3216
2547
13566
17395
1257
16547
316
13341
101
3921
18251
5371
3671
405
7004
3403
8312
3671
3036
1852
17236
18582
1094
2233
13519
8996
3938
8103
8018
19662
2718
4714
7062
10746
840
16577
6796
7977
8453
16722
12678
7580
2257
9696
12229
1458
12692
4921
13057
3087
9276
9708
7566
12633
7773
2584
12817
7164
2338
13631
4031
9614
16174
16153
4654
14700
3476
7941
19547
17699
13615
9978
1143
8746
1695
18428
12334
8268
15681
11658
12213
9092
10505
18325
10128
17922
9470
14283
10077
19082
4947
17808
2016
4667
17694
110
17420
16813
6230
19875
13579
12340
174
185
12330
8321
5416
3668
2852
13191
4856
13764
16457
507
3478
12057
7467
3764
17791
17334
18021
4210
2313
5183
6665
14652
13569
2028
19108
8737
12291
352
15471
11040
17205
10899
19189
2979
11457
5258
19708
5222
14668
8873
6546
1302
18328
16831
17366
18356
11186
8351
16447
4376
3929
2159
15245
11218
11020
7449
10538
10860
11342
19551
11933
16684
14074
1867
4267
18454
1756
17476
682
12974
16947
3005
16995
282
4322
19688
4451
5477
1773
18792
14846
7744
17526
9284
9569
12196
11636
8343
5715
14803
9484
14628
2822
11516
13871
4902
17120
14236
8848
2374
11009
7874
7712
6726
16
4811
17576
19642
4614
5548
18082
9334
7287
13230
309
5570
3320
2484
14379
9963
16401
14776
11888
3731
19521
10163
11945
19496
16520
12219
8911
530
13366
3494
10951
6502
13421
1357
7007
3960
21
17709
2054
14893
19356
6246
11240
19374
17511
14694
15526
16632
16986
14528
16622
18385
13984
4342
12156
15413
14008
7702
15853
19278
11356
11327
15643
3906
19727
901
3994
4806
15842
11786
1965
14833
7234
301
16902
5771
1986
17279
7353
7236
11457
6799
12027
10657
4088
10248
4700
561
9410
4336
14590
7517
4680
14705
7857
6494
3816
14933
4877
8745
545
17514
12299
12069
14366
869
289
10621
3293
9698
17272
465
17146
1194
3371
16807
6013
13293
12605
6655
18652
11439
4407
15300
5102
4447
17982
6526
16270
12674
17165
15524
11432
11055
16852
4526
18499
2419
6957
13833
18731
17652
14902
17060
1401
787
3184
1256
4802
13643
5075
9348
15417
10774
19628
3526
3969
18190
17492
5829
13492
1457
14926
9851
9129
2301
2428
16432
5253
9467
12094
11890
18401
11961
15945
2753
7731
9039
7104
6086
13724
8963
19634
18852
1325
3688
5903
16647
4311
16033
14504
17688
5262
3044
17890
5970
6520
14073
12119
5743
12184
18082
10473
1596
2610
1844
15748
6316
7706
5443
8111
13576
11806
19996
5710
15843
15500
18795
11927
12779
833
16093
9934
12987
8272
3936
8800
14414
17451
13031
3640
9391
19376
19658
7330
4844
5523
17386
10618
11144
13156
9713
12496
17903
4765
7800
16890
1636
10891
16354
9589
470
11670
6502
19482
10674
17902
12554
7289
8850
19988
14250
5621
19251
1346
3256
15772
5412
6744
10046
7072
12762
1412
16351
17879
833
18573
15579
15564
19052
13500
18609
16735
18285
18152
2718
18112
16129
16924
6756
9187
387
10279
13863
7872
12416
18304
12913
6059
15978
9268
2356
2347
9862
11790
19759
14841
9281
11009
7722
15414
18367
2965
16828
15657
6451
10796
4940
17780
14795
17039
4596
16946
13987
26
4545
9615
6650
3200
12695
13987
9858
5372
13778
18381
5040
13238
18791
12361
18611
17742
15176
16173
17729
6985
647
16070
12397
12373
6226
5641
13589
17210
5404
888
6808
17374
9885
16404
965
19061
19439
12217
17550
5092
8569
10715
2459
16048
4425
17819
14299
19912
16282
9062
10422
2508
16950
17354
926
14616
15316
13749
1347
9553
5058
17132
14053
9546
12542
5700
16100
6707
3102
2465
7892
16415
5232
1673
877
1905
5243
6212
6494
9891
12996
5299
1057
18066
7277
8105
9226
8233
8407
14762
2457
18248
17929
5375
13231
3472
1289
10323
1885
17230
13158
14286
6839
11714
2424
8587
9000
5292
10495
13111
8479
7730
2569
17193
19687
19215
13008
10360
1109
10203
9951
3614
14938
4243
5716
17831
3096
18981
11841
3381
8018
11195
3437
10132
8155
9409
1176
19829
14321
6068
10971
361
13442
17545
17325
5948
12012
15128
13667
1131
11491
13571
9967
5187
7243
19334
9321
11800
4646
125
10219
6366
9159
2732
19349
4296
16197
111
3441
11419
5227
18687
10162
12813
556
19998
18134
5567
16564
11935
7466
7669
8345
8981
15660
18894
10320
9686
7595
7844
5981
811
15306
9666
18850
1175
7204
17309
7896
2593
19658
5904
4828
9056
11464
4280
15840
10243
15973
904
3522
10874
15913
16522
19354
12356
1305
9267
17581
1430
19261
11618
9087
19396
9475
21
14085
19343
16861
18567
6840
2347
5477
8298
8870
8044
12032
18045
450
15628
10720
16266
11452
2236
5252
7135
16043
677
5402
2502
18246
19353
9701
4931
18738
9595
11929
3914
10486
19496
15523
1019
2090
7264
198
15099
17262
14389
10784
240
10103
4143
9099
10872
18244
7769
19135
13703
15438
15788
4085
12667
478
2261
17382
7773
11545
5638
3889
3319
4598
11350
11228
13004
15313
9557
1554
16729
2392
12497
15883
7782
9217
9214
3369
10408
15518
15237
958
17238
11913
10764
19083
8454
18714
18590
5156
7684
10648
12918
7311
16558
12204
5869
5707
2159
7249
1150
2317
9526
12807
8690
17189
11058
16199
5134
3775
3532
13712
19669
3781
13057
11840
2554
3843
7707
5374
7878
9315
16555
692
18306
8150
15172
11867
17602
18707
12951
12622
9902
5018
10087
17472
11406
82
12936
3434
4242
15376
14489
8604
9467
2489
8347
7733
12585
542
3437
1358
7906
2694
18310
8304
5948
9642
16718
17318
13607
18042
7097
16013
16474
18493
2944
12551
9976
9653
7933
8431
1215
14049
2564
13128
6381
2844
8121
13326
13647
675
8562
9037
18631
10003
2250
13808
5561
10001
15454
498
14578
10275
17607
1713
6614
16187
8693
1472
6277
3572
17829
12379
6280
1461
3039
1686
14110
3603
14766
12590
13918
3828
2940
2273
4488
2733
10922
8569
556
19308
12617
12483
19030
15250
13016
15486
16917
16280
12762
12111
1447
11666
7315
17137
18371
8273
415
17738
13474
9987
10447
2521
3498
16373
4673
9740
2553
13464
15418
12494
14314
2593
2691
13308
17671
12075
13469
14777
12236
16279
7331
5495
4531
11475
5275
598
14370
7257
1368
19434
685
13038
7823
7988
10920
19307
12755
4467
18254
11640
19791
4467
10759
2100
17504
19683
18265
12850
16877
7300
7502
7677
10243
5150
5246
15931
4209
1293
16537
3696
10909
8504
10419
3994
3490
12226
16620
3289
12231
13977
10459
625
188
5772
7543
18568
2675
3354
2433
298
18809
10661
12145
12237
9904
10790
10555
18894
8938
10554
19677
15706
19108
17209
16585
18057
14333
13863
9226
1764
10577
16516
16948
6919
18518
10910
14605
642
4594
1958
7537
5977
17047
4128
15271
18476
10685
3475
10782
10929
16282
12033
18242
1020
9248
18545
1409
6016
16595
1480
13269
13296
16709
16118
1966
7263
12592
16812
17917
18821
688
4171
11327
5218
698
12247
15204
1533
13373
6059
18587
12934
9300
7015
15068
18970
3844
3556
4113
11620
13272
16455
12418
3744
16631
12948
14972
7771
19167
3226
17789
5782
12928
1804
10846
14281
13143
11568
13565
10405
14501
13328
6662
12850
18988
3438
11806
19063
19270
11093
12492
5847
705
17002
7908
15768
17115
19649
7954
17312
2390
11372
12351
8408
8279
16335
450
17074
14017
7438
9926
11527
16938
11911
10996
16441
7830
1533
11933
12055
18360
905
4902
3295
3362
6965
3185
12765
18852
9315
292
5746
15145
15655
10072
17136
15082
19542
3967
5026
2317
6486
4659
17704
1118
4468
5431
10335
13384
10581
5453
7487
6095
15652
9748
13695
18765
16490
16698
13779
8456
4060
2054
5333
2285
13646
12987
1602
17323
12230
6218
17339
5838
2955
11543
7979
5910
3643
2053
11849
8435
4060
18881
13843
14207
15306
17128
954
1561
5839
790
10141
3577
13457
3212
11726
3925
19942
1661
5360
4847
13538
18421
5346
11736
13425
3975
3797
6342
8416
11793
16473
2957
13077
3278
8694
8860
13183
2712
4630
17719
19175
1431
7552
11469
17094
8459
11647
2517
14769
19922
14209
19562
2672
19446
8187
3424
19852
3638
10698
8257
3046
7215
14036
17097
9252
5799
15245
18074
15302
1750
8918
14237
14199
9586
8127
4310
9695
6997
13805
8098
12821
15917
14519
6768
5938
14592
12586
345
13825
8185
5229
18077
178
3763
6174
5148
7661
12001
16027
15181
6788
15320
15837
734
3650
11546
1535
7849
3327
17120
19324
14608
4949
17539
5046
4245
5261
19271
11123
2328
10898
8804
7522
16653
6536
3186
12348
10553
19093
4368
5701
7177
7133
3313
6065
15727
14412
3716
5155
14234
11916
7519
13393
3569
7382
13096
9828
11053
2821
7519
4731
16816
6150
13962
974
17413
7371
15422
944
13652
15327
648
17486
15714
3317
18454
12885
2915
14841
18948
624
13566
11079
17030
18446
15068
11098
19183
13602
15851
18237
14460
36
1621
3454
19392
17333
8600
673
11725
17984
1410
3600
4892
19515
2859
19087
10841
14861
14031
10637
13806
8457
7750
407
18409
6681
9730
6023
2989
18198
12229
14459
14547
7155
19484
2336
11546
9146
10619
2956
16242
19022
9878
4906
9121
15760
442
7632
13519
5149
16166
14477
85
2707
15913
4575
2301
8564
5433
10785
13429
1572
8141
3489
13750
10701
10168
16783
17292
18434
6659
4817
3425
4192
8645
3507
4042
9583
18753
7580
11277
12232
16604
14876
15373
9234
3866
13250
16180
13509
1237
6346
6845
10511
13176
17300
10235
19348
12478
2447
8969
18128
12066
17939
6606
12792
18018
143
13228
2815
15061
13335
5062
19316
10374
831
10700
14825
6893
18085
12676
19246
19688
4392
3287
12348
9115
13047
8981
8494
18273
10405
8261
11625
9581
6584
1453
10076
898
3744
19867
13794
12555
19685
19502
2180
16120
18393
9924
1692
14965
19436
10848
13365
3657
12286
1015
16686
3720
14288
8536
10781
16533
243
1910
10512
5336
4994
9779
6286
18328
14156
15210
16348
17205
18857
6169
11228
18340
19246
682
11184
16552
2747
3324
8956
18825
14545
12530
19786
532
17569
16312
3239
239
14176
3534
5002
17879
2806
18099
724
8792
16054
12302
3282
8712
4680
6299
4832
19840
19586
11665
12745
17560
12085
14636
3369
10718
1828
572
11667
13779
431
15881
398
5186
16013
16225
17946
4318
280
18432
12529
9431
7522
15995
1608
16536
9062
1961
4852
16896
10873
6990
2090
4538
9696
16229
14719
5500
16443
17545
4110
17401
9246
10240
18744
9731
12928
3269
4261
17728
11276
9392
16488
19112
8885
12708
12417
12025
14759
13845
1820
4502
8184
6773
15575
4643
1630
9017
5153
10837
3610
19372
10430
17434
14001
15184
19719
6469
13020
6796
10414
16147
12533
13846
16511
14367
11730
9310
6018
9150
462
13173
16764
6361
12322
3033
6486
17157
2355
862
7285
18656
19109
1018
11560
265
2926
19469
18657
18620
5669
19978
1082
15658
18936
6183
9529
7185
13597
18909
10766
19453
9344
12796
10809
7514
16700
9103
15752
7317
18021
11591
1022
17134
8225
2790
15792
7900
9463
13451
10504
13629
3103
18229
2092
9528
3065
19669
8954
4722
7322
6708
2826
10313
17346
16062
15189
19023
9864
13418
11763
6151
12342
1992
864
15413
2961
11014
4824
18277
19089
18974
8642
12412
2991
9215
19849
2386
17340
12470
9381
3700
19822
19256
3961
4597
12085
6767
10805
1772
2796
14112
1083
14510
16683
10357
13599
4841
12186
7723
18887
8826
14016
18554
9682
5003
1304
7420
15157
3149
9381
17532
10976
10253
18236
797
18496
14454
18816
2276
13597
11236
4556
16099
11779
288
6280
290
19166
3869
17470
9196
11807
6957
15847
5940
412
3616
17151
18466
6099
7579
16311
61
8622
14449
18089
11382
12898
16737
4293
7727
9457
14219
4458
1799
4144
7248
13489
19716
5571
15845
1859
8091
5157
7443
15179
5022
16131
7503
5990
15138
18280
14065
19703
18988
13459
19443
4471
17496
7236
13256
16745
2470
2390
8310
10028
17058
12133
13265
16234
205
3313
6806
4205
15373
14236
13088
1040
8238
10317
10763
10355
3315
7639
18211
8393
1438
13907
10727
15116
13495
18313
16320
11056
16764
10190
15192
18645
1509
13959
11129
1590
211
8460
5219
10206
309
16648
2281
17274
7095
10141
14664
8010
19463
12388
18757
2065
2949
18002
16354
16491
10150
5622
13821
17342
6117
15262
11141
10377
14279
15418
15226
4698
17801
7000
7264
10780
4840
7310
1599
11469
5709
14263
10075
17613
7219
14004
555
2578
9878
2516
7255
10969
3066
12622
17587
9207
1301
19435
13266
18285
11290
13057
16073
13626
5411
7833
18530
6186
16026
8882
14489
3532
19172
7423
13719
7234
9195
5451
10632
15249
7558
16221
17595
4184
11847
7190
470
926
14241
4599
15635
19780
16147
19264
18970
505
14101
15283
15836
3020
159
15671
7690
14108
15057
8121
12528
13196
14082
19404
14962
17874
1448
9809
5345
18062
2784
15506
7641
7960
8635
8424
19258
7346
6278
16380
12385
18621
3476
19306
67
18727
9418
5922
19142
16289
8806
18633
16411
12591
6413
16412
10203
17817
14992
3604
16413
7679
11354
7941
146
16265
4697
5888
12094
3964
18054
10713
16818
232
1106
1570
1706
11678
3023
14742
14592
7167
7545
4467
8300
4368
4319
2110
16025
9674
6002
2058
1700
12845
19177
2035
12787
18709
10381
13061
13712
5060
10824
19354
6913
15071
5861
19232
1158
4309
19044
11768
9326
19034
11677
17915
18837
13138
18062
8151
6174
17224
14210
13207
14185
830
1728
2753
6034
16639
12141
9529
4582
8944
17215
13251
19586
9446
16960
11878
1770
8177
13403
10411
354
12181
10182
3877
7533
10617
203
7466
10943
3384
7349
319
17057
14741
14036
16435
3073
12076
14189
1186
12723
19172
8704
5785
9993
18720
7063
9817
17514
14644
6025
7252
9265
11125
4648
16949
1253
3561
5741
7836
2033
11614
9341
14983
4575
3863
12664
12716
10197
14240
13375
8962
17676
2562
159
13952
15273
16882
10142
19997
9851
16804
17697
18551
944
16894
5239
4431
10131
11911
11046
7217
16102
2622
19728
11441
8567
14246
13921
7569
11267
351
17304
5215
6436
19280
11536
5051
6136
6656
2442
9750
2896
4197
17720
8663
9297
852
7976
4375
11626
726
13707
18060
4371
13467
2497
16834
4958
14088
931
12421
10909
7116
12653
1468
3056
8561
19366
10575
2568
6702
9165
6281
11293
6873
18754
19224
6153
16474
4206
7537
10239
18810
18479
6225
13611
17370
2500
19167
9448
17345
7058
11693
6520
10957
7409
2044
6563
4618
19990
3711
4687
3136
4253
19384
2871
12390
15026
8351
812
9141
3836
3553
19973
7352
9543
13477
18596
16863
333
16586
9703
18611
17249
6412
12519
8100
1687
18117
2545
894
6227
18640
2303
3417
15885
7336
3058
13904
18685
1680
15469
14569
18184
1964
16913
17139
18055
9036
2417
3054
9393
2504
6705
17188
16549
4359
13408
7062
12470
16698
13999
8273
19442
741
3149
3743
10481
18590
4896
7545
19639
16942
354
8090
18469
2868
12790
15791
1283
12009
15429
1067
15042
12158
7066
3223
11249
14657
3670
11814
19487
11935
16656
1511
5863
355
3597
15156
17021
18524
6488
4551
8819
9437
1214
8108
4616
18782
424
8977
15406
10176
16662
1465
10422
19470
8149
11280
11674
8639
5532
19226
3399
13111
10057
12325
4773
13805
10611
4924
17157
1064
8363
19965
10470
11170
2740
12034
8067
17071
11100
827
1661
9654
17494
8797
7200
15358
3350
5044
14772
3524
17224
3540
8643
16840
7565
12717
961
13512
2675
16765
4701
3588
3823
1503
12451
18049
6234
4769
13964
13577
14757
15507
13315
15375
2267
14363
12020
10928
10994
4038
12115
19669
2732
15129
11269
17717
16720
8358
14319
14424
9248
6201
16314
3062
152
18642
32
18045
5090
10477
19094
4945
13880
12573
7061
9870
18583
2455
5062
3882
17980
14186
14058
11317
12062
15341
18883
8578
14887
2321
15715
18591
7184
16661
17103
2624
18200
13753
399
11067
16161
9610
16501
8620
7496
3483
6055
15448
9823
2581
2666
750
16104
9445
17421
16585
1104
7507
9904
10291
645
3476
16368
3364
15926
16117
13776
19528
10150
632
10788
4382
3660
13819
10461
3292
8873
16499
16428
208
1127
18808
18293
5986
16779
11866
7570
8245
18487
9457
10592
76
18719
1458
8778
425
18597
12701
817
19888
4691
6963
19093
3275
693
9765
3522
18791
13328
6248
4633
11099
5699
12389
7546
19592
16664
19085
2123
19836
13799
11241
7624
16657
7944
15471
12231
11283
12818
3568
10694
5598
8629
527
11603
6437
12401
17164
13912
8303
16081
4510
962
12572
4583
19744
2604
17958
5220
10242
18253
14723
1844
19904
11130
4070
9940
9679
13497
2533
2002
4500
9667
13589
14016
1103
4309
3889
18611
13844
8660
17338
7518
4730
9306
10520
14054
14540
1409
14175
16002
15678
7019
8461
6514
18522
15308
8527
6360
18775
13748
14051
19895
18283
1405
16312
19943
8951
14029
15858
1617
4225
10728
16778
7565
7743
6742
12626
10134
1487
19084
14262
12583
1412
11290
1406
13397
17690
12880
15824
7784
1898
19982
3314
13974
185
5254
5517
16222
13452
272
12557
17246
7510
18218
12677
2994
17585
298
5071
6122
3403
8706
16529
16326
15640
16110
10171
14704
6821
10908
19917
3766
3213
17113
17110
7363
3972
2196
9943
10777
9264
5170
3846
110
5656
13933
18382
3712
18517
13545
14579
18197
1765
18773
19539
14323
19070
19130
136
1177
3295
16803
1226
15608
11650
15401
3154
10546
19598
19354
1722
13517
1706
6022
15328
15668
7403
10661
5160
11179
16718
12136
5057
4044
14177
14619
4160
16483
19035
17011
15048
8066
14124
11098
12460
8386
7311
15028
18027
19031
2397
10988
13178
12974
1531
5793
14335
6597
12083
3175
7865
2152
4960
17403
17821
14948
1666
9222
572
1705
12978
13773
13088
19041
17360
19603
6741
12999
16216
18700
15140
4197
1106
9119
2202
13071
19753
12694
5992
2326
4083
14181
12868
9962
19247
15253
4524
1039
206
17964
11114
18874
3015
17819
5555
4168
14126
4900
13514
18299
15231
1413
1730
4818
6580
17925
13568
9956
17399
19482
13631
985
17905
1461
9965
10309
11136
5835
9074
4354
11111
6432
1872
4105
19743
9970
5542
17580
14987
10047
14735
659
19946
10004
13992
8113
12038
6708
1519
10722
713
13601
2119
16419
17647
2602
1143
11758
1206
15792
16978
10705
19314
13110
9969
14570
13597
294
15709
2049
13291
19866
7081
3490
13660
18093
6779
18645
6699
19583
8299
17724
18595
14462
4
19368
14258
19160
6152
1688
789
7642
2609
16528
8754
8643
8657
11410
17221
10282
506
4059
18258
3368
794
3388
8377
14468
12255
9587
4616
14426
3960
9254
9130
1447
19163
1948
11677
11123
17507
11544
11330
15387
7538
3603
11053
10105
13780
19220
13627
18547
13860
3086
7876
10237
15495
11638
10566
12268
4182
10880
10529
18681
18458
405
11873
7277
13264
18067
18294
8911
10540
19297
1055
17255
13273
14285
18469
11854
6014
9092
17124
4564
11421
13262
5060
8462
16277
4099
7974
18906
16455
16110
17273
10768
2325
284
14893
7527
19142
1729
3391
15808
4775
2152
2930
16435
8588
1908
15807
3957
1779
14583
35
10403
1801
2766
15511
6829
17574
6584
8509
6786
1844
6290
3862
16467
3277
18480
144
6439
6178
8569
9853
7803
16568
19168
18975
19059
9484
14266
127
7330
12759
9601
19484
15090
4141
11140
12481
18704
16512
14024
18416
4759
1473
19648
1466
7383
9510
9764
7248
13474
4807
15153
10228
9395
14147
4125
9512
16411
10112
16053
1160
11049
1263
9909
17268
14261
3021
675
1349
1482
6725
15944
6977
6734
19795
18316
3722
10607
19877
2509
6544
3339
3162
5275
17031
10460
7436
2900
7027
13566
15369
4375
9664
2590
13373
14791
8846
17857
16876
11134
9353
975
7067
8555
10518
15610
6766
19145
13994
13294
13580
19934
17845
8631
15550
3085
14651
18954
5687
2840
2115
14961
19054
19445
4585
11190
11462
16108
18126
11338
18222
10442
7823
2419
16324
453
1171
11536
14581
14253
7901
18443
12032
1419
12930
5018
17176
14969
3732
9393
11912
10301
3229
10855
3697
3075
4520
611
10030
1847
6904
356
5753
14108
6876
10058
4582
4811
7642
15620
1613
1099
105
13687
18469
13001
1979
10919
17996
16500
5270
1637
10403
184
4868
19093
18646
19510
5280
18555
1849
14492
17265
18946
17166
4262
15316
4168
6948
10704
13457
19722
3609
11350
8112
11303
13503
12523
18340
10547
8349
8146
13541
17211
12940
15517
380
16687
3490
18655
9047
19121
12
9296
1468
1177
15763
17437
2042
19490
15809
15529
10843
6165
1278
11172
3990
1360
15475
13029
10754
2386
5487
1447
1572
18757
3495
2558
12393
10345
15128
3413
12335
1913
12297
12774
19261
7260
8716
8309
2804
13803
13571
14665
15741
8250
15007
18407
1345
8644
515
6220
8504
18327
9991
8551
18969
5145
16217
5138
6096
18710
5725
17643
3661
13383
7669
2995
9977
417
6268
9474
4676
19671
11213
13988
5754
7852
3265
14836
4660
4633
9300
9684
15914
951
3209
14918
4166
17002
15556
8970
10835
17195
13365
14581
3797
8336
18741
6442
6643
10777
9096
18135
15887
17274
3682
14351
13686
8288
19207
8159
12146
10530
555
10544
5180
9702
16344
15384
1743
8844
11437
10748
17529
18043
7235
18598
17483
966
18251
13023
2991
4763
7411
11402
8088
1352
16648
18781
5909
18986
14358
1628
17312
15219
554
18292
5715
5079
2328
4336
19578
6100
18456
6268
11555
13115
19980
14708
11250
7007
16925
18471
721
3257
6466
6862
14661
9237
13602
4355
16316
17181
11569
7999
9442
13600
17495
14036
10194
3615
12174
11012
3881
10612
938
19676
10519
6367
3763
4113
12015
15406
11693
14197
7774
10664
153
2582
1592
6518
10676
16916
1453
1294
10461
7612
18331
5118
6324
7173
637
3698
6814
19846
15841
16450
11205
15411
17624
12698
17148
9394
17062
18407
6241
2526
15097
7355
3707
18744
18038
1214
13826
6692
16655
12401
18493
8775
12400
9023
5863
8475
11193
7459
4235
8652
2502
12432
2767
3954
5194
12033
17453
1964
4795
94
10971
3029
11718
5703
1804
16934
10275
10048
10768
5000
7939
89
16406
19700
13894
3609
6258
1416
12841
11751
3994
17384
14652
372
5770
15823
1234
5992
16615
19281
11601
19943
2593
15311
12778
15040
12113
11893
9922
530
14466
11027
12207
3580
18220
11798
16382
16639
16027
867
9265
8017
19854
18255
2726
16385
19259
9246
16946
9922
4432
694
14766
7415
10421
18175
7751
2777
4238
17401
7449
5128
10556
8634
2262
13707
7618
8995
14079
17861
12260
10141
12885
183
492
3733
17834
2508
7463
2546
2833
14692
6252
3855
5140
7904
413
7129
19747
2695
1414
2726
7114
16660
7010
7824
16476
989
12412
19469
620
10143
19347
10700
13818
619
18455
8718
17962
6791
3824
1983
208
9378
6015
8944
18695
5272
16859
11922
14178
10462
10301
3216
10842
1323
17048
12713
581
2788
11743
5993
3304
6210
3691
15748
18179
11425
5428
14126
6731
15591
828
7001
17653
10063
4011
16172
15949
12082
12757
8765
16614
2418
2584
5099
12716
14690
11458
10394
6806
11156
14191
5995
5048
11296
4239
12824
1076
10958
11974
19241
10032
1505
16750
118
17603
7648
12567
7449
16616
10882
1486
1646
3669
16310
17499
4427
9574
6284
7812
13590
16082
16003
4847
19399
5312
13295
15237
13948
3410
18502
10066
11827
19678
5384
9961
17735
3966
10953
15493
10377
13086
5085
13386
16570
6707
7998
6985
3875
458
19837
5442
9746
1246
1763
12484
657
3459
2338
3152
14756
18080
16893
10908
7007
2234
12240
10163
11138
12842
6941
16537
8306
4529
885
17420
17589
8578
4576
7175
9097
14877
3881
17312
5665
4124
12104
273
13149
2727
3405
12052
6597
19874
18694
16487
14851
16742
6509
13519
12058
16844
14481
536
12710
2661
7840
7738
1169
13192
9934
18168
12111
6275
12740
9538
14936
6450
15431
5531
14943
13102
18372
17749
19507
15708
17622
19255
5777
13990
12275
12960
2884
18055
16985
12742
16091
1664
16016
9783
5189
8104
17564
8129
12363
16192
6786
8621
13609
68
3828
12197
7051
221
10139
17686
7201
13139
14464
13521
13726
896
7319
14156
11443
18240
12232
19910
5443
19748
17083
2247
10722
12646
1344
9317
10223
14455
6744
7267
15147
7316
9155
5172
341
4119
12551
7709
19299
5450
17305
2393
2687
8438
364
10294
1499
1209
19315
2268
16243
8662
3988
13166
3870
19079
17068
11273
7344
10061
12793
17929
17135
8008
18119
15371
19280
7650
634
7405
19214
6085
8949
14546
38
941
3909
13474
9457
16216
8174
77
19711
3770
12687
2672
1452
15758
2100
14992
3106
9158
10424
15875
14572
3875
13557
19471
6353
18272
15690
19498
9269
8713
10536
14784
18664
3497
10264
6675
7721
11617
8012
7293
12475
3956
13281
9073
12961
4959
3886
2367
5081
18054
2859
15382
3155
4073
9153
8611
6957
6934
10698
7000
8780
3800
17765
2537
7769
8974
5048
14223
10741
13206
5730
1711
3034
6695
3324
19701
2736
958
6571
12153
10185
7920
12102
4516
19962
10047
19550
17068
9302
18440
6926
11579
12072
10009
9664
11438
8813
19391
14714
10937
3947
9181
6755
456
15218
12825
12310
3328
6766
6544
10146
7555
5382
15594
15611
16819
10612
16040
18497
14606
14113
666
14506
15223
8508
18445
13615
15093
1911
7009
9776
17077
17247
3417
7653
875
4918
17548
15618
16406
9454
18712
18629
17505
2596
7702
4319
17797
17334
17896
1309
7852
8386
9039
15155
14064
11645
8090
17508
8386
19245
2488
13008
10215
1412
19022
442
1501
8153
18308
12340
19931
6084
7386
18889
7926
11414
889
10855
8320
8115
10340
11848
8874
3277
17036
10619
778
13918
5026
19924
2264
17986
13576
14156
1011
14446
6561
12086
2881
2545
7015
1632
15667
17957
10619
15810
2918
7762
7382
19110
2950
17696
1726
6515
1965
14550
12885
568
8457
19636
12
146
5020
12937
10996
16922
7677
5426
15253
10414
1180
2000
8439
15770
2050
9572
4574
16323
6870
16842
10995
368
3293
18704
15260
6421
19513
5137
398
13501
15634
8914
6329
15379
6098
17879
2978
17997
3657
10211
16142
19670
3537
11851
8249
6199
2156
3894
2823
4257
16490
10164
19410
16185
743
983
7810
10208
8657
2962
9786
8862
7367
14508
1391
10507
6396
10145
16980
5530
7387
11670
2832
15202
7013
1110
7217
9929
11350
8846
4890
2287
10117
2242
10680
6069
7082
15658
15186
2217
5274
11948
7071
5007
1133
11351
12273
18573
5697
18489
1007
15187
5399
12030
18656
613
12123
16805
10595
12582
15234
3649
1404
1059
12492
12329
8585
14617
10824
9148
9490
5091
4279
18165
7935
10949
1480
2630
17699
13934
7395
12436
10230
14701
13857
9615
1409
3924
18072
13676
12722
4481
1749
18145
17552
814
16674
11357
6792
10743
6823
1921
4805
9476
4428
1855
8543
434
6781
5869
6666
12482
16838
9382
9679
4125
11550
4062
56
9026
16224
13247
9508
15278
9107
3045
442
3847
6956
1074
1883
6373
6218
6382
14960
17213
9439
4735
674
748
13806
11905
13641
9948
495
19523
2108
8342
15088
18750
18055
7908
8918
7314
4379
12449
18689
2078
13951
19584
15277
18396
9764
14390
5044
3959
15990
12581
16433
1290
12878
9125
16288
18454
19332
7281
7906
8671
1122
14348
5436
7940
10420
11822
6526
16345
3868
9263
257
4258
10049
2126
11338
4783
12712
4414
15083
1327
6075
5262
4233
16146
12421
11315
12120
95
9920
5045
7170
11470
11237
13363
3942
6659
1986
19571
13501
2983
3018
5802
5657
19813
14919
2308
9862
17054
6154
17713
530
14890
4771
1229
3561
7468
9612
4106
10072
2032
12799
1243
4979
739
7784
6079
17939
12591
1302
10280
14423
18962
2315
13800
16715
5402
2610
1400
6150
3359
5264
8996
9741
5468
4307
10901
5333
5356
19143
14460
15974
17565
19847
14520
18426
9108
9169
14501
13957
5181
4658
5857
10927
17804
7137
16540
17980
181
14184
11899
10541
11396
7516
2057
18208
10170
3693
5211
7090
10854
7577
11806
14884
16507
7196
7136
15003
19347
3554
5975
18753
2272
15868
1714
7690
8234
4145
14330
3665
11147
876
1860
12928
9091
11539
2998
19311
17176
440
5299
1283
11853
10568
7749
1784
6494
11584
7910
13433
5365
608
14763
13356
3021
16184
8942
12939
9857
11134
3158
14828
5807
10978
4549
899
6702
8281
2014
15485
7017
12373
112
7117
15831
5270
10820
11780
17944
8761
11295
12697
3535
3086
13908
9512
6455
8072
10153
11671
5763
14766
11748
19955
4949
2382
2451
15097
13018
2929
18165
18800
9217
16938
6695
2356
15958
12488
12303
9902
7328
10218
18174
5534
7507
3602
12070
923
7378
82
6905
18801
19301
16227
18969
11177
6386
17205
257
5382
411
18337
10831
1259
3797
18970
7564
7867
3104
4961
5210
11224
15015
9272
3737
7437
18902
17454
4181
7815
11443
14617
4304
19614
7771
15714
6119
7409
5146
3834
1380
13519
13029
16363
12384
5330
1784
1225
10642
4838
14855
1735
8921
11528
3331
10885
18018
937
1228
2535
5174
18194
12973
13282
14498
19201
7576
10383
7684
17041
15583
11874
6032
16536
12908
11796
7549
4073
4926
12571
6414
4730
3137
14076
16032
4641
12712
12727
13517
2807
9929
18945
3195
13118
12085
1359
4645
17439
14418
3694
15075
7276
17239
1935
12952
2020
11108
13119
8568
1748
4668
6229
14804
13659
608
3013
10404
19366
14409
6322
19951
10074
9185
13792
8474
16209
3614
11750
11051
7419
2236
8354
13560
9509
6134
15495
15409
567
3937
17746
16935
18360
16549
6490
7511
15052
377
2886
5527
15933
16026
3896
4316
8951
8487
18535
14374
16109
16156
746
19560
17658
19081
2416
15704
11362
2639
6893
15311
8279
12438
17743
13757
16567
13870
7375
3724
15794
7072
2050
19503
18249
12527
18159
1736
15410
13265
18683
14227
16824
15748
14208
19410
5055
1615
8028
9749
10150
3030
9990
8069
997
5209
5435
5742
7126
9610
5174
19399
10640
4873
4063
10463
11214
17374
5882
15270
18542
17041
14272
8469
11957
16009
14635
3323
11503
13952
7114
19237
14901
18304
14133
9096
9415
15292
11386
7118
11161
19245
19413
19099
10123
15144
16959
3067
8431
10072
2653
4619
10159
477
10938
9312
4935
7392
11343
19319
2318
15953
1342
1082
626
18688
14910
11180
18753
7701
4016
13522
11908
10188
9328
12221
3078
14672
4903
11800
4850
7507
6845
11082
15418
8167
16108
4905
564
2076
8016
8636
6431
13975
5499
3946
3971
18123
5029
7012
11063
15606
8896
13580
14236
19291
15241
10017
13606
14327
4154
872
12634
8034
7453
16952
15091
12452
2395
10082
6079
17970
18643
892
16518
15780
5158
17896
5579
11604
18222
17189
6699
17972
18735
18002
19043
11564
10054
14298
1710
12911
6942
13505
7371
1114
10337
11977
3325
16744
14220
257
5292
10933
4603
4555
73
18733
9507
13416
4782
1679
15038
10659
10180
5987
1281
10007
5438
16021
19146
1405
18371
13326
597
12534
1161
7950
19150
17905
19068
18568
19616
17305
18719
19065
5548
18046
1353
3910
6710
9823
1008
17809
8953
6993
18852
18103
14266
4079
15089
10026
1337
12446
18888
4742
12708
8507
9688
5906
12903
11043
3670
17653
14718
16830
7739
11443
15083
1801
6860
3618
3490
14911
12917
2989
12609
12868
10543
11172
3677
17006
4353
17118
12856
18800
19714
14380
11535
13572
6172
16507
3632
19252
19564
14566
5864
132
17318
14326
15642
10976
18166
2007
10892
17662
4385
16888
18844
18608
3082
14782
12720
16424
14928
6053
5066
8488
18965
5301
1626
10277
11065
13693
8941
13303
7844
8974
18980
7552
4643
1942
5471
3446
15562
24
10616
8527
13496
10021
5485
10824
16440
12505
15989
1522
4996
3444
10611
14969
2308
2035
18216
18738
6867
8362
10051
12673
6786
8449
8596
16516
918
10152
3038
8704
8941
760
7530
10886
4862
19720
5880
6753
8510
13768
2449
12190
767
14654
16152
1400
19827
347
7774
18848
19630
18584
1077
294
9513
13266
2940
6374
8131
12800
5305
11921
8674
11853
17350
1975
4951
8086
14146
4814
9984
1569
19975
4930
6631
3959
3387
16505
6375
10241
9216
5314
3694
8923
5703
2553
18718
19031
3394
8057
8974
13776
3446
11615
5614
15561
2255
4982
2504
7266
16013
7813
33
5398
6941
13553
10302
4724
2210
14832
14660
14168
15730
1387
5816
8006
19549
12847
4293
4354
7304
16753
17147
19886
8760
14363
5428
19425
18026
6968
19251
4833
7232
16823
2982
19197
14421
18399
4682
19657
19441
6864
17485
18358
8216
10961
9006
18989
5468
5916
14368
3656
1395
11298
19054
366
14276
1244
10425
3913
1947
7951
5725
134
10268
3131
7538
18984
19092
2241
13901
7561
19562
13646
8006
19342
11093
14632
19285
10021
14407
19251
5622
8670
2311
225
10475
19907
8317
500
1121
3221
12102
12177
5610
11685
5863
5571
3369
18220
10398
16457
5133
16520
19411
12893
16437
9139
16206
9794
6737
6657
13923
1641
6985
16822
5864
16288
17207
18337
14695
10040
7055
17529
5678
19601
15999
4595
8292
18500
11313
13789
19222
12141
9997
1690
3791
18802
12059
2810
10855
3637
15015
6166
9426
8914
11677
13861
7065
12245
14452
2045
8518
18875
2887
18665
19608
12387
3486
14435
8183
8818
17963
4303
15553
6879
13616
4116
9635
9697
16286
1144
4739
12051
8537
19190
11194
4929
15479
1471
5215
1459
19239
5578
13087
3923
8206
10617
1032
7035
10764
14922
8228
3744
382
6198
16580
16469
15036
6858
7570
2078
2786
10175
4808
18738
6636
600
8830
4235
12251
17367
16126
7054
6996
1469
17940
11153
14504
3581
226
12334
8110
1915
8208
12931
9771
18630
12960
7842
9876
6734
15424
8988
14059
8548
1720
11045
17029
398
18659
7396
3116
2147
18586
14010
4800
1993
1644
1164
12216
19208
5930
9422
19014
1226
10206
10510
3385
13330
18236
16794
9756
12439
13041
19120
5211
891
5976
16128
1638
11116
11276
1503
4654
16854
18775
15339
10669
16450
6536
8278
3042
208
10563
17681
3417
12876
11251
6070
4457
18800
1819
5170
5847
18262
1610
16717
2297
4440
1068
17367
117
7974
10269
11601
3462
9059
17976
10261
2240
2141
3758
14884
1515
9511
1362
9898
2380
19029
12625
11791
3202
14866
17952
1084
10955
4193
9709
15048
16903
7087
8311
287
18292
16465
7450
17294
17016
4256
18370
1869
7710
16397
13889
17545
18199
4482
8699
9741
4001
15671
3774
5932
11238
6990
14480
13070
11131
7980
11297
15957
6249
11508
10335
9546
1609
18113
14663
14729
903
9407
2937
6918
8169
15015
8677
1050
19305
11766
13154
270
3486
2568
17470
6946
18841
5654
5007
1851
19595
14505
8519
6631
4132
14234
17190
10030
15382
18249
1289
11191
6008
5333
17089
10388
326
17150
17567
587
11718
18933
18699
16513
805
2364
10515
12997
7520
7135
736
503
14655
17135
11877
13523
11835
9047
305
4542
11809
8317
19139
4940
14766
9623
19005
6891
1434
14854
4369
2799
18897
6772
17465
14747
8860
16198
10179
4937
12703
17597
14888
16022
1691
5423
16158
9709
3539
7197
5283
878
12844
8305
346
4955
11022
13655
2514
6719
5671
10836
6850
14971
2191
18375
16977
18286
15718
2938
4401
1857
19865
5860
4908
6444
8323
4799
11958
15752
880
10882
16322
6578
19965
3834
4529
14169
5307
13930
16100
16036
6259
13691
4819
3907
3971
17921
11671
11056
13574
9517
10433
16577
16178
10440
10894
6670
3643
17203
145
12249
16469
3672
6640
223
12375
1484
6124
7065
17370
11971
12439
18191
1728
10288
74
10362
3474
10040
13230
2260
12738
12178
1848
19935
17615
18781
17362
17134
1447
4510
12852
468
1031
6900
15122
4999
13981
13242
1935
9008
5070
13944
1487
3507
15348
3046
10250
341
1631
19551
19804
15054
16925
6941
8441
6893
16852
9943
2046
19298
363
3988
6594
18188
8809
18410
8972
2464
14357
13912
734
17234
4988
6268
14095
5859
11282
9778
7479
15592
4143
17449
387
11859
12635
3811
18152
13344
17572
4074
724
17757
4331
11818
9088
14582
8223
2798
1633
6685
7394
14810
3902
18035
17640
10819
12700
16661
11197
15590
8949
15558
13542
7148
16200
16373
3487
17368
12010
14603
9572
16969
19225
18099
12556
4179
7248
9478
1743
11188
18615
4114
13128
12182
6354
9254
4405
7072
5370
18461
11387
16665
12265
12996
19495
4250
10063
19530
11343
8398
13665
3779
15799
3434
15921
4216
2768
995
9016
18831
16538
18032
13040
17491
906
6621
17567
11808
14471
8424
8685
19597
14671
10428
10134
1174
3510
11176
1819
18500
2382
16508
15603
13596
66
5599
13151
417
188
16175
4476
8230
11527
150
10993
11700
4782
18853
11943
6388
12675
16272
12217
13754
19292
3141
6081
3663
9176
7083
6226
12345
1856
115
68
14441
15880
15581
19273
12992
12500
3466
798
19903
4375
9145
11998
14730
3895
16641
6704
1079
17229
10154
4545
13529
17192
7528
7724
6788
1393
14517
17014
5308
15561
137
16534
3295
8654
19448
14097
11179
14301
17737
9188
18701
9361
13359
19290
18695
2377
19814
1694
4157
7528
19307
15338
12413
1846
17816
2845
7240
1956
12187
7884
12161
5389
16466
17551
6865
791
15397
12252
11093
15545
927
7537
13349
2487
18602
8874
17729
5064
71
6707
5914
12793
12039
15448
17146
7498
7529
9496
2481
10613
6352
19671
11197
4432
11904
16658
2901
13928
2550
2638
2834
1485
1793
13193
314
2989
11264
10258
17003
152
6200
14517
9441
3363
17458
2126
8484
12296
11984
19711
14417
9642
1034
9981
4802
13334
8778
6436
1373
12037
191
2154
11382
16478
18306
18737
10242
14680
12771
2198
16601
4829
18542
10343
15719
15658
1376
11314
17871
244
15296
2680
19516
8484
10492
8864
11206
5379
12993
18631
3581
7344
15734
9302
11605
19278
17622
12460
9711
7451
14664
5658
10303
14203
8989
8909
17791
18036
18213
13286
3344
12465
7630
3526
19495
19210
3226
6149
5692
12827
10907
4417
17611
16048
8782
10036
13412
5986
466
12670
9205
16731
12451
6369
11922
11446
1047
9836
5598
10178
4372
13487
4985
9989
6956
4941
12902
6493
19191
1168
12984
10914
9868
16726
19000
2375
12859
1736
8310
18815
1193
15884
17353
3100
7112
18128
7364
1234
19090
11431
10712
5275
2083
369
1504
4083
14577
2802
14701
13956
11241
16836
14510
19708
9798
3656
5883
12441
7824
13208
15166
13575
17935
16952
8543
13505
10923
1227
5323
2515
8610
11874
1856
11136
13892
7599
8120
1631
18927
11800
5679
12320
16130
3431
12370
1613
2112
9373
1222
10924
9955
17126
82
14752
18169
14024
2347
6286
13760
1622
2618
2814
11066
5282
3851
6936
5741
14094
11925
9133
314
12355
2689
152
9751
4827
15353
9561
16011
664
7630
14945
9062
2296
10181
5645
1787
9088
18208
5097
13594
14293
997
10101
4334
10569
173
18757
2576
14771
15851
18914
422
5783
2358
10190
13820
10917
3541
3556
17533
2750
14823
19710
14222
7408
6668
17041
17831
18754
7219
3795
14767
7339
11296
11485
14099
13310
13401
5355
3362
11007
11054
10304
5320
1561
1859
17318
10309
10600
2268
10611
17866
4401
17764
1479
19247
10962
15705
16370
5779
2516
8343
13074
1393
1213
10815
538
12604
4162
12932
11919
14167
17241
16019
7628
9716
14732
16924
6597
3814
7306
9121
328
1700
17847
154
19455
16765
6340
13026
9970
19795
4761
19969
14410
13142
8687
11831
2257
17534
13818
2466
15668
643
14564
5964
9514
11068
11765
11509
3054
2483
6029
8536
232
4738
6100
5084
16907
13804
5736
2585
7607
10234
1686
3077
4798
12368
4421
4955
19492
7308
4523
9222
14175
9402
9507
16143
18654
3063
8310
8097
12358
17824
11958
15797
1336
405
3178
12799
15790
7056
195
16500
228
13404
12782
1623
5171
15508
11746
17406
9592
18266
3641
16581
5396
5264
14427
15567
11948
4470
13653
2613
17841
14016
6153
4973
6970
19379
12831
16439
8589
4925
13913
8774
17949
16942
6277
12650
10540
17719
4459
11542
2642
16509
2854
13043
10550
8217
16720
7328
2041
18191
5301
12676
17458
1513
5385
6258
19283
3728
22
15960
12971
7495
174
6788
8709
6147
9279
2802
14766
19883
16644
14647
15316
2568
4824
17315
15881
19080
5861
2871
4647
16758
19195
3043
11694
3790
6460
1850
1576
12095
2803
13557
9069
15169
13317
12928
4450
9456
11745
3621
7869
5221
5873
10867
8099
5199
10066
8778
2675
4755
7647
12038
2811
8701
6537
11814
13160
4738
3748
12984
9371
3028
2363
10915
8502
6049
452
336
18647
14056
13389
405
11611
14616
661
639
9188
18951
18584
15964
5461
14060
1667
10723
11418
6107
6245
4640
1732
3802
11078
10912
9906
9476
9809
13493
4395
16569
269
6086
2568
4287
4426
18231
11407
8026
12246
2384
3385
14500
9839
4876
16469
4105
18546
7936
5926
18433
16723
2534
14087
13514
18854
1062
15887
482
11257
7456
5840
12638
8772
3896
5465
15594
12889
1406
11771
17182
6966
14393
16872
9113
12058
19919
14615
19004
9747
4947
9605
12933
3253
17548
2421
15719
6343
18174
376
15810
7640
18232
16872
7813
1167
16153
7950
7612
11200
17375
13635
6263
10266
17102
6964
13530
2589
2905
8158
15482
6057
17487
8505
15931
2833
3941
11217
3843
14
11101
9584
13305
241
10768
1783
17248
4432
16285
4971
11050
258
17710
15212
11163
2245
17443
7744
11675
8540
17245
12719
2711
1463
19209
17767
9749
15690
11814
4960
12914
5408
16821
7738
7291
9064
9661
7778
7876
18637
15992
7252
10055
12771
7198
7418
19420
4701
17228
13394
4081
5756
14000
19309
14439
194
915
1076
8746
14117
16099
3078
4682
1278
18460
12444
10650
7873
17331
11949
2597
3527
15519
6925
3784
14119
10020
144
8751
14436
18077
17389
9552
14304
4869
5021
8062
78
7267
16035
3691
5284
4496
293
4254
10927
12773
15064
11596
8417
15589
18427
5974
3045
11493
19866
3455
18803
18484
19442
4361
11583
12267
16692
3371
12428
17042
6435
14224
10014
16683
12567
3374
11373
2527
14212
11714
19573
17860
16884
10469
10379
16328
14449
5965
18634
15101
1279
14147
9834
2625
15558
2268
3250
2824
4525
17270
7013
14984
4865
15121
14584
11425
11958
10087
18275
8487
18437
5257
19606
15758
13939
280
2403
4656
3762
9725
15065
7837
19744
10181
1137
16832
1869
2237
2305
16842
10011
3238
7917
11390
17854
2516
12894
3576
13378
12329
3371
18202
908
4841
12948
2677
14105
1881
6957
11024
8130
17337
11415
3928
2753
7963
15466
12741
11981
15776
3247
9796
15330
15566
18827
5062
18844
687
11733
16612
8225
13160
19176
8749
7902
16404
10355
10351
13674
6525
18158
10525
4295
9623
17256
13987
4358
12537
8987
16579
2186
18328
11329
14026
18117
5666
19264
18773
14175
18260
3904
4762
7606
14009
19710
17524
543
2015
16889
9614
11593
18455
10601
14699
9026
17513
3183
8048
4308
6866
4200
18063
8551
3835
5243
7409
18538
17015
15826
15134
844
19576
13573
11596
1157
19535
8145
5666
498
8830
17960
6984
19676
10300
4930
14157
5178
16324
11026
3477
7405
4026
3987
5629
14793
3484
11169
13227
15252
16512
19172
15959
1575
17520
15974
13584
3473
8894
16358
13196
13723
3974
18853
6992
6822
511
7934
6552
1232
5373
18387
10500
12598
4006
3074
2400
9236
4942
10390
16846
16999
16914
8346
3281
17139
5998
360
6649
6592
11707
9280
5798
7039
19049
4820
5754
15435
10644
7616
640
6315
3302
2871
13427
16884
2345
4376
8365
12682
19431
12863
17101
8487
19200
15448
18467
3157
6599
12847
17563
18197
8537
6691
13315
4514
18939
11001
4891
6575
17520
15500
13112
6125
5108
18882
9493
12457
3511
12633
19639
17138
5753
2465
3547
6488
2494
4931
12031
15088
3951
8031
11178
9396
10669
9812
5304
11271
14578
18327
197
4470
7110
3910
6933
17850
11355
19511
19870
13274
4229
5642
1364
11790
5689
2781
17615
8350
2977
7710
602
14056
11610
3899
13306
10241
15338
16149
7481
755
3777
13843
16206
4356
15883
1427
16907
9655
4366
59
9123
4044
10727
13838
1205
3490
12699
18234
5018
3549
5757
11790
7431
8163
8539
2120
14975
18336
9317
6572
16985
9289
5084
2545
10089
5085
6706
5078
4173
15624
7683
6770
9526
2145
2159
17353
14609
851
1172
3034
12081
15769
16676
405
4507
10978
18824
6090
8686
7893
657
509
16653
16110
17814
12565
4970
19653
8559
8948
1456
560
6957
8832
15725
14687
9843
480
19962
3781
18037
10755
9673
726
18028
13977
14570
19180
12788
6117
5914
17412
15138
7018
2824
5157
18884
17411
19877
14144
16215
18575
14536
371
15871
15721
13307
3208
19143
11029
7141
9339
9397
4695
4693
9112
16905
4989
16615
9122
18770
4253
15926
10513
6413
7769
17439
19507
9339
2494
14638
4467
11965
18125
18120
17718
18223
12400
5012
14210
10558
16974
12326
3033
2343
3322
2824
12579
15566
11270
2119
1739
3479
2613
11128
800
7205
13869
6502
14043
12269
10475
7770
18112
16374
10641
6181
5949
11247
12443
12620
12047
1836
15279
8208
6436
5439
17330
6136
5660
7279
16663
14878
841
6648
16754
15604
821
14079
11083
19185
8066
13135
10894
5531
17100
13781
9311
3858
10187
17812
7244
2007
19413
1990
8954
14808
6592
16976
10945
16409
14501
19585
13876
5087
10688
6151
10776
188
15060
686
7958
7763
3307
18773
17803
2343
11483
16014
14396
17476
11173
19986
15047
18345
14646
17151
12661
3921
5392
10256
14860
7901
6819
15735
5537
7039
1557
13657
1130
15206
17025
2694
10578
4673
7419
2451
613
8593
3217
8022
17643
18959
11790
12285
15122
10007
408
4812
6531
656
1689
10161
7063
16793
12442
1798
12835
7538
5387
19106
9326
11748
1312
3900
14691
2158
8278
9373
10370
18989
7763
19008
16016
19175
17162
7241
12559
4372
3646
5312
3945
12937
15134
10409
8806
16418
17775
13697
18845
12396
6727
1942
3462
7660
6933
14147
8110
18095
1055
6471
17348
10063
9699
1025
18320
6623
6623
6058
12003
12340
3276
8879
9418
111
10052
11274
12252
3627
8964
4508
13907
9055
9293
7529
15831
14897
17509
19119
1429
13592
17050
16292
13135
5516
16070
236
19246
16812
1006
3476
16466
2987
3749
5582
6794
13048
1038
3273
5022
9192
14527
17100
1225
9186
4992
1391
18533
17127
14610
7605
3615
11228
12460
2346
4169
14358
5633
15637
1038
16161
5470
3131
18720
14093
12687
14352
2957
7925
18593
9690
10064
1229
11138
7972
740
7399
453
19323
13267
1282
7841
8745
5773
1425
4441
2315
11380
15011
17590
1521
9748
9299
14929
14418
5072
12942
749
5738
1848
573
7424
14929
15126
7118
9010
12792
18759
3587
18719
10051
10087
1239
16311
13918
15333
5928
1700
3549
3318
19622
5291
11732
6277
758
427
8911
9832
3811
14627
14799
6829
18146
6544
9954
10260
10208
5716
10429
15990
3146
210
19161
13027
6392
6838
6984
18410
5656
11314
6418
15249
5971
4002
5904
15908
16670
5425
5572
9578
13022
1461
4083
9587
16888
18389
3553
11405
8789
3370
17735
17430
6223
9923
12754
11052
7771
19907
6331
5280
14835
18438
15487
14441
9726
10945
17627
19669
11550
1254
13766
6106
4341
4487
5675
12907
13461
1618
12449
2822
4323
14266
11881
6314
7815
1878
17091
5062
9043
6947
13388
2284
12205
13061
16664
15204
16987
12106
809
11485
13322
19663
4938
16606
8283
11868
4394
3643
7883
12939
6424
11011
15581
18791
7223
14390
6630
9934
5118
84
11412
17112
367
3057
3932
16818
18513
19972
18943
6723
14317
15518
17208
15472
7618
5208
9060
15130
16421
10374
9103
10725
6744
6664
18391
13812
8645
19902
13983
17616
11704
2715
8946
8104
9879
17267
1810
754
19550
4750
8700
16783
8603
19998
13946
19148
14755
17997
1797
13348
1647
11376
1364
14948
17847
1752
2245
15111
15912
9191
6055
8895
1285
18207
12258
2965
4600
438
16836
10184
19827
17894
12936
10545
14120
9473
10789
4775
10721
8705
9136
3294
764
10813
9423
19851
10439
1816
8860
4738
15316
7764
1585
1632
9625
5636
18966
18085
17991
15743
2533
18745
3780
17712
9366
14735
11719
13673
3052
17127
12400
15032
17307
4525
