1000
888
354
1311
1743
569
471
1969
79
1959
1653
1325
628
1338
1464
1282
710
1716
172
881
1360
775
1405
964
356
256
793
794
1739
1860
599
1203
858
981
1313
1013
576
305
1389
1065
1676
1351
1626
821
1579
694
309
951
1071
1556
666
1194
1803
1816
1032
1304
842
1893
77
1325
16
292
785
1507
1081
381
1551
719
1053
449
1566
664
917
70
158
1519
1191
688
1085
1135
844
761
1353
1827
1091
269
1568
1214
95
852
435
363
251
1308
921
721
1790
1939
1488
882
169
1054
1598
1729
1470
969
1797
1470
1322
1164
1173
1584
1395
406
1484
654
461
1720
1672
1193
1221
336
397
1081
1473
1328
1586
1570
1023
555
1830
1378
1785
860
768
362
298
1859
276
1815
1963
1725
1633
685
950
1487
23
703
588
1358
1238
1789
930
1454
1889
1338
1477
1140
962
1208
926
1242
1463
115
1937
1616
90
1351
399
633
830
718
332
1593
517
58
1883
1688
46
1883
1253
1571
188
350
776
256
1858
963
1244
1212
107
889
1809
116
1814
1864
196
1772
94
810
720
798
951
1511
65
1650
388
459
37
1158
1718
790
427
667
239
961
1677
1069
1941
1688
1529
1868
402
1624
1258
1179
1895
1381
887
565
241
1864
17
231
1476
869
432
861
1267
133
1927
61
18
996
851
1946
1187
1736
1283
1574
204
1084
1569
1576
1818
729
1823
1445
1471
976
1997
1470
1670
966
1319
230
1863
492
1514
639
966
234
1287
656
102
600
1200
708
507
489
624
657
1293
676
1607
916
1113
832
1523
678
1121
1899
186
1581
1571
1591
84
130
295
1058
949
1818
609
352
424
691
1415
615
631
445
1725
695
1958
1650
1116
1828
128
659
257
1409
330
1345
801
1131
547
1653
298
223
973
1164
1829
1897
1461
643
1656
746
1037
378
24
20
1324
968
1259
294
1195
332
987
1919
1376
475
215
1840
1959
26
819
1507
108
1945
1408
1138
1606
1066
1863
485
765
1006
1886
1740
444
1739
1821
1541
1698
1947
1930
90
578
931
560
1946
1818
1150
1886
1938
1392
86
604
1016
1496
975
89
52
1043
384
464
1195
1810
1694
296
1722
312
1063
1482
907
221
1096
238
1575
1230
988
1614
1352
1250
33
284
938
168
1208
1535
958
236
1945
1097
809
440
1185
948
783
87
249
714
760
341
1860
756
973
1410
1540
1354
114
565
810
1225
751
1549
1992
115
76
1187
1029
865
1512
1851
556
963
1990
186
1825
871
325
1041
1826
680
123
1623
213
1806
237
1605
1700
1651
1901
1418
1793
502
705
303
1703
1176
1868
1749
800
1108
1115
122
493
1836
1742
859
933
542
1184
1027
1612
469
949
242
1919
1772
704
585
1306
1773
414
1233
390
1400
274
907
1346
575
1086
1394
1741
1230
1466
1037
174
1704
53
1024
1456
1372
1541
946
605
1959
348
1738
1093
851
393
1426
523
1948
1208
158
1884
755
1048
1078
1277
876
678
1630
1073
1074
715
1430
4
251
1487
1086
1334
1862
1896
498
1399
224
1939
979
555
1237
1517
1141
251
1956
559
1637
1224
1932
1748
1475
572
1074
1625
333
143
869
1792
844
771
1688
1008
439
476
366
1132
629
175
277
1006
545
982
1944
32
1798
14
1576
471
1113
1789
262
1741
262
83
791
73
1235
476
1513
685
65
1598
1925
1324
1280
470
554
1206
610
1049
1945
1265
1464
1482
16
262
536
87
46
453
1456
1200
933
533
613
421
349
1372
1236
1915
884
1176
1369
1291
1060
1912
62
1782
1645
1097
1771
1673
1186
1537
1052
1993
672
546
1712
620
935
715
845
1188
669
1457
1089
1160
664
1845
1284
1152
1034
194
377
397
1626
1670
1251
162
524
683
1748
1907
130
624
1329
169
1371
1368
1233
288
506
271
1268
1805
211
421
1553
494
782
632
263
1296
1645
1538
1029
1255
282
1500
389
526
266
1629
1042
1035
974
1860
1723
1854
584
1806
80
1590
1018
564
297
864
1753
4
774
1293
1457
1994
81
1006
147
90
288
1599
778
861
262
285
1611
1398
553
1589
361
800
1646
971
472
1750
1904
979
922
1646
1248
544
1206
35
1815
199
742
253
838
783
1967
1567
1726
119
1900
253
1804
867
1555
1672
1308
1941
441
232
1710
196
1457
1749
630
1388
367
1537
1549
1697
1275
1525
742
1713
1729
1335
1307
1990
262
1365
613
1956
1509
736
1625
1029
647
8
1056
686
1120
96
1280
1390
230
142
1782
1235
173
1537
1973
264
1486
367
775
1791
774
1754
1842
1399
970
1871
1398
730
1801
1963
867
6
1049
633
808
854
403
604
1254
1516
1291
998
883
1725
1768
611
1834
1033
1986
741
1647
309
697
1500
608
1639
49
1586
951
621
891
1952
333
571
256
97
841
1199
1926
737
1429
1267
1109
1585
1681
1438
1411
1482
1297
1863
619
1707
1441
1159
1405
960
473
1513
1791
817
1948
1457
208
677
1754
55
1917
1601
886
31
1757
66
145
1285
1927
1570
1461
1098
915
745
1406
902
734
1380
370
745
1143
907
1330
706
1558
369
1544
1850
1276
93
768
334
1382
1136
1060
120
1211
178
1919
281
1957
1534
1235
1397
1004
1046
277
26
1790
884
310
926
219
1007
1677
1989
1612
1862
1968
876
1827
332
482
1301
590
1696
1350
1087
1989
23
1009
1793
275
1673
1838
1938
226
1973
443
1160
463
945
864
252
1596
98
336
294
52
1044
39
1323
1897
342
516
