1000
1428
230
204
1124
1319
1921
1851
1182
586
1653
1221
1987
433
1841
802
1309
1793
1281
1841
561
1896
212
1558
1058
838
1176
1742
722
43
1832
976
393
734
1580
1137
1758
1288
910
948
1698
731
701
1196
540
1698
1642
1680
607
54
1488
1610
1479
441
177
1563
1362
1683
1403
1039
1500
743
1625
1576
627
1554
821
986
345
1471
1980
1090
584
745
1578
803
1744
1486
628
1663
1563
1901
1077
1375
1201
60
480
351
1591
1208
1140
1529
1075
1993
989
1148
43
1121
615
297
1371
1122
1038
1993
916
1049
737
542
466
1915
1989
1653
1654
170
613
101
1858
1475
1830
983
180
984
1449
193
1881
1397
906
769
1171
49
598
962
101
867
377
1726
1195
1758
37
1345
230
315
1870
1781
805
1506
947
1487
1391
436
1991
342
525
1943
1053
11
869
1583
1106
1001
1585
550
996
1018
1629
1784
625
948
79
1805
986
1663
754
1475
262
739
1370
1944
1603
1138
716
33
103
431
470
794
485
714
1657
443
458
26
1143
1954
999
629
455
467
186
879
1622
1353
1317
812
311
567
1168
1396
443
1648
1881
882
236
1103
682
520
515
1940
531
579
1849
1916
262
1319
219
1244
994
855
662
169
679
1267
594
374
873
1422
508
475
1647
762
1579
159
1450
1619
1971
306
435
453
1720
1882
685
938
490
1848
1914
1300
975
1813
1322
1027
767
510
1981
84
793
281
1130
951
690
1347
744
603
733
904
1657
1448
1510
1118
279
1176
1273
1119
470
1746
1600
1681
74
1717
1993
1491
897
1262
1157
86
1040
630
1437
310
732
331
192
419
1519
1690
1143
1168
1275
309
1225
1559
874
774
1530
775
67
1632
686
1228
905
222
172
202
349
44
429
5
756
1662
1012
1551
1956
256
679
415
1784
1162
652
266
722
1328
1887
1649
1600
548
351
1303
1943
56
1337
333
524
1684
571
1228
1266
1776
443
1375
45
111
1440
1850
725
232
1390
1402
1830
722
815
699
1316
1019
621
1488
700
245
1388
1923
950
781
1492
201
407
1354
476
832
1714
815
1682
1367
1038
1404
407
347
1187
583
7
1930
622
627
1494
1286
1348
1018
1718
952
1923
1453
725
1421
1188
388
499
434
1469
1812
1506
999
579
284
1222
531
1100
1563
11
1477
323
1107
886
1377
868
994
532
335
1895
211
494
1884
441
32
1470
523
406
1873
1148
1516
292
1062
545
1255
1000
1388
876
86
1515
1008
1810
1676
999
542
464
885
1964
1028
93
315
1696
1080
843
1442
1634
114
1644
1617
1039
1047
720
1469
238
772
1772
420
502
83
1831
355
527
269
1359
836
341
1292
361
680
1817
12
84
1037
931
1405
1934
284
1378
439
833
1570
83
267
902
296
144
2
1401
1553
463
949
60
239
684
1639
1382
579
321
1795
1188
911
1841
1181
831
938
1844
648
382
975
252
964
1682
1922
1847
1185
591
609
13
1556
1275
1314
521
437
1391
990
901
611
1034
1994
717
709
181
1358
1878
1118
945
1445
1432
267
733
879
1733
44
1795
150
1646
604
754
283
1339
1231
582
1100
1479
360
1475
1989
351
1604
257
1247
767
406
833
1001
1949
1552
1982
1330
977
618
1775
1857
1361
2
1881
1137
1324
65
1105
1996
316
1334
558
2
686
1937
1997
1158
366
1486
926
1717
955
1355
1276
1876
1817
1400
58
38
134
715
1529
1511
596
572
310
1367
1717
996
128
1606
741
45
1767
488
1681
1621
256
214
757
1973
1813
705
307
1080
1737
1731
896
1675
249
164
184
688
1454
645
1410
366
1215
1085
1294
72
356
1790
1450
1864
1077
259
1956
1352
640
664
1914
749
1034
1494
781
609
509
1674
212
395
543
800
813
61
291
1105
1694
218
1353
1766
90
1314
848
504
1551
27
1452
1766
1227
477
51
178
607
1131
1729
105
204
1737
747
508
1306
1550
1632
495
1928
7
1356
286
813
565
854
615
61
1333
345
1176
919
1531
1440
726
283
810
282
759
521
913
286
1517
308
1893
968
287
710
1703
608
613
749
834
1580
32
787
1748
636
19
1547
854
1747
674
823
362
293
182
1527
1344
716
1050
956
1877
1669
582
1210
1112
1431
1973
539
1242
147
549
321
1810
711
442
1044
234
1917
31
1689
1961
1617
1930
643
638
559
1803
323
1766
538
577
491
1066
490
409
33
1560
221
788
319
332
1838
35
1270
1034
498
1473
1619
235
1471
1694
1306
450
1239
1412
255
1706
419
952
868
910
1995
686
475
1556
1985
25
1741
918
621
14
1028
799
1811
20
67
831
737
746
981
1483
148
1620
1490
1908
826
660
142
1154
1955
177
1100
1772
1633
1559
177
1927
1566
330
1058
1625
76
1080
1679
1433
167
1579
41
1893
1895
551
782
398
194
950
550
1956
1630
429
710
1674
244
1179
1073
422
1632
1678
814
871
869
1457
837
1267
797
102
1411
268
1534
332
1854
1055
713
1309
1698
825
907
1207
777
917
1910
789
1449
1590
842
489
1191
1806
1965
776
1145
169
1082
642
921
1881
661
460
1526
766
349
1372
1669
1602
1082
576
196
1102
1669
540
751
1596
1159
1582
940
1243
1850
1391
608
1464
395
665
1332
1248
177
335
867
1006
1160
430
1162
146
342
990
530
1073
1678
1556
986
1059
1907
1560
284
669
180
1677
1298
1627
1910
1442
1154
26
1423
1173
373
479
366
