1000
1030
995
1984
305
25
197
1918
1996
623
1672
1602
804
1842
889
541
761
1509
83
1060
306
1985
1434
1500
977
272
952
1232
101
1909
255
1922
57
22
717
892
425
200
717
1105
1301
246
1273
294
590
301
205
1366
574
998
1528
1046
1764
1744
540
966
1068
1898
724
1824
350
1595
853
1729
269
766
909
1745
1519
1341
856
1377
540
424
98
319
367
1426
935
57
1241
57
1797
924
821
176
771
295
1831
490
811
513
158
405
306
1508
1912
369
585
692
581
1148
1836
1392
1315
1099
1383
324
728
1015
1049
968
1663
785
560
1385
425
1267
612
882
548
117
784
1239
1994
1849
266
1629
1200
259
948
1513
1103
1352
1867
1636
1872
419
1773
1927
511
734
1912
1241
866
1187
1997
1986
563
62
963
379
457
1678
263
629
1397
1385
1617
1602
680
617
435
1203
1778
87
1914
671
645
866
695
1965
680
268
1319
543
1783
418
494
1323
1640
197
915
1735
1705
1546
805
1984
628
602
907
1062
692
1366
1944
840
946
1628
1405
1079
680
1919
441
1978
822
1525
1724
942
771
1618
1097
1143
1323
300
985
824
1511
700
1500
1195
987
960
523
1213
1112
943
297
1993
354
970
920
879
1691
715
1815
305
174
365
521
842
1752
968
1905
1531
209
1671
585
1428
169
1848
370
651
365
1855
1142
1724
408
1863
697
189
182
247
14
988
1700
1612
1542
375
675
1928
1763
232
1628
1735
171
971
1661
1770
1895
1614
1889
1411
763
372
302
1419
1568
773
40
1475
845
1798
99
213
1301
1104
1718
1750
409
1840
666
1834
526
346
785
788
1177
1354
1300
1225
199
649
197
176
9
649
851
584
141
206
1820
565
872
1736
397
281
735
1041
132
1499
948
15
1079
151
573
758
1693
98
97
1405
777
1224
1100
732
872
1651
626
1455
1312
1290
1536
1129
264
1396
334
1897
807
919
976
1073
1076
1282
556
1817
1340
1715
1398
303
595
357
54
1640
609
1610
316
296
622
145
586
650
1704
548
191
1324
1904
1937
803
379
454
243
254
790
617
556
1668
705
1296
1217
427
361
470
1698
925
910
128
1253
1528
978
1178
782
1315
717
704
1244
1116
1098
1945
1186
1628
162
1373
145
1595
259
1639
127
1152
1308
1781
167
1665
1864
620
1117
1401
372
1305
43
1639
623
1602
300
1827
893
203
1364
1931
600
229
795
1756
819
1520
389
973
1340
1713
495
868
1870
1567
1447
1164
896
1992
1592
30
1038
528
1649
428
1938
825
1905
1277
1582
1854
1394
1698
280
1849
959
855
370
517
3
1349
1078
1437
1295
1093
379
1907
1751
319
246
1005
377
928
863
1418
955
1738
1086
51
673
1893
755
12
600
1555
1408
1769
1682
1906
995
1246
1342
218
531
814
547
54
406
501
1721
831
972
1953
628
356
956
891
1901
1302
1802
468
1823
1504
1937
538
75
628
786
1978
57
1200
313
415
748
1407
1225
920
752
1499
36
712
802
1024
744
599
444
1133
25
854
1067
1972
1911
1264
1903
1617
1580
587
671
567
932
878
103
1237
1337
381
223
1191
554
95
1513
1209
152
1265
1078
406
1597
115
309
1455
297
1856
1193
1944
1034
1675
1782
396
1431
1556
1208
768
585
1338
32
901
935
1243
652
791
1756
823
1698
131
1575
1075
185
1477
127
105
292
1551
1681
364
1611
741
216
1577
1143
5
71
73
650
341
1845
1683
73
885
726
542
1448
3
18
1844
1552
445
629
914
1919
16
146
669
1996
495
1749
1406
1557
1840
259
94
1607
849
960
381
313
1928
1997
43
1366
1464
27
521
677
158
785
1898
102
27
597
676
844
493
363
1907
513
1109
1608
1676
1226
1997
705
1118
297
1011
949
292
1449
1230
1139
1415
473
1858
1577
769
1032
94
923
1405
1465
786
1628
1354
371
77
892
814
888
1477
1839
1511
48
1680
1749
1661
977
1647
1547
307
1101
603
621
908
1561
71
1782
650
1813
741
1846
1665
1852
1157
638
283
1786
247
187
804
1525
1617
1133
1590
361
1853
1619
1823
692
746
165
414
395
1891
574
1692
1831
668
1620
1351
1216
504
1604
1866
68
1880
1775
136
259
990
1275
1896
1162
767
647
1082
187
1991
192
1480
1973
375
249
168
1445
1929
602
1021
745
84
71
1725
1581
539
1419
1853
1764
527
658
1544
756
485
768
255
1038
291
593
1690
696
1027
1598
588
553
186
792
1173
593
450
277
1426
146
467
1156
1503
591
1057
942
236
1184
255
699
1709
463
1857
1774
507
370
847
1359
1384
1957
1765
947
1968
1939
1927
1209
1418
369
546
1027
1278
295
222
415
1137
492
16
1361
1084
909
1307
1088
395
985
1638
42
225
1036
9
1108
616
662
929
513
1350
1495
1859
1006
955
378
1181
536
1111
795
856
1019
1480
198
458
777
1953
1902
263
1667
1575
246
1656
1654
853
1455
964
613
111
255
570
1102
147
1146
65
1388
971
1728
375
185
367
1203
1941
1790
1032
483
1187
1064
496
1095
520
1256
1028
858
1098
200
75
1776
1428
917
896
1396
1222
45
299
1824
373
1798
1487
1799
1379
1465
28
1586
841
601
1380
1941
1761
884
891
1741
513
981
71
1849
1425
899
1575
1922
1998
121
32
1177
759
1443
323
1835
932
850
106
1379
1062
268
1777
524
89
179
1617
849
1255
304
487
