10000
14442
7172
7037
50
2260
18037
13526
16385
7259
2514
5816
17452
8850
13926
7309
15507
16311
7058
15684
7600
13933
12089
15421
1272
7063
1048
3790
11642
14483
14323
7792
5381
8561
16075
15017
7879
16879
13931
1590
11887
15059
2114
16181
10420
1571
11179
12685
10478
2404
4615
17498
4418
18317
333
17465
10780
7527
13175
588
14709
15459
11742
1290
12787
8088
5888
3750
11184
18264
8253
11130
13778
10894
6594
10705
10137
2391
14556
11918
12536
18042
19566
4956
5659
17668
8222
12498
18279
6116
937
19618
4383
15296
7287
10431
2530
18867
9065
7913
11441
4163
15375
12535
174
12035
1366
17663
15745
11586
8894
7556
12820
15981
13450
19101
15294
200
9585
19678
5821
10532
13265
5638
11868
14142
1411
8932
16756
4948
329
16262
2223
3781
12420
7519
9447
3299
387
7412
19245
10327
5333
3204
11302
4146
415
1650
6416
12268
13930
1616
7874
8123
14451
649
2353
11344
10726
13835
13679
3153
12197
18608
1421
15791
11649
15816
11810
11877
5388
804
3940
11852
16485
11073
9042
2940
13682
5422
9364
14307
4076
15324
18618
8443
19476
11650
18082
14252
15332
9546
7669
16894
16896
13468
7089
10424
682
14820
2113
16538
14389
4610
18407
15859
9490
4367
8060
14496
2150
18375
5327
11874
18205
1623
4073
7611
2103
14787
13170
8324
4000
18548
17196
7182
16766
18333
7900
10387
14403
1449
3241
4408
4962
12387
2205
4450
18783
16322
11720
5681
11807
8334
14404
3613
5183
3891
19252
3692
10528
1025
12933
17806
11871
4285
7574
8437
12131
4392
7924
8564
14704
1546
16126
2258
6776
6939
16040
3051
13233
2318
12730
2916
17282
12154
12792
18793
4183
5414
13917
12132
10515
9040
19552
13372
3301
15194
10617
8776
11988
17393
6141
17262
16372
8667
2116
4285
16186
19037
16620
11939
12044
12295
7063
8044
5489
7453
17135
13656
12296
17826
16073
12215
12309
17987
2247
1155
14518
19133
19224
15098
4180
6604
8506
3415
2708
19601
12096
10892
9165
18686
1262
4638
11380
15298
19265
6141
7538
12428
12588
6399
3608
15453
2172
8152
12329
18191
8381
13207
14133
15324
15094
2656
8263
1804
12752
18849
3636
8318
11476
14772
7219
882
11761
18672
8812
10673
11677
12364
969
15418
13459
3665
5449
18986
5051
6619
13235
9127
17191
10412
3464
2089
569
5645
15153
12838
15042
18402
19896
16664
4773
19880
19762
11084
2618
11437
16729
18698
5167
9100
11192
12668
2153
3908
5984
13982
16008
8917
18776
736
1736
4950
18353
7642
12644
19829
18647
17197
14645
7692
13379
7122
12280
18652
17709
19777
2989
4777
2623
12448
18363
12978
3141
1254
18802
17675
13569
2475
2600
8633
14171
11086
9829
2377
10805
9378
10170
13229
15356
10294
18700
7668
5306
10432
19151
18341
1769
5925
15821
16440
9282
10855
3686
6641
15891
9260
145
1113
11215
9415
9760
13115
1408
7493
11425
14328
8471
14325
12417
16136
14884
9045
1484
16238
13377
10006
11183
11126
14536
14795
14239
18477
1862
14771
9298
9693
12903
8417
5578
11940
13520
7620
11218
6800
9131
5624
10401
12601
13949
9992
1628
2971
16532
7325
5400
19374
5820
19176
19229
18884
11057
10216
4294
18878
14734
7993
3268
16043
16996
11289
8546
13086
11526
19320
11428
14571
19201
8540
905
15615
16521
16365
15183
633
14351
4739
2005
4712
1582
4427
12187
5250
11301
3088
10374
6493
18175
19404
3649
10414
15534
7274
15357
18813
14646
16342
16024
14401
677
68
10107
1789
7232
13722
14462
1398
1561
19963
18406
976
14845
5105
2287
18692
16521
16086
16036
15552
10109
11839
19819
5979
17641
1254
7454
10387
18628
2290
84
19077
13051
18117
12574
17064
10182
9826
16013
16903
12374
15641
10992
18137
11083
880
9883
15711
14946
19087
7620
8057
16748
12200
14343
15493
14329
5794
42
19637
10579
545
13978
12620
4328
2323
18452
16628
15263
8345
1312
7615
15883
432
9943
697
10973
15803
421
16806
14867
911
13161
4829
303
11802
3386
32
14307
6673
15364
7479
1928
6261
19728
1320
3758
19745
13281
15382
16174
3955
3291
7859
18299
4628
12830
17922
566
4454
17392
7982
7073
17193
18680
1728
19115
6218
8454
11233
810
13032
19377
19501
9255
13124
3193
15696
3891
1380
7850
19776
2712
11364
6050
918
19018
9147
3721
7338
7420
13061
14751
11498
18319
3634
19764
8982
9316
1706
19537
9243
13299
18971
11316
1931
17652
2337
14872
14485
1051
14832
10739
10279
1857
19265
12281
9692
573
6327
1245
11523
8401
8108
14264
9326
19681
7261
19586
12179
8094
1135
13085
3363
13824
13405
14898
18308
15603
2719
19379
15918
1352
4152
16319
16158
15021
5372
3748
13786
17815
6812
1214
17218
14394
7088
17022
8559
2171
1184
18694
5419
16733
3790
1520
6508
18135
19619
4174
15598
12391
341
4333
12652
17984
433
851
8059
4095
12875
13255
9443
13692
5536
13743
4091
17627
11460
7060
1536
65
4652
3811
4242
8772
15482
15693
16011
7932
15649
9261
14652
3382
15604
17929
10597
6727
15919
6738
8433
11772
13377
18726
4972
12496
10133
13173
15810
1304
17980
11040
11318
1496
13912
17597
19899
12536
12679
11575
11890
13265
15434
7539
15649
12290
2577
525
11276
7199
14277
18657
16115
7144
13010
6885
8072
1464
13871
4115
6315
11860
6828
2725
12004
2979
5654
12825
7868
2429
13289
11796
16056
10684
5267
12963
11410
16047
14017
8540
7126
9774
2632
11363
1463
7335
14226
936
19724
8087
7492
7726
2858
8116
2696
3399
18046
11463
11131
14810
10535
4599
3092
9511
12494
9632
8304
18145
13924
17475
3095
10490
470
791
3404
18429
19279
15229
18870
10548
1610
18481
15430
16809
16947
18460
19844
14634
15577
6406
10298
13797
17649
425
1789
5363
13930
5537
724
3602
1449
7712
9062
13579
18945
2622
15076
16434
12304
11597
12464
9483
11993
9578
16489
9257
1241
18576
5652
3089
13800
13158
11081
16286
15535
4377
10103
12190
7712
8452
15956
3418
13430
2123
15972
6067
5546
4744
1957
4551
8847
19548
9654
8242
13354
2503
17954
3153
16114
9907
11789
14146
18272
10955
12313
19272
12307
8873
18133
16459
17091
12844
13251
14428
7743
2184
15333
1013
16069
18712
163
1343
12862
19726
987
5293
1076
11531
5093
2790
2160
7850
12930
15808
16948
12087
6401
6952
6322
14334
15021
5694
1863
3069
3511
18172
7640
19899
1819
12279
231
13330
10705
17087
4402
5255
2611
18721
9544
8699
2214
15659
2376
17850
11207
9423
8249
6640
16467
13985
3328
2587
16082
7099
14401
18108
2978
13664
18197
10215
9276
6364
17475
13594
1508
14122
8991
10955
3666
11056
15516
473
7352
11045
1231
4868
8336
7283
10945
7577
18756
2168
11569
13702
3961
8518
18564
2796
18776
17513
14345
13009
12474
13800
10926
12661
9360
6373
17368
4061
7532
7232
675
7371
9456
9720
2455
19951
16177
5968
19587
15862
8583
14480
12632
2529
9140
14370
15076
13041
16910
5693
16650
19549
5643
1920
16155
9350
8904
17844
8627
9346
16182
5715
13458
4564
2722
7943
16437
16381
9439
1162
7280
14988
11537
909
10379
7729
4473
1909
13302
5647
16568
6304
18538
6767
15682
12454
9854
13265
5217
282
18307
8446
13923
2766
19004
1913
19905
17974
8221
15764
7756
5510
19551
11070
1878
12341
1149
18746
11770
10818
9486
12939
1482
3157
3167
13995
17683
13343
2380
859
9775
18875
17179
8052
14118
2582
15670
19581
13602
1130
4163
14646
18158
2406
15425
11408
777
2698
9089
17023
7821
9357
13279
13064
1239
4833
11739
468
3378
8207
1144
11815
3653
9820
14993
7850
5429
6093
8851
2948
5688
13703
15547
19047
8664
15663
10540
3207
14335
13744
1132
18821
4357
15739
4381
1322
11412
904
14163
8815
15412
7066
14231
3801
11416
11457
5719
6370
13731
11065
5831
7698
2840
9072
17208
5197
2270
7813
5715
10629
2508
18956
16147
19568
14742
3342
6396
2709
5524
18221
5756
7424
12780
2148
6748
1877
18587
19981
17890
6593
7077
14365
9703
17036
16566
16202
6768
13578
13012
12396
4715
12145
5924
10049
17384
10756
10837
4683
12817
5486
9484
11668
15336
9867
13037
12242
9979
13696
14275
485
4550
6763
109
7548
5382
1653
5798
16344
4405
16355
4174
2185
13959
1612
7258
4468
6272
1893
14004
10294
4688
6776
16784
18498
4780
4019
16493
2950
19753
17469
17508
13516
14647
3
6929
12732
19161
2769
9275
12351
13117
14588
14113
7870
2236
6011
6850
8232
8687
534
12649
15283
2155
6615
11828
10906
9147
12702
19999
2789
14905
19376
17778
11559
2281
13743
2468
2592
17522
14404
4265
12546
17754
14233
13279
1616
16957
5155
5586
14210
13513
8317
19175
8230
7833
13904
15787
13953
17323
9678
10840
9779
19424
1982
13760
9145
15504
12401
14201
13483
14216
14003
16838
7333
17249
8285
6974
5668
4062
18856
7548
10470
14498
13180
19138
11283
3915
8102
458
19835
18639
3399
10218
10229
17393
5609
19075
19239
1216
9070
16838
19043
11053
16065
2116
11182
17510
1357
14833
2300
6228
14316
8052
9335
2637
1239
8878
13535
6647
18365
4772
7627
11898
10575
11434
6125
11745
17208
17038
3380
5965
13161
11935
18667
6965
15890
19736
19103
2909
14989
19692
10461
2962
981
1455
13818
7264
4852
17919
10188
10896
5593
10254
17493
9442
6792
365
257
10275
2988
11638
677
1898
5160
14134
1063
17140
5387
8341
4988
6554
6209
5892
7532
1709
14662
5281
15826
2254
15861
7274
16767
13835
7455
2652
15775
12665
15896
3334
18995
875
6795
16559
12445
15917
173
7745
9979
415
8175
15280
14442
15633
8717
1419
3179
14488
18307
478
6083
4586
319
5217
16413
5211
8082
8865
11018
15413
7361
4585
7401
6861
6840
14893
12993
7624
9405
19122
14058
2282
13922
10877
6636
950
3668
2327
14688
14599
11921
17049
12307
12489
4054
13434
18568
12949
3446
2066
19004
5992
16071
14794
5509
16927
10743
17027
6868
3184
8668
11967
16986
9672
8456
8719
8903
1533
2139
15578
14381
6159
13715
1351
12739
8768
4990
14408
10758
17228
18832
9155
4121
13415
17392
1886
9773
4242
14476
10981
16027
1626
8461
2203
19182
15949
2982
10523
3999
2489
6374
18506
2168
4643
12301
19580
1465
18177
1850
1759
12697
12725
7267
15591
9860
19686
6398
12887
6627
188
19740
3625
9690
15288
5558
1178
10602
4974
959
17141
4695
6176
7993
18714
15716
19320
17283
17515
16505
9985
4208
6419
19847
2722
1939
14451
5538
12537
3350
18091
141
13712
18634
8929
9652
18943
1689
209
7794
18078
5975
18481
17267
2020
3351
19647
84
15745
13722
7401
14151
3764
15138
13177
3762
3402
13220
27
4022
564
17916
8140
15566
12483
11483
8866
5582
14947
16443
16274
14890
14705
12563
4290
8792
4250
7621
17419
13358
14738
18517
10954
15141
14830
15349
9155
5664
5406
8731
16594
12037
10698
3156
2352
13321
7784
1009
17823
12939
7192
19967
819
17782
12188
14486
19260
19690
8278
16839
5203
789
15072
18904
11521
6266
11971
18028
1031
10323
14644
7195
4429
7827
6321
17441
8331
16996
3220
1426
17645
6415
1777
14475
2406
4251
1202
10564
8053
10892
14861
5153
16172
17644
1694
2056
4003
11912
14950
7053
11480
4113
8608
11560
10176
15043
284
16136
19983
10018
19738
9409
1856
19647
16612
13665
3425
6203
9288
15137
8286
7331
7633
11799
19401
18681
8609
4775
3107
11987
4173
16730
2346
11612
6389
14151
5278
7641
15870
12973
3185
2695
8110
15395
14027
14911
1379
134
1591
6107
1937
2418
17102
3218
11126
17868
10686
16447
5404
5372
310
2496
12010
13144
19057
7194
5159
19323
12412
16410
17388
5780
18086
16982
3269
16763
8035
8274
900
7870
12669
3775
2689
2906
12983
14462
18386
10917
18207
18914
3971
10088
4432
2483
2643
4330
18113
3406
19531
3560
3630
13801
6683
8256
1761
3509
562
397
17180
10141
18041
4621
7173
3563
8909
18973
206
5834
11896
17606
4864
12166
5227
12657
11173
10927
6266
15574
17455
14332
19956
5778
13799
18635
11165
2455
16565
14439
8457
10909
13993
6659
10840
10294
8293
9347
13865
18047
8551
6907
17756
531
14518
8078
487
19354
5192
10008
3700
4606
15565
4807
4950
18718
5756
13572
5063
955
4376
19536
19519
815
2815
297
14707
15102
5551
18028
9895
3205
8341
4628
5873
8495
4084
2336
9324
7047
206
3731
1589
39
7921
10965
12486
14191
8865
9751
14893
13393
4638
18068
10536
13672
6578
211
16959
19273
9689
9864
19901
13938
13581
4666
7053
12864
19533
6623
2893
6876
17162
4804
1777
6869
17582
3113
8727
7657
11177
4201
10851
8092
11001
13911
919
14700
19061
17315
5616
18043
8822
19228
18719
4459
11235
11152
14210
10056
1271
7503
1983
9982
2321
18638
13980
2636
15960
16167
17694
16528
1353
15357
4317
19938
959
15549
5792
12477
541
3744
17690
17143
282
16653
17536
4882
11306
15323
6021
6475
18949
8532
13237
15216
8695
11958
17098
9711
17603
13363
12046
3337
7828
408
13038
2405
13122
13866
18167
15425
18781
4172
16336
11811
11034
11421
84
1709
4951
18783
18346
2287
15660
17298
16451
7959
6575
2303
5711
7299
12580
19409
8444
19927
16800
14397
16076
7594
15608
12130
9457
3003
843
13419
14792
1825
4712
5330
5264
3071
7037
7551
5253
4919
12510
13805
13694
2805
19310
2830
1567
4972
5453
8677
11067
10974
16511
209
12777
3253
3956
17289
6370
9807
19161
7682
18229
17238
19002
1582
10855
5037
1202
735
11594
3302
13393
14729
16793
13712
13448
11782
2957
16046
1044
15539
7263
4067
16837
7607
15163
3209
17450
19939
17085
866
8571
2165
19690
5669
4227
12151
5422
922
3943
13636
11405
11713
13783
9963
9352
6123
1553
15500
17327
10604
16780
14335
18525
4521
16935
12340
18932
14796
19438
11956
8278
10646
10310
11271
19357
17460
4983
2031
15767
4362
14867
2642
10690
8939
17158
9493
19840
14795
8444
1379
9879
13772
19945
1485
3464
16756
6297
13227
2345
17792
17941
19969
9665
4210
17774
13436
3424
12517
15690
4796
19065
13505
5960
2924
8733
16234
13425
8108
16500
14547
15517
13552
15418
18224
17055
16289
9077
14057
3055
11201
1966
7786
12018
12972
9395
9367
327
7706
776
15837
1072
18560
12294
12740
2427
502
18257
19520
6860
9492
7929
3879
6730
16758
19021
7485
835
2111
6582
2186
2044
4569
18040
1870
3960
5786
18720
1803
10500
2114
13865
2016
15965
7841
8114
19062
799
4406
18836
14162
7948
849
7234
14347
3477
13754
19810
18742
11079
17067
11906
13149
9173
696
2264
10511
8061
11119
9403
8625
16666
6522
14680
12081
6406
5826
15473
16923
11306
18733
3480
3044
12835
17864
19972
10916
8562
18208
14510
225
4065
14281
19915
18342
5549
11202
7909
15538
3444
7472
13112
13805
8156
19142
9382
2966
990
4422
2872
12311
10221
18338
14962
17082
10343
12891
1330
5365
15287
12075
5989
800
12324
13405
5061
15367
12505
14522
13138
1467
16178
4831
844
18531
13024
15753
15338
9297
12569
13651
8251
2479
127
17238
855
18359
5643
8079
18720
11618
7510
223
2394
14008
10948
9004
15780
7078
845
11044
15859
238
12745
15265
18794
3448
8375
5192
19639
8647
6571
16236
588
1382
2034
6064
16281
1920
17027
9833
14563
15887
1187
15073
10467
14573
16149
8440
9885
5222
17468
14661
12731
7535
19150
10363
15206
2031
3352
5766
9889
15579
12488
16949
11778
18880
2587
3985
14573
12889
11107
2795
12718
19681
5940
9301
19315
16386
3179
8262
14532
652
7035
6081
16864
3329
438
8975
12853
10573
18197
2536
17435
6451
12804
8913
11150
12002
16781
3456
2119
2374
18399
1531
17814
3035
9979
13150
2141
10269
7322
13051
9068
3803
3710
7963
1556
11305
7732
15587
10602
14708
5155
9170
3803
5585
13204
7494
15686
15503
2237
12959
15451
7627
44
1723
7278
6145
3180
14400
19255
1568
9655
5337
3401
4439
5369
10872
11788
11691
3804
7097
1434
16074
9109
17831
8627
11386
1290
4663
6526
18955
1567
3506
9948
2059
14908
12721
19914
16632
9052
13761
6323
5520
4117
12581
13711
8836
12223
1051
1757
9195
10754
8343
19672
19283
13568
11883
11737
9362
11996
18376
17512
6778
9126
9502
12544
13035
3365
7711
2719
15203
11071
17506
14854
688
18536
8868
17331
7174
13572
8200
2041
3532
19867
16159
15609
15377
4760
4867
2143
10364
12317
7709
15579
19393
7623
4295
15098
13167
4026
6315
6816
16006
15337
9194
3332
14758
2244
19064
10505
258
7902
485
3637
18708
18041
15703
8272
1834
10000
16754
17530
1278
10977
4890
2088
6371
12758
10096
11901
8571
3631
16439
1762
10917
5709
2266
7874
6516
9533
3239
5188
5499
5695
6707
6213
2053
14642
10849
7473
17409
12414
126
10782
10106
2013
16867
8037
9764
5958
9757
1374
4146
19896
14089
4376
6629
18912
2553
12594
9375
15239
7059
17912
3990
11131
13145
12285
11204
6808
15907
17777
4346
16275
10920
15935
12437
2339
7164
15494
8617
9612
7635
946
4057
4681
676
18646
12969
1174
8136
5032
18251
2391
19874
12282
17781
2728
9305
3856
14484
8705
12352
18787
1786
10598
16406
10353
5138
8649
11049
18430
19061
14044
12182
17195
12884
11191
1803
12049
2261
3074
19118
18458
16220
14816
4054
7869
17438
3928
10103
14036
13691
11937
17691
14779
2884
1449
5836
1735
14135
19234
18286
11681
10060
5225
14921
5406
1031
10421
9092
1052
16142
8633
10029
12059
13589
14517
19445
2997
5077
17919
3448
4763
7579
17322
4890
9710
8668
13328
16557
5943
14822
674
15
932
14866
5992
18449
11679
10806
822
19826
16684
16247
718
1449
8830
4987
9420
4482
151
15100
5235
8703
8571
10585
19601
15808
11568
7367
3185
15518
9652
19396
15677
16048
19194
14476
12589
17169
9986
8644
10864
5049
2932
16948
8118
8743
9593
11570
473
15936
3382
8537
166
13265
3750
8473
19723
3185
14803
3175
19582
16226
14641
7637
6727
9814
15127
16669
6475
17997
1659
1526
1975
1021
2504
10889
3397
17163
1054
13950
2766
10997
11303
10479
15244
9202
4498
3806
8427
6769
19405
19682
10987
18398
10691
8253
6420
16547
560
19881
19703
971
2653
1424
11805
3585
19069
7643
9583
5144
5411
2946
11424
7844
12765
15842
6555
17061
9873
18349
15524
5284
18994
1660
17454
8469
4575
10975
19961
892
19032
7252
4613
16301
2302
1238
5047
13195
10374
15981
1415
19378
4122
15651
17860
8561
16365
8919
6981
16910
11384
10827
3180
11597
9077
823
16697
17388
3063
3808
3273
453
11652
9027
17096
17687
9841
7819
17274
8382
10680
2915
13666
1598
1208
262
3629
13247
11817
11377
14878
1266
3035
18777
19479
12786
15402
14297
4640
15622
8512
4548
2583
2531
327
9721
15125
19246
14185
19189
19161
18814
2310
18242
18355
14560
2737
684
19119
16596
8680
7700
10683
2421
2702
13886
3159
13398
11398
16229
19417
7208
17518
15695
16793
8440
13846
3643
12608
17877
7963
17078
19144
14223
5445
4780
5519
5147
6649
8156
5246
19187
14235
17189
14352
10714
19620
5308
7010
9149
19484
11296
5238
17493
19317
2820
12131
5610
11204
13419
6748
10193
13852
9075
4571
14677
2568
7080
7466
8436
19588
7096
9166
13952
14265
14343
19921
10982
4147
3513
1354
5579
15937
12044
19723
18034
17385
5257
8903
14683
15205
7695
13438
11109
15038
15151
17766
9428
6691
151
4695
14414
17030
8102
19348
2079
11091
3102
9009
6172
9038
12119
3493
7140
12328
12847
2989
3299
3485
15776
13114
16976
6830
5482
12505
19830
2710
11216
8701
752
9515
9503
18955
17422
15698
9640
66
7476
9919
4878
14149
10081
9352
4027
70
301
16997
397
8304
11947
13031
3534
9233
2350
818
12513
17346
5736
13080
13272
15285
18253
9843
7555
11610
2839
1982
8642
5262
2691
18928
11388
13888
16440
4823
10952
7969
19912
9325
2568
7208
14382
18425
13174
10655
19447
12965
9527
12653
19646
1304
11308
9441
5328
175
14055
1848
14606
5468
18170
6411
4208
8475
3979
17592
6054
19085
11715
2858
16762
10515
8422
7272
2993
9129
7326
7672
15281
19452
18224
9230
12413
6953
272
12565
7035
6132
11119
8440
5526
4834
11954
3405
2847
18643
17759
7550
17710
13951
4881
4246
19335
5292
19274
2309
19736
6057
7016
11248
830
18955
784
17720
17128
3553
9831
18533
4723
14997
14848
5806
4756
11554
17903
16616
18132
13197
14108
18089
2549
6081
9331
15608
14995
16459
19961
17106
9926
8238
13593
8891
6116
1124
11644
3200
12995
1427
12982
18917
10172
9927
7229
1872
11595
4081
14965
14800
18579
1756
1511
19147
2079
7879
16368
6435
8898
8612
4949
10149
2432
13677
1397
16334
6566
19870
6615
11385
16595
11090
11681
4809
19322
2333
11786
10224
4832
9027
9640
538
18784
3092
15715
6041
2606
16069
683
5709
15161
1068
13572
3440
14441
12600
13695
17659
2631
12874
5893
15576
13052
9012
10380
19910
18098
2508
11276
16770
1911
9164
19627
2328
9599
11114
17396
19110
13193
975
11911
937
11162
9943
18346
14087
6022
9380
11260
8536
17869
9566
5354
18993
19873
9323
6587
4814
646
6791
14662
17052
2707
11136
19011
4352
17941
16433
19967
487
7186
16185
3305
4972
9514
6615
17001
2047
13978
485
11377
16952
19451
14509
18219
10552
10823
12492
14865
1623
16027
15682
2492
4400
3256
3635
4916
15589
8740
18046
11239
752
16589
14327
15573
8392
16942
12770
19367
10444
11850
4750
10431
10703
2549
19116
3115
10496
16113
16299
11380
17044
7318
12018
5203
12530
4907
7993
16770
12827
10993
12356
7120
821
9888
12412
8526
10610
17992
8172
1607
7585
18137
4277
9773
6033
6206
12558
9678
2302
18852
12828
11878
18521
15513
11978
5229
19672
6128
6533
13393
6807
2432
6775
17278
18313
15404
14110
858
9247
3774
3944
15309
19796
10924
8461
10430
6674
14972
2632
3513
5253
6180
13299
8587
12507
10314
10751
8400
18196
6218
16045
17156
16843
12758
7148
4726
7393
951
12527
10427
13634
16594
6954
5822
9462
1414
19593
11221
13095
17426
1485
8431
2474
12883
676
297
13996
15019
6436
15616
11194
18846
4547
14208
6573
7381
11510
10075
1200
11589
17220
11606
18479
1386
11463
5309
7550
6700
7134
1143
5795
5060
17521
19124
449
10648
2819
5122
18082
8994
4013
3679
3616
13839
13053
1769
10191
7843
17674
11473
4107
18393
1714
9615
14362
18440
5394
13294
16862
8738
19777
18792
18810
2518
12169
18412
9533
15317
8003
4699
4655
11537
10383
1011
18583
12577
2509
4195
3335
10978
15387
157
13862
8856
6059
6505
18392
2930
13183
17462
6123
12427
8068
6059
18208
76
10249
17500
1363
12366
17338
16344
14313
1694
3933
7103
6390
7866
16680
3409
8104
13815
12189
13570
8148
8293
7332
7657
1691
16682
18531
18168
5624
971
10364
17926
19849
13834
2243
13639
16311
16872
10490
16765
2691
1099
11532
6728
15151
13755
1026
14456
11911
6279
7621
18564
2794
15717
5041
5459
6105
4982
14673
15096
4634
13863
1917
4763
4841
11796
7597
10801
4316
15335
11833
17389
11538
62
9231
11664
14007
19979
10351
11773
16694
6100
19238
12167
10748
19643
16357
16203
12324
16441
9150
12218
3205
4035
14587
19791
1556
5774
4507
17759
2935
1870
13673
14766
16456
4922
12154
17181
8930
1740
10563
7873
18443
5060
13333
7024
10941
12140
6262
6869
4530
16950
1501
19363
9260
19394
18058
19045
3583
3772
6015
10932
12412
12738
1663
2
9498
15938
17154
11315
5667
13986
5554
15467
7896
8378
9349
7106
19682
8219
1975
6068
13622
3187
13699
12086
1028
7176
18718
17443
15997
10082
10032
9236
2558
6182
19055
19501
3837
17276
9242
9972
8943
15762
12784
16573
3443
7321
8874
17153
2879
12525
15131
4877
17093
10195
11619
10039
7457
4571
18282
8171
12034
9380
13759
995
16658
2238
9613
12981
13412
1163
8087
12134
15961
799
3984
9532
12495
17543
13049
626
9031
9606
4600
7236
1009
11097
6545
6346
12214
2972
13860
14658
12802
13126
9346
17318
17996
6224
2893
15612
12771
627
9100
6156
11702
19950
10920
1260
1280
18055
13478
18680
4687
10537
17856
4829
7824
11019
11362
9940
1080
16753
3038
14924
4561
908
301
14016
9887
10301
14659
839
17294
19928
4717
10891
18522
8099
5322
4689
539
1340
739
10231
9035
3130
18536
5180
15348
4076
4073
19032
16571
7422
19598
268
2691
18555
11827
7157
96
11436
4131
16634
16441
13565
3791
9669
249
6561
11179
10511
5042
11276
19110
18707
14
18494
8901
5988
17907
17152
11419
12954
3250
17830
19654
17288
9581
16725
2056
4457
6051
5662
15424
4185
14553
12168
2117
17216
582
8076
18496
2217
14427
14202
18883
1521
14029
8473
11177
13626
11360
16875
12522
5951
18386
18126
9371
15170
10146
6271
6945
12193
9851
506
19600
8136
6561
7772
3908
4959
19638
6473
16699
5572
15145
14026
11245
2708
11771
12142
2057
11522
14896
16081
10061
12170
6127
1626
10401
12671
10326
4893
17265
1472
15965
11010
4421
11146
4900
13277
12383
13863
8444
10684
337
6788
1967
5887
8056
4640
12238
481
16889
9056
3989
5238
12150
7199
540
19853
1356
8483
4157
18804
10892
10155
16828
13914
13781
9060
15800
15887
15083
14587
3341
8840
1718
6892
18724
8575
16889
17369
10968
15512
1612
13047
1893
5246
12825
2434
17710
203
2544
16817
7467
1222
839
11300
15726
16391
13202
15930
5008
10134
1947
15295
7517
13202
12318
1282
2233
2669
963
12580
10125
5844
5336
17996
18642
14253
15946
18008
11289
4537
7553
6383
10964
2105
18710
8209
17573
17388
10289
18575
12897
8534
8931
439
3263
573
3708
8040
9123
16493
19882
2468
14690
2107
13360
9731
6834
12199
17566
8420
15088
10394
1875
19039
14541
5647
2827
3285
6037
5422
4902
8425
6301
17235
5336
4360
13257
15310
6438
1571
13143
12387
9603
6750
7659
16081
6247
640
17624
10320
8329
1323
14792
11379
8249
10085
4744
8206
18269
2549
19507
12625
14405
15594
10554
13073
12205
17749
14316
2408
17487
4055
1704
11731
7106
10132
5948
3353
4883
16423
13496
14732
10430
3599
12116
5576
6345
2823
4155
18456
16029
12212
9747
8760
1218
12823
3786
10901
4310
16226
18431
14128
2026
3975
10089
18401
3225
6156
6248
15096
1446
5371
13958
11327
12977
9526
17962
1372
15637
15560
5817
10675
9633
5366
12105
6215
17329
5556
15075
5153
1448
7187
18964
8457
1996
8953
16912
11921
16543
5833
7940
11602
18389
11873
5303
17453
7319
12835
5436
2132
3314
13835
3350
14849
8988
8031
13000
17539
16645
2564
2968
12634
8854
18765
5887
1112
6154
1871
17105
9991
8261
7504
13123
10345
5908
12445
6941
443
4291
18842
9982
2867
4693
9685
7750
3560
6275
17204
18021
5840
5940
3660
16093
14820
1269
18003
9974
7616
7062
4141
12510
7879
1665
3939
18426
6756
9175
15987
10862
17387
4393
4128
16677
11293
15824
16937
1758
12042
11785
12728
947
11377
113
8081
15911
19747
9080
5610
4939
4326
14021
2265
14605
7317
11750
7144
11101
5861
10674
1158
15901
1762
4222
18296
10981
2520
14968
6381
11856
11373
14499
4815
6087
75
17935
16180
14376
16124
11636
7348
7731
19534
9291
17750
17520
13078
15785
6883
15008
15696
12985
10684
9598
16836
1365
2086
13010
16485
3553
15075
6898
16596
18148
13629
9781
4577
7395
2748
17270
6897
1692
5527
11361
10811
2140
5991
8733
9996
8509
6646
6550
18890
18560
13591
3109
14038
6499
527
2559
19850
15999
944
7063
8098
1888
18983
4273
9112
4354
14571
17028
4231
18916
12534
4810
17841
4300
5681
2631
4028
3799
11719
2132
11543
9947
4507
10055
1754
1115
6902
9409
10635
19973
9880
8627
13341
11180
16688
2510
8659
15390
12327
18534
7587
1825
11894
12897
10677
17838
7992
17282
18346
13674
14681
10157
3802
10653
3598
18422
2742
2577
16223
1803
18252
3625
9759
2586
5352
18555
19612
14496
4631
13836
14962
3472
15911
15942
12186
3228
651
13496
14655
12322
11579
1066
12881
1846
439
13756
8018
2760
11020
12922
4238
5490
11695
7838
616
33
12647
12834
1616
925
16743
1888
976
2230
10233
18632
4838
18381
1302
16029
8395
8156
18385
8044
7122
17539
6900
9258
492
13072
19265
4041
1224
8234
17723
10871
2809
9626
14974
7412
6319
119
456
11437
8679
15180
1179
5690
5726
8136
19259
1776
1441
8034
6769
12387
1376
13575
4402
10140
9280
354
7450
8499
18736
5958
10834
18154
2964
10875
10353
13221
18749
3203
7902
1673
15225
17991
3379
16240
4294
19523
16893
14182
12738
5226
12192
1508
7231
2775
3095
807
1746
13426
12922
19435
7370
19644
4056
13385
10749
8567
19011
3594
5342
9876
1548
15655
16267
10778
3843
1407
14595
14192
3168
18836
10421
11175
13952
10946
13139
1159
18983
7869
14726
15924
3492
19750
9371
1149
17074
2089
18842
6658
378
1910
13303
3231
9718
6234
4513
18585
18993
3866
6680
9155
12618
14572
14045
14157
6487
14801
18401
13546
1605
6035
255
5661
10206
2135
4133
6272
12452
3902
17357
12496
16025
1150
7371
16248
3777
6360
1599
3000
18495
15766
1674
17425
14268
2339
18301
4464
11175
13574
11820
12693
18070
19037
15522
17664
10410
9330
17486
5655
7313
9884
17020
9429
2020
15413
11358
9906
15409
18035
1576
10507
4915
4006
1660
15790
10589
10125
9338
4549
8470
13813
11577
2844
17149
2958
6163
2288
17678
1708
11290
3062
16765
19511
8424
19878
3711
1455
19925
1218
19209
5409
2306
6566
18416
4574
1618
5198
2735
1054
11608
13118
1478
12464
9770
16690
2303
15548
4853
18083
11213
8472
3979
4211
9133
17283
4760
9493
7086
10305
14995
2876
19021
13940
6575
15486
921
11667
8752
12740
2166
8490
18138
8529
16221
18573
8997
16876
8416
16986
5006
1356
12106
906
6023
11072
13061
3476
6031
16248
1622
12671
17948
115
12291
6401
5716
9670
14388
10456
18458
4485
13975
8900
2406
18961
2397
19552
12782
3614
291
9339
2464
16032
13547
183
4562
8626
5352
2749
4848
8034
7129
16187
2804
4604
16268
14012
16596
8305
3940
2626
8629
7204
8469
10658
17150
17426
16364
4924
2503
14011
7436
2069
12304
7505
16115
12499
6478
18844
17979
17844
15616
17767
8316
1867
12480
1899
3310
8057
6516
16373
2541
10276
8708
10007
15413
13558
5735
16136
8141
9109
17366
16696
13440
12570
15522
5845
18918
6192
14305
7251
18657
8299
8931
5243
11587
3331
10499
12403
17901
4875
17017
5670
402
1650
14380
14863
15451
2262
15044
14887
18051
736
17214
18153
1634
14527
2585
12990
17448
8900
686
18347
1407
7096
18428
18387
18610
19830
17665
18473
10060
18504
15461
7222
15929
13345
15247
3395
1610
15988
795
5156
17268
9360
964
705
759
1433
12283
10242
8348
10211
6489
16439
5272
429
9201
1121
7662
17464
542
10561
17776
4931
11068
16666
16933
19876
851
10789
14342
10373
14510
13617
17987
2105
6250
4917
3267
17786
14858
7860
13608
19072
11943
17228
1137
5407
15012
6171
9849
9598
1247
15854
2172
15887
7908
10759
14202
5136
6844
14090
13812
17213
6562
3268
3988
1488
17398
10937
5513
12759
15723
16841
13423
17519
17083
13725
19533
9122
2618
7188
18520
18299
6343
9605
18997
9538
5727
13456
1820
8504
19628
2213
5848
16624
12507
19376
1643
456
7179
6016
9646
10723
8993
15507
18485
10917
16857
14816
15601
18346
13943
10400
13680
13091
18811
8953
959
1774
10706
13129
9711
9201
10217
9387
12309
1426
1149
2089
7659
13078
1614
14751
9141
11412
13490
10983
16478
10997
12837
14631
14913
3307
13470
16403
17699
14379
14653
256
1917
3464
4865
16390
13879
1646
6550
17616
13360
3127
11307
4004
11866
9741
9378
8073
8867
17885
11136
10074
8814
820
7012
12550
5759
17497
8084
3361
11446
10534
17043
10923
15571
1829
7152
9659
15352
12707
4087
13512
17804
2835
13834
1555
7675
11650
5195
13204
1499
1426
656
14079
19817
5237
17465
16851
12178
18984
6717
351
10894
17897
640
9105
4934
18839
4258
15452
2102
17253
11217
1318
7086
3770
18814
428
1106
17128
6893
11538
18337
6950
966
15722
19795
1516
10728
6271
11548
331
5149
3872
9549
19847
11561
17060
11962
8211
7452
7230
12501
8295
13063
3134
5593
19647
17067
11265
9379
12627
13741
887
3899
4399
13381
5551
7729
18990
17910
641
11297
5560
1432
10039
14073
3253
15761
1561
5138
2124
17506
2740
5401
18141
6333
4390
10034
13720
17781
17512
16306
10136
334
16856
15851
9823
8115
11266
18917
15342
1958
13067
6407
4769
7537
11706
7604
16006
17532
8676
3570
18424
19160
12146
15271
12380
3512
11920
12412
6391
14911
6260
17123
11050
9748
201
15765
3275
9714
8408
1172
5569
10588
7538
19663
15804
4206
18556
9796
1806
8302
17592
927
6602
14625
12076
5025
16632
15386
10129
13020
4433
654
16761
16602
18333
15203
6974
10878
18279
12071
323
19746
14746
11164
12682
11903
1819
17553
11186
11979
17794
140
4233
18461
16021
8515
1622
7436
16131
6570
13276
8789
6075
13222
1004
7420
13254
13568
12074
6665
9863
6965
3961
17971
14414
9483
11750
14875
10355
2526
3694
12559
9557
18489
7437
18127
15759
736
9668
18828
4563
14761
1382
17068
13095
15211
12767
7339
15001
18318
18978
15707
14175
4066
12365
10284
4655
5100
1595
19622
2904
18939
7430
18483
10748
10681
15990
11834
18442
14589
6187
10406
7356
10301
17667
13125
6090
13568
8872
18412
4872
13521
1241
12088
3139
15280
15571
14735
1556
8675
572
14789
4094
9066
1484
10586
7370
4496
12697
18081
15708
1885
19197
15516
10705
17704
13254
8355
3096
12042
2554
4995
18762
1614
10180
14787
15975
19748
11039
8577
12110
15861
16254
16667
16089
2160
2582
11370
4787
13443
2953
16745
8599
6918
1232
7379
19654
6417
15300
13162
1380
14285
1609
6612
13392
17864
17847
12832
2238
354
10598
3463
5587
6853
18549
7533
10589
9713
1591
3942
8588
19381
9403
1941
11344
5562
12407
7088
10832
12857
18609
2431
9892
17549
7849
3972
11664
13091
17125
10516
10782
1006
18810
18307
8567
17079
1685
190
7933
465
10372
7858
13576
9034
9347
14922
17371
5118
5702
16789
14370
13318
13504
16486
13931
18925
17806
9141
14462
12131
2659
16131
13882
8011
16913
11642
3725
11663
657
1619
19343
11443
8079
9906
6620
15271
7285
5995
16940
19286
17906
8552
6833
10043
9894
2882
17772
17715
8141
8748
2636
18797
1605
19824
6341
8702
8990
817
19593
9266
7486
13903
3429
16989
8621
11657
13979
19439
1156
16477
11479
12933
2765
9227
9680
10044
1238
984
3165
1025
9720
2286
10737
1988
8735
512
18004
14155
19381
9738
11360
18755
14639
14135
2197
6641
275
6557
6137
2118
12772
18724
6832
2000
15341
10308
4147
9678
6470
1835
11184
3868
997
9789
16446
2892
11492
1782
17595
2678
13962
16171
1701
7014
18265
783
4145
9939
8340
12017
9003
9520
17355
8898
17802
14140
324
17173
15311
19380
10056
1760
5498
5192
9927
10974
1769
12394
4808
16982
9839
3874
18193
13111
9004
10655
10480
794
12270
19273
2660
7273
8836
13714
8331
3358
18779
17194
16968
12516
5399
17682
3664
16794
11567
5576
13426
6582
2630
16865
19521
16006
13218
7125
11743
11473
6570
6035
5927
3164
928
19637
13591
10025
12729
12143
15577
16826
9429
15713
9868
1043
19808
7276
4083
7070
19268
4641
5370
16455
13864
3221
545
8423
14536
17809
7175
18623
14610
8581
6451
538
19483
9148
5665
7893
10109
971
9992
2299
942
13412
4
6472
2365
9415
1925
11215
4971
19991
9428
16311
18979
3306
7708
1152
2231
1594
1564
18339
12409
1370
3816
920
13875
6466
6871
15825
16964
2315
19629
1924
2744
9206
16101
17094
8834
11302
6458
19762
2456
11406
9490
3944
13547
6597
13640
3411
5666
7542
13940
1091
17746
5844
409
3769
2268
12619
19276
6689
2979
16114
8508
15961
2600
15548
11777
1744
15076
11821
8645
2218
17057
10218
8586
11424
16886
10473
18903
6084
4125
904
19426
19394
8242
5305
9883
674
8618
16091
14451
13097
10573
11428
1576
4479
1650
12090
12078
3532
16150
7425
11131
444
15801
1102
1743
8482
2901
15162
2301
2968
8955
5683
9083
17124
1036
10540
8482
11478
3025
19605
13762
4301
3895
15077
17766
18074
4714
3539
18495
16669
14669
11077
5487
4747
4435
5535
17333
19185
17470
19773
8432
15602
10002
6076
10097
268
12500
12818
19010
8505
16356
2878
2636
19858
4436
1466
3786
3213
14596
7309
5256
17415
16444
7581
16535
8988
18693
14017
10608
4403
7556
14069
3234
19863
9780
15782
4506
8928
3455
15374
7374
16241
19897
16122
15110
10938
249
16230
5063
5533
16116
5482
8573
18125
6199
12909
13797
6643
16897
19832
180
15659
13340
5798
19367
18027
16406
18903
8136
12515
8192
3204
18938
10047
4674
2348
14114
298
5304
15533
10130
4237
15214
2799
1746
17173
16243
11802
2861
2227
1405
19943
14934
9372
17497
3764
11477
1649
11564
9649
6321
8089
1708
11224
283
4938
5812
8538
2165
8134
1640
4595
17694
6338
2245
7199
3228
19394
484
6535
14692
12736
19627
10004
18344
8844
17487
3748
19518
14509
15467
18233
13480
1894
8854
5455
2533
3251
17507
7366
13204
16467
17050
6589
15265
2687
8463
1920
15949
4984
14108
9496
2142
19039
19168
1089
19712
19326
13235
11929
7382
2724
15909
6387
5826
1198
2642
18795
13740
8865
9379
4277
9298
6835
16517
8750
7757
5865
15870
9076
3387
7163
13329
8689
16302
12692
912
7027
4561
5430
17689
14935
4050
15738
16078
7299
14289
16757
19061
9011
12835
2070
4264
11466
7683
3691
1882
11691
17654
7972
3912
6688
3929
12879
2423
695
11818
12706
11631
493
1007
7032
17491
12674
12870
1906
1052
7884
17866
19103
6450
13064
16287
4630
12102
19787
9019
16512
17967
3222
11505
12978
14943
968
16699
12152
15553
11149
4739
15982
14417
18069
3534
8456
1815
3327
7014
5777
1282
2772
18946
12752
446
3664
8084
3750
8785
3226
14095
2324
8823
15253
1618
10874
9240
19088
278
14234
11171
6328
10288
14043
9706
3117
10851
18857
1433
9361
7525
3610
12883
3325
8236
17068
9964
7694
18901
2441
11101
1180
18225
19532
18535
3563
17741
17182
18791
10043
9916
8761
10386
1178
451
17902
15885
19386
8576
2241
14060
19229
14840
4242
3973
5675
13436
15735
8624
3078
6711
16228
3933
9653
8567
4045
9458
6877
10293
5218
10752
4238
4258
19001
9793
16825
6897
11114
13200
17023
16699
4211
19940
19269
13842
892
14282
19204
19270
5845
863
1309
13742
19771
10855
6729
8180
18457
6893
8814
16287
16555
9559
2925
19485
5758
19908
19928
7373
10964
14533
5666
16583
11875
3830
6703
3337
15613
7992
15914
13278
6410
17260
11925
14189
9009
9677
6843
15836
5430
10123
17378
4094
5853
17760
19068
2144
8781
5488
13276
17420
17839
12194
3589
8152
12374
6965
5534
11630
5624
3489
5666
19065
954
11724
5493
14505
2283
7749
7568
14339
6823
6368
9213
11848
4027
2926
8062
5759
2344
7801
13768
16514
14496
9817
15693
4738
17262
2038
12727
13016
7698
9178
1360
969
3306
6002
286
4437
18732
5857
8844
10941
16079
16641
2084
15502
4842
10455
19065
16942
17524
6897
14208
15874
19050
17439
7678
18233
12816
5324
5404
12249
2543
12439
17400
1604
4636
8882
3830
7942
4856
10934
1075
17214
10964
18849
14138
19719
13485
11501
10639
12706
16885
9486
9096
15169
4210
15464
5276
5426
12544
4523
3731
11558
4657
16524
5150
7037
9237
2721
1792
1200
12821
1144
7433
13723
14008
19284
451
7461
14921
13286
16069
3501
15728
9636
2213
10067
1052
1672
7914
15584
11970
9288
7648
5778
13951
17901
16389
17800
9657
4658
5376
12391
19748
14107
18801
19559
8033
3247
3523
8765
13281
6292
2174
16645
10343
4006
18202
5035
18219
9011
2030
1110
12922
15574
18341
12723
3643
5998
7410
16473
17869
18682
666
3038
18636
7635
15504
17750
4658
13926
4831
8226
218
19244
3200
1821
14719
40
10667
13342
9315
6429
15978
12970
11852
9034
18984
8026
10057
12578
7337
4741
6739
2508
3635
170
15790
18196
19914
3516
7887
14060
4794
11657
5111
16514
8205
11433
4125
447
15900
15008
17481
4954
7426
4720
6845
7767
2092
15230
11406
17983
16269
9854
16592
16252
18990
17470
16241
13521
1379
17581
18107
15989
152
16998
8829
5066
19882
12221
7267
4286
1362
1956
4513
14237
10460
1306
19471
5873
10614
16689
15630
12535
11300
2202
1129
7551
13744
19823
15671
8608
958
13277
18332
10709
4350
13324
15695
11128
1467
4429
16151
15290
8976
3007
2702
4220
18810
10941
8167
12717
11177
1608
17356
12928
7760
15244
320
5896
9211
15089
13028
19380
4960
19521
17205
12609
5327
7889
5362
13696
16835
15885
19099
1254
18458
19589
9333
8201
14337
14574
3626
14878
2825
2070
9325
1068
6582
18184
19963
13420
7733
7512
6013
16096
18285
17707
17898
12397
11727
3014
13833
18582
5992
18098
11477
15254
12885
5065
7545
3738
16917
16544
19354
13689
8858
4432
8340
1552
7705
12898
7132
3006
8642
10935
7365
7257
15625
16113
9311
12876
14754
17378
10745
16718
8332
2799
14983
6175
16996
14656
8095
4129
17946
3783
4381
16529
11456
8714
4870
1600
11487
14542
10665
12851
8132
2018
7425
19475
8824
7526
19384
7506
205
2679
262
6523
8468
504
3831
5524
6667
17213
1002
9491
6067
2551
1813
7226
9280
12407
5286
5968
13450
19937
19301
17534
8385
16783
17749
13379
8445
9662
16249
5460
7091
8217
12947
16883
19011
15873
19367
8970
15022
8534
17279
6532
1926
7364
6152
13865
16221
15116
14105
16084
8799
17998
12019
6355
5052
8912
4516
13723
7037
3406
9734
1221
12792
2750
6532
3368
5919
10494
765
12532
18642
6396
545
6152
12565
9218
15384
13937
19356
3837
14402
18880
13922
5928
761
5479
4121
698
10162
4463
5660
6664
579
8921
15745
7896
6846
14127
5258
707
18748
12422
5818
12806
17781
18931
3780
1542
14539
2311
5343
6365
6342
8776
1303
11237
5210
3693
13373
6432
1412
18165
16574
11330
11892
1221
10065
15995
6693
14429
17129
15557
10663
6837
5034
12294
3614
1017
1305
14498
5091
9246
18860
9121
12936
15712
11425
10328
14553
7513
8747
3031
7166
10368
11078
8687
1021
18332
14060
1533
8540
17220
5600
6135
6020
12340
13607
2961
5505
3438
9942
3372
9350
14058
14759
8381
7693
13755
14437
14806
17660
18016
6247
9587
19139
10052
9050
5218
15554
19827
8918
2288
7048
19769
17554
16940
18774
5848
1140
16411
6241
4517
19649
19895
9750
8704
6034
18756
13017
11983
3399
18001
16582
4182
1334
8615
9784
15060
15260
17682
16903
8349
3988
14056
684
15248
11205
1210
13729
1204
309
12055
18147
2068
11452
1175
15961
11603
14579
491
16847
526
19051
12735
4955
18221
19514
14344
12832
10918
13873
7760
6256
10702
8585
18875
10605
10396
16219
12981
12392
18524
12590
2202
16363
10573
6667
8993
12306
13272
15853
7654
16531
781
18869
9426
13118
5404
3353
11882
3008
12844
15260
10449
1762
12603
15801
13979
4974
5555
5401
13935
9297
11909
10372
17047
16668
8965
12308
8455
5701
19362
2821
9736
17162
19712
10472
10848
7445
19508
1623
14368
9179
18331
739
7562
19839
7287
12968
10620
8660
17000
12451
13341
9663
6275
17530
2211
19674
4337
9785
15135
13909
3750
1917
1318
2680
15739
11081
8988
18147
9259
16758
18175
15862
10216
3528
4013
9612
14007
18587
2803
9314
8942
6812
13716
11990
8776
12052
5234
15787
13539
5215
19804
16200
15383
987
14323
5088
10482
9436
2331
10348
6612
1628
7035
5460
19493
14800
16400
4174
4974
4021
5748
8829
13371
9
5927
2938
13130
1463
14615
18416
4368
3146
19890
9729
7881
14786
18341
11846
8441
17541
11471
19988
2500
18380
8807
1434
2151
16766
13670
14023
15025
1787
13459
2120
15777
7182
8266
4431
11229
11366
13352
7151
9100
1758
19349
15492
8433
567
14350
15024
13476
15687
6093
7583
2542
4587
6584
6924
3042
11928
2659
17340
5011
11311
6019
15752
12501
3887
7537
14809
12116
13957
3126
2700
15851
18782
9849
2965
9314
285
2050
2271
2279
7
15818
465
6567
3483
6082
11469
10249
10176
14780
1618
4392
18455
1401
3073
12075
7152
7888
11388
15683
4248
10296
11786
6880
4431
2130
9592
4240
3960
4246
13209
18293
19785
19577
14638
13634
5026
13720
481
18130
3003
14051
16587
7557
8982
7945
950
13591
11668
18011
10588
19007
19908
2528
7470
1889
19509
4213
15313
5584
12236
13886
6690
18980
817
17102
16058
5331
18340
18287
9165
10032
13677
18990
269
16509
15793
19462
8427
16493
4960
551
11357
6587
19628
12643
15899
2849
4180
17077
4772
11702
11038
10862
17117
12710
16771
15293
6937
12815
13219
6938
1077
15222
3706
2064
11034
17412
19979
2085
18053
16321
12152
9063
16163
7819
19828
5940
18358
5715
15567
6118
13621
9844
9073
1465
12591
17937
12002
13050
18896
3881
5605
10190
18300
1722
4325
12317
1720
3503
2120
1721
18056
10119
14176
14351
18931
1892
15168
1896
8802
17196
3308
10204
7912
0
137
16788
11164
1175
1555
13690
1825
1078
14125
8543
14502
1582
16979
19081
14345
9842
14700
12439
1783
9683
1244
14835
8655
2746
10229
17587
6820
9345
19341
1099
18529
14318
17450
15538
7974
909
17082
5007
16081
14441
480
8097
6904
3015
6120
6024
2419
14688
15580
7347
2583
7992
14095
18055
14556
5919
16758
18184
7840
8388
247
359
16004
2993
12665
12968
16980
6663
15355
8687
9572
10679
8192
17799
12886
2137
1000
19247
13720
19885
6235
10273
1355
15372
13342
11615
8798
6409
9383
9180
12408
13962
9229
13893
18485
19261
8793
12586
3432
11289
7417
11821
19806
13330
12499
19334
12803
12632
2487
10992
9854
5037
5645
15476
3191
12481
16589
14448
19674
16652
8781
6627
3539
9063
5237
7767
5624
5447
17806
11148
5542
18295
15609
4253
10020
3025
10365
2289
4740
3960
13464
12001
8040
6357
19894
18977
6689
7501
5407
2924
13426
15387
12235
7216
14195
2159
785
3315
11025
10946
1213
19137
5139
6165
13119
18035
13912
16005
7168
6430
18172
6669
3312
10421
14266
14585
7291
12635
2346
10274
1978
13641
13707
5834
11781
14616
17308
10966
6918
15372
16965
12899
6249
7358
14675
18662
9647
10820
14464
2756
3522
5726
15920
6251
5027
17472
2327
8523
8383
6071
7289
10517
8288
1050
618
19342
3392
16591
403
14735
1464
8054
2262
10685
5046
17942
6057
13760
12173
2306
13118
10306
14982
6664
9603
18566
2901
14262
4101
4130
6086
13097
12720
18522
7702
13651
14673
17274
14558
14600
13820
6320
6186
2726
1481
10532
14824
3486
6649
18677
11964
7331
14935
6514
2961
13838
5146
10289
1769
12651
423
11791
19637
11652
14867
18981
1792
4904
5765
11203
1157
7960
19770
172
10882
5262
17283
7341
6596
6826
11689
18139
6689
9306
16816
6152
7589
18885
12729
19042
17892
17268
4961
18344
12431
4477
9735
3658
18721
2830
17995
15932
6361
15891
4178
3638
13666
100
11398
16747
9357
8941
7514
8612
10528
8539
4395
11673
9896
9408
19490
14891
18570
17796
12215
15393
17336
15048
9455
15420
18655
8791
12197
2585
14236
3180
18407
7843
19151
14522
17815
2643
10087
6684
3922
4005
19389
10778
12014
14136
6877
19476
4924
8833
14335
4430
13229
10604
8468
18969
2320
177
10716
14969
15289
18991
9044
1976
126
18216
12684
7846
9179
7512
7479
13099
8277
18290
4124
12523
2299
6809
19529
14581
777
13593
16231
776
9894
5312
1512
3203
1966
15580
12381
11143
9066
17553
7460
18954
13114
1079
16255
16379
7156
18350
12288
5805
19558
8639
11680
13859
3416
15281
8367
3702
6349
13157
18373
3558
18728
11438
2263
19002
16332
9520
16901
17205
11355
3124
18257
4152
2688
6117
14922
10446
4264
6218
3302
16087
7946
15488
19534
13461
7560
5908
12723
2189
17485
11930
14782
19770
13366
16492
18181
916
2254
15394
13978
6999
3794
17291
11261
12340
883
12198
19506
16369
6009
17855
2637
16989
10564
12169
9130
9364
1838
5108
1177
3499
1773
8972
15958
10649
7349
9774
16535
12067
7129
11623
2110
19650
4785
13738
12014
7954
3608
18254
5211
3226
18957
802
15706
6707
9241
654
3415
16374
11344
2535
2246
5415
5680
10094
8785
4024
2919
14887
7184
10235
14321
3473
8790
7624
10846
4614
7464
2567
3090
11984
6504
16315
2886
2470
16048
9100
18893
14978
8795
174
18001
16033
2429
6995
7899
15862
9010
2538
7409
1451
10196
9138
1177
12789
486
17823
3132
8658
4653
1319
19462
12674
8063
13642
16042
19072
243
13148
5218
7131
12248
2673
11860
11285
8162
12707
19089
2039
2463
5667
6455
1487
17287
7930
18902
839
9650
7514
16943
8707
11395
3782
11415
4663
19010
16410
15420
14850
5800
7768
14911
7915
2739
13105
12639
12439
18905
18125
4311
6884
11546
439
15869
19462
7022
3079
8683
17307
2333
5997
16282
16364
11693
11895
14922
13986
17942
15231
2847
16707
19250
17332
11398
15816
11440
15780
7221
9180
359
15619
912
12659
14119
7706
4807
5252
4908
15759
16029
16997
10124
18540
17059
2401
10448
19631
13859
10137
12191
17518
4345
13460
19925
5252
19579
9764
10834
5468
3066
13015
5167
1625
17216
1270
4012
13472
1113
11582
4421
12547
17839
13496
13635
15915
4269
3383
12910
4321
18693
7470
5856
1657
4333
10763
13813
3803
10563
15444
1695
15791
6514
17181
4821
3781
13965
7779
5803
10366
19032
5319
9277
10714
262
2442
10310
17023
5116
19554
8013
17826
15188
9846
5854
1430
14879
10524
19575
17422
15522
1036
15289
13360
641
18593
7038
18937
6681
8044
9354
14983
12742
16084
5817
454
229
3502
6488
4666
14356
10708
9968
3014
14006
18565
11325
13431
5330
4090
6526
12241
15771
2720
1701
5044
8139
12471
813
5385
3368
18694
18603
11855
4840
7640
14748
13468
16017
6551
19198
5106
6393
16035
16572
11969
17484
10831
4577
16754
10636
4665
11822
15447
5619
5156
15142
1805
6324
1716
3302
7851
3135
5957
3762
5994
9827
8488
299
6864
14189
3866
15036
4410
3375
8419
9428
326
18268
14216
12686
11898
1808
2414
2571
4533
4269
6188
19970
13776
16352
843
3438
18577
10273
8445
15077
9228
19833
16183
7784
13141
10974
972
16886
5062
13562
17991
7100
1577
9706
8004
8871
2884
7778
11628
666
959
18606
18540
8155
11218
9971
7249
1959
18351
16435
8929
10918
7945
7119
17209
13177
224
19208
799
7728
6538
5694
1219
18552
13856
13497
7831
17233
4130
4934
16936
8894
15464
11385
15479
2998
5638
1425
1753
2647
6458
1913
18183
12730
4630
3402
5987
1089
13924
13230
19336
9581
11675
2815
13708
13037
19389
15470
4501
2672
19466
10752
15092
8956
6853
11250
13603
5239
11264
5950
9175
16450
6790
15958
11458
3621
11621
5004
19432
3813
10327
1236
3515
19538
523
19265
4885
2974
11029
492
11505
6056
9678
14164
10535
11574
5257
17215
8770
17985
10580
3422
9824
7626
10311
8910
2565
971
6092
9435
12540
12424
5323
2879
6124
4579
2832
15368
14642
12463
13211
6328
3073
19037
8548
10022
4627
5810
10633
15906
16202
1466
10902
5077
16679
3733
8144
3366
12230
18095
9822
4953
18580
8942
4884
16083
4846
7940
5309
15288
13624
4196
17284
277
2807
13298
10943
12186
9484
7763
12089
18687
5741
13764
12315
8775
12545
7622
10070
802
6999
12758
4783
8044
3012
14203
17895
3699
14551
10745
17382
6230
12763
15650
13156
2184
11912
14860
9524
1524
11974
15774
2445
17083
10336
19620
19477
13944
3713
5986
13772
19941
17709
15556
2707
17527
14718
4084
18904
3843
5594
3301
17279
15268
3757
6380
18830
4565
9769
18223
16213
14424
9590
4885
11864
19833
16855
3453
19258
8589
8187
18155
15720
1524
3100
14333
19391
9149
3800
19548
13435
7497
6314
11661
7549
16711
1509
7303
17207
991
3276
2047
10391
7978
5424
9823
18479
6366
19302
8437
16829
8680
11364
19559
7388
17522
3929
1989
14053
14244
14790
12343
387
5062
13309
12085
1714
2499
10196
10261
16307
4426
1254
17247
6447
11214
9734
3453
7141
12974
5313
1806
4754
18798
12623
12729
11356
3108
18581
447
603
9679
4539
13705
9828
13024
5893
4289
18612
6781
2256
4988
16629
987
3019
11348
6288
3817
18735
9172
5295
9868
12220
7981
5261
3268
17489
14854
11805
7661
1895
15184
308
4705
2955
14935
6932
4155
6583
12724
18806
8119
8300
3519
14770
19061
8366
10530
7438
11837
18076
14441
17793
5404
42
9686
18083
5836
13533
9105
2995
2994
1826
508
19204
18976
9227
9220
357
3099
11175
19347
15852
5751
14397
1315
10526
13982
18213
10765
16221
3727
14627
16223
590
1315
17825
6060
12422
17963
9959
18046
1329
10742
1210
15399
10431
12047
7246
3572
5964
12930
13897
4290
18826
9951
12182
171
1068
13463
18403
1241
9233
10403
5528
18523
812
517
19475
2293
13676
3078
932
10001
8109
19550
8194
17396
14138
16882
18409
19180
2140
7095
14993
12741
6052
10100
9036
17019
16849
4006
14043
2153
7071
11294
6477
5600
17452
18629
12950
12723
10504
3903
7176
5487
1272
14253
17296
1512
13127
6476
4431
7407
15050
15836
1491
544
910
4027
18386
9111
13761
12655
1731
5858
14713
9826
13785
17970
8325
19015
11772
11819
2190
16572
17669
9435
3369
7560
886
2727
17020
8259
372
15969
11850
10837
19459
2358
6269
15990
11836
14019
19599
18773
1357
10504
15797
2069
3629
2453
3305
4241
5306
14849
6354
4287
11377
12665
16626
16434
5898
19861
9452
17018
8493
8998
18415
9767
8628
13132
11812
12427
2367
15332
18672
15773
14862
4319
15430
18585
5215
3117
3692
7396
7716
17496
6952
12366
13664
9838
14248
15568
10014
4790
139
2901
16909
13635
14094
13621
15676
8486
14455
18909
302
8445
14360
19210
2682
15082
6080
4851
2083
4383
4228
14439
7438
1525
8037
8107
37
8668
702
2726
19431
14925
16333
12408
6377
11323
12731
9380
6350
7464
8266
2159
13054
6643
18874
6593
14566
13902
5527
5704
14475
6094
14051
19099
11820
8317
11452
2172
7284
10089
6345
12247
11641
3743
6438
935
3636
15762
17193
7224
14365
16085
14513
6119
15746
12809
19211
12741
8899
11471
14240
15770
17166
6975
7486
14215
8626
465
5824
13028
17346
16025
5629
3944
3304
7280
17483
16422
2883
973
3693
17780
14558
7730
6752
231
18446
4003
17470
7675
10056
6737
17645
1103
16573
7349
17416
1165
15284
2072
10311
19942
10466
2702
7757
16508
8680
8676
17582
18201
19336
1423
16091
157
1989
15267
6988
21
9687
1797
200
11942
1544
888
14996
14090
12398
18483
4022
17489
16069
16148
13284
1064
3784
19694
16462
1847
19500
7870
12261
10596
19994
18748
806
10006
15302
18252
4039
18004
9296
8179
14813
14475
11639
7271
2312
17806
14901
16608
4220
856
3387
17195
16716
14637
19209
7325
14932
9342
8106
18275
12931
13484
9994
9464
15363
11203
16853
14449
4999
8776
19406
8978
7729
2350
5896
3107
16381
7169
6693
3549
109
18373
6856
13471
2801
15993
9433
19677
8914
16437
15669
12375
8412
11379
10894
4808
3078
3786
15334
12085
3231
4436
8292
13797
18647
2258
4721
11600
7431
16006
178
2992
830
1437
13922
4564
4393
17807
16874
18804
9565
12927
16384
12414
1316
8414
9018
8047
8546
8332
16109
8061
10403
13246
16167
7121
14788
19291
18756
18546
5562
11744
17745
12412
1666
5924
5435
17712
3078
8021
9011
7237
16233
7809
15936
13660
9232
11025
4769
1905
17516
19312
8510
12429
3432
8617
11913
19576
4907
14734
279
3116
6795
5205
5717
6982
12911
16029
1000
13877
7678
10894
10149
6164
17225
13470
5802
10996
7250
12880
17559
8050
19320
3927
6380
2473
15200
14041
13537
19424
9633
13871
12412
12068
5580
9768
14706
13744
439
18988
8349
16360
12836
11262
6070
19334
10514
8923
6416
14315
13408
3872
17105
4119
13817
4520
14637
8468
14913
14834
12384
4205
2394
12801
3400
17308
5043
1053
10077
10464
8878
1558
9774
19981
3565
3689
3226
15198
7832
7548
4423
14661
4525
1347
6690
18083
8068
2821
10835
18228
13982
9336
10140
16257
6794
2568
9647
5945
8403
6103
14345
11097
9193
8319
19887
19144
10955
8467
4451
3968
5998
7523
547
13638
16845
18110
9150
14747
19277
5874
1940
18603
10603
6927
8649
5698
9988
1353
9221
15582
17056
9308
3211
6880
6972
5386
308
11068
13587
18048
19240
12912
14345
10423
7896
7218
18836
18198
10362
1473
18535
10292
19746
1437
9052
3739
12506
13619
8861
9512
18718
14673
782
11599
2710
12152
17019
18652
14993
5199
4826
17492
1466
16435
18557
9786
8186
7404
7030
237
7210
9563
11655
17230
7730
15408
8485
1536
13667
4504
8552
16200
16942
8244
3794
9908
12703
11333
5945
13784
16825
13187
14867
6291
1679
17356
477
560
16636
12761
6728
19529
9408
7692
13504
1925
3032
4198
17402
7938
19641
11702
1082
3438
4648
3276
6430
6255
5945
16043
4587
5347
386
6812
7730
1505
10363
8255
16222
18526
4660
16797
12092
8652
18514
3705
1320
10557
808
8805
4912
6981
16399
19280
3623
16349
5698
13789
2696
2756
17272
7023
1253
13088
15166
3904
299
11330
3184
5777
13907
11528
404
12636
12872
11260
17268
229
19632
7897
13590
17807
10362
18445
7705
2474
2274
3546
6030
14890
867
7767
15537
9844
4794
18292
15650
2065
5362
4570
11685
1605
11442
11505
7090
17177
4287
3579
15993
13236
15119
6749
18550
7432
2476
9278
3628
13577
15488
5448
8642
16408
16163
908
12951
4478
2975
2
12099
18644
9532
15950
6891
8031
6765
7517
960
13433
8949
14511
7573
17130
14007
15599
19772
406
2394
4605
16412
19120
13941
7340
19088
9132
11900
14631
19071
19601
3495
7663
8883
11213
11387
3680
4728
12899
9784
19570
5267
17888
18175
18842
10429
18316
3869
11696
7483
3643
12440
14604
1883
739
3700
5898
3341
3463
3779
5484
15707
17106
17479
8222
10951
11584
7333
8405
9760
9270
19720
11537
12928
7666
16399
5538
16292
2461
19860
13990
14185
2972
12570
13680
8224
1798
306
11141
14413
18672
10762
18399
11074
17700
7507
18708
19603
13040
15789
18865
13558
12571
13073
3136
16153
14738
1339
9962
11647
10241
15346
12565
14904
5757
15253
19021
6620
1470
15331
2113
16740
17513
3559
11493
9446
4011
14462
13269
5451
14755
3687
9881
7630
19766
11591
10051
6515
10758
14421
17525
12897
19612
7784
17920
18941
18786
15195
10632
229
16205
8314
6915
4742
376
3469
6720
9115
8428
1630
19332
16226
19419
18599
19759
18396
14124
17213
10397
225
7984
3443
16809
6142
3731
18189
17580
14925
8526
10338
16291
11374
5146
7660
111
11975
1151
2352
15509
12213
5610
12196
8229
19886
17117
6690
18264
7541
1184
17960
2995
6553
1781
6312
457
11627
17289
435
3484
8986
3942
3101
19619
5164
10214
13133
17320
12571
13698
3908
15656
2825
809
18471
7645
802
18892
3722
8473
10765
3030
17147
17384
17806
14744
14312
15416
12795
7554
9423
1301
10969
19918
3840
2253
11474
18263
1904
14354
16917
5319
7965
6974
7915
6381
17337
15824
5713
1837
11765
10132
3799
12818
15307
19297
6100
18623
12936
8380
11779
15587
2868
3227
4574
1354
18207
67
17813
17904
9034
3538
14219
10000
3247
19961
4654
5051
4591
8545
4657
357
14486
6095
13991
7609
11916
13410
8990
19756
16570
16920
11382
9583
18295
816
1885
6110
16591
6219
9608
12981
4079
16460
3759
5026
17743
17694
19750
12310
4700
5973
8948
12598
18145
4588
6578
8750
12401
12366
7297
9604
4532
12048
8904
15562
9068
5083
7369
10381
2178
17287
10559
18027
7666
259
13047
16417
4848
19922
583
9090
4853
12271
14959
14820
18346
19281
7339
15157
2384
12137
2738
555
14601
1192
7406
9240
10214
2846
728
5628
4622
6237
15823
2933
16904
11164
8437
15025
3462
16727
102
13700
6190
628
15894
10933
7205
1536
14406
2258
1658
17432
7747
5060
16013
9764
4219
7134
14106
2237
11100
9007
14214
4015
8907
5271
7109
1690
12510
12406
8325
8051
10007
4031
3098
5511
4893
907
11559
1279
10232
15594
14470
4254
9577
18165
3604
6792
15140
6143
19708
10813
13643
10634
10718
11491
13160
11701
15196
15906
15686
9107
10785
19944
5805
2551
10510
18573
2360
715
770
18289
10005
1152
16006
8865
4952
8896
6002
12792
1276
7775
2495
17410
8535
1648
7178
1916
12505
16084
17378
12951
257
6381
13454
3164
16508
17104
15614
13545
18395
4793
3820
2105
15503
12121
15054
12130
6980
4106
380
19000
15223
8963
14296
17423
13174
15590
10399
15613
19474
6807
3242
11326
291
17608
577
12145
13497
4495
4861
2080
6618
12729
4920
9661
18236
4951
2068
12039
8161
6583
4900
16140
13546
4942
12987
9128
2202
6800
12623
15884
1544
5282
5898
8730
12192
6791
9709
6189
