1000
1423
25
1654
1361
1336
751
1684
1805
609
1990
758
1034
535
745
904
578
468
1493
141
373
581
784
502
1421
1178
850
382
1906
666
897
928
1818
497
1196
165
264
1591
1181
62
69
1373
1169
938
636
1383
148
1044
31
241
1493
1213
1672
223
1417
833
1097
1429
651
1353
117
1375
433
940
599
1950
538
370
192
800
547
407
191
1898
1689
1144
1336
885
616
702
1271
547
1682
788
333
940
252
6
297
1897
1010
8
851
1180
923
336
1921
410
1719
1745
1004
342
1636
117
1533
1724
1600
1398
1441
950
681
1049
1596
1870
1936
1287
953
1473
1148
1145
752
1772
1995
1184
1136
790
1492
1919
171
458
775
133
1793
495
1189
491
1365
1862
1308
1958
732
399
123
73
1011
1271
580
362
1440
98
463
1071
273
1186
1691
341
1281
1810
1199
1245
249
177
367
1987
1059
846
58
1692
1369
364
560
1132
924
434
1569
530
417
1186
913
864
1125
771
1431
714
1362
206
357
1802
586
1506
593
30
111
724
738
287
1621
134
1271
1678
1439
610
1009
173
86
820
1232
1976
1016
1746
1707
350
1341
536
1017
1840
1877
1220
1677
1812
1326
731
1663
902
1553
678
1092
556
907
1821
63
917
457
1421
1697
829
1533
345
1996
1983
174
331
678
760
1116
1813
585
100
800
1833
183
103
1905
1985
235
1770
3
1243
1082
431
1626
1301
520
1891
957
1537
134
208
1270
117
1289
124
1061
50
1223
1521
1684
1134
907
1210
1126
1488
1416
1222
1688
1096
649
124
665
824
1190
1564
1462
387
1124
638
62
625
276
1609
1796
444
955
449
291
1802
129
1054
124
279
1586
534
1834
29
739
22
407
339
1583
18
1911
1264
639
262
1506
27
1383
360
64
769
221
189
1628
177
373
612
1339
1863
1016
883
1094
1747
1059
12
66
1637
524
1723
1729
8
1919
271
1025
1704
998
1746
1363
513
1607
1543
1638
1206
1175
1999
1778
954
60
1480
1360
110
1345
1795
54
1688
1826
32
1185
1868
711
1912
571
585
1182
647
364
1155
161
564
396
57
342
1326
934
467
693
101
1945
121
36
1170
632
1762
1630
1075
1297
1752
147
1703
1643
1012
553
1586
1512
780
832
1726
938
694
1315
735
1538
967
841
1841
243
364
155
992
613
1860
449
260
310
1416
566
967
747
1224
1674
1716
788
804
1733
477
1901
1939
1064
281
176
1204
496
1464
296
190
1668
53
769
1974
1454
1175
971
173
1543
499
941
835
1178
1618
1927
204
1306
1963
767
1437
1263
364
1821
788
956
1050
1922
1073
1276
1299
1027
996
91
556
516
1460
145
140
1087
1705
1769
1748
1299
1255
80
1961
1993
1528
56
1040
1026
1813
1516
1972
637
1841
1278
375
149
162
380
1603
998
188
914
1996
1456
1419
1464
676
1332
444
780
1466
1131
633
683
368
582
800
1768
855
1952
576
1919
1017
1920
255
67
931
1499
74
899
1789
774
1049
1740
1975
1097
894
920
194
1342
1066
196
329
1065
1997
1151
1130
1538
1288
1086
1236
413
1664
1548
1966
1787
482
287
562
9
221
1974
1621
1334
176
1790
291
1923
1153
1988
651
466
1927
1972
261
1841
1317
336
1292
640
1156
461
716
205
1132
1031
1064
1857
878
469
568
1012
1616
1831
1502
923
982
1036
772
1010
1417
976
323
692
823
1010
370
343
1560
1491
1433
565
1448
1226
1537
1108
1173
1349
1067
1015
1655
1098
1497
750
1382
828
1501
1577
1085
537
1212
90
122
1808
1006
1415
158
1712
1060
607
1303
1499
1159
196
55
1705
1433
1542
1201
185
186
1697
544
1043
746
588
772
1720
469
1379
602
507
736
1439
950
329
463
1392
1696
1379
1104
1036
472
1772
55
930
791
1390
1975
1367
1652
1991
858
1202
1103
65
1437
1635
605
1360
1419
1805
929
276
661
1397
1827
654
667
1586
1440
255
73
836
1006
187
80
162
1146
1693
47
764
480
1252
495
1534
1670
923
1688
197
438
791
1827
684
1702
1881
1613
1232
661
1859
1285
34
212
1111
307
58
1582
811
1636
825
214
281
1782
183
1692
1587
396
154
139
1427
1502
712
1762
1825
81
244
1308
1550
1214
468
1583
476
482
1011
1870
1376
962
163
1019
1600
1320
570
1069
471
78
1325
201
40
310
1370
1504
319
67
1615
1269
1090
1432
1000
537
1622
363
1317
1365
398
854
1386
307
1615
58
1489
1642
959
1711
1130
836
1371
477
18
381
279
1024
1937
986
881
76
1053
1092
431
1981
749
576
1558
1145
1928
1484
108
1972
347
1496
437
1071
649
846
730
1775
140
271
377
133
346
460
741
1903
596
1933
1533
219
120
530
1482
163
214
868
1730
874
975
967
379
1121
73
415
825
950
127
1675
759
1417
1493
802
308
1276
218
1673
149
1047
166
1406
409
710
1330
1444
1434
1567
1911
267
766
1523
831
1355
1069
993
1896
1869
1469
433
503
790
122
1604
1929
1313
305
1765
772
1384
699
860
636
1967
551
735
641
1853
1072
661
1446
1671
1102
1641
1372
443
264
167
237
646
1639
1558
1477
1906
1925
162
379
512
1124
1061
509
365
844
721
457
1268
1564
236
1640
961
18
441
484
1629
1365
1887
11
1787
1695
312
140
1213
361
408
222
516
542
776
255
914
1025
1662
682
1581
1035
939
18
659
1772
560
1515
853
483
1102
872
705
1449
1769
1070
