10000
6239
16117
16417
11363
17507
7276
13583
7059
13449
14697
10632
15834
11090
17951
556
16715
14520
2121
3183
15872
5261
6098
15717
3327
2959
17009
18088
4889
3658
13587
19209
16620
10731
19984
8881
13991
10941
11296
12434
13614
13634
15174
3343
8467
7438
14730
11044
16420
14819
17349
5428
13989
19045
18485
18573
4466
10330
16401
5082
16934
7200
11990
2117
16058
5354
2239
11654
1381
3960
8371
17229
1953
10195
17336
7944
18446
10658
11782
6545
18960
11883
407
4535
19892
19977
2330
552
18640
14855
16166
504
19912
6966
5708
112
9484
18033
4869
7734
14526
8106
2634
14740
8082
12752
4067
7720
4719
256
9335
12392
3442
2853
16930
3919
18129
15310
1125
8424
15325
3434
4982
86
18656
10978
19096
13886
7974
1811
2982
12787
5049
2246
6025
7259
4548
2606
9258
3842
6617
7358
5024
16635
9390
9316
8074
10350
15105
18470
10905
19523
17565
3351
11909
10762
16981
8982
4192
11620
12
7908
1671
11249
14935
14080
17044
13335
6267
12384
2897
4651
3504
15694
16295
14464
11399
5917
10996
9961
18344
1286
13403
16012
5363
451
7413
17606
18152
12807
4422
2677
1507
7033
17451
4101
19839
14827
14574
8954
15867
16507
3612
16727
17081
4133
2510
4810
16067
15298
483
8724
17513
3010
9775
4728
18437
10242
17484
1726
4480
9161
5167
1573
18733
11717
6358
6499
19635
5405
16157
8986
14024
12786
623
19450
10872
10551
3194
11660
13957
4170
17083
866
19976
7278
13209
10201
14998
18086
8749
10536
12287
6448
7839
16872
10063
3260
7692
17087
19959
4968
387
16234
18374
14969
15727
19335
10736
13592
10574
4989
11825
9350
14625
12712
13643
15870
7644
17028
8138
1382
2909
15318
11401
17808
18105
4818
4398
6995
3346
17164
6288
9057
11877
14398
3769
8997
5631
13395
9734
1308
5424
6382
11
10349
3287
14458
18803
1221
16189
17998
18117
9875
9599
14012
5571
12637
1282
13431
7308
2973
9259
8831
12641
13756
14118
8651
18405
2090
18916
17809
14013
1207
16386
19572
14679
15568
13828
3723
19975
19513
17536
17098
7787
4451
15735
17519
19152
2443
2814
4044
13071
17807
11515
1100
19311
16749
13964
19299
19534
8250
15104
5494
14938
2716
13545
4036
5913
9637
17481
688
12264
620
15721
5580
15809
4874
16937
17699
12021
845
3089
8707
9817
988
12678
16870
3326
17096
1177
8348
15864
1195
3897
3574
13056
12001
19945
11601
8213
12479
14187
412
16797
7700
17756
11016
5577
1402
7321
652
17110
15897
10175
6930
7056
11417
10193
578
6993
15553
8786
2920
2247
5457
19090
17988
6548
6360
19109
15182
5775
3155
3791
9572
19719
15523
19324
15762
17480
15498
2188
8989
18870
14785
5003
14636
14294
15705
4895
19411
10124
17260
15802
637
8479
2207
12784
1525
569
2871
15234
18769
16523
15572
16505
11196
18509
7502
18222
12191
15106
2507
6373
18443
16250
4507
6363
5157
13105
11280
5236
3438
3989
4029
10615
17262
3908
4201
2518
5469
2964
15664
3844
15886
3757
6007
11755
6520
913
522
3158
16257
11003
14387
1033
10762
12005
6809
13745
4209
2051
19379
3509
10119
19885
16295
18763
5487
17915
3556
13032
16431
6280
5688
18639
11063
10073
7215
18187
4971
7543
17641
6776
19726
2871
4278
14203
15533
6523
1680
19057
17029
7762
2837
5893
7858
13914
4672
5723
3157
18214
3235
2026
14912
1562
17219
1767
18977
4435
10704
9212
14794
1700
6720
12023
4377
11067
13127
11550
15465
3394
17940
5377
18547
14401
10251
16392
11106
19072
14810
555
10866
13962
14075
9601
8356
5742
6853
975
12001
7871
13711
17954
5448
11899
3266
10168
14870
13833
8986
14681
17073
12315
19673
1731
2897
15507
6568
5411
10860
17314
10923
16447
2652
16684
10111
4399
5678
6343
12082
3021
10826
17729
5279
5986
3482
17985
17445
13919
19001
3846
2819
3149
15642
109
3283
14108
14194
15310
6528
10456
5891
709
3557
15514
18758
2478
14851
4379
19123
16137
8574
12195
9040
5150
13397
18623
12756
17242
3420
2192
13911
6135
17112
14976
5592
11641
6870
5200
16778
19573
9128
16077
5724
16076
8733
10754
4196
19221
9500
12390
423
3097
12573
8629
13479
18392
18532
4957
969
5033
14746
7279
5218
19070
12746
53
5247
9926
8341
4835
8365
12268
18451
16742
1515
2492
14983
10361
330
2342
8477
2870
5917
6907
15650
11721
291
15604
15520
2688
3247
9907
18453
10015
17392
7681
12335
6385
3234
2486
10438
1976
10896
14614
16470
6245
19619
15929
18103
15427
5900
13827
538
3214
8810
12530
2691
3457
12313
9111
9022
18509
17431
14171
9631
13701
15412
14626
1818
1238
2933
14061
19899
117
9829
17113
452
1008
17785
15685
18401
14726
126
4274
4488
15442
7682
10211
4114
4034
1211
15363
6513
7879
5624
7173
13902
9669
17538
16199
4864
10538
14094
7472
4490
3292
14658
17592
14097
6250
129
9031
120
18276
11605
1813
10491
8903
12952
19953
16741
16432
7295
5469
8494
8594
5540
11222
14036
17955
3022
10450
8244
9392
7903
18114
4165
18193
6106
14135
19634
16056
5806
10337
7954
6114
2116
9618
10438
432
15137
9601
2542
14351
7736
3402
14344
17267
17168
5746
678
10563
7404
15881
5546
3821
15581
5672
5505
3386
4545
16730
9178
9020
12821
5591
16674
17732
1503
17451
19453
12977
11057
13878
10626
8034
18810
4524
12691
17837
12079
13148
1944
18888
19921
9550
17271
19844
14075
12166
8530
1785
12395
4613
15166
5084
9994
11534
8667
16718
13946
3686
10100
10734
2651
6901
4277
17103
4793
12873
2020
16644
3446
2905
11582
5495
2960
2919
7375
18233
15278
11807
4076
16595
15852
11516
5457
10652
7841
7338
4722
17827
17193
4070
8544
19916
10228
13889
11355
1400
4394
6051
17550
16828
473
11949
1420
5716
2940
887
16324
2288
5994
12599
19779
3340
15193
18499
4935
12190
2893
10094
18940
3849
7520
7310
7189
4270
5487
19999
17864
13314
16671
15104
12006
6458
12715
6810
17909
16994
19467
18433
1420
14798
4130
2579
16747
12520
18052
18078
8949
16360
1058
4606
16075
3138
8724
17412
11846
19064
2753
11058
19344
6224
8142
4834
9951
2465
16929
13127
15663
3591
7664
11403
4571
6134
12939
16727
5784
10250
6691
9841
5006
3901
5366
9696
9364
9522
3192
1067
10919
8751
9854
9663
13798
4552
15594
18159
19661
13717
8399
6774
11437
1861
9856
10424
18276
2604
4185
17702
3230
14936
10121
14528
10087
4769
4379
7989
6187
8415
5119
8966
13709
15926
6266
6697
6912
8044
13863
19146
16677
8955
11144
16011
514
13473
7597
16139
9883
9460
10303
2789
2832
4628
11978
3119
8915
5145
5125
19395
19748
14475
6751
11355
17899
19377
19272
17397
15025
17665
12025
10902
6779
5749
18017
10795
17315
19327
19405
8522
18645
6867
14546
6295
10884
7843
19610
10051
422
8392
15881
19950
8467
4411
1356
205
9813
16132
3613
9191
6060
3018
16308
8505
13345
6089
11565
1210
10981
4930
13426
8440
12933
11596
2822
4641
19148
3048
7150
17662
16245
13426
11451
4345
8811
3219
6392
7392
13984
9076
2796
6786
3622
4077
12365
8790
493
3931
3842
17659
19770
4720
16754
7769
11072
13315
9998
550
11997
10793
8856
15717
7412
17852
6543
19241
17602
151
12600
5976
11711
2084
17547
12682
17971
5388
17910
11281
11539
15726
626
7346
9623
19723
15904
11889
2329
2141
4127
18987
16747
18152
10094
15804
15637
16745
2712
12962
11275
3531
5985
12761
16231
8024
6859
8580
2184
13644
14725
3405
14054
19269
13649
3588
16816
3095
17713
6948
708
5373
19725
14899
6443
15818
17635
13512
238
669
3147
3398
12985
14354
1126
12327
18763
7925
17955
17620
11543
11377
12781
11440
2266
19175
11829
14933
2201
11834
14103
5046
18774
15367
7211
3651
16782
210
13131
75
18707
4060
19388
7580
14785
9681
219
11398
12927
6653
7077
2109
18805
10367
6562
17373
2148
661
13199
19816
2245
8247
1735
17835
7106
14016
9518
10559
779
13638
13082
19914
13719
18123
7646
11334
14808
3052
3316
16314
13688
19766
14598
5732
245
8473
17977
7160
15863
917
19510
4802
7882
12881
11062
9799
2845
19178
9450
12170
19573
16904
6564
15882
8526
1389
2470
15208
4240
12806
18885
2855
3722
516
5561
300
13805
6180
4164
17477
1607
19594
7868
15526
9467
3693
6615
3598
12922
13131
5970
14760
1792
1597
8638
13101
17709
18566
16487
14951
16478
133
11106
113
7143
12489
6291
13338
17072
6564
15673
15752
19977
5112
17750
16633
18475
6671
18462
19684
4621
11335
15835
19294
19072
4009
13146
14169
17255
15034
13719
9191
6070
16907
18304
1052
14181
7947
6440
7505
10193
13085
4810
18693
12209
1988
4248
894
9904
10810
3135
7981
7179
11200
7801
12528
13768
7920
1326
2000
10129
14350
1799
8971
4428
5021
818
7244
15096
15438
9931
8150
13094
19986
17197
5856
10353
13841
2901
7322
5052
7380
13966
17357
15175
15772
11231
13761
10125
19701
6157
1336
5502
11269
15886
3543
3443
3743
16492
14885
17747
2164
14865
15404
13153
4169
13493
4541
4736
9315
13602
1040
4068
13407
6176
11880
3094
17534
17282
13141
15748
3357
1579
13427
8194
9667
17950
15312
5057
1268
12770
5803
3466
3747
4206
13464
19768
13188
12438
4192
5231
9087
12434
18629
11708
8640
4199
17443
16139
2411
5429
9265
12063
15180
11101
11015
19890
15981
9388
90
489
16065
8296
10691
15762
19806
19893
19005
11389
7560
549
11181
3476
4967
7994
17116
18136
16730
9305
11648
8570
3077
4333
5625
11443
14566
19509
17559
19617
15654
15499
7448
15422
18891
1938
13679
9086
13161
5979
14080
2021
4600
15700
16872
19714
5505
16590
1018
364
8947
5673
18532
14776
3410
19934
15408
10484
3631
3849
15814
5187
17938
12465
13679
1206
17171
4149
7380
4899
9449
4372
8965
14788
218
1145
5941
3406
13553
1922
3971
16844
8461
5003
13844
13144
8470
14236
12443
11958
19338
331
7834
8365
5462
9583
12962
10243
11136
19395
87
18868
14945
10291
11375
4142
3184
583
5273
12939
3289
6345
1242
6348
813
2291
6098
15503
16691
5786
3197
9965
18076
10513
6326
14643
4852
6972
8438
11866
19476
1618
730
17125
14677
18701
226
12183
1823
12850
11350
16398
9087
10263
16707
14592
19543
4726
2659
13008
15727
6381
3163
18477
18153
17870
19070
14984
9426
1098
19726
8879
16757
10197
16130
10827
3465
12214
5635
6578
5067
16718
3633
16970
11942
4994
2595
5019
7054
11750
8076
3952
7661
15816
5112
19434
16629
9175
19285
16640
1172
7662
8463
7158
9541
7744
340
19897
13474
1729
11702
1653
8631
15183
16430
8339
8819
19036
13694
1107
16056
6361
10959
19777
14481
1920
17273
3159
18531
2622
12833
16879
8316
6907
16636
15107
13192
14887
16402
483
9283
8675
11070
13650
8265
6474
16754
18494
19432
16186
7031
5530
4471
8514
12306
3962
19968
4169
15137
13994
15000
6168
14757
17674
11376
15206
6714
14410
9412
5119
17506
5246
6768
16208
2144
8351
7299
10769
2559
16222
14187
14223
8723
14373
1872
10709
4119
7340
13725
9750
8725
19061
1112
9914
8325
6821
8435
10147
8909
9567
13371
5563
11366
16414
8558
18491
19967
15694
3850
1754
12251
488
3200
2736
885
11977
12903
12038
9476
10765
812
4157
10649
13069
11687
12343
11525
7315
1482
3653
10360
8853
3474
1582
2244
2614
6944
9753
13408
12981
5153
6712
16584
1679
8233
19761
6658
2584
8703
16169
16539
15153
7986
5167
14224
19206
13129
7907
13225
18696
11287
4961
2399
16770
717
14
12542
12122
7018
6014
17766
11430
5198
13343
16299
14791
10316
133
15165
6279
6141
6035
19554
11563
10001
11363
6974
5813
13249
13874
6101
8408
2272
18923
13255
6968
3376
12590
9338
18942
9968
4829
8278
502
18547
19459
7561
17189
16620
13729
1067
778
4229
9751
2715
559
7248
12139
19592
6572
9012
11224
7213
4184
10505
12278
4372
6669
16830
5154
4955
18007
14839
6635
18099
4633
15573
13176
18660
9245
15726
17177
5807
11157
10107
14056
3852
6066
1552
1436
12050
128
10374
17642
17237
18332
16276
11735
12169
10739
7645
12735
15300
15097
322
8827
15426
17731
17656
10579
12642
15905
17684
17216
8046
7323
3971
14524
11928
7559
10487
11081
11647
388
14747
1722
5585
9399
3335
19074
11530
16191
12911
12983
8603
5879
12437
4963
14150
19143
11904
103
12134
11143
9636
13067
4843
3890
4640
9638
11522
12419
7271
4199
4564
15438
10390
222
17701
17501
6469
10634
2972
17413
1145
1824
15427
4133
14005
14932
16356
9275
7600
13576
17395
3331
7170
14094
2027
7788
13944
9755
15728
10009
935
12010
11924
11601
4893
11113
2837
7971
3858
17732
16131
12633
11966
301
14623
13688
14469
7557
4703
1138
15949
9386
15631
19848
15824
9052
11665
6527
14445
6413
613
11453
14776
8677
17731
18944
4338
4143
485
6908
10483
13092
13154
175
12867
1746
13397
16835
1641
14024
3132
6143
4123
545
7165
19914
10100
12650
6018
4189
9763
14642
13509
3972
12384
2381
15783
16401
3225
9093
8921
12220
14539
10909
19486
13371
7469
1091
1288
2810
11909
4818
3679
19480
1790
16641
11936
19358
9905
18156
16834
1595
1760
17372
8276
10785
1954
11734
10209
1974
19416
19645
17942
18456
16670
16708
10778
14193
4510
2612
11100
10866
13310
1014
16203
19727
5593
1631
3806
7255
1803
18133
7348
4334
6662
13921
10869
12872
866
7475
6072
17156
14417
492
18302
13475
15857
5293
5435
14724
18330
11706
13749
4478
8823
7306
18820
13465
14225
5517
7066
14505
15815
2298
18812
7656
11834
19508
2702
19950
453
8569
2510
7248
4234
11815
9814
1618
3655
12139
11524
2762
19143
1447
16407
5427
3476
6687
304
14122
5099
13633
16984
17929
12552
10671
17024
14654
9472
14378
1602
8839
10894
1820
6887
12364
965
4289
15330
9656
19556
5587
10138
9845
5735
10481
9158
6308
13562
16748
12240
18646
10792
15342
17147
9002
18610
11143
4193
9540
2012
7605
4213
7269
17377
15887
680
5165
10374
7822
13255
8298
16460
3417
13121
12475
11615
19211
14822
17637
8588
11395
458
1937
4271
12104
2729
1761
17706
3287
5
18669
6225
4970
9643
19679
12610
583
17172
17511
2099
7170
1479
123
14692
2928
13724
12110
9939
1097
12827
7723
19118
537
15394
47
3874
10499
13253
14401
4658
1042
13424
8559
14436
7998
13608
7622
15190
11511
18192
2893
15822
2226
5384
14015
7887
19053
7855
6595
6342
8607
15433
6314
17348
11425
10651
11140
8967
18132
11155
2879
529
16238
3685
15293
10905
4228
7472
2992
6208
14581
6304
501
16316
18832
18892
7787
945
3267
2847
18478
17982
15906
6932
4660
10739
6320
9690
8868
15360
15437
4567
11726
7080
13820
8393
5386
14260
10544
7783
17617
7940
3027
1447
18834
17409
18738
6073
8242
18222
8647
9647
9347
14941
11044
13440
1119
2974
12634
706
11746
12209
3204
4949
4162
18620
2259
19039
17228
6169
13142
8946
379
4551
19845
9513
11639
11041
1963
12145
19432
7307
8557
517
14710
13256
8283
17553
8703
9865
7506
15992
17524
4224
2220
1521
18608
11410
15781
9036
15733
13227
7850
9907
3301
12044
32
18891
826
7007
8302
18682
1058
16683
5001
17570
8411
12195
11802
19819
2631
4344
9581
19487
2732
8047
14169
12559
715
14094
15431
18227
16634
6031
17089
5871
672
15767
1752
5297
2637
5216
13010
17270
9652
3570
8846
15884
9606
6801
5077
3442
4427
10864
17791
15164
18175
17603
16415
7955
10983
4754
11020
19097
11407
2409
10829
8618
6210
18924
6497
8350
2437
5800
10792
75
8016
4709
7953
13799
15498
10104
11520
3787
13312
14548
8283
7251
5953
3616
19922
3105
4249
10884
1898
13922
3464
15005
13252
2664
12319
11344
11822
12663
2070
15387
12101
18043
19341
13671
19749
10486
9341
3290
19024
13944
8601
10440
7543
1286
15943
12906
10119
2429
17461
10439
11314
4561
1465
19502
17049
8270
7498
5734
14836
15263
4756
16765
446
17772
14972
17468
13727
1662
14321
4732
17655
638
17643
337
19876
4316
3939
16580
3601
19500
5677
3103
1499
16842
16598
5314
18016
2046
1143
12306
8262
12122
7155
14577
3878
11425
14163
8873
19
2562
6235
14145
1131
3233
14761
4306
9337
375
12905
8819
15075
1392
8248
13585
9495
10290
2387
17851
15405
6301
1211
8057
1849
5486
1799
2652
7505
10845
1126
19792
9781
1767
17584
1135
19679
19686
13031
10607
10600
14299
4815
16315
14739
15182
1319
17824
14779
2445
4004
3261
3509
3280
8201
2782
16353
13949
13732
16546
18291
7430
8519
17527
7192
16880
18562
12520
11271
19119
1530
3949
19685
14477
4904
3840
3061
9482
16880
13936
9274
2174
11868
6510
5354
14361
14837
17861
8274
16171
4126
16647
1824
8895
5677
450
13137
19170
13126
16625
18711
12162
2709
6734
933
9201
1800
6822
14235
12713
10023
7013
1033
10281
12049
10160
8578
16990
5716
12594
14463
8157
11624
18382
2316
12748
9481
7379
13331
64
17488
4718
3331
11809
11725
9592
8284
18570
9250
48
11642
15469
9086
18660
444
3699
6357
17449
12464
17505
13465
14378
3837
15926
9720
7580
7276
11121
3633
8144
1651
10383
851
3874
6303
8146
8469
7471
15646
8925
5484
18787
10087
13275
8492
6736
7142
16032
14781
19579
17160
8871
13113
1712
7199
9179
7392
8341
818
19730
697
7964
741
10354
14117
16050
3040
6423
18849
12437
17918
13773
8760
14275
17333
4376
6338
18893
17820
12627
2078
138
4062
13493
7559
2120
8634
13871
14837
16061
19892
14418
12403
11132
17820
16014
11641
10467
17785
9942
12550
17456
19217
11839
14203
17972
11480
7910
15638
14560
12850
5521
15882
9148
2022
5390
2072
10070
15010
4023
8812
2968
11845
11831
10038
3922
17645
3815
6498
14902
9534
15345
18967
14979
9995
2422
17641
1945
6820
7947
7484
17068
9212
17629
3446
17875
19317
8405
17182
10751
7178
8791
14007
12457
16793
8740
371
9636
5388
544
9750
9362
10979
9070
3273
2995
7711
14359
17206
4503
2701
7081
17031
15989
8717
17628
16246
3284
17662
19312
16144
7494
9159
7826
18507
18645
261
10781
11680
982
1132
15101
4839
13242
4060
8911
17135
4002
19106
3109
3702
19123
10055
2246
19531
12447
3353
5841
11453
5955
19412
15873
17951
464
11725
140
1756
9312
7099
19846
11665
938
2402
6660
15307
16625
1373
3226
14973
2390
615
5093
8733
4974
11751
10084
11068
12751
15926
18241
8577
3172
2221
9934
12226
3583
6800
15723
5662
14062
273
1955
6393
13798
7490
19958
18452
14268
15131
530
15688
5555
2148
5690
7007
879
11551
9001
4752
10408
3350
17679
4725
11706
14044
18170
1546
9081
16259
17136
5380
19394
11737
953
5612
9965
10463
16985
14071
5471
905
7803
19107
7195
19947
18953
7472
11672
9733
14551
7960
12942
13357
1472
10444
2250
13974
12329
7405
13921
11418
11041
19716
12770
14537
19850
10974
8355
18734
6865
17384
14749
14586
17304
15203
16116
112
13686
16611
19758
5292
2324
5994
11558
5617
12568
668
16248
4237
10910
12670
15612
3403
642
17552
2640
5236
13659
14277
5261
2307
12001
5275
13116
13060
16559
15195
18017
16616
419
19758
16501
1288
515
6777
2898
980
8954
7991
3432
11543
10207
9554
15437
7848
18998
16606
12880
18511
6096
16722
4334
177
14190
1188
18142
13627
1571
959
1159
3623
10167
9155
2321
18670
8231
15610
4600
18666
12874
14706
9053
1606
18671
13148
12824
4005
8674
7264
7784
19244
16013
12795
4106
7469
15355
18742
13000
13489
13080
19972
16648
5953
6772
4504
6630
2160
16198
18144
6460
6984
3821
16226
9117
15728
10642
18705
18081
10072
18601
6988
4154
17729
13111
2451
4742
7019
14477
7783
509
9755
16050
9373
19082
201
14687
255
247
11108
9539
13535
19169
14818
13223
6905
13418
14888
1516
4356
8973
11155
12816
8852
13964
4256
7024
9679
19493
10750
2791
17257
7107
6926
2325
14751
5457
1300
14939
3629
5641
4157
16610
8524
7722
5708
19131
15500
18473
18851
6049
3113
18366
8874
7226
7949
17759
17631
14877
13026
7403
9147
9774
2290
60
15581
18149
18045
17951
19733
18284
3030
5184
3471
3559
3451
13214
1753
4493
8431
957
14547
19733
5845
18555
14418
5548
1931
4986
18609
11139
17089
17884
16053
3749
13620
16365
16924
390
10988
14170
18657
6551
3406
63
5486
13045
6494
12126
4702
15427
15381
17388
10285
10732
2459
12869
19711
5162
2114
12352
11722
8772
12318
11005
10498
19633
14884
4890
16639
14108
19550
1253
18156
352
10377
16140
270
12466
18091
16720
6863
14014
13652
15256
8422
298
15952
9506
12037
3895
15078
5460
19327
6341
17552
721
10324
3062
375
7495
17306
7755
17578
6500
1161
3914
8475
13289
19299
15265
1686
5623
13663
1924
11199
4870
3857
10099
199
6293
4887
18487
5770
7547
13218
8171
14504
11932
13791
12727
4287
9751
18369
663
11425
11868
13805
3706
855
16155
17250
15526
13714
11863
8867
441
15721
2778
19106
14379
6836
12130
17802
16815
5700
2425
18345
14104
5117
5890
12856
728
17745
1583
12777
15460
8250
6864
5548
9587
8659
17574
9502
19173
51
8405
4142
1313
11496
12119
7085
2678
17772
3150
12306
10851
15206
8178
8679
7858
6144
17672
19955
318
15552
9267
9413
13718
8134
17892
12921
16922
17249
12461
12715
1282
17102
16660
16693
6718
5902
3747
6822
9272
17730
17180
4258
19734
1894
5065
15184
251
1191
7409
2820
13549
14242
13703
19497
16529
1627
10717
15754
530
2103
18838
8413
18113
19222
17784
14892
3703
7344
1568
1346
2101
14187
1296
14063
9932
310
8643
4184
13049
2821
1825
94
4296
18090
174
1353
4537
14764
3837
15120
12992
5223
13091
584
5254
9152
8838
6567
13134
1922
8531
8627
9490
986
17550
4108
9162
15083
868
2291
4846
6575
9533
17686
9556
76
16014
7513
10323
15854
9450
16610
9512
16614
3192
14400
5077
5599
1856
697
9607
7032
13312
3759
8113
2051
12731
5135
11988
18138
6288
4438
6624
9528
13800
383
14228
7163
18121
8301
13889
4340
7336
6130
2541
2760
7099
16250
13011
19239
364
15415
15751
10886
10346
14057
1463
15259
17242
17001
17293
16405
8106
8595
8530
15477
2854
2574
13229
16876
4612
15866
3080
6835
7961
16564
4723
3681
10863
9480
5826
9645
15150
6708
18417
7200
2326
16469
3208
5333
17071
2033
1082
2929
12984
768
5383
8185
8476
3159
9922
18196
3618
8466
11820
15230
14051
5086
3487
645
8407
16864
19687
10500
4904
8837
8458
3098
5224
7911
105
6086
18527
57
4798
3873
10172
6672
18821
7608
5772
10510
10808
18341
19049
491
19506
19273
15017
15906
9365
5288
4536
6069
2918
6689
5056
13694
9558
3944
17540
12244
3580
2625
15116
12374
862
5147
1275
6519
12751
10663
12188
806
7602
1044
9723
7448
6460
10281
5264
10036
14200
8318
1494
19963
18532
14263
7001
7283
3352
11389
8430
4078
17095
6427
12732
7419
6301
16946
15288
5417
12745
14841
11344
6291
981
1781
7357
3853
5136
8497
6299
2250
4844
17050
17812
13703
3363
6746
16472
8791
16436
7535
13705
5451
1228
15910
4147
11709
13728
17785
14137
19706
503
963
14218
11499
15236
16124
11571
19742
9136
1462
12718
5174
17686
10642
3415
12875
2248
13503
18527
19486
12720
12176
5306
8382
5616
9881
14644
13424
10411
102
19968
17151
3196
9720
16112
1280
5668
17885
12800
17376
7042
619
5645
11404
14074
5912
18084
317
4472
2553
7348
7038
9421
11701
17701
10427
16728
6469
15074
11272
14561
4523
2002
1995
19646
19116
1893
3975
18648
8620
6826
10213
15944
7172
861
19105
18459
15586
14972
7631
15125
15453
635
15881
305
8370
2222
15990
16006
353
9700
19512
16198
8286
17843
10353
5152
10292
8782
13683
6181
13148
15315
11139
7080
8886
864
10217
15550
18754
4102
17143
6980
8510
17046
7604
7968
4764
16696
16163
4928
12766
15099
277
18879
2449
1639
19527
9382
6947
19309
16857
18671
8323
1632
12013
18340
13300
14333
4856
19366
14701
6309
10440
14442
16880
14731
16562
10653
1445
15593
3383
13129
10738
2925
4626
463
5017
6705
14945
3860
3150
6280
14221
17593
1459
9140
12599
8066
15667
12213
11969
17528
3671
14332
1815
15433
14184
1821
8088
18125
2498
2755
4613
6020
8176
13853
15492
5691
6506
14998
81
750
8392
18851
19842
13671
2018
10997
11637
2884
5062
9326
19833
11223
18036
4496
7478
17127
14873
13553
4762
5715
14278
15595
12992
17495
3469
655
3007
5095
2360
6458
11308
8408
13734
18848
941
17662
12002
2437
16348
5200
17921
10027
15508
8520
2296
15397
1434
16774
10488
17705
4331
2836
1095
8228
5310
9285
700
13416
18070
11126
4983
15329
19367
11062
13434
18085
11202
16642
16904
8329
15966
16361
11641
10192
485
18766
7255
958
16184
1100
13944
10315
5696
17908
5048
9716
10642
15409
1970
17643
1950
6157
19098
7982
13877
17964
14843
9685
6708
8438
11720
389
13713
10419
9121
12322
18945
11406
1956
1313
10211
7964
12301
12411
10189
19510
2796
10301
15633
577
1570
1692
8587
18511
9431
15142
3658
14782
12954
11220
13496
10495
5750
11420
15496
16401
10798
17091
443
17516
19797
18992
12879
6585
7692
13371
7269
4894
2841
13700
2957
7320
18432
11552
4944
14017
18881
18317
9146
19057
13229
5511
6786
17952
2342
19348
13399
5641
1139
16953
18728
17643
18877
18352
5296
7337
10120
8145
15517
6609
19729
10093
19004
2490
10433
9657
14754
4774
6443
1447
19673
16135
840
18769
12901
6974
1196
17327
5906
3966
2628
13608
17820
14255
14639
4900
18587
13743
18678
6368
15337
818
8777
2459
18384
3434
3448
8237
13141
16963
1034
5944
1083
17285
5470
8982
854
3644
17372
2706
7501
8948
694
17395
3275
8605
3104
2450
18946
4046
16265
876
2364
6694
17717
15379
17791
10830
13081
19392
11932
17755
18579
3651
13621
16399
5251
11771
13097
1887
969
17472
4061
17551
8700
10686
17064
3961
3684
6396
8475
13100
18262
8250
19883
1969
9802
10010
17372
6601
13849
12532
10316
4915
6072
13197
16506
10890
15436
5539
16881
1290
17289
11327
6676
9651
13067
13069
13992
17030
12592
11303
16184
13004
5648
6733
2889
13078
1946
19633
13468
14847
6572
3023
12665
6318
19726
14266
11965
13752
14316
17746
3715
17730
14830
18001
13160
12900
5750
16068
1726
13864
8534
10967
6799
10418
4651
17129
6572
19834
5273
447
625
9748
18629
8180
7926
4049
1033
10670
3125
6174
4695
12236
7794
10250
8366
10427
4332
14406
370
6952
15199
19364
3595
18192
17843
17090
16508
4851
13733
1856
18941
4806
19440
19180
9720
18120
9016
6655
6909
16877
18643
5089
18274
4982
12404
13447
2555
18465
18804
4573
8529
18300
16255
5854
8162
4341
7225
9888
13622
4813
15691
3181
13529
9708
1102
15179
19545
8558
2835
9501
15870
11450
16748
9251
11809
2771
6234
15165
6986
12647
2676
13293
16138
1381
2385
6201
19281
11307
3699
11215
11245
14782
10352
18628
15009
2195
3038
16725
13693
13866
12986
1519
12063
19482
12245
5929
2534
15719
9563
14287
9999
12240
10433
5594
1678
12453
586
18714
12107
16086
5943
8117
2038
15207
6473
18346
7464
12832
5044
4654
15224
14784
5954
56
5206
9105
15744
5048
4551
10838
1161
2081
9342
6753
621
13160
9076
13826
19486
14692
12899
16698
17335
4469
9797
13870
19562
5058
18147
11510
9220
1594
7037
980
11614
17532
15670
15234
19523
12178
4344
12261
15065
1624
10667
3390
10158
18139
6157
16895
12001
12348
8079
19899
7465
13619
18636
11605
8678
5841
12103
16730
14850
11454
3584
15563
7332
5376
1010
8339
19121
10877
4684
7927
19967
11032
6634
8075
12471
14583
6767
7233
1670
9861
7265
8476
18400
9651
6881
14595
1106
7418
5606
9105
18979
12860
9845
5256
10981
15176
18463
17606
1694
16444
18487
19280
10222
6404
18190
7020
19676
7712
14829
9899
19649
19140
15215
15618
15921
13562
9240
15033
14273
6114
3765
11036
8281
12281
465
7120
4728
15223
10770
10208
11870
15506
7406
2965
1371
15872
11181
3492
15889
10682
6652
7617
12552
18845
17867
17233
7406
7242
3556
11069
2024
1324
2216
14274
3930
3801
6152
19174
7727
17106
15133
19301
710
13381
1316
809
4441
17138
11481
2552
7275
12010
15183
19175
8237
8115
6218
18508
6316
7784
14905
658
8955
12573
5811
15398
3161
4801
237
16622
10527
3100
15637
19192
19464
19959
18894
176
6653
443
17096
44
8764
9554
1563
16226
16100
17674
14304
2073
3456
7704
11692
5500
7342
14809
9642
12011
6538
307
1684
19148
3931
19962
558
5599
9146
8782
10975
4367
1851
6114
9036
19555
1978
7863
17683
13013
12611
5415
7841
1338
15773
8318
2608
8896
12948
6339
4225
6742
14753
10420
10834
14884
5785
8111
12188
2940
431
7469
10283
4200
16262
9288
15386
2691
13464
7614
12523
12612
1212
16398
19681
852
9111
19038
12890
12865
12609
9471
3019
8427
16531
13705
18074
6267
13162
18976
7090
7796
9243
19448
2311
16129
16947
15572
10503
10958
2377
10985
16664
691
14083
3938
6739
9131
2146
4285
12381
12707
14347
5682
19646
10157
13234
2708
14304
12564
18021
18672
19686
6570
9970
17042
13382
10590
15446
7527
5637
10153
12004
13854
12461
10375
15310
11335
2925
9442
754
7261
8301
14602
16420
7136
141
18978
5652
13690
19737
12532
19068
3492
1803
12964
2729
16801
19869
10529
4931
18440
5512
18936
14490
4735
511
16387
7791
1986
2593
4831
6140
15939
11711
15931
801
17196
6667
18924
8300
17536
7320
1853
11684
19839
3668
17892
10706
11592
9183
14640
18221
18809
18342
5438
6592
8657
15425
16651
14394
4727
14597
1092
6226
4020
8550
12409
16533
16475
19917
7472
9550
13928
11666
1653
14064
8806
16406
17327
6275
3179
3680
19950
11880
6334
18834
15361
13227
3449
14375
14116
8132
14729
17675
5878
9866
8690
4503
17000
5621
6928
5799
12626
10222
10488
10842
9087
16821
16957
17734
7177
7183
13326
3637
12768
18474
16060
17472
13507
9326
15290
230
9681
4001
9757
17385
11161
17015
19715
7141
7405
2453
17839
685
16117
13408
19506
6373
4416
7047
807
918
12437
14090
6325
4081
13448
17733
8471
8323
16809
13021
12215
13937
17110
19717
86
13553
13584
6317
1673
4
1803
6696
6206
15540
9950
16409
7068
8805
9211
3130
15752
5307
5145
2088
6404
19753
13164
1166
3154
17457
8086
11852
7830
14205
10935
1891
17433
12792
7360
4064
11178
8553
8454
6083
19006
5901
8241
17547
7065
17969
15764
7553
18693
11753
13079
2365
6559
9328
10032
8408
1489
19196
12240
3823
17433
11837
12697
8272
19305
6130
18701
12453
7240
5351
5570
1722
6358
6159
12274
5100
9228
5019
18319
19632
7810
10548
15380
16222
6858
7898
2646
11608
9241
16505
13049
7834
17190
13253
991
15424
19787
755
19963
11790
12969
7123
2212
1536
10888
11565
7333
12047
14075
12823
19281
18941
1442
1680
17972
8285
4041
2236
17444
2370
2894
12861
3478
10850
10176
15018
12685
17062
8322
15118
3566
18609
17711
1856
14863
1642
19064
15355
1805
16456
10921
10969
9949
12314
14249
1937
1434
10192
14368
1609
17245
19433
17651
8250
7403
9849
8170
14719
4296
11479
5875
8153
6569
4769
3232
611
14215
19500
1451
6444
19823
15116
15385
10870
4343
11547
19644
9866
6795
16298
467
18678
5381
2690
17293
6661
12955
17813
16810
16633
4531
12326
5570
19015
16785
1650
3038
12078
16689
15001
18436
2102
7119
6317
8337
4545
4035
11030
18559
19473
12011
671
11302
534
16417
18753
14879
5938
6604
11785
3651
10091
14162
2952
17746
1067
490
7224
18575
3608
13455
3334
13256
1323
5009
481
8788
7151
19590
17821
1909
824
8126
8003
861
16990
17044
18265
17069
13588
13184
15785
16889
2505
17193
17873
16103
6395
11672
19847
12086
5106
5960
1319
10363
5888
17593
10874
934
12371
3139
18148
6563
9269
8008
14859
14429
2657
866
6655
12125
12257
14908
7690
8880
10632
19357
13205
15430
2537
11934
11540
3639
11986
18941
19855
10144
1993
3306
2990
683
4130
6495
1761
14060
16282
12876
4841
15336
3699
11472
4870
6801
14796
7268
8254
15596
15675
5073
9639
17587
3658
11938
5969
19413
9228
12788
15507
3707
13338
10761
9552
12551
13999
10524
8102
8373
14332
11407
3155
19427
12712
17633
3428
16109
9000
10267
3163
1137
12855
3625
8028
18385
6514
16326
6868
502
12723
15151
6311
2001
11143
4346
16884
17118
18574
7360
8583
5474
17839
9461
1564
17171
8406
4089
6443
2102
2891
198
7220
12514
13871
13802
4807
8004
4501
6415
7632
8381
9851
19061
19422
5126
8324
19521
4207
6964
6068
19150
16090
16533
3687
12258
9912
5370
10702
14332
3695
14319
14119
14857
3325
10437
13144
1398
18269
17841
1095
4608
7577
1838
15577
423
2989
18685
1413
6113
1459
3981
10292
715
17873
10101
4184
2713
14395
989
5926
12751
14309
3165
7217
1192
11018
19549
4932
16947
10898
15356
8540
3871
2211
5165
7648
12971
17159
12091
16766
3071
7478
7181
17379
2393
13920
9796
19574
6688
7929
6465
369
11477
16705
14819
4157
12743
13327
9135
7882
901
15385
18184
11592
686
14627
7678
8389
18820
9314
9443
15458
19455
13867
3512
10836
5726
2236
1926
1109
7225
16327
11720
164
3762
8407
19078
6271
13161
18592
11517
572
12686
360
8954
19903
2258
13611
14629
14650
14710
8431
9530
455
6885
16518
18354
11227
19454
15129
16736
13800
18409
5623
5656
15890
2186
2938
4266
13131
7635
18962
18092
8014
3572
19664
3829
5588
8014
18545
11206
10582
1158
37
5827
13535
1749
11067
5375
10413
2939
11467
6870
13253
11731
19807
17299
2672
1506
11167
4946
1973
5929
9144
9536
10100
571
5128
10942
13085
9000
7112
8869
10571
5527
5686
19139
10848
17234
3166
12419
16893
18843
19941
3115
4062
5853
12402
9951
12177
9981
10681
13187
18545
6031
5477
9053
995
19813
19234
665
6892
7106
2628
15590
13933
16941
10455
13885
2684
8641
4580
1346
4768
6049
7484
7363
1352
6985
4804
17694
1993
16287
1374
11680
15795
18473
12688
2503
10478
14488
18450
4008
662
19361
665
1261
18960
11597
12956
7030
4712
4870
16799
11072
2857
9138
16676
11908
17528
10908
362
16790
7853
19373
9055
12173
13038
13146
7178
19810
10826
15767
1998
15570
15119
297
2332
10654
12361
9913
10776
2546
4248
7781
15077
16450
12972
13520
17616
1487
3104
17370
5078
1193
9456
6730
6227
1295
4856
10311
8008
1363
5514
4902
18568
11897
4620
9374
16159
4125
8876
5847
13855
275
5280
6785
18089
4938
15518
9825
10421
1546
19925
18822
11486
14845
19271
19130
15468
8042
19523
1524
19007
11228
10883
16298
5652
1569
7007
16483
13816
590
2763
875
7751
19392
10420
14144
1663
7229
722
18537
18662
16665
8587
3430
9012
2549
1285
7554
18911
13121
12581
1925
13153
11586
17736
934
16008
14479
14940
1566
16186
6357
5693
15415
12258
1787
5128
772
7323
14720
3421
3882
728
15071
13654
5116
12110
1269
19902
3748
1407
9145
15472
1501
11620
5994
4013
8062
16726
15527
8633
12305
17049
11639
16627
19649
4389
11816
8047
5585
178
3765
16306
13386
17407
14273
17545
15181
16767
6496
15271
15686
17889
19029
8377
9729
6971
86
14823
7126
850
6444
6409
8768
15241
3862
5411
19884
5763
10573
3615
19949
3638
15841
17670
8556
3055
1955
8698
19068
7355
7964
5107
13132
14425
3354
4468
15285
2906
3819
8009
11731
4306
15938
18560
11409
6174
1495
19041
6077
8945
971
7946
1882
12413
15305
1132
19348
12859
10567
7452
1999
2935
18668
11062
5272
8059
7820
2005
17501
1557
2222
5192
18296
11848
15950
8081
3430
18316
2655
14591
15030
8195
3848
774
1854
11514
10479
3512
711
11927
20
15266
14344
17413
18772
2533
14000
11162
6958
16912
18301
13121
9313
4823
14057
15496
2580
114
5572
19848
7056
3892
1917
12812
8392
14181
1978
13537
15865
11167
200
5881
6764
16258
13164
10107
3640
15956
17367
3754
7812
1432
11288
9136
19722
4362
17995
11048
5143
12853
12431
8517
5583
4721
18422
10306
15470
9276
15733
5478
4969
2580
9435
16915
10035
174
19711
13804
6748
13302
19634
19393
2707
10563
11443
10936
10763
9750
14625
18138
6940
4463
8619
4375
10241
9292
15555
3094
6239
13311
6738
15837
17093
235
17573
19610
11790
10523
2276
524
17667
7007
16899
11729
222
14436
16306
16332
7626
16014
15311
1906
5222
17812
9979
3826
19144
13849
16746
11391
19870
15554
15220
3835
12719
17113
12265
321
19329
4957
4193
10191
2227
4100
2160
1934
6890
4014
18841
10400
8074
9639
14330
19973
13690
12024
17477
11274
138
10954
17486
16911
7632
89
1664
5266
13933
1393
2635
3613
10543
15400
15160
13353
8559
16760
413
14094
10875
4631
6379
3816
6734
11124
14212
2087
11483
11983
6955
8307
14729
11958
16884
18170
19608
4536
16506
7896
9794
15912
4207
18626
7388
9488
4206
11407
2747
4783
19532
13219
7316
6353
18285
4217
2428
17545
3955
2252
16590
17357
4273
9538
17131
15790
14142
1206
2363
1235
19590
19712
6609
19345
2330
3427
1165
9993
19622
10867
19292
11774
13091
16769
7290
5841
2659
2405
3319
5307
6634
16231
9270
16742
1981
7050
6322
13480
11410
18229
12892
702
5671
6718
6944
385
10254
2005
14950
11911
15942
15147
3060
13240
2469
12318
6800
14219
18929
13474
18754
11005
12590
13421
18136
17806
13809
1374
13220
17112
5204
3467
19872
19308
8866
71
15282
939
178
15596
19722
1053
2480
13898
4296
7474
18326
5196
8442
7251
15835
10883
3395
10724
9186
14097
7192
18904
10835
4724
4516
9905
4198
17070
13899
179
9499
12621
16075
14083
10823
10299
18590
1377
681
15524
4988
223
19483
17695
10270
1533
17188
2748
4509
19331
8970
19145
10937
14810
4645
12640
16085
8167
4654
2416
5024
9253
19766
13990
14799
3870
4339
2679
1061
1925
6677
9837
5716
6611
5623
13
12861
9469
4785
12033
16020
6190
3466
19750
19487
18502
8395
7764
14141
13295
5039
13381
14819
6327
8278
16804
7745
17871
19737
18004
3524
12511
13592
1178
7380
8739
7534
3816
894
16487
1798
17062
3020
1946
2663
19583
8239
13426
1227
10405
18527
2940
14509
5954
19257
2205
18017
5117
5767
10890
15645
2821
1662
11713
13653
18973
705
19587
9285
1892
19266
4334
15207
14176
13033
1722
18244
582
13773
16400
14343
6504
11999
10594
17069
14267
4358
14475
12089
8580
19460
8580
2308
1119
12728
3616
8977
6060
17917
11653
2527
10551
10896
13096
18711
9761
5038
13859
18053
17584
10780
9109
18564
7920
8000
11382
16754
1924
3597
11157
323
13261
5596
337
1137
13878
4213
19696
9584
2554
12205
8383
7200
1746
9194
9159
9148
1727
16065
8712
655
1968
16992
245
17062
10129
19016
10859
18624
8688
2546
18511
8130
9165
403
6820
11624
14909
17914
5669
1846
5723
15702
9253
6252
16076
12212
11904
5272
10349
9317
11230
19237
16027
15487
1764
5233
11295
17882
11094
5244
14228
19867
3885
18908
12630
12333
12977
2157
10217
9450
8083
4166
5411
5242
1418
1352
16439
7699
6472
5455
7615
1630
2648
3851
5413
19578
10262
11976
14286
17914
1386
3432
4516
19177
6499
18835
10846
19790
2988
11973
2574
10474
4110
7686
17222
13950
14082
4247
13512
14538
7825
13287
17833
3280
9610
3941
13250
4151
17055
11760
2643
16940
8156
15819
13523
17282
15844
15084
12056
13882
18954
16883
6911
4446
12842
440
441
12359
6594
2077
2707
18622
7376
3842
3904
896
4169
7320
6789
3226
16082
19981
10560
12724
2175
16998
7446
5034
18150
7371
16248
15189
19615
15195
5649
10633
2490
5857
13583
17239
17629
19966
14827
12403
9017
15974
10390
18128
16744
8487
11266
6662
16869
17219
4939
4310
14151
10975
13408
19140
4923
211
15058
17315
13758
17538
16472
5327
980
19044
5755
8084
17032
10399
12805
14412
4064
1749
6849
4837
3611
8118
19951
12288
6250
13141
19559
13686
7529
11320
5287
4853
13209
4874
1210
9992
4603
5931
39
7509
7850
17543
1875
16832
4277
19875
11060
1389
4793
1907
13236
7683
7223
16233
11262
6092
7863
8489
8744
9848
5176
856
6588
18529
6162
18386
3653
5321
16042
16634
11219
12799
13202
18924
14634
10657
5947
13166
6605
4155
16759
9286
16643
5710
11183
6661
13156
14316
1342
5761
322
7648
2345
14048
19638
19434
3451
19536
6693
12616
6336
10611
11887
4560
1598
18264
12213
9754
5228
7685
1700
8794
784
9200
6466
12618
9816
18829
9044
14567
17396
14210
4425
3634
9870
9750
10055
4951
15624
10983
18480
3690
1777
5883
3728
2221
12067
17999
3558
5614
10556
7211
18253
10637
11702
9686
9830
13212
19685
10726
12739
2335
3533
12847
3474
3026
9182
6781
8356
18666
15597
16605
10777
3091
5104
1013
2602
19705
17653
3060
17651
10531
14271
324
14843
9913
10559
3164
18401
10182
5707
2962
8709
18424
3901
7630
3408
9092
17419
11609
12256
16455
8702
19412
13492
5128
241
2501
12785
10009
17416
8396
13039
11228
8778
19957
2659
7489
9917
1606
4393
10477
18269
8471
8525
855
16952
10305
6102
141
841
17935
816
7219
12431
9297
2389
10443
15433
3184
1144
3536
6096
828
12301
6556
7185
11296
7576
13226
18021
14071
15248
3894
19535
4248
19920
19552
12754
11437
17626
16079
3756
5666
12808
17138
13107
5944
10609
5729
13643
4537
18356
16355
5409
709
13955
7433
15910
15403
9519
3479
19723
6804
13996
1123
2518
19674
2978
6326
8127
6038
4847
12591
14793
13686
11388
15751
17536
6029
15130
17455
1227
15524
5464
1141
302
12270
9413
9894
1088
10234
13372
3917
3555
3937
12625
4153
4869
6751
4342
9533
4946
13375
18954
6769
6932
6479
2303
18390
12648
9235
19878
1559
11294
9813
313
6283
9421
2938
13733
1335
17616
14671
18930
1487
18273
14274
13137
3421
4497
19757
11265
4026
13697
7502
19901
19418
3936
7250
7333
10309
3649
6799
15528
16223
14391
10481
11083
1320
4304
4172
14009
10815
1196
15376
6054
1826
15545
15163
19745
18001
717
11400
16502
12945
1950
16549
15070
10572
545
14082
3972
14581
3805
17925
19604
6953
14699
13083
4289
6897
909
19273
17203
17956
3016
12992
748
10154
3999
15151
9558
6459
8301
14610
4811
8581
799
41
6272
15469
7307
11651
4110
12524
15569
6841
18686
14747
2733
19863
14353
5642
1750
3765
11849
13193
3767
18596
18200
10442
18343
2787
9123
13309
11526
10033
15698
10491
16214
2269
10710
9951
16339
7738
9784
11534
15921
18798
3738
12919
6258
1385
5868
12022
17536
16275
3790
5682
8557
7486
8509
17254
14564
10555
9340
9789
12875
19144
15071
8086
12952
19911
19607
14567
17261
19882
16981
5438
5873
9290
18365
1603
10413
12950
1097
3129
12255
11177
2134
803
17374
5108
14095
2083
14668
12251
13525
15774
18225
17532
8679
11419
16089
5833
12532
19050
10412
1431
9338
18625
2309
3151
11129
16322
1586
5729
1914
8568
13159
10777
15606
14368
16575
6794
15076
12357
17489
13734
2082
3171
11147
17583
2558
2797
6861
7144
16578
12650
2948
15845
8955
11866
10465
3362
804
5175
16726
9039
2516
17495
5964
1032
17344
18189
18628
14914
8206
1423
19048
11585
13847
11410
14637
11207
3384
14833
12616
1192
1366
4045
11274
17689
4267
4494
14969
7718
18385
12808
5580
7330
14698
19353
11426
6937
1866
17070
11936
4450
8385
5669
2629
8784
11465
15342
1964
200
13256
11082
1886
9452
7938
1686
6481
10934
15167
14753
9760
15329
16628
9336
5672
17376
7537
9058
8893
14962
10470
7847
7975
18797
3603
1677
5692
1943
3306
12538
16699
6644
18851
11229
4514
3962
15260
9000
13293
12192
18827
1910
1164
4629
12706
17002
4671
18412
6941
18584
13937
15157
12458
924
5934
8455
16214
19688
14625
12858
7664
15580
11055
17
18652
9934
5962
6100
9783
3817
13779
2204
16290
2897
655
15687
16493
7204
8325
11531
5953
12988
19313
3143
329
9266
3592
10773
3070
6172
5512
7964
782
2103
2459
18914
19017
14688
12201
3455
18023
8987
19286
7532
14361
18007
19967
16858
13867
777
12012
2976
5874
9205
13779
7180
2424
14347
297
18234
16449
8109
3557
14818
14328
17007
13843
2188
15739
6391
3250
4447
3969
1700
17963
16183
6500
2059
13998
11956
10222
13117
19754
14799
6244
13860
5865
5928
617
17932
15366
4026
7601
8254
10412
10128
483
16072
3116
2001
13513
6232
954
14679
5975
6823
1317
6942
1718
2738
13361
11895
12524
9860
10611
10364
18346
9264
11048
11422
18162
1497
210
5210
10978
3892
19217
1162
929
16325
18233
17111
16165
8935
7285
18348
16607
14344
4729
1703
3300
11696
12028
8616
2520
7394
4986
5452
9593
5722
14820
851
7045
9847
7906
10589
12969
12914
4839
16947
3464
2284
14031
11842
11396
7847
11352
6786
14668
18955
3225
2580
15649
6472
963
17131
3078
3931
339
15970
18469
18377
913
8139
11032
18600
3657
2407
8602
19869
7236
7313
2507
13536
193
4340
13465
4380
19637
15709
5714
11155
15804
9996
6371
8831
18618
3492
19339
946
6803
322
9537
3071
10019
18794
13630
18705
9052
4636
8169
3801
4602
17254
5470
10085
3812
13107
7545
16716
2369
16897
9221
6726
12307
2032
1884
2968
245
2646
3801
4109
4781
272
898
2272
12718
13747
16331
6583
18158
1441
13577
4169
10590
19959
17493
11615
1067
7522
14040
152
19343
13169
12473
5959
14261
2054
9216
13784
2184
7751
18118
3760
4470
12817
16987
4497
1958
5516
16244
14940
11059
3993
4751
10449
1188
7047
2980
10994
9034
7589
18090
2951
18229
16722
162
9498
5555
11121
9572
3266
6726
11129
15173
2173
19937
9608
8546
17429
7167
12407
6827
12870
11936
296
8463
15350
2144
13820
3743
1698
15798
14721
802
10298
12454
5480
10709
9219
17091
1493
16188
10459
7621
18576
14218
377
19714
11033
3337
12785
9549
3288
16134
8375
936
2418
732
18876
11462
14424
17467
15700
1506
10105
1332
12824
18741
919
19237
8678
8568
3991
9372
2374
10487
2482
10889
18920
17486
11497
5796
8393
899
18517
8152
11253
17887
11196
4491
8710
13386
10272
7371
4586
15842
15057
11382
3234
8824
12963
16325
16583
2343
90
19607
10248
17522
6529
14742
18318
4568
6651
7432
13088
16438
17905
8949
9090
19802
7529
17167
16984
16512
11895
1378
3721
13867
590
18778
13855
15265
8239
13420
2666
19971
13282
7714
11332
5480
12866
8966
18863
9909
17235
15337
12347
9147
10127
19569
100
13869
17501
17181
15127
8796
17827
2358
8693
10032
10034
16309
18641
11590
7168
14955
2931
12577
12468
14960
14143
2286
8153
6795
5519
10936
18517
13211
5789
9188
7540
6432
957
18698
9501
7529
10631
16817
14086
15163
5874
3270
5347
14106
14332
11929
2650
18903
9062
12148
146
10230
11132
2456
2890
13627
10419
13685
13638
13201
5546
6598
5955
18486
403
1192
19756
9351
12715
16405
8933
10275
15141
9312
4709
6334
2437
3087
9345
5925
16391
11120
16162
8904
11168
6682
11513
13129
4093
12961
17961
256
4616
11765
2530
14568
4329
12472
15278
12458
16264
16570
17284
11427
6704
16915
9210
19669
4815
10716
7256
2343
10491
4778
9896
10682
17551
5512
9417
17289
2418
12592
12866
16475
6072
10117
13331
19401
10274
10384
10760
14086
5729
3989
4039
12656
2936
13074
9896
16082
14687
12500
12388
11731
6916
7349
838
10879
2316
14614
8863
5871
16887
308
5014
1495
18625
10954
12411
2509
5988
17411
10044
14609
7995
4315
11665
2845
1474
8497
11314
2826
19481
18155
7113
14908
5927
9158
14786
5260
9595
3191
991
6160
11534
17315
2343
3816
13028
10488
1630
16584
3058
1510
19792
15933
5337
11454
17511
12542
16016
8421
9757
11313
4512
3604
4779
5718
13064
16528
8415
8340
4449
17505
14828
13054
6716
18705
6492
10050
19432
12674
9280
18894
18127
6956
18664
4287
8288
17203
17261
6375
5831
1921
2732
10490
1208
3045
6862
11701
18348
14503
18658
3340
12514
19558
6060
5807
4262
15985
7350
8632
9231
606
12036
1203
14593
13514
13158
10154
12115
1550
10823
5036
10124
9274
3939
16282
12519
13296
18005
3246
6869
5152
2221
3848
12417
8060
6433
1462
4750
19511
1339
639
10429
11103
18544
844
4715
211
7216
7059
18743
7107
10713
7458
12865
9571
16774
13765
15694
14155
2661
5747
4232
10446
14374
5371
11715
5365
6576
4935
762
2904
4526
14122
5879
9048
3622
5835
17617
4603
16585
3982
18640
14085
18406
13371
8972
15568
4282
4590
9427
1160
8674
5786
682
1670
8945
8474
10187
5062
8508
10390
13324
5735
14995
14606
3136
1278
5866
10214
11351
10423
4374
270
7201
17642
19411
653
13647
3254
8449
16074
14714
5181
3408
11126
4797
4219
8400
10041
6653
12707
6155
13719
426
12664
17230
991
5309
2789
3170
7056
7201
16123
10297
1352
4750
11173
900
17643
14832
1480
2434
8364
3846
8060
7762
4859
6567
12705
7849
17067
13023
3552
4607
10911
7094
12608
12100
13968
13650
15458
13392
4413
17107
15321
15704
15184
16572
17513
19133
12009
12466
12539
2942
12330
12060
6970
4493
7837
15562
15917
63
13989
13874
11665
3741
14816
246
8946
19928
7958
14658
18951
16730
17186
15217
16519
16887
16793
16431
7851
5537
19995
2744
11042
17435
1877
15551
1995
2661
13361
10380
17490
9015
19835
9501
3210
15177
6864
12269
18947
1742
13797
8113
1321
15809
9073
6207
5529
6872
9913
15658
10304
17301
3286
1896
2929
13244
18884
17684
17955
7198
12169
6703
6565
18899
2560
19074
19487
12647
7170
9502
13158
9963
8593
5028
5691
3020
19648
10305
16226
18209
11169
8433
17274
6622
15180
5765
6301
12453
10665
10495
2165
17436
11323
18521
7673
15321
14025
14565
9411
6650
19594
5807
16848
10098
18093
11935
3667
9214
8802
7099
11318
1525
15143
11689
18702
7037
5331
14450
8729
1403
9113
19106
5495
12514
5274
1612
18850
205
9578
1963
2700
3335
2493
17251
16820
4583
11757
10629
6724
17754
18891
3217
617
17784
9151
6742
17744
15033
15678
53
10170
13248
15208
4964
13948
2101
8122
8302
12629
11569
19094
4311
14380
7794
10765
5662
8518
13039
8455
11547
13505
18181
8975
4199
16497
911
19837
8251
1524
19412
11297
8529
11283
12443
6953
4679
16247
13177
10767
13666
19718
6091
15330
15566
11769
16991
16304
10595
13915
16428
18509
18820
384
1571
13922
1314
8607
3165
9492
13021
8782
7827
5968
17354
12888
6733
3633
2415
16542
7410
8301
3819
12039
19230
2914
3572
3717
4274
14328
15448
17798
12356
19
1797
8051
15511
15608
548
17801
16294
7833
19775
8945
10266
2783
7300
8126
19324
659
8577
13923
259
14185
10255
6574
8270
11817
3852
10437
11886
17179
4000
16860
5083
6127
129
7727
6183
8166
13970
9186
19215
2560
8902
16339
12269
18531
2850
11160
8555
868
6753
18011
19602
17366
849
17615
16448
17004
9818
4781
18584
19404
7327
5168
1139
4659
9661
12457
9237
13439
15024
13439
10395
9020
16693
15814
17936
15822
15658
14939
11390
9112
6834
4186
673
4295
437
11709
7287
7967
10147
19505
7956
1375
10329
17974
16146
17779
5660
723
16838
1302
5251
5491
15950
16898
18609
17984
15366
2646
9471
12794
12537
14114
8281
17460
6069
13074
8191
11020
10967
2677
7979
2341
17382
13129
10386
2851
10875
5092
5091
17986
17022
5857
6829
18770
17036
14118
7166
15059
8244
19662
11749
14634
6561
6456
16857
10589
14641
8842
4434
12081
15365
18595
117
701
16753
9436
8334
19978
11091
4730
13398
3114
3936
19060
15603
16817
18234
16827
2366
18997
18910
5866
13920
8606
89
1931
5974
9
2875
16708
18036
2015
9252
6332
12518
1485
538
7118
753
9887
7709
12617
19384
16510
5809
11169
3578
3972
6299
374
5944
18360
6759
2814
5748
4778
8902
10226
4342
4940
15029
12274
3112
17450
4632
5910
8481
5928
549
13458
13631
2935
17085
19588
7437
18548
7318
12285
14596
17213
6259
3530
6254
6673
16245
991
14565
16995
7818
8831
794
19033
18596
11594
14546
19143
16645
9187
18667
17796
8406
14972
11804
5414
6903
17632
14202
4159
4400
17053
2199
15187
7750
2765
3332
18548
9258
13663
4152
15804
6283
4167
6505
17766
10284
2366
11062
11050
6384
4887
9223
15667
11409
2816
18956
9279
7855
2225
707
562
9702
14100
789
15671
3417
19888
4735
17301
10891
16660
11183
15913
18764
12541
8836
12966
16
7140
13336
517
10203
8039
11738
330
19993
7730
9747
5558
5386
14602
3531
8451
1402
14998
11556
4831
13775
19626
15875
3047
12156
13745
10383
9311
18834
19126
18930
6860
10997
2479
2492
17647
8429
2951
18599
10046
12115
4199
1558
1632
18987
16608
17782
6180
4562
15255
12646
16542
15084
685
14099
12288
4320
7914
10076
5617
8192
7718
5525
5709
6848
11891
934
15513
4199
10475
12883
1729
2051
4145
2007
13008
18039
14406
6409
12010
4912
16587
16929
3753
15573
12974
2548
14451
1148
179
16314
18100
14778
15808
4273
13213
12914
5541
13434
18873
1583
5286
3650
9064
2477
3622
19739
2490
8721
5842
6728
9481
5976
14055
6584
12499
1837
10208
18697
14259
14516
3200
9294
4219
11236
16793
18827
7024
6546
8439
7037
11842
6664
2861
15766
3015
9076
15257
10982
1267
3005
11125
1526
8821
15120
17053
19054
13361
6424
19609
15511
2134
19820
4422
4698
6299
15299
11141
4582
15035
19778
11647
273
4873
11542
5523
8790
9138
13021
2878
5725
10094
18719
7174
12792
11618
1978
6243
6057
13942
59
16042
2561
10414
1928
14872
18275
6855
1338
6455
17031
5711
14504
6544
14843
11777
6718
14669
17668
124
3276
3657
13314
15104
8859
8919
16369
4228
18523
18796
16780
10422
5048
2314
10828
6544
3755
16521
6158
11219
6669
1092
17234
7267
6406
18462
18367
16863
1795
10991
11556
10555
9477
19727
7674
1820
13046
1565
12070
19855
13399
4044
5082
12966
15221
4843
11931
14096
4443
6255
17597
15764
14304
320
3786
11818
12448
1629
11490
13878
14697
8300
16219
15938
3692
10018
17354
9334
1747
1579
10938
7607
11410
13111
15225
11961
18806
6434
13747
5218
14618
5694
19797
10717
1528
19678
19
8376
19708
7937
2406
18842
20
2521
1965
15844
996
2520
724
8227
15351
10518
5266
10223
9167
16930
11852
4
18781
8898
15991
13626
19628
328
2331
17635
1272
18995
11347
15296
5052
671
7504
1856
9545
1578
2333
17687
4338
17700
18718
5686
7076
6642
19537
6893
3188
127
4727
12826
5232
18304
11244
11724
17847
4514
8369
1465
12836
10899
17963
18040
18053
297
15909
11035
11883
3283
7376
6349
6458
12218
10826
36
18720
11123
3996
2979
10499
1540
17726
5967
5170
9136
13109
1100
3421
3073
18077
11859
14593
5521
4737
11794
9211
4277
5415
4480
18878
15751
521
9051
14208
19342
10526
4224
13070
6764
18199
15782
7104
5060
14469
3224
15304
12837
15479
16205
9507
16856
705
4486
6034
514
17529
18467
19650
18934
4347
3426
16551
2298
11789
2421
872
7892
316
13183
6451
14706
10021
18027
2609
13459
19024
4360
8628
18100
7862
17637
19597
6810
9795
645
13563
10905
7638
6783
8830
18048
13734
17205
15497
12514
18239
18447
8181
12353
17130
3924
16050
9304
1002
1028
3640
1733
18787
948
7612
945
5461
7910
4863
9310
19654
7013
11168
7916
15261
1210
16434
8103
8234
11022
15016
10513
13476
3581
14444
17863
13578
12083
18319
5459
1611
3014
4378
2478
7842
7951
9316
2895
8152
13062
284
13493
3309
857
6598
6797
10257
10472
16867
18368
6445
16609
6568
11131
4383
9299
1553
7324
11586
4977
2158
13175
14732
7813
2107
5250
19793
5197
18990
2595
1380
3095
10698
6356
13502
4437
7824
17968
11927
15709
629
14109
5361
1920
11086
18838
18805
17829
2567
14323
8085
12865
13172
15511
9072
8821
16351
790
17428
16355
15616
4577
13245
14734
907
12560
12316
15950
2434
9194
2451
12813
17355
5460
700
193
13725
3636
2217
6502
19124
12640
16743
11191
12708
8360
2556
6985
7626
989
19151
3333
18621
7004
4454
3839
3011
9147
3978
11287
833
12815
13928
8876
18571
8472
16657
14392
1529
6985
1696
10924
10362
13464
10939
12104
13378
1726
13875
15831
1407
7371
358
7237
6537
8329
10820
5534
4280
13355
18062
7877
8720
14835
14362
237
1975
9245
3539
9944
11367
10123
11582
15817
18846
19181
2647
14120
5842
19180
4025
7793
2787
9908
17117
12057
489
12924
4026
11423
6572
14259
6795
4875
17971
12841
16558
8166
4628
1879
4712
3125
11593
16044
2918
2931
836
8405
19038
10121
1945
8007
15060
301
9050
16108
1144
9365
12320
15624
6829
1686
8325
12103
18181
1661
17742
13894
423
12489
19429
4218
7763
3012
4934
15776
9052
4860
847
8642
5812
6338
7354
1987
2469
8701
3751
12199
15195
13164
1202
5250
4640
14263
3492
3356
19583
10928
11142
17597
19946
15692
496
7291
1463
9080
12383
15485
421
6617
15845
1962
6493
5060
5146
18515
1139
6103
1552
9306
1643
8338
5828
5278
728
19861
2928
11556
17247
13720
4958
6435
14523
8481
1015
13484
474
6149
7386
17044
4677
9726
11144
12768
8444
18341
1467
19308
19520
11949
7255
8888
18762
14780
14137
11599
14968
15814
140
9301
18856
9063
6714
17644
19549
4061
10815
10307
10431
16608
7386
10268
17759
11231
16893
1400
10263
19896
15107
14498
3728
12916
7361
11285
17373
5117
4981
3786
805
16828
17595
2498
15678
18259
14783
5996
14069
12116
19116
5459
17130
13756
6595
11431
14903
6992
8839
16199
10481
19058
12533
10312
4328
3488
14066
3653
3433
12585
14620
15331
16706
685
15650
18462
7877
11056
14063
6358
18502
1370
13474
19504
14335
14190
9785
4266
18003
6373
18860
18559
6702
7398
14262
18387
18571
6149
18125
16412
2864
12629
7859
2797
4884
7435
16485
19808
3873
19185
4592
5150
500
16451
132
1486
2850
18601
12705
1849
6548
12978
13422
13878
3346
5513
10344
19479
2622
18423
14167
11790
12215
52
8605
17597
6271
715
10663
5945
17334
2730
6790
4538
5349
5219
13399
5922
2806
674
7166
18247
15872
5834
7218
6303
17121
15310
19761
7047
997
19657
3924
880
17091
7067
11422
9382
19238
7969
15182
14846
5640
9264
10451
9980
8954
9453
13727
16254
2753
15340
52
4585
9787
4867
12028
3022
9216
17865
17301
5240
7747
19121
13800
11028
12758
669
16026
3005
19981
2913
4956
10660
4091
4054
9437
1337
15514
16823
96
15224
1830
11483
648
530
11592
16815
751
2359
13457
4079
15158
19453
3228
11137
12119
16208
17942
2671
8438
1686
12057
6783
4854
13342
3348
7504
12936
3812
14118
9043
16765
8995
19689
16708
7293
8184
18412
18147
10321
18702
7545
19955
13786
19532
18837
2479
17060
19607
19973
9060
17653
16325
8526
1007
13408
17791
19093
12851
534
11506
10853
2263
14204
18067
8686
12090
18711
8684
8491
3828
12484
7592
12956
15626
7588
19062
11794
13965
17108
11901
7593
2960
18971
6557
6895
16772
8957
5949
3043
12851
10221
14455
5369
19861
11679
9372
13690
18865
13851
12293
8295
9556
16173
16695
12510
14407
17977
16498
4502
10800
14763
19862
15109
17736
12973
8083
7617
17908
51
8396
18882
15778
1136
16390
12006
19362
12267
15027
5103
638
14507
7413
6919
7032
19631
2481
11075
3839
13979
3314
6534
19820
11949
18071
16092
6527
9134
18778
5255
15122
164
670
12374
1494
12899
5172
9041
13650
6691
14154
5042
4821
1869
1201
17709
19988
14128
10889
14064
19460
5744
10219
19301
6294
9630
7186
10196
7338
3458
2151
19685
19089
17620
7336
2628
17507
8747
2997
16125
761
2413
3255
8487
5001
19621
1132
3549
18780
13650
3699
1639
10573
16412
16880
10775
17760
8993
6269
12208
14556
2510
14990
19969
10310
18889
9823
9422
11580
2539
14684
19855
9739
3307
3981
15698
11598
10837
18971
18428
8323
14554
16195
845
4139
1473
19703
7362
16478
6971
843
14355
13321
4980
8707
13660
16869
10726
9302
3577
2581
18631
8574
1995
17084
7298
1471
5143
3576
16035
19218
5358
5663
8364
4174
7911
12564
13797
13937
3112
15142
2384
13936
8835
2086
8026
18521
17853
9091
13806
13345
9610
11395
2915
15375
3252
9952
11062
5508
8635
1020
17714
6565
8822
19811
17227
2246
3063
19612
5195
3029
9741
17803
3588
12992
11011
3558
18308
19044
1190
14674
6278
3028
7907
4665
8612
12450
9583
3722
1610
5741
8736
13358
18887
4871
8984
12290
13597
13249
8227
8310
19063
14997
11158
5696
5114
12464
13783
1950
4148
2298
11259
19911
4081
16643
3658
14956
5805
15116
4991
2672
7780
15407
3787
8576
17028
11628
17722
10769
15012
10834
9933
1590
19694
11462
806
6523
18391
14034
9667
15905
3344
2125
9185
437
13077
10083
9889
8335
2211
18785
1448
2180
5894
10751
8033
