67 105
0 50 16
0 35 6
2 23 12
4 0 14
5 11 17
5 6 15
5 10 27
7 35 13
8 10 10
8 39 28
8 50 24
8 40 25
8 59 16
8 56 24
9 14 3
10 8 25
11 64 19
12 47 29
12 44 9
12 8 13
14 24 19
14 34 15
14 16 1
15 61 18
16 58 13
17 11 17
18 35 11
19 18 25
19 38 13
19 51 27
20 25 8
20 25 15
21 1 0
21 7 9
21 45 23
22 52 20
23 50 11
23 57 9
23 11 13
23 41 23
24 24 27
24 32 10
24 42 3
25 44 16
25 33 2
25 58 18
28 7 26
28 63 21
29 41 17
30 64 24
30 49 0
32 32 27
32 65 25
34 17 8
34 16 20
36 61 3
38 21 3
39 48 20
40 6 24
40 26 10
40 51 26
40 51 8
41 65 0
42 46 18
42 18 1
42 33 7
43 22 14
43 13 29
43 23 7
43 1 3
43 29 23
44 27 22
44 66 11
45 45 10
46 3 27
47 21 2
47 27 18
48 17 21
51 20 13
51 39 19
52 16 12
54 47 10
55 47 10
55 23 27
55 28 5
56 20 14
56 27 12
57 55 23
57 13 8
57 33 2
57 7 12
58 36 27
59 0 22
60 66 9
60 30 19
60 47 3
62 59 19
63 46 23
63 12 26
63 55 28
63 49 22
64 13 7
65 21 9
66 12 27
66 50 6
5
8
53
66
15
47
5
1522
1334
1524
1431
1735
21
25 14
2 37
19 93
63 83
21 30
46 31
22 35
15 37
28 100
23 100
45 85
48 54
58 32
44 88
7 64
52 16
30 46
39 88
17 32
29 49
33 44
5
14
-1
14
37
30
