87 139
0 28 2
0 78 24
1 60 7
1 69 0
1 71 19
2 25 17
2 34 11
2 27 25
3 12 29
6 43 27
6 79 12
7 50 13
7 9 28
8 79 27
9 30 8
9 6 13
9 71 27
10 71 10
11 1 8
11 42 21
12 27 25
12 29 10
12 14 0
13 60 12
13 52 17
14 20 10
14 71 3
14 76 1
15 61 24
15 48 3
18 55 3
18 30 22
19 50 16
19 59 16
19 19 0
20 61 14
20 44 2
21 82 19
22 58 12
23 59 11
23 75 10
24 31 18
25 15 0
26 64 3
27 33 27
27 15 17
28 70 19
28 43 29
28 34 12
28 22 16
28 32 3
29 6 27
29 44 2
30 74 9
30 55 20
30 44 23
32 54 9
32 0 11
33 25 14
33 18 29
33 57 19
33 72 8
33 49 22
35 49 13
35 22 18
36 10 8
36 67 26
36 51 13
36 10 20
37 38 18
37 82 1
37 0 2
38 52 7
38 51 9
38 7 22
38 12 29
39 59 24
39 11 19
41 51 26
43 14 13
43 49 14
44 37 23
44 76 11
45 41 18
46 71 17
48 64 15
49 59 25
49 1 5
50 84 0
50 60 19
50 59 3
50 63 27
51 41 23
52 32 26
52 61 26
52 7 22
54 65 21
55 25 22
56 68 10
56 38 9
56 44 7
57 83 9
57 3 5
58 21 2
59 42 18
59 49 24
59 51 11
60 73 20
61 10 23
62 31 5
62 65 13
63 24 27
64 78 27
66 3 15
67 63 28
68 64 22
68 2 16
68 49 1
70 46 27
70 5 11
71 79 1
72 36 10
72 57 4
72 69 22
74 19 6
74 47 6
75 53 13
76 65 27
77 50 23
78 53 15
80 64 14
83 84 24
84 43 3
84 0 5
84 72 27
85 2 2
86 73 3
86 83 1
86 42 25
5
36
60
86
64
1
5
1757
2365
1974
2516
954
15
3 33
35 30
75 91
25 76
26 41
17 100
83 58
80 51
28 12
29 12
53 24
37 88
71 59
82 59
30 11
5
59
-1
11
24
59
