71 116
0 28 3
0 67 2
1 4 20
1 8 27
2 6 8
2 18 10
2 44 10
5 9 12
5 68 19
5 30 12
6 52 7
7 9 13
8 7 14
8 28 17
8 2 21
8 10 3
9 65 8
9 39 28
10 30 27
10 19 14
11 39 23
11 60 24
13 9 17
15 43 29
15 27 13
15 21 6
16 55 25
16 21 3
16 49 12
17 19 19
18 23 17
18 47 26
19 38 14
22 65 13
22 26 23
23 44 22
23 15 26
23 41 0
24 40 18
24 59 9
24 6 22
25 19 0
25 7 27
25 28 21
25 37 19
25 28 15
25 15 26
27 47 27
27 22 16
27 29 10
28 60 20
29 58 9
32 1 13
33 22 26
36 43 25
36 27 7
36 65 25
36 63 19
37 31 13
38 9 10
38 64 1
39 58 10
40 54 27
40 66 27
41 15 19
42 61 29
42 46 24
42 4 13
43 13 15
44 5 3
44 65 16
44 51 9
45 13 14
45 63 3
46 26 25
46 64 27
47 6 22
47 60 8
47 70 16
48 4 18
49 7 16
50 6 27
51 69 5
52 38 27
52 24 1
52 63 20
53 50 6
54 44 23
55 65 11
56 19 22
58 70 9
58 59 0
59 4 23
60 66 5
61 39 28
61 10 2
61 2 3
61 33 2
61 59 7
62 65 10
62 43 9
62 64 5
63 9 24
64 44 11
64 8 23
65 49 3
66 57 2
67 45 18
67 38 19
68 58 12
68 28 18
68 15 24
68 69 11
69 66 5
70 66 8
70 49 15
5
47
30
40
40
29
5
2073
1446
1022
745
2088
9
57 46
42 16
43 34
12 96
61 79
63 13
11 23
53 90
69 79
5
13
-1
13
13
46
