48 295
0 36
0 3
0 46
0 2
0 33
0 45
0 4
0 27
0 46
0 2
0 17
0 14
0 5
0 11
0 6
0 38
0 6
0 20
0 20
0 46
0 33
1 31
1 13
1 3
1 45
1 26
1 20
1 13
1 33
1 18
1 6
1 14
2 46
2 0
2 10
2 0
2 13
2 14
2 15
2 7
2 32
2 28
3 14
3 0
3 1
3 7
3 26
3 26
3 45
3 28
3 15
3 39
3 3
3 3
3 4
3 37
3 14
4 22
4 16
4 0
4 45
4 5
4 22
4 7
4 23
4 41
4 7
4 37
4 10
4 29
4 27
4 34
4 31
4 3
4 37
5 40
5 13
5 29
5 45
5 28
5 4
5 7
5 0
5 36
5 41
5 8
5 20
5 7
6 40
6 36
6 18
6 43
6 22
6 19
6 19
6 0
6 8
6 10
6 1
6 0
6 15
7 36
7 13
7 47
7 18
7 8
7 3
7 34
7 15
7 5
7 4
7 10
7 4
7 35
7 2
7 36
7 47
7 33
7 5
7 44
8 37
8 16
8 21
8 9
8 7
8 25
8 46
8 47
8 22
8 26
8 14
8 14
8 25
8 45
8 6
8 19
8 8
8 8
8 5
8 46
9 8
9 35
9 47
9 19
9 45
9 16
9 42
9 17
9 40
9 44
9 20
10 42
10 2
10 7
10 29
10 4
10 19
10 14
10 6
10 38
11 32
11 46
11 47
11 45
11 0
11 18
11 40
11 24
11 45
11 21
12 37
12 13
12 19
12 35
12 44
12 17
12 40
12 24
12 23
12 41
13 1
13 12
13 5
13 7
13 41
13 22
13 19
13 2
13 15
13 1
13 40
13 31
13 39
13 37
13 24
13 21
13 30
14 3
14 33
14 29
14 35
14 15
14 8
14 0
14 2
14 8
14 14
14 14
14 10
14 1
14 34
14 3
15 31
15 14
15 40
15 7
15 13
15 29
15 23
15 3
15 2
15 32
15 15
15 15
15 18
15 28
15 6
15 28
15 47
16 27
16 4
16 8
16 44
16 9
16 37
16 47
16 43
16 37
16 40
17 38
17 0
17 34
17 12
17 9
17 20
18 41
18 30
18 6
18 7
18 30
18 22
18 46
18 11
18 1
18 29
18 15
18 37
19 46
19 22
19 28
19 20
19 9
19 13
19 6
19 12
19 24
19 6
19 10
19 29
19 8
19 36
19 21
19 41
19 32
20 36
20 35
20 19
20 42
20 1
20 29
20 23
20 40
20 33
20 5
20 0
20 0
20 9
20 17
20 29
20 43
21 8
21 25
21 43
21 44
21 38
21 11
21 19
21 39
21 13
21 41
21 33
22 4
22 40
22 19
22 6
22 13
22 4
22 41
22 8
22 18
22 43
23 24
23 31
23 15
23 4
23 42
23 20
23 42
23 12
24 41
24 30
24 26
24 23
24 40
24 38
24 19
24 27
24 37
24 12
24 13
24 11
24 26
25 21
25 8
25 36
25 8
25 39
26 29
26 24
26 26
26 26
26 1
26 3
26 3
26 38
26 8
26 36
26 33
26 35
26 40
26 42
26 24
27 16
27 32
27 32
27 39
27 28
27 0
27 43
27 37
27 24
27 4
27 46
27 46
28 36
28 31
28 30
28 40
28 27
28 19
28 5
28 29
28 3
28 45
28 47
28 2
28 15
28 15
28 39
29 26
29 14
29 5
29 28
29 37
29 15
29 10
29 20
29 4
29 31
29 19
29 18
29 40
29 20
30 24
30 28
30 37
30 18
30 40
30 36
30 38
30 18
30 47
30 36
30 34
30 34
30 32
30 13
31 28
31 1
31 40
31 15
31 23
31 29
31 13
31 4
31 44
32 11
32 27
32 27
32 34
32 15
32 2
32 30
32 19
33 0
33 36
33 43
33 14
33 1
33 47
33 20
33 46
33 26
33 7
33 0
33 21
34 7
34 32
34 17
34 36
34 30
34 30
34 4
34 14
35 20
35 9
35 43
35 14
35 12
35 7
35 47
35 26
36 28
36 20
36 0
36 33
36 6
36 7
36 30
36 25
36 7
36 30
36 34
36 5
36 26
36 46
36 19
37 8
37 12
37 30
37 29
37 27
37 4
37 24
37 13
37 16
37 16
37 3
37 18
37 4
38 17
38 24
38 30
38 26
38 47
38 0
38 10
38 21
39 27
39 45
39 41
39 43
39 13
39 3
39 25
39 21
39 28
40 5
40 6
40 22
40 28
40 24
40 30
40 31
40 15
40 13
40 12
40 9
40 20
40 43
40 11
40 29
40 26
40 46
40 16
41 24
41 18
41 13
41 39
41 22
41 4
41 42
41 5
41 12
41 19
41 21
42 20
42 10
42 42
42 42
42 23
42 9
42 41
42 23
42 26
43 33
43 6
43 35
43 21
43 27
43 39
43 40
43 22
43 16
43 20
44 16
44 21
44 12
44 9
44 31
44 7
45 0
45 39
45 4
45 1
45 5
45 9
45 3
45 11
45 28
45 8
45 11
46 19
46 2
46 0
46 11
46 0
46 8
46 46
46 46
46 18
46 27
46 36
46 33
46 27
46 8
46 0
46 40
47 7
47 9
47 8
47 11
47 30
47 33
47 35
47 28
47 16
47 38
47 7
47 15
6
26
10
9
22
35
3
13
21
14
0
1
30
11
15
12
5
38
32
17
29
13
2
1
1
1
2
2
1
1
2
1
2
1
1
