38 216
0 18
0 24
0 7
0 13
0 30
0 37
0 26
0 35
0 20
1 29
1 15
1 30
1 16
1 4
1 37
1 20
1 11
1 30
1 29
1 5
1 36
1 6
1 4
2 37
2 15
2 28
2 35
2 28
2 5
2 23
3 37
3 26
3 7
3 20
3 21
3 19
3 13
3 14
3 21
3 5
3 19
3 20
3 25
3 5
3 35
4 13
4 32
4 21
4 19
4 1
4 25
4 36
4 4
4 4
4 18
4 34
4 1
4 22
5 37
5 24
5 16
5 22
5 36
5 26
5 6
5 12
5 3
5 1
5 26
5 14
5 23
5 2
5 26
5 20
5 3
6 36
6 33
6 18
6 5
6 12
6 15
6 8
6 1
6 10
7 3
7 27
7 32
7 0
7 29
7 24
7 21
7 21
7 21
7 22
7 26
7 27
7 7
7 7
8 28
8 33
8 25
8 18
8 31
8 23
8 20
8 6
8 23
8 37
8 34
8 8
8 8
9 18
9 22
9 16
9 9
9 9
9 26
9 27
9 34
9 16
9 32
9 22
10 31
10 36
10 11
10 18
10 25
10 33
10 6
11 30
11 23
11 29
11 1
11 14
11 22
11 10
11 20
11 13
11 27
11 15
12 25
12 29
12 6
12 5
12 23
12 20
13 4
13 3
13 0
13 20
13 36
13 11
13 29
13 26
13 34
13 32
13 36
14 31
14 3
14 11
14 35
14 18
14 5
14 15
14 22
14 24
15 37
15 1
15 2
15 35
15 18
15 6
15 36
15 24
15 34
15 14
15 23
15 11
16 19
16 5
16 32
16 1
16 24
16 32
16 9
16 18
16 25
16 36
16 9
17 37
17 18
17 23
17 23
17 35
17 28
17 21
17 17
17 17
18 0
18 9
18 6
18 35
18 36
18 17
18 20
18 8
18 10
18 4
18 15
18 35
18 14
18 16
18 27
19 16
19 23
19 4
19 3
19 28
19 22
19 36
19 35
19 3
19 25
20 3
20 28
20 18
20 1
20 13
20 8
20 11
20 3
20 0
20 22
20 12
20 5
21 3
21 4
21 28
21 24
21 7
21 7
21 28
21 3
21 7
21 25
21 30
21 17
22 9
22 5
22 34
22 30
22 11
22 19
22 7
22 23
22 14
22 20
22 9
22 4
23 24
23 35
23 24
23 19
23 11
23 17
23 24
23 17
23 23
23 23
23 8
23 8
23 22
23 12
23 5
23 2
23 15
24 27
24 23
24 0
24 5
24 23
24 25
24 21
24 23
24 7
24 16
24 30
24 36
24 15
24 31
24 14
25 32
25 24
25 12
25 8
25 4
25 32
25 21
25 28
25 3
25 16
25 10
25 19
26 3
26 5
26 32
26 34
26 0
26 9
26 5
26 30
26 13
26 27
26 7
26 5
27 24
27 7
27 35
27 9
27 26
27 11
27 18
27 7
28 8
28 20
28 21
28 35
28 19
28 2
28 21
28 17
28 37
28 25
28 2
29 1
29 12
29 11
29 7
29 32
29 36
29 1
29 37
29 31
29 13
30 11
30 1
30 22
30 1
30 24
30 0
30 35
30 26
30 21
30 34
31 14
31 10
31 32
31 8
31 35
31 29
31 24
32 25
32 7
32 36
32 16
32 4
32 31
32 29
32 16
32 26
32 25
32 37
32 13
32 9
32 37
33 6
33 8
33 35
33 10
34 22
34 35
34 37
34 26
34 15
34 13
34 9
34 8
34 30
34 4
35 23
35 18
35 28
35 2
35 34
35 33
35 27
35 15
35 31
35 17
35 14
35 18
35 19
35 30
35 0
35 3
36 6
36 32
36 5
36 10
36 18
36 4
36 29
36 19
36 13
36 15
36 24
36 1
36 16
36 13
37 3
37 5
37 15
37 2
37 17
37 1
37 34
37 0
37 29
37 28
37 8
37 32
37 32
6
25
10
20
17
14
21
12
36
30
4
26
6
1
27
34
22
29
11
12
12
1
1
1
2
1
1
2
2
1
2
1
1
