45 110
0 9
0 38
0 13
0 42
0 39
0 38
0 5
0 21
1 4
1 43
1 6
1 12
1 28
2 31
2 19
2 2
2 2
2 42
2 37
2 28
3 14
3 31
3 36
3 44
3 43
3 6
3 11
3 23
4 6
4 1
4 9
4 7
4 30
5 10
5 32
5 41
5 0
6 4
6 1
6 3
7 33
7 43
7 8
7 35
7 13
7 4
8 7
8 43
8 42
8 26
8 12
9 0
9 43
9 29
9 21
9 23
9 4
9 17
9 32
10 5
10 13
11 26
11 3
12 23
12 20
12 37
12 1
12 8
12 32
12 20
13 19
13 0
13 16
13 7
13 10
13 19
14 3
14 31
14 39
14 19
14 20
14 23
14 32
14 21
14 19
14 31
14 32
15 38
16 38
16 13
17 28
17 34
17 42
17 9
18 28
18 31
18 30
18 31
19 43
19 13
19 30
19 2
19 14
19 27
19 14
19 40
19 13
20 23
20 34
20 14
20 12
20 12
21 27
21 9
21 14
21 0
22 38
22 39
22 23
23 20
23 12
23 9
23 14
23 26
23 3
23 22
24 39
24 31
25 40
25 32
25 44
26 39
26 11
26 8
26 23
26 34
27 21
27 30
27 19
28 18
28 17
28 1
28 2
29 9
30 19
30 27
30 40
30 18
30 4
31 18
31 2
31 14
31 3
31 36
31 24
31 18
31 14
31 39
32 36
32 25
32 33
32 5
32 14
32 12
32 9
32 14
33 7
33 32
33 34
34 17
34 42
34 33
34 20
34 40
34 26
35 7
36 32
36 3
36 31
37 44
37 12
37 2
38 16
38 0
38 22
38 44
38 39
38 0
38 15
39 26
39 24
39 14
39 0
39 38
39 22
39 31
40 25
40 41
40 30
40 42
40 34
40 19
41 40
41 5
42 34
42 0
42 8
42 17
42 2
42 40
43 7
43 9
43 19
43 8
43 1
43 3
44 3
44 38
44 37
44 25
6
20
34
30
28
2
9
15
38
22
27
35
17
24
31
1
7
33
43
4
5
14
11
15
2
2
1
3
1
2
1
1
2
1
1
1
2
1
2
