31 251
0 19
0 25
0 6
0 1
0 16
0 12
0 10
0 15
0 12
0 17
0 6
0 12
0 29
0 24
1 8
1 12
1 0
1 4
1 2
1 26
1 27
1 18
1 5
1 8
1 21
1 29
1 28
1 19
1 12
2 17
2 16
2 23
2 28
2 11
2 30
2 1
2 11
2 11
2 17
2 26
2 27
2 7
3 28
3 12
3 21
3 14
3 20
3 19
3 23
3 24
3 11
3 6
3 14
3 7
4 9
4 8
4 10
4 24
4 21
4 19
4 23
4 1
4 10
4 25
4 11
4 20
4 26
4 23
4 5
4 27
5 11
5 23
5 10
5 7
5 9
5 19
5 19
5 29
5 29
5 1
5 30
5 23
5 26
5 4
5 7
5 22
6 29
6 0
6 21
6 16
6 6
6 6
6 17
6 27
6 9
6 19
6 9
6 3
6 18
6 17
6 29
6 0
6 11
6 27
6 20
6 21
6 18
6 23
6 28
6 24
7 14
7 5
7 19
7 28
7 23
7 8
7 29
7 27
7 25
7 20
7 3
7 17
7 25
7 2
7 8
7 5
7 29
8 29
8 1
8 14
8 28
8 4
8 13
8 27
8 30
8 28
8 11
8 7
8 16
8 1
8 29
8 16
8 15
8 7
8 17
9 16
9 25
9 4
9 28
9 20
9 5
9 14
9 6
9 11
9 6
9 29
9 20
9 26
10 4
10 5
10 24
10 26
10 24
10 23
10 0
10 4
10 28
11 13
11 29
11 19
11 23
11 5
11 23
11 30
11 27
11 2
11 29
11 8
11 11
11 11
11 2
11 9
11 25
11 3
11 14
11 2
11 28
11 19
11 4
11 6
12 1
12 3
12 26
12 19
12 19
12 0
12 29
12 0
12 23
12 0
12 30
12 1
13 21
13 11
13 14
13 26
13 8
13 17
13 24
13 27
13 30
13 23
13 29
13 29
13 16
13 27
13 21
13 15
13 24
13 29
14 21
14 8
14 7
14 13
14 3
14 15
14 9
14 17
14 22
14 29
14 11
14 3
14 15
14 30
14 22
15 19
15 18
15 20
15 19
15 14
15 24
15 0
15 16
15 14
15 13
15 17
15 19
15 17
15 8
15 21
15 21
16 9
16 2
16 6
16 0
16 30
16 18
16 15
16 8
16 13
16 25
16 8
16 28
17 25
17 2
17 23
17 30
17 6
17 17
17 17
17 13
17 27
17 24
17 19
17 21
17 14
17 0
17 6
17 27
17 23
17 2
17 7
17 15
17 22
17 15
17 8
18 15
18 20
18 16
18 1
18 27
18 6
18 29
18 27
18 6
18 23
18 27
19 28
19 15
19 0
19 15
19 21
19 11
19 12
19 12
19 24
19 28
19 4
19 7
19 30
19 5
19 17
19 5
19 3
19 6
19 20
19 22
19 11
19 15
19 1
20 15
20 26
20 9
20 18
20 3
20 19
20 9
20 7
20 29
20 4
20 25
20 6
21 14
21 27
21 13
21 22
21 19
21 6
21 3
21 27
21 4
21 25
21 17
21 1
21 24
21 13
21 23
21 6
21 15
21 15
22 21
22 27
22 27
22 14
22 19
22 23
22 26
22 25
22 17
22 14
22 5
23 27
23 17
23 29
23 11
23 11
23 5
23 2
23 4
23 10
23 7
23 13
23 28
23 3
23 22
23 5
23 12
23 17
23 21
23 4
23 6
23 18
24 25
24 10
24 4
24 19
24 10
24 15
24 13
24 25
24 17
24 30
24 3
24 21
24 13
24 30
24 0
24 6
25 17
25 30
25 9
25 0
25 24
25 21
25 24
25 30
25 26
25 27
25 11
25 7
25 4
25 16
25 20
25 22
25 7
26 27
26 20
26 13
26 10
26 12
26 1
26 25
26 22
26 4
26 9
26 5
26 2
27 26
27 21
27 23
27 22
27 6
27 22
27 8
27 17
27 21
27 11
27 13
27 30
27 1
27 18
27 25
27 7
27 17
27 18
27 13
27 6
27 2
27 18
27 4
28 19
28 3
28 8
28 9
28 2
28 19
28 7
28 8
28 23
28 11
28 10
28 16
28 1
28 6
29 8
29 11
29 6
29 23
29 11
29 12
29 5
29 9
29 5
29 14
29 13
29 7
29 13
29 6
29 8
29 20
29 18
29 1
29 0
29 13
29 7
30 30
30 30
30 25
30 17
30 11
30 16
30 2
30 27
30 8
30 19
30 25
30 13
30 24
30 5
30 24
30 14
30 12
8
9
24
5
26
8
15
23
27
18
19
7
14
11
0
4
22
21
10
18
28
3
29
16
25
1
30
2
18
1
1
1
1
1
1
1
1
1
1
1
1
1
1
1
1
1
1
