300 638
0 162
0 66
0 151
0 298
0 149
0 128
0 237
0 148
1 87
1 261
1 58
2 191
2 231
2 165
2 249
2 298
3 250
3 134
3 115
3 78
3 227
4 116
4 22
4 269
4 150
4 122
4 37
4 6
5 63
6 133
6 264
6 66
6 76
6 222
6 4
7 151
7 111
7 230
8 243
8 58
8 75
8 102
8 46
8 291
8 99
9 94
9 21
9 264
9 24
9 267
9 210
10 99
10 167
10 102
10 137
10 207
10 223
11 243
11 128
11 227
11 117
11 255
12 181
12 123
12 94
12 231
12 99
13 119
13 118
13 37
13 56
14 260
14 95
15 87
15 247
16 32
16 219
16 198
16 222
16 49
16 250
16 30
17 78
17 35
17 73
17 84
18 130
18 209
18 30
18 229
18 119
18 274
18 276
19 106
19 278
19 61
19 65
19 136
20 152
20 39
20 298
20 70
20 74
20 121
20 223
21 111
21 270
21 29
21 194
21 246
21 9
21 189
21 226
21 85
21 31
21 286
21 111
21 236
22 149
22 75
22 153
22 282
22 4
22 52
22 46
22 90
22 203
22 85
23 183
23 148
24 103
24 279
24 9
24 195
24 86
25 274
25 234
25 186
26 76
26 233
26 54
26 70
26 168
27 218
27 131
27 78
28 101
28 64
28 267
28 138
28 293
28 295
29 246
29 21
29 112
29 56
30 18
30 64
30 98
30 16
31 231
31 102
31 127
31 210
31 21
32 16
32 243
32 137
33 242
33 57
33 80
34 233
34 57
34 110
34 144
34 222
35 17
35 216
35 232
35 147
35 123
36 90
36 137
36 95
36 125
37 123
37 171
37 133
37 13
37 4
38 114
38 202
38 295
38 275
38 253
38 225
38 159
38 82
38 166
38 170
39 86
39 85
39 20
39 178
39 148
40 66
40 247
40 165
40 245
40 61
41 89
41 48
42 116
42 78
42 276
43 273
43 231
43 134
43 252
44 104
44 168
45 231
45 239
45 279
46 168
46 195
46 22
46 193
46 8
46 73
46 111
47 179
47 205
47 127
47 63
48 220
48 132
48 57
48 41
48 112
49 202
49 16
49 216
50 264
50 189
50 289
50 88
50 177
50 234
50 197
51 135
51 181
51 91
51 219
52 239
52 121
52 22
52 273
52 67
53 144
53 152
54 277
54 26
54 201
54 224
54 269
55 149
55 153
56 249
56 124
56 193
56 29
56 90
56 192
56 13
56 175
57 48
57 34
57 33
57 281
58 74
58 261
58 8
58 1
59 210
59 201
59 259
59 213
60 240
60 257
61 253
61 40
61 215
61 19
61 97
61 263
61 91
61 201
61 94
62 118
62 90
62 201
62 139
62 244
62 65
63 181
63 5
63 290
63 47
64 28
64 30
65 238
65 19
65 218
65 62
66 40
66 0
66 6
67 197
67 147
67 153
67 122
67 207
67 52
68 202
68 176
69 117
69 140
69 284
69 128
70 244
70 26
70 173
70 20
71 93
71 117
71 293
71 231
71 232
72 178
72 266
73 146
73 17
73 178
73 46
73 197
74 58
74 178
74 139
74 281
74 79
74 281
74 20
74 145
75 22
75 8
75 105
76 190
76 117
76 26
76 6
76 85
76 121
77 218
77 253
77 140
77 170
78 83
78 17
78 258
78 212
78 42
78 3
78 27
79 149
79 257
79 74
79 99
80 117
80 271
80 168
80 33
80 88
80 179
81 270
81 100
82 38
82 138
83 78
83 100
84 201
84 17
85 39
85 21
85 76
85 22
86 115
86 280
86 39
86 24
86 112
87 15
87 266
87 91
87 1
88 233
88 50
88 80
89 274
89 238
89 109
89 41
89 188
89 113
89 148
89 225
89 219
90 94
90 141
90 36
90 62
90 56
90 22
91 87
91 51
91 124
91 61
92 268
92 196
93 71
93 245
93 133
93 156
93 273
94 90
94 181
94 12
94 9
94 251
94 270
94 218
94 61
95 236
95 14
95 36
95 231
96 299
97 175
97 197
97 244
97 61
98 30
98 143
99 10
99 212
99 231
99 107
99 12
99 8
99 145
99 79
100 200
100 83
100 222
100 116
100 81
101 28
102 120
102 10
102 31
102 8
102 121
102 125
103 24
103 192
104 44
105 75
105 121
106 19
106 216
107 230
107 152
107 99
107 183
108 199
108 147
108 260
108 224
108 142
109 89
109 138
109 290
109 136
109 249
110 34
110 240
110 132
111 21
111 199
111 7
111 46
111 21
112 29
112 266
112 48
112 86
113 202
113 89
113 298
114 38
114 125
114 227
114 129
114 133
114 219
115 86
115 296
115 3
115 220
116 244
116 4
116 150
116 42
116 100
116 183
117 80
117 76
117 69
117 71
117 249
117 11
117 142
118 62
118 284
118 13
118 137
119 13
119 281
119 291
119 172
119 200
119 18
120 102
120 205
120 177
121 271
121 52
121 102
121 267
121 76
121 105
121 20
122 278
122 67
122 204
122 269
122 150
122 4
123 12
123 262
123 37
123 182
123 133
123 144
123 35
123 263
124 56
124 194
124 204
124 91
124 237
124 277
125 114
125 102
125 36
127 256
127 209
127 262
127 31
127 47
127 147
127 219
127 136
128 11
128 163
128 0
128 231
128 227
128 69
128 205
129 141
129 198
129 153
129 114
130 18
130 255
131 145
131 27
132 48
132 133
132 167
132 110
133 6
133 37
133 123
133 132
133 114
133 212
133 93
133 164
133 279
134 43
134 3
135 51
135 294
135 221
135 164
135 150
136 109
136 19
136 235
136 127
137 270
137 32
137 36
137 10
137 118
138 229
138 109
138 246
138 28
138 82
139 74
139 62
139 189
139 142
140 243
140 69
140 77
140 182
141 168
141 90
141 255
141 129
141 143
141 203
142 196
142 108
142 139
142 117
143 266
143 270
143 141
143 98
144 53
144 34
144 280
144 123
145 131
145 99
145 277
145 74
145 269
146 73
147 108
147 67
147 35
147 127
148 287
148 192
148 89
148 23
148 266
148 39
148 0
149 79
149 22
149 55
149 152
149 194
149 0
149 208
149 248
149 290
149 237
149 272
150 270
150 116
150 287
150 122
150 4
150 135
151 246
151 0
151 7
152 20
152 204
152 149
152 107
152 299
152 240
152 53
152 254
152 196
152 271
152 271
152 213
153 248
153 67
153 200
153 22
153 55
153 129
155 175
155 255
155 261
156 243
156 158
156 93
157 250
157 218
157 171
157 220
158 156
159 38
159 170
160 193
161 286
162 0
162 245
163 128
163 178
164 203
164 270
164 189
164 212
164 135
164 133
165 178
165 40
165 239
165 2
165 214
166 221
166 284
166 38
167 10
167 172
167 132
167 244
168 141
168 233
168 46
168 80
168 287
168 26
168 44
169 189
170 246
170 285
170 159
170 259
170 77
170 38
171 299
171 214
171 37
171 219
171 157
172 260
172 119
172 167
173 70
173 234
173 249
174 248
174 179
175 250
175 271
175 97
175 155
175 204
175 56
176 68
176 214
177 50
177 120
178 299
178 165
178 234
178 230
178 74
178 39
178 73
178 72
178 163
179 47
179 80
179 174
180 264
181 12
181 94
181 51
181 63
182 219
182 123
182 140
183 276
183 230
183 23
183 116
183 262
183 107
184 207
184 220
186 217
186 25
187 234
187 242
188 243
188 89
189 50
189 190
189 21
189 164
189 139
189 288
189 169
190 76
190 189
190 195
191 2
192 103
192 148
192 56
192 287
193 194
193 202
193 56
193 46
193 229
193 160
194 193
194 124
194 21
194 149
195 273
195 46
195 190
195 24
196 142
196 92
196 227
196 152
197 269
197 67
197 97
197 73
197 50
198 129
198 16
198 209
198 275
199 108
199 111
200 282
200 100
200 252
200 285
200 153
200 119
200 215
201 299
201 210
201 62
201 84
201 59
201 54
201 61
201 271
202 113
202 193
202 38
202 68
202 49
202 245
203 164
203 22
203 141
204 152
204 122
204 124
204 175
204 276
205 249
205 120
205 227
205 47
205 128
206 290
206 222
207 10
207 184
207 67
208 149
208 262
208 290
209 18
209 127
209 238
209 198
210 201
210 59
210 250
210 31
210 9
210 278
210 281
211 214
212 251
212 78
212 99
212 164
212 133
213 247
213 261
213 284
213 59
213 152
214 171
214 211
214 165
214 176
215 255
215 61
215 200
216 234
216 243
216 35
216 106
216 49
217 186
217 286
218 282
218 77
218 157
218 27
218 225
218 94
218 65
219 182
219 16
219 171
219 114
219 240
219 127
219 89
219 51
220 48
220 157
220 282
220 115
220 184
221 166
221 245
221 135
222 280
222 100
222 34
222 16
222 206
222 6
223 226
223 229
223 10
223 20
224 108
224 231
224 293
224 54
225 38
225 218
225 89
225 281
226 223
226 21
226 264
227 205
227 11
227 196
227 114
227 128
227 3
227 294
229 138
229 223
229 18
229 193
230 107
230 183
230 178
230 7
231 12
231 31
231 45
231 43
231 224
231 2
231 99
231 128
231 95
231 71
232 253
232 35
232 71
233 34
233 26
233 88
233 168
234 187
234 216
234 178
234 173
234 50
234 25
235 260
235 136
236 95
236 21
237 287
237 266
237 0
237 124
237 149
238 89
238 65
238 209
239 52
239 165
239 45
239 263
240 152
240 241
240 60
240 219
240 110
241 240
241 294
242 258
242 33
242 187
242 267
242 249
243 11
243 216
243 8
243 140
243 188
243 32
243 156
243 288
244 70
244 116
244 97
244 62
244 167
245 221
245 40
245 265
245 93
245 162
245 202
246 29
246 151
246 170
246 21
246 138
247 213
247 40
247 15
248 174
248 153
248 262
248 149
249 56
249 205
249 2
249 117
249 173
249 109
249 242
250 157
250 175
250 210
250 3
250 16
251 212
251 94
252 297
252 200
252 43
253 61
253 232
253 77
253 38
253 284
254 152
255 141
255 215
255 155
255 130
255 271
255 11
256 127
257 271
257 79
257 60
258 242
258 78
258 296
259 290
259 59
259 170
259 279
260 108
260 14
260 172
260 235
261 213
261 58
261 1
261 155
262 248
262 123
262 127
262 208
262 183
263 61
263 239
263 123
264 50
264 6
264 180
264 9
264 271
264 226
265 245
266 87
266 143
266 272
266 237
266 266
266 266
266 112
266 148
266 72
267 28
267 121
267 9
267 242
268 92
269 197
269 122
269 4
269 54
269 145
270 137
270 21
270 150
270 164
270 143
270 94
270 81
271 121
271 257
271 175
271 80
271 264
271 255
271 152
271 201
271 152
272 291
272 266
272 149
273 43
273 195
273 52
273 93
274 89
274 25
274 18
275 283
275 38
275 198
276 183
276 204
276 42
276 18
277 54
277 145
277 124
278 122
278 19
278 210
279 24
279 259
279 133
279 45
280 222
280 86
280 144
281 119
281 74
281 74
281 57
281 225
281 210
282 200
282 218
282 22
282 220
283 275
283 283
283 283
284 166
284 118
284 69
284 213
284 253
284 285
284 294
285 200
285 170
285 284
286 161
286 217
286 21
287 237
287 150
287 148
287 168
287 192
288 189
288 243
289 50
290 109
290 206
290 259
290 63
290 149
290 208
291 272
291 119
291 8
293 71
293 224
293 28
294 135
294 241
294 284
294 227
295 38
295 28
296 115
296 258
297 252
298 0
298 20
298 2
298 113
299 201
299 178
299 171
299 152
299 96
9
53
111
22
268
123
8
194
77
266
12
154
270
186
7
168
231
216
104
89
5
26
265
12
2147483647
2
4
1
2
2
2
4
2
4
3
4
