1000
867670
2662
830750
224487
856473
787872
432324
508177
357460
209230
469221
731078
674616
51312
535398
434941
735372
848319
82183
940372
568157
961363
149083
197060
962946
961892
337248
75958
128331
68653
444607
132206
708358
552620
874593
166054
261421
830022
744939
899318
567407
501576
616856
465582
619609
776137
628466
716550
628961
524843
69229
695341
819599
941504
892320
71933
914185
524169
655072
241616
614713
48089
453755
809068
13661
84696
458126
773721
228074
992803
329796
505044
570014
784081
18731
774364
700961
260689
339956
126441
93975
851119
638343
16508
179013
609909
974465
11409
279069
524334
128587
569906
692519
281862
587544
715366
650894
901901
621499
957446
860293
804378
837666
498095
116692
813452
595507
724819
214403
635948
618817
682602
874593
37230
1131
654279
317873
458006
407377
672133
309682
943288
971124
969056
821770
153047
504617
173279
104270
500911
868794
798383
397040
123087
90073
502860
559046
422237
437762
95256
117747
244221
546988
959374
683316
365005
337579
464080
844553
492872
378853
303708
212285
328970
866030
462557
864916
330994
951171
845406
101329
222499
344160
817369
835297
408037
337150
977838
444711
728106
794157
49583
40805
57450
425865
864280
923268
4783
9756
112476
698240
364781
708560
999514
185842
131529
982927
682734
600123
71546
290745
761188
575690
539277
874817
586824
559691
524610
958117
835673
594093
193876
489287
139932
577421
65878
606573
931276
715844
242297
95058
677486
256970
155306
290470
252227
459525
662040
39849
399639
871218
547859
910367
632567
871471
820688
106417
656832
400546
695881
986464
336913
792266
920385
840102
993506
19680
182693
67499
447086
942825
217230
268257
139660
424859
927524
878076
490460
136425
383900
54993
637788
665197
862433
114058
389978
62001
382481
956228
112068
116890
407198
299781
155931
27186
691989
256733
712902
308817
119035
670232
28547
888166
751763
35804
734648
851687
485821
405158
305640
585299
631545
784604
991745
695584
769608
565646
171089
313991
497075
125965
639129
373288
973029
732392
753274
179546
179
956352
509708
140883
389436
777223
778318
665329
461868
318937
294647
648035
734298
649334
241771
89463
727249
79388
333321
560512
301292
29629
13537
333283
139355
546914
126595
592574
187778
950748
50995
807990
107264
394146
567928
158300
254925
482444
629971
276988
507644
258219
418637
814529
375584
365763
791785
43720
107019
410726
881145
824895
848433
530541
902285
954170
144300
270230
259142
269714
508057
120821
185480
967738
637215
258264
42574
812511
116688
687420
820503
74747
240871
497701
598782
454071
691889
829022
924071
957499
713737
700941
47381
160979
145724
294002
619097
326655
747211
805884
193445
841431
318926
887304
210431
575513
788341
214583
935249
279825
76330
855658
748445
655011
942546
723229
208333
476152
150131
296093
881000
940611
464816
937831
712225
478383
999471
688031
364874
214567
986715
455850
711782
755329
829701
210216
328283
775176
491365
633681
941382
113764
364927
448939
763177
867432
875873
65893
962047
371576
56585
975635
860465
93333
52515
478791
242849
530759
82223
331592
831267
826214
326849
95922
6475
291012
955618
349802
169889
849658
672980
198459
821617
950606
873267
336338
307135
579646
494647
792338
172696
544684
551958
754837
583876
764645
687942
819072
940120
610063
19616
301506
848936
821295
887200
886377
778521
998933
345417
388705
988179
231716
562918
363145
712150
918722
165354
590771
185444
201752
934393
376568
996444
297734
721408
563382
263527
263847
759487
853416
295179
619324
347751
957536
66845
850359
277661
463971
679635
374886
460190
287969
318328
962874
41086
307407
795704
35700
527689
389091
541275
934379
306058
891308
572431
209276
946857
11339
423709
956686
402223
216273
542974
298432
442662
931255
855367
786866
459484
128180
421311
315757
732742
480319
813521
734832
962816
160097
205788
923736
985458
365109
991336
580266
559887
748159
569460
811840
406967
467943
539435
331215
14460
82705
640116
344785
254914
118618
429736
459091
858112
894320
325407
516573
843619
644430
383715
477177
171345
234451
546310
29154
838154
386302
499792
373770
184555
724616
561488
114568
917517
192286
659731
866397
685258
531514
23347
588833
499935
385373
491655
525583
985965
639019
443640
361386
914138
787554
444595
913098
422997
81976
709882
513030
325622
946961
314198
759423
672707
888922
941031
359751
239567
741381
299483
419501
503676
950817
275965
129894
169826
341589
509477
948570
637128
530809
118606
788168
45007
123600
116676
824918
417839
8742
893244
260409
100952
952323
770686
90301
592826
779081
595965
755121
858848
913775
250439
30707
393463
358682
476759
75924
500909
279957
803976
610919
337269
134829
309924
484011
673831
906732
469211
575058
324803
377648
780559
527917
415574
21030
644812
857207
558325
28776
124245
309243
683878
486897
307929
984866
665951
929721
169477
694493
295462
183218
599731
916587
750999
253597
583936
668807
631044
249737
165179
500338
510390
954857
603704
226328
176594
760337
208133
419426
737559
214733
779316
708055
764356
104414
753239
486703
745559
822290
334922
69622
601071
313598
234922
116378
213651
860123
548388
627473
309067
610491
765544
529001
16556
558566
625147
357869
618226
141397
510316
135473
810117
85578
600606
327227
379230
342858
366148
109518
129859
727993
532652
816980
358638
518544
271346
166247
547532
512381
401621
477820
268257
295895
852838
540268
438408
588411
177692
990368
878168
651080
883333
962713
947683
659317
78487
703898
595992
379210
644069
726514
326024
754497
594349
821290
858949
85754
795534
696455
708262
631189
894038
523452
86888
404976
297657
691887
551087
20733
159519
484262
737130
641982
958612
685902
175764
571488
69731
242344
814102
33969
518652
797392
250761
63360
905042
901292
651546
183696
267266
62317
748295
259448
502189
842309
164294
116506
409894
293989
107524
284478
922567
805489
714250
73418
586142
869315
407164
357344
894597
731865
779644
186260
377103
686620
959467
259400
334110
13262
262159
531302
362962
87567
290384
397370
367964
205515
637213
88746
683824
200003
228780
439442
681625
378679
809310
770752
782886
568621
241856
952009
939138
713057
936942
211590
64610
689802
387922
51439
688727
480196
944202
522322
915523
209438
703784
557423
64872
421186
380115
883571
460636
743869
769034
915023
898521
255147
633545
75701
1393
733632
373188
157359
86302
238069
349520
824347
511607
640781
455905
697287
268031
759554
624366
611557
947160
479889
724977
575147
129429
623007
118730
600842
701165
776070
175043
2248
670666
690369
638190
727548
395009
789040
473067
843238
684957
766663
539782
746728
87444
423065
85245
236453
554203
556797
882270
737525
184213
452186
846543
123330
386918
565525
980392
177410
28903
598803
32826
840913
382130
618029
378803
939114
985052
651312
585369
468225
249602
38029
218164
429569
480764
800356
743305
474397
971567
706407
255040
908885
279423
276462
732327
318535
427809
798807
353807
837871
628494
415343
