1000
542467
758099
220111
628767
694981
400038
382484
893774
508664
437191
986820
853203
408907
198038
555528
501753
481192
152182
849121
495207
730420
634978
504635
842946
740852
751015
68444
251904
838413
365058
255031
629002
155556
422998
605661
593165
53732
278154
347539
14302
781277
634301
862974
11975
832970
530599
602043
382835
327211
106509
164939
935601
606929
23840
113451
314856
198840
223411
132226
117592
766158
770199
331572
533896
569490
565526
727188
598674
955160
51912
328438
908999
45033
657300
598178
782400
515782
342471
142820
328194
528717
232522
94656
720845
124597
332483
587330
324353
817076
783691
495732
92014
536448
619143
169066
331319
289265
575397
205431
763233
117765
778997
971778
827454
230078
465057
383346
306352
7206
379403
928966
771100
601458
657794
169346
917037
439429
79199
135812
458498
763851
337090
718005
8821
266886
926181
614299
755913
399205
487449
166154
277039
568528
67877
323642
919925
755521
70264
709684
69068
914956
647303
54567
773364
435327
184263
25751
703174
164
663561
415669
456797
778083
532781
605513
733666
277636
220996
86155
392179
556115
903366
206930
665584
600348
425836
100452
822178
334230
843564
300844
4231
228124
732367
859209
189950
570454
770352
121795
442635
573942
497299
304792
403528
765663
422687
692533
908201
122592
125817
617152
793386
918365
825919
813202
232407
13966
957534
754178
279736
796193
253393
249948
759830
491451
198070
674801
697454
280156
985806
772296
929202
107233
931473
308658
444854
736226
172204
764603
947774
178683
684120
290045
917025
916264
846296
449102
30937
837130
90511
335385
553386
574150
208507
626570
833901
375949
735442
191203
617593
784310
533943
213996
974572
255047
473945
151879
158107
273106
113705
42977
8852
600572
960694
967941
357004
442009
113126
32138
950634
197427
716627
216045
994927
658730
65151
575993
1856
289589
292086
215202
735377
14854
550399
539826
588656
581900
32062
616795
831403
441810
851945
59307
922719
702661
40421
837725
114399
848210
818108
664395
495741
868590
778685
315841
273336
215855
942577
855726
933826
613271
19893
819380
912300
282802
165497
113438
468656
209045
118611
756465
75291
584518
97793
478747
935381
288250
520442
475912
459278
13177
914287
329364
965767
257886
371107
515291
869306
771770
317667
478763
718055
911449
783268
145947
661501
562780
326777
820277
211745
420869
893678
649038
664861
167570
684676
744119
995496
340608
662664
433484
232974
18544
801874
616362
910332
197799
285783
441533
252906
929520
58732
277750
90661
218972
322520
502364
485240
711786
303380
446074
222070
168513
6241
944758
295655
514969
731590
701186
234061
177530
392485
506667
110609
573533
730361
57743
665615
695150
941167
859180
100667
653043
91229
477779
989678
368006
559523
948411
239761
207358
515997
793777
308644
343340
238978
823533
119084
496769
21532
430529
671991
549581
474212
75754
533005
920738
299001
42761
387189
870039
371005
81003
6497
729897
986316
771844
429943
325755
591258
502075
262460
16190
466920
378847
624735
104235
632675
490423
60832
201581
526489
642294
537691
103709
598104
482701
918965
37605
575461
729755
262562
466693
145366
434624
68496
703476
214029
953999
22387
154014
243857
607969
428334
302284
577418
412039
167323
621922
217625
303703
533239
465857
115154
277543
681709
241485
29655
156632
579645
352136
763794
600394
318217
488733
220494
167277
871484
885753
450099
407991
494039
946836
379932
224562
99545
781902
641558
425965
199819
458868
290040
153426
381605
34465
472602
90712
313952
538945
817651
32847
11417
205233
72339
946840
824607
406338
720953
988343
123417
68445
351186
768065
303383
840960
250063
722991
906163
499815
56545
58325
685795
686341
909908
407148
740831
479921
169989
20427
190825
913886
433665
915957
341758
827267
679996
582731
779287
520537
814123
82658
942236
118467
449150
402543
641958
520711
597566
502815
518127
703290
865726
126084
613273
284219
264001
557097
93271
720213
364456
57798
255740
805704
35734
718287
506462
93985
287970
3431
471654
448454
386168
147122
829304
788174
128205
618631
727545
410125
291068
772164
568513
686445
381890
241853
493535
663479
832082
983564
302339
844337
779862
837644
566028
815266
647108
799009
325167
280305
286232
90222
740288
602156
228595
479850
424096
638820
8528
526477
320068
712373
710367
44836
313309
634211
204992
721220
488873
602271
418269
452443
781910
536426
801380
210849
254990
128401
24608
956526
628324
560726
87219
492710
697433
402927
287922
125327
363722
335399
608989
369731
594490
652771
725497
383553
795320
502079
434636
646749
492845
206551
50997
630872
641476
872994
236453
637770
911158
981176
762174
37948
380593
154804
492486
457042
695140
70900
680647
490341
858282
767293
285511
319151
269136
150844
330976
425567
646468
895463
48059
575757
643229
284290
133677
402440
65217
38910
771374
497354
182007
523260
763889
38285
339338
441263
742949
750582
242198
437534
836744
466864
469170
23945
546659
765396
960186
695971
840550
925508
172215
468478
636384
535575
303853
326021
463962
749550
536002
96354
643281
184613
572870
559552
468559
882150
578723
462442
183845
712279
679074
13330
55623
738291
152279
647279
612164
689334
504171
521277
998752
276786
329092
420456
273680
48127
642643
284483
183569
788176
842361
639794
942373
254624
921239
206249
214827
211530
294193
364683
482458
686904
770941
12980
379929
396404
758862
771858
734206
917082
826776
595566
358626
484846
49759
282953
227934
507402
482305
509665
302372
49648
446748
307731
547771
158654
419101
72346
586776
405119
309030
98229
42326
264861
124123
86695
241555
323445
95626
25432
408806
936195
328692
978905
125312
118972
591996
968005
837534
167995
812651
613762
931048
234963
218526
23847
406186
673987
474189
192056
383724
505607
279544
183884
421167
873163
938864
656144
712903
303162
278975
317220
382672
727413
850485
767331
462030
748640
6288
688640
615205
224918
190023
229899
957169
379644
815667
833299
797059
958579
570202
64422
374265
927591
347610
641076
527033
590213
618223
276690
464970
576841
164833
386586
902990
575797
89101
597423
32992
227613
274509
460766
680966
798815
569415
896992
913491
360305
561999
17468
358748
135891
351482
411145
387092
557091
328320
564433
269127
795407
262349
702354
559599
932068
105316
239454
279030
282950
691504
223650
655881
175161
116265
26371
906198
881627
736287
838372
838754
393524
103974
385604
846472
602662
935583
557957
153361
180735
763230
861767
437805
689709
986173
493427
785036
785553
231932
861460
817500
103916
767251
8415
609503
690550
786455
423507
573197
105668
670331
297969
909130
235949
263185
487772
899568
254077
599613
838661
208446
835753
575162
104640
585636
57076
261401
858356
478546
196446
818848
971603
405291
980074
197450
18293
682904
704011
395826
966032
89017
990122
815114
976982
735927
348375
173509
4331
272117
686665
992213
973698
340261
726995
847118
735315
486455
888678
521962
687546
755627
176637
619750
-710
