1000
804199
895517
869720
476972
170261
314311
208919
530138
889417
741575
649822
929802
249539
389914
391546
728322
458132
645734
821006
394217
39080
373147
351520
25466
203622
68005
38029
876100
798256
675467
383837
696283
937477
455399
411441
943967
543686
546690
515993
942694
218838
473483
305666
438217
489818
201460
201741
321864
581855
406122
815226
613211
105307
120943
199555
9174
443532
525013
690181
149943
732925
554712
720601
898575
840935
262297
991554
617291
149172
220403
470206
849311
840543
631676
725439
198606
335159
131994
63092
168280
972481
248703
569664
765439
758589
600450
729420
678264
950465
504219
214520
311723
223490
682427
982572
823527
636722
478406
758477
896806
110147
573102
697996
414199
980681
507565
552216
425998
929597
184991
449203
608036
449053
758009
308834
268492
777009
12650
419902
780820
579497
221900
566376
762836
362403
570439
348954
495766
973064
819139
132952
507745
276438
735303
8324
156004
925432
863667
728849
969020
483217
471638
258960
764706
310551
183405
285542
55412
239388
843065
801375
192670
141993
74875
614299
975973
442051
606287
49318
998352
773967
484258
202086
872883
254737
394834
680941
193177
958864
990241
199471
657933
885142
463124
434829
565893
376275
292910
673231
310380
409697
893380
94769
874379
691811
28605
622996
520787
217734
892136
484949
264713
201961
464506
159931
389006
665
987362
826122
122570
883893
667531
674740
505333
535601
658862
571759
868993
593846
277201
55650
914215
694245
422623
662137
77645
552956
363557
605528
715025
809682
854183
728043
297269
666940
285661
536412
735079
190994
416461
394206
796331
704651
324486
6438
246631
236997
314358
127674
564427
760418
158185
732386
308827
60620
492574
526970
575642
706584
554375
770217
584468
404168
848030
428012
587273
276971
807967
374668
888497
543007
267046
223918
732016
375607
815653
76745
184152
271351
552321
624562
5717
746108
894922
236179
424313
143865
873685
320570
724517
370395
990968
189645
513744
659086
887394
95644
477687
786137
234068
164047
820193
659301
32000
191422
839246
810203
329148
264159
952764
373227
951651
869402
417045
928744
797897
666105
639480
749008
220632
232763
385314
806570
316044
597064
107833
843208
852423
376126
210933
369900
237713
270569
316075
205255
413936
463570
910392
956252
814688
940462
654534
117956
36016
231095
823870
967306
804153
134424
870410
557174
742971
839618
709765
34663
120917
953948
391618
647193
952161
150871
436022
995591
431786
155743
960963
932074
574730
368237
780641
967327
157157
126073
685995
590886
887484
937229
830212
466566
995374
160117
496228
678991
629074
549971
400963
93176
806825
112271
474848
408166
601219
562795
916910
620430
244529
60148
830620
810481
525603
270740
448319
604422
353885
45637
163359
955574
561626
361440
886299
915009
395069
561620
60089
444286
95984
314482
256142
336895
255452
796964
751366
326162
34243
419454
602129
501028
298621
377260
764523
428225
850509
681803
152005
217271
437471
391061
393173
433816
464160
945076
468279
448541
721274
361655
807358
104487
610795
535266
635292
184801
148609
35935
596457
94146
367284
101395
59155
650543
649375
171916
412131
334717
668189
273494
956968
923220
820540
99245
522690
988399
307041
527692
264653
952895
705784
223972
868199
189551
607125
689000
793632
452803
97132
106501
918589
683418
331561
201199
655593
701650
493101
807255
310841
394762
411174
159417
978266
816706
451466
641041
752026
515807
444336
246445
725711
540876
467019
287710
506279
744890
634755
699656
107214
653383
690
347609
372790
379069
68600
765846
556038
753649
767291
101841
253793
958604
810750
664631
433297
408998
457437
406662
111568
323406
107682
524187
103347
688422
933063
599081
750260
353643
808137
508358
162394
847379
602342
357663
297607
36239
983283
786124
629277
43632
188252
824190
722062
459302
247928
745365
814656
229347
16711
216782
382937
18461
250444
11994
951980
974451
318337
6090
738559
457191
269820
778405
287480
429961
339420
287068
895460
619125
207343
191253
589412
732595
795044
37603
541301
22652
244967
414807
506906
427484
169183
217520
617896
132595
193344
71341
21742
832341
715853
519747
545023
879249
403694
26347
366493
534159
970921
901906
652931
829970
702528
123252
949199
548318
250983
847811
668170
406323
904673
916801
458261
733751
921526
613677
251763
772529
878803
825177
580077
905201
63230
269146
423526
328078
95860
691994
611451
917640
239584
709640
455382
700684
261626
814638
370832
896021
265914
517282
619456
853423
875768
774806
812517
740694
905122
105995
782059
973566
926745
232290
805470
510892
387816
792211
795112
4161
294369
699894
165832
754455
604822
888639
974226
176324
345393
164103
247196
407548
292401
400581
129100
471507
396865
654171
628604
705823
583287
232077
623431
563003
815462
148812
478771
612713
941920
534769
588667
185999
485771
992453
633847
171682
846814
279741
650410
661216
817337
366467
647848
507383
244575
860847
415202
911555
801105
616020
429584
675829
658439
574839
429689
660879
347597
413019
164898
965259
2681
103544
775057
339611
601349
5449
957244
978444
257805
279748
597715
7876
834534
822373
109927
802730
621720
941924
125877
506980
550330
184453
2771
935739
126697
31246
722934
370524
241188
80786
404702
667832
78407
276524
771166
402378
291106
664264
185227
270648
319030
600731
69569
599379
250763
585906
146637
104889
458289
505256
927802
876122
828049
256306
996603
943063
270766
726548
891698
910214
71230
971766
200987
540178
361311
799953
37400
976128
45688
224388
108249
260812
252269
29379
747559
841842
306494
575599
731470
692936
456637
155136
806309
403016
145578
307870
637819
652268
463788
472463
463456
50
205486
46091
129165
291327
4948
779180
610481
629152
849561
763457
850328
271019
736903
150274
142522
70468
602257
872413
401886
725051
233616
177775
942761
599891
892504
542286
408903
611678
976887
158275
844277
820740
156234
444629
258408
92514
229819
85056
215261
754638
100378
484869
194430
114489
436183
905691
399086
610990
940634
166659
371441
441207
233535
621561
852539
27806
547505
301190
747732
581521
983202
947507
849188
31391
24356
425176
566625
845087
188263
674322
409937
890863
961488
25746
448126
254746
172658
668370
114678
672915
484331
873635
843132
931742
918493
38307
649359
902798
800776
384330
740180
22505
565633
244003
19810
424615
228561
994903
780394
368857
657517
540004
761217
728615
660493
772717
525964
575410
527274
248940
111047
816408
815577
463619
716722
279061
526975
300271
373976
907334
173296
51677
351293
327561
921065
12631
896227
222401
777893
373335
192377
932598
524767
510396
569249
31321
606502
149338
637532
58405
342358
318188
154837
283680
729848
813412
464583
265217
77112
78179
678155
203627
325695
646085
616705
669399
182765
869395
657883
394833
58292
249692
903681
57817
518612
128989
106148
660650
486126
296861
577763
719959
426248
731286
663379
485776
930908
870349
114095
321796
519965
427715
23964
456033
700423
734916
856278
999154
