1000
77768
673295
202244
100760
146150
149839
869877
950928
509336
264307
232965
611748
604108
543420
425225
733781
959347
214853
417498
805687
28554
763421
427622
709150
437683
753734
444768
338533
808705
443145
282135
31578
184275
734196
544357
185865
768983
238834
264126
714084
119920
533573
718440
839692
671474
846818
723145
487870
37066
125288
679324
189853
909883
482175
758014
302615
826115
833225
707237
98103
145564
190024
255471
151111
147806
943564
743064
956000
596545
801238
183558
566544
155137
685967
962559
808166
405082
324254
785594
816028
746611
235242
527123
801442
363735
577580
602519
250499
795742
940847
701759
997942
692522
249383
511226
900740
861645
415724
47395
508240
60488
875217
113298
519688
135279
753893
362702
583719
893864
80902
89952
306148
551954
600540
483651
742586
22401
987513
477687
460053
988008
73931
510132
248790
785488
12476
631484
3139
497028
205350
509385
19534
328847
677686
787494
553792
520541
607388
483290
243138
408191
624812
872895
160264
456074
32596
262064
856411
545311
85242
122464
956673
486340
970162
830024
211850
25329
723097
243832
488570
529896
755985
172815
334606
784827
886809
348870
437997
457777
736391
378150
449260
509379
919717
635482
907134
996545
984230
778271
225783
786514
236163
104855
708091
7640
932151
11645
977543
519282
795155
158579
242139
75355
982206
926392
36483
416560
133901
609013
834113
303118
778555
103990
981017
342105
915717
864310
863353
903386
292901
887955
509250
38400
173224
785760
988855
707847
203054
418073
827905
503222
315518
429425
654172
402498
982020
494664
323234
186704
956008
831097
99058
695000
952651
585039
83453
956581
979552
932567
666605
259129
203045
393872
503153
799117
351101
806975
59625
892469
216812
360479
651499
537570
578990
308342
213616
626114
899252
478915
498143
763970
728956
227796
887475
304947
819276
283252
26699
362698
449930
897024
139214
804802
729467
261466
737144
34460
570006
34487
706886
341190
497540
840660
536314
535002
743159
156614
368075
578749
96036
601198
102573
201768
224606
916234
34744
753219
947152
670633
328311
32173
863511
540343
256528
264472
299834
104758
452491
643346
127303
960526
195584
86494
917195
319419
988130
8961
482669
119268
228770
990488
344487
481996
244033
109606
501410
555425
593013
71404
4846
23474
406583
165361
985819
178494
412903
299361
705526
945959
293661
188818
304163
77254
147597
773665
987924
808600
555798
506811
410531
886485
509415
169208
328466
202785
50574
26337
99036
571547
278431
911634
529143
567764
995325
922427
447401
229850
694408
447808
847940
729010
899043
28865
216512
741923
153248
893043
192563
636143
16587
329197
302639
702045
989904
184767
229944
238705
836745
966013
951840
902206
5992
851801
282370
815698
120446
935534
701271
614799
63590
792921
309496
943321
655888
647362
648176
464619
472173
175417
735357
724100
804916
499451
769188
393344
501328
906515
10990
823297
912230
263709
90050
426636
868294
767526
286368
351472
576365
170927
101943
400672
518260
485264
138340
230370
870746
286714
215625
171104
885481
957781
781765
834012
328199
822984
82133
230209
533915
512022
460231
68884
487577
815973
576150
914889
620140
12699
863655
840882
644095
235553
658591
179090
711401
640393
170335
35088
522354
525900
933149
502727
669958
999660
831072
292538
264437
392952
547671
223525
399013
561710
287767
649839
869781
268410
359792
597563
705166
19613
486058
875741
276456
419113
687777
917546
446966
476968
754042
625640
626255
833181
691393
444260
723578
916962
283745
939171
295989
153200
2047
285360
432226
832126
951859
143380
173199
212352
138979
901668
271968
256720
401598
140212
41307
729706
944082
281769
185872
829714
274635
288813
501987
809488
652681
54203
231288
517339
854172
783129
406841
809364
819679
410662
332358
296873
246638
449609
869370
99738
786949
29065
732246
155032
363190
346555
466509
148553
584902
497750
944236
1065
15398
312035
201059
890122
977929
588431
645619
720380
178150
398690
517942
346311
626380
556938
927046
866197
876316
352721
270411
846957
850728
28078
693989
744986
423015
74551
175602
329258
325713
364404
169084
373202
138269
206414
386562
540911
535765
660902
593122
59175
618578
866178
333216
442798
459482
192674
237717
306916
921234
226865
400374
542428
870114
60503
567488
974520
828708
798571
490621
130608
364103
158726
71734
489585
296326
200050
759093
657954
459585
699586
546550
472385
429429
582203
811050
427052
600349
961968
356775
339260
323108
850475
930991
875852
513605
965575
128154
574103
665089
785627
178467
77567
814396
77137
807821
217002
201781
390612
614192
363719
523296
635688
586404
873903
954402
550163
944584
711334
468264
501561
107760
463104
131301
332549
178345
802016
403942
444483
490537
602972
401491
344588
827928
975932
107268
830936
762165
56994
793213
298999
782567
424963
110280
306331
764705
13011
314670
23629
363696
152959
121297
53952
615844
477460
866409
663747
490969
697341
375065
214799
686305
156777
315437
815552
304847
135051
899955
614433
131234
923323
391026
984160
250893
616058
419275
992417
139871
46739
164011
793518
369684
927004
753131
905867
46839
696668
677572
895783
600754
849094
222450
301807
235188
174692
207460
910397
707133
776911
853340
710830
512329
134234
33897
108050
230807
318607
67263
800764
962900
468113
704112
599224
53289
939936
411337
400796
321950
376187
2635
978359
169065
535456
532037
495975
221783
440623
606731
858887
692246
889773
919637
568901
437532
321700
738037
45393
777656
1063
707254
148721
436531
99442
545230
765297
780002
656816
129857
293240
99147
835095
54738
158966
139058
340143
584293
783802
783551
618480
718774
840544
493837
915336
595056
452007
848977
39099
872043
943585
988261
254757
395909
93059
109360
637723
147164
60188
307764
887664
897381
349987
985012
788179
909868
40233
54272
508822
591592
977517
817247
579657
282234
222094
990743
200581
101314
590619
453467
416708
585374
827398
683026
455213
976064
695928
424704
199663
170987
166078
657491
118211
843722
136480
693068
309331
322733
716498
150728
638201
174241
801796
416683
666464
396650
727828
497832
28423
564831
358116
214638
352100
803363
137477
699762
947173
307195
816850
969813
804369
411089
919834
648691
381581
425604
468469
432583
200763
659946
666039
127870
923261
718883
277443
77975
862231
448603
186615
896627
249523
92059
982789
462846
330109
145036
346337
122810
691374
896330
909078
167269
986471
572577
648692
835079
863667
863143
434276
694810
731887
77878
559004
980437
89990
812035
463981
185175
766548
270496
342649
200365
976556
391562
799491
822464
745013
152752
8159
607518
49519
376897
209288
830243
346899
825200
760720
392707
860121
314119
180466
236983
431187
268773
886403
90946
566135
137750
982855
230687
91642
783245
275552
909769
494103
808576
70178
724198
917678
797472
886082
254481
612746
2484
95148
127235
103291
359249
11763
22557
819874
625976
202723
529172
796811
65996
53874
964857
206644
548526
997653
316068
318
