100
34598
647573
524040
848411
850351
355033
904176
838101
434479
667825
364567
150593
331213
296701
406374
178448
321410
560561
287896
267639
684546
698039
479089
826462
555586
135151
849566
536689
851370
750934
380074
806741
679001
447236
893211
317237
996111
450959
185767
769146
136700
235277
653014
244697
564194
579191
259573
462214
895913
441770
828916
633286
919359
389703
771869
839202
655081
864953
336241
985975
431595
843414
446689
836651
783504
626591
92006
827450
939735
123682
623037
27374
670202
273791
797442
966317
261596
867911
348072
773868
63694
717056
210387
736001
889917
247109
522258
102999
450812
69770
563836
806395
879082
945406
220070
877203
263168
601865
605950
597229
26630
