100
419357
490835
359210
950425
363102
873536
929595
415733
20260
633198
31897
765217
815586
135889
299215
674207
539994
157547
361789
159187
412822
19708
880676
47430
146753
165845
379217
55495
599266
200587
600164
251051
810230
638086
705276
331190
603626
525689
193602
116178
22706
414892
961678
59132
215177
411637
589881
769022
363333
550469
209984
614422
790806
580126
337297
339446
438619
200482
806070
662565
746720
743495
850843
899395
159864
706407
703869
35561
346676
105268
943473
247343
126909
646345
247375
541383
921171
683803
645689
144454
574370
755278
674187
432259
331326
519460
572065
293528
547004
114320
193087
851590
451436
532457
243041
915381
975222
672442
938016
368536
516548
