1000
68925
12918
291888
809738
446102
345895
797754
530220
683675
708450
787804
182205
466174
810312
985392
675778
760103
94030
662431
723955
773549
950941
716788
474847
598529
315914
115596
559676
539754
913645
39210
462031
994666
177952
773351
892148
466048
642646
151814
321227
440007
212757
489702
417407
25148
264529
450960
866868
402781
127079
154224
381644
717100
306163
578977
699350
710226
308046
145825
347797
839841
457575
507620
558632
208818
688188
499524
268571
291629
223862
492949
935049
713511
825567
111575
645931
943142
85633
823173
563650
634176
565916
501642
654685
649185
25539
565843
251719
912298
842899
316223
317777
158327
191569
751027
524599
204985
262367
528395
618162
782402
343515
674923
371546
941408
583637
426867
858101
639520
83626
365137
351200
754804
454657
90416
727704
258735
354
380494
910630
408108
477230
432107
630565
96079
748287
477597
795313
5283
749276
653121
417134
922467
205785
84235
539058
796436
68041
388543
200528
765071
30881
678585
40258
511453
555819
258470
493554
813882
495907
544021
969829
410428
562610
289256
940100
542413
363460
706340
94601
956180
980936
285736
530626
759155
84036
168251
881925
900201
224082
727742
350641
292502
148218
391232
364188
126047
841325
394800
31070
380584
614428
605677
714105
80062
857203
607354
98660
390615
990774
674381
523186
909488
340342
853830
335396
467862
566575
213821
849480
906177
556673
533556
762827
455962
993162
203052
21730
325854
248860
36691
66321
456538
853792
245530
967383
868566
482054
175205
604726
973390
944552
941340
929250
537243
654778
517407
696902
408753
893040
693078
569709
570305
926701
39397
978963
117887
616098
164095
36297
116862
987531
223442
224575
918839
529666
11424
389361
588648
218431
360878
855345
476441
779373
825108
623053
97145
287337
496821
575324
531624
835801
827017
76970
322062
559335
37654
614333
566632
856985
442046
781188
172963
429007
135857
134939
386912
744408
948418
327933
470424
953456
121048
657351
424793
311962
969339
635301
619311
488598
106446
485979
968862
221056
330716
64498
110538
653317
853770
989693
774138
106178
837676
772295
353841
227835
574004
907482
899196
703028
444294
165422
396298
81264
120551
157549
663605
716483
144211
672415
419679
881110
464813
523255
845751
478583
147409
256377
12635
783962
14022
987782
437208
140401
175567
322950
773260
896419
269792
946672
390637
575916
902126
442617
23586
150544
187615
770134
960783
827517
760673
582832
707694
367548
975894
304356
376984
347539
593133
238899
920036
874427
472716
941517
609638
422841
508137
770037
708633
674588
907000
588241
196503
323090
145279
607440
765636
336806
428357
268344
104075
65498
134313
651019
36992
622621
774286
345749
147813
545513
392116
558549
537352
444347
467682
393797
634313
511088
227647
144008
962874
304761
106945
686832
775263
901691
133116
574120
497172
644677
676956
356996
38222
537135
913646
722660
595642
943243
654104
71999
132353
691723
573673
181265
491757
426735
647755
790883
600741
347432
377045
442868
969428
134414
605245
830849
777896
16763
925483
292534
183543
322
121448
663985
594683
274639
741685
386479
594110
198813
445432
126485
543697
128078
939730
185629
204726
294954
50572
465627
37149
238775
65007
801003
447691
705904
263410
769722
565207
255270
23310
742509
365007
590256
781550
990641
196023
35472
212738
274656
107249
656100
710963
700044
159544
445318
99505
366380
457030
176192
901415
815905
775190
653487
367248
229283
285252
993715
918691
755789
555216
279760
278122
389249
270593
606628
514929
948345
636518
404421
415321
1643
497656
518710
988300
972184
224923
619590
369163
39154
617731
405830
556706
511272
500147
838693
881085
864463
552289
227178
68757
582254
338678
339852
341187
31014
499569
75377
620789
625084
484587
939841
253950
803333
776693
112231
450567
275885
314077
76132
624163
853667
631824
519247
392449
992933
924697
574637
962490
691747
546568
393321
231115
830098
337261
392432
714268
140624
881540
254379
808382
899887
365227
458714
520564
134753
30541
914762
498216
22142
540515
10547
885759
710004
639185
37360
838
583691
680876
814875
354763
809363
134107
325188
784521
967661
549979
572366
111099
664628
740636
114471
246481
172742
478729
496674
646720
131634
849317
298547
187380
282688
504208
735302
121825
650647
901226
402172
397239
694991
286542
594371
663220
166292
120447
888528
66899
757299
489441
141116
649378
152772
371038
259640
43185
709684
966697
972271
623654
30510
272159
502519
818350
714214
423433
989490
36558
470082
744382
607943
855447
356517
477222
594489
574328
260249
754073
721249
177261
194583
140965
982092
288086
57718
14703
577267
839394
501487
30705
346323
315690
740105
186337
799593
197082
108069
36466
51788
754378
751080
458483
15078
498603
195712
965270
688464
84380
537749
489356
332873
746716
492942
595147
926739
546266
168829
952305
294827
767209
639400
349186
116323
679887
116533
405837
509341
24125
117937
236974
783974
394584
553149
630188
277868
289461
354325
564418
980254
505316
492798
685435
946079
413475
764364
219638
594662
499828
765261
678154
635829
972937
302614
861442
256883
91611
357095
524105
172712
636441
423677
897505
281429
23870
658485
947661
36718
841723
207704
872463
889269
636692
114823
695436
312692
168839
261892
955339
260695
543462
66650
90204
13027
152198
131947
235413
544279
27280
868948
28024
474014
713140
876926
492080
134061
114046
339268
891258
240575
245185
635580
155809
826603
623599
518884
858913
886238
439883
121963
831661
523451
946933
657817
345805
337228
67876
829723
186207
277987
722227
583407
153341
939409
366802
533800
874175
810562
214109
231519
477207
135731
581129
644662
922971
204562
817210
310666
786528
805425
75827
446517
377281
647974
241893
890940
216191
314305
47464
629532
125570
304554
865607
516204
615806
800919
264117
800175
886513
456872
258334
344760
887304
15647
935193
313786
667234
233919
255865
846315
195116
266880
103811
172373
864427
95403
788602
163641
557656
792408
946901
959456
531301
151042
172306
838783
403870
251396
583075
431366
577195
46899
154119
949317
504433
957271
747636
352507
716505
956358
697840
63549
969576
290591
741183
345792
965005
824864
173175
690883
830522
195493
257327
458843
196650
846334
508246
228252
61568
217835
966752
128033
280336
365686
678810
279289
579383
30957
79327
367790
350436
548283
340067
756659
258810
358242
791660
733353
658510
749656
431905
218190
767499
523387
998459
737603
617909
753905
892696
662968
65674
591072
379054
437430
335748
246727
48732
531400
74556
849719
117020
195079
992041
474290
23125
390081
798469
764382
363405
256261
682576
900262
909884
646926
508078
340078
820284
456330
941867
706928
570332
594885
13151
555576
924371
799927
58669
772536
84625
712230
753445
624777
208817
2873
666569
748479
573131
388571
300461
651175
323815
859080
104503
356128
593868
666295
365958
393939
440438
665316
404272
220240
927589
404025
164515
212102
85522
482648
479340
631263
500221
846728
999250
