100
511921
552220
843013
386690
567434
513495
623616
656289
832025
495783
580935
953867
122336
17686
748000
764485
607641
840698
800194
583253
550902
342095
836969
638193
270916
998768
949577
477321
164265
496178
218783
69742
945100
868958
478434
330589
227731
297608
637528
837420
616967
368848
749382
998544
119701
661429
118656
525385
122734
55377
21278
585962
412621
918325
260879
400393
610008
360097
858183
743423
324896
260064
198804
969052
752451
124990
900302
281706
197361
556519
814957
235292
438027
702558
611701
882900
279975
119638
33804
594062
793392
434609
254060
230828
311339
780690
654707
974686
908820
598049
650519
892461
958310
354138
96440
750693
285242
505682
253966
565021
999289
