1000
785904
189700
498549
805445
164734
645266
317009
343687
888389
887269
475245
788416
309243
943265
937700
705187
925360
515618
347547
336781
604145
285305
585907
187393
293837
885764
417432
986590
816308
432937
849335
909856
993786
560559
642892
753615
367931
68153
910553
68615
926681
659423
470578
173413
797601
68522
705525
446283
950412
63276
117080
373777
854497
960250
446875
504328
139768
310984
812572
476844
941913
765151
738121
267109
733058
227837
447408
530618
284231
59785
198130
12627
788372
306865
104854
435753
791502
32610
803961
754380
648152
414179
238563
916688
736562
525327
365366
501269
179899
876717
899264
348850
905367
297069
625711
206270
181099
780609
169892
928954
413637
13270
841504
16798
609177
138926
955931
824511
495718
821020
809523
233561
749432
224027
733825
659519
514502
123914
355528
910428
698875
278920
334151
32613
742546
258280
221742
881117
948698
220113
463533
962436
654425
547061
585703
903773
112205
664812
785989
775707
992846
97772
642535
167399
882383
461799
334454
720784
307907
828673
719061
950544
853980
125677
663926
851383
634606
29475
445641
599095
383986
123712
822990
388299
148071
158586
543692
955588
214291
247741
202778
466865
430440
38759
636890
317738
719105
32989
74630
645753
855627
875336
718050
120038
698241
73840
220241
370462
908175
291763
906052
184127
95448
871969
602829
366850
528275
346295
980242
199430
835920
286903
968924
235445
884185
941600
831887
126933
245043
558863
392628
966189
685444
46514
905330
87249
761678
749924
409692
382669
327769
307051
22307
195562
952175
255498
408620
418720
414017
367106
173309
530584
74791
218092
511824
857691
64069
517356
973258
967261
925577
118995
606725
248736
333264
783827
854218
772423
769000
426015
395418
337720
553072
914719
627883
32492
303196
563149
223920
486934
306709
494959
94737
996141
99325
362289
277818
691352
278352
442398
121807
408245
995302
796987
801661
766214
968149
450048
323756
10425
78963
996276
977553
793811
594105
463140
764959
763384
190403
599039
909917
747545
796787
333009
782931
563066
954870
821850
188830
776927
593374
722954
3939
334931
513711
542300
122208
755668
452405
803212
241566
986974
841938
159414
61507
894866
45718
973837
928260
939203
813255
213620
244727
590494
43584
725052
600262
883507
475381
675579
812479
221028
349268
672645
100617
567720
608967
835274
895538
168509
872918
588044
89507
804648
650218
483515
128885
320938
934444
920366
885532
197249
954380
312640
662401
283607
146398
204229
535278
191627
754974
992488
830883
54619
838804
186338
249285
627499
553491
282713
840566
105524
540251
855699
721408
109836
619102
578709
910698
747917
83040
109020
78125
750373
591543
667575
720897
355898
370610
910143
906000
681336
110486
955125
157516
340664
342147
855926
664092
707982
413174
467613
458929
678575
844520
433525
354679
78397
378963
733977
579560
362161
283604
108843
147258
634212
117676
400173
433273
663994
487008
174079
787887
401067
120257
638069
771007
403823
357446
120788
436369
309702
659221
631338
480231
589857
226208
606791
190222
364144
399980
661787
562417
269961
537453
914285
360520
937906
165518
784822
844205
145163
809548
121688
130319
760283
735682
895998
876863
596981
187327
841937
806248
310150
255507
708051
685148
621502
971049
917724
689865
791577
973134
125103
454026
609097
358288
608121
262170
760130
458561
45157
338915
286177
666459
780254
663156
487610
854525
488674
557202
771581
623124
492608
176165
466627
675861
289710
619283
875451
472678
725577
416682
822124
262236
737641
485559
391718
338335
773344
256372
115913
462826
82960
844573
697009
955311
817894
557219
651645
97815
184695
428282
415611
599463
223477
699277
420657
44030
681677
619473
858250
482875
367649
565559
437596
110331
195549
126651
147410
843200
323576
381530
601467
385069
299401
666016
47533
942125
238275
809439
296919
368628
232975
720636
848227
430238
511621
126115
684164
72755
85126
992474
930593
829580
48632
507571
895261
564303
551519
758940
813955
158997
180565
17552
977099
520877
603302
213936
527307
915514
772682
898284
979005
261623
812991
334299
49321
433179
618691
840619
610863
125528
353707
760818
954611
958973
847267
90019
63653
892219
436675
417628
846507
95236
886537
718811
573550
530959
257017
14545
635646
52152
580430
196559
431139
287173
140187
931101
676545
233924
861763
958186
767655
240975
327953
659165
854964
141554
516725
466633
950118
482403
4764
186304
607168
909167
900139
594494
583703
452854
778519
350086
494778
333517
875555
556363
809852
233665
328119
838532
651872
942331
529882
874722
422047
567359
227596
697822
573912
920526
271491
134379
325461
718892
693312
143435
71093
104124
23436
814654
79612
738951
582996
409749
75059
510427
632926
233188
777789
606032
840359
88789
451960
393830
515163
648793
847820
308746
203376
493114
64083
675127
498784
435021
89381
738618
576257
347651
682175
196494
930754
16478
594767
931813
524036
522368
910558
635208
351442
563934
943514
489877
470207
302100
419007
942888
818523
416531
164962
728469
365009
583157
453210
942609
940128
394097
733003
583216
762484
570922
976208
291272
279521
418018
300868
947573
298235
219659
661293
288822
929364
238782
458630
138997
204499
672517
324456
223396
639149
221394
292180
566147
484995
608595
762911
953278
633944
24669
58555
814322
320429
423365
615261
109904
504699
962958
298896
447578
396557
224636
263958
663051
884151
588615
4598
406739
549814
183531
502247
395776
887654
196828
41239
381176
760346
446039
570520
891491
524507
772244
414376
621605
666816
258648
927899
859401
646183
492966
504679
883513
533581
943509
347532
984810
978768
302781
551326
868052
546558
89675
555056
975455
668505
359989
101855
538713
86634
141063
970232
722532
831934
686107
219783
67245
997825
20070
958717
488342
343414
467439
583357
16310
943633
497244
753731
279158
479921
711461
374641
981596
441661
144297
342648
664420
349658
627551
135711
24010
618886
441061
313779
843557
859604
84660
619723
182893
315204
285493
991031
849565
444734
292588
92805
206644
736555
387410
420463
310933
404529
531074
361892
680910
49161
831689
928753
149685
52414
926240
113868
284782
583172
898741
283133
980298
824242
947173
749418
72266
363997
285639
709693
315137
751251
714274
159604
695575
87665
989118
173892
192106
398113
592536
125483
103758
671284
705135
326417
937525
564952
656251
410458
647210
54902
869821
389899
97143
58027
315889
710550
702695
132512
703009
673539
134502
277320
238419
200445
493252
552757
292707
563383
873432
503320
130667
888185
914049
256467
984030
718219
736392
937724
183988
590716
47393
471473
852415
545103
683793
37139
457245
771907
480297
943777
862406
911614
826672
260017
517061
339605
3039
700940
472516
121403
850885
756583
507392
660035
983947
601530
773275
925907
293842
888063
105936
922599
918200
46217
753345
251903
702458
109375
33452
19943
866931
945715
153020
574305
799235
168867
605372
937264
57483
290763
155366
404675
436244
544100
463386
252413
232855
