1000
590747
197753
629374
124224
256043
566384
978649
832095
686741
560312
969230
648073
395516
552858
3085
315536
534939
849680
903428
931716
213687
592804
484309
839077
292515
768119
620793
608243
851887
252382
409777
589922
812591
415335
362788
445098
530723
202617
475162
114554
162888
256153
904403
822668
187066
726345
751301
542804
888964
705419
34417
960466
180486
956483
150753
161735
442753
763066
646016
20099
269251
479423
966549
47901
959594
563368
829470
236221
657750
575158
706117
996435
813423
287062
139521
455530
515919
917956
469836
438359
358286
563082
661244
161483
574505
831719
515585
418504
824910
514506
851386
920305
894599
124157
321716
507897
378944
437151
122880
909885
263735
48138
738287
581038
91391
563411
647532
883303
257520
664559
132087
786333
341934
909490
284026
51700
157396
430323
666185
253742
495550
849932
723003
377278
266864
553214
30175
986683
162599
463409
382557
26672
85177
451672
588139
14992
666283
927347
456296
788295
725007
760430
430168
163051
929048
813671
941309
545169
675004
202573
330766
608892
133636
298404
627095
460145
406387
292900
799724
898214
488657
682433
925835
545497
5331
683526
573197
541820
134568
563419
862985
882701
267362
3621
189382
350980
972095
709580
404314
245734
333908
28184
740195
733047
829717
6580
691937
568844
683203
906197
53679
158654
734514
642932
296348
528955
696758
892151
345258
133878
130218
110190
95395
130751
519708
795640
576402
766509
64408
773126
28069
713079
721872
441335
428125
839010
407653
677603
425839
918356
692052
979508
478267
372360
881600
402350
160486
274715
415191
211855
634710
928131
453156
541712
645641
668831
113009
826828
908434
577960
451287
693816
615730
280455
717796
566160
260303
270593
889895
150739
492883
461005
941338
164132
721764
415495
208236
570706
636987
549372
817323
432177
709411
207589
212171
299047
567121
361649
519573
615043
772442
484603
780015
746375
808981
591067
492740
151686
918541
733656
528016
618344
773795
348411
195977
392907
594751
584255
241389
976260
56240
84836
642469
186691
708200
735650
305875
609876
91021
540027
37821
548290
65469
956970
365205
453206
393505
137079
853284
284541
744684
169196
9491
418183
2801
27746
954326
988044
774943
722484
578293
113065
21914
275285
738296
723176
525430
570686
114351
574526
493522
309311
134875
362413
24911
236279
809405
965066
228652
870111
806776
201113
457472
977600
197029
914004
336786
165061
742516
74955
725720
815787
417913
21029
418635
71252
466779
611460
119203
298939
365332
440071
897012
686595
608293
24616
663525
507752
8218
163398
222984
43286
436213
744766
614939
630232
946042
565938
369627
817385
26518
305515
923007
663143
347821
366107
852824
139685
35967
548987
854275
231327
276470
157203
838343
628680
138318
150168
128978
505984
674209
284655
254155
928546
382542
20624
694995
952313
585477
507398
46110
464594
745394
985426
877607
916908
37124
789487
457813
737484
662937
554993
883112
469485
872136
674247
222047
19669
913994
308575
468138
359619
630853
364392
101959
314565
349175
597299
241660
374886
476796
246387
249967
191939
756603
896547
47653
265726
668467
136774
550357
171148
178910
844170
398121
484778
609023
899462
524240
549293
42253
830243
832258
646070
625276
236054
489234
10756
17700
840779
113129
825379
687248
618589
513508
830466
157222
105090
899340
534882
530798
407108
749550
231531
883776
23530
438359
566553
143566
433205
446894
420051
671115
502598
701358
842140
492792
833181
586878
1058
116617
89596
926318
619956
675896
54186
499472
117265
680741
915731
439537
282395
129192
65932
979827
83883
6325
1461
280008
332414
826411
66488
339149
75916
510329
283053
804224
148217
774829
497248
528608
505701
254107
151466
54176
478110
192038
325371
284359
944437
904366
811578
863975
377966
906390
561347
870967
34896
799408
736335
86992
911517
985864
467634
389120
276188
713290
868733
286542
741074
270416
556227
971596
987087
616396
222969
270418
989988
251791
25847
119644
627890
433779
670875
226370
724829
285163
753164
976784
402208
175397
115548
825217
418810
905689
602631
328029
27399
411121
381144
476524
236713
361173
137707
699542
834725
782994
712461
914328
336778
130854
465599
608933
584971
643690
707930
190423
219182
67676
29196
587024
777245
689161
772224
887922
36890
493779
376284
741302
507536
836964
293156
865965
778052
982448
925692
689873
961578
825760
969674
350151
783956
49888
493882
559220
260870
134214
919707
802745
950628
24861
268839
612684
808780
865102
999647
17332
225280
677866
621525
957409
848316
455255
19971
819621
718183
204436
380889
739731
857444
819178
820436
397491
591111
941489
475850
437406
431141
906556
223938
832316
287364
359138
591999
777112
281713
420778
570654
904733
315313
139282
113301
543664
844367
132156
236059
271081
477524
590262
871975
105135
226709
823780
106192
376430
563814
746252
360915
115384
975020
738174
939379
130869
973457
389854
406267
815112
978192
899983
720159
537793
585264
93886
479681
281656
4109
56264
888783
408588
414801
98633
623177
731640
213954
378882
995936
901647
669238
404902
970170
351188
900961
662785
702866
141560
692623
563014
272125
330672
154093
686067
901831
357106
106625
927395
817404
913165
76602
955184
421634
732899
486369
148994
350819
301956
344751
148345
786601
95015
646649
928563
179298
395207
679431
297018
15939
814104
193154
265485
484649
440676
248779
810249
871419
996487
266856
975988
492074
783939
18201
193191
694170
974273
853961
41941
389147
71269
858080
297659
24912
128972
779765
1574
902320
397861
729825
657436
326379
733609
912047
799976
538660
815608
922799
754630
27869
545041
546921
644966
159153
225262
173551
66656
46138
126778
731724
215093
250386
35888
303000
187582
52279
188369
565869
211508
101640
425985
894516
955035
255660
655871
29464
877067
859410
186112
132637
115612
852178
164070
779081
90925
165810
833378
608960
562321
705478
178211
312494
468696
125039
693369
625052
766389
420227
148619
161254
491601
402701
764337
452548
200235
328619
223663
538756
686250
318614
148431
566104
33089
447423
840218
404747
758333
428308
584818
143759
862382
209697
990031
835251
157487
652884
783124
902448
245972
696153
933965
723426
477808
800356
923912
669524
465216
849036
573133
393972
804152
499668
403003
245606
708967
398534
526144
565428
94089
821049
816884
984994
116201
203825
905619
797215
672433
895845
167573
121048
91024
205019
297708
849767
594630
584304
804569
821737
342287
761076
735660
542126
976105
395377
488150
328521
11588
864077
835692
226438
502022
557509
331450
511035
704120
833497
959490
659959
921424
385351
530256
599128
644891
514223
897019
109177
702727
160021
113530
370952
26890
172997
315360
65653
120435
240401
718005
624518
365707
536822
224691
650055
959015
501085
756378
723935
538957
834749
363888
380030
714305
436957
279897
934579
68523
50615
404174
604762
344486
252280
3581
998962
825575
448485
929341
693261
75272
710807
197293
924448
564848
123751
46376
352378
851
