1000
253863
779643
236098
148950
45161
540742
207461
280228
281365
894256
677186
912521
108949
21312
189336
118134
126660
930773
501062
795732
634101
531436
745510
787027
483869
739965
508739
473759
117534
721732
584056
527985
213169
647197
726630
53058
800110
838408
138129
260442
789947
792717
734104
728582
714063
304953
197711
342311
594018
889862
848187
116583
4211
261784
805417
113287
643893
145380
428267
3860
844631
376043
454448
443065
956079
912356
229119
322093
48194
803768
255504
51020
315890
569319
88455
525316
92868
151304
101837
599270
11469
872237
159757
357340
378554
975909
833736
480122
989496
137691
915606
517677
214086
67675
534586
704784
343957
262773
363040
15709
339928
884282
282229
796736
740078
240163
303011
873159
79466
80594
22760
642678
698491
721072
509330
726264
34941
131381
873817
622319
22363
20101
352089
665836
962590
411960
563818
311162
770967
293554
737629
965653
900005
280881
533334
374904
280100
874534
949569
92436
389746
904058
915954
184156
59551
881713
960157
724477
715952
862124
935726
402796
717712
436936
837063
506135
130004
770340
848724
3389
321769
396609
525835
228249
2973
107970
252101
392889
72390
908626
79924
87726
706579
960868
73793
716956
293357
283094
892291
539953
842313
726447
693277
473203
70221
737095
722676
209713
943516
2182
797131
617499
373120
69572
623742
338990
136179
870608
361880
529031
793802
994188
583505
779545
991167
591349
253927
602170
965977
25985
106199
761687
900794
701665
886136
279688
386757
128870
265973
941119
217129
62144
785445
987737
217679
582369
6473
405399
986140
837184
310241
573286
999011
509433
213099
515418
664299
424785
913785
322810
91543
430616
640941
606836
239032
952039
816020
57521
525612
15113
9309
850307
557360
544694
101109
339643
262538
30650
571456
452952
408396
729269
230965
909401
177221
23099
78998
398388
13770
67035
652747
33119
847900
662205
336154
533451
354998
843301
835397
170864
333494
538004
212673
656771
84261
172301
414606
12805
119141
812277
276279
641973
573622
274260
616616
533286
524708
453496
745831
242091
988049
922872
309489
210350
447003
813974
174002
333472
560681
50622
512031
376010
414551
336875
694196
894659
475004
132649
777541
477114
751572
523381
633091
802995
129935
173312
472462
94671
756789
213394
895921
926915
52596
385420
103487
150827
738375
600774
783175
578615
402053
142102
335094
462467
358788
417522
624458
299077
973736
490349
52143
678688
745163
48541
177464
712277
574154
350302
980987
56729
413610
17199
497225
800961
661350
872889
111560
19417
640278
412080
271919
160981
126205
608530
449950
399263
40879
881741
598168
689871
756701
767805
546718
875513
790079
332179
130281
202143
573852
34321
902467
682759
976441
157617
54146
31144
660060
552550
592354
841406
630971
622778
739454
572093
551942
434070
679787
211937
509198
735648
888561
192804
361745
764095
500775
606537
30499
795002
583146
658646
563769
901182
231417
337055
26837
993662
362928
999100
337482
493749
874784
498716
453227
67079
534663
243955
52948
564165
314289
913807
428884
394703
397418
892808
244150
928532
161630
634134
661482
784501
942224
706877
260309
754120
105459
514723
379826
326393
448040
228994
408419
926410
898197
570424
748120
417402
774942
341115
362650
463428
766915
298731
115125
12798
140630
693824
593088
554018
357847
183522
580746
317674
797486
799960
483107
877972
773828
669336
998340
600453
905022
680252
579228
543050
414614
792086
680056
242745
612312
869466
491661
505334
679095
108282
636837
828178
174665
290575
274404
8717
180518
573810
647863
341436
664856
126507
829272
481606
400063
834945
77887
444296
842564
186672
208680
324505
359032
392057
229437
808487
726984
334163
983265
582720
147743
125823
379737
915181
378712
765177
354134
656696
514206
113290
351203
154447
957539
160123
687399
748417
571513
980516
847064
938085
427280
325858
871421
892826
234637
432167
574685
751912
19139
296042
248777
386565
981456
161344
908739
920116
226775
295683
428234
78536
806549
869998
984195
510151
124578
338059
653318
491433
414086
256835
505601
867456
929590
238805
82189
518705
411370
25378
207307
401056
109916
829988
822714
487338
629086
963199
642585
235659
29912
489456
951283
268321
138462
353698
909196
881224
724266
152991
736550
383779
544635
812323
943664
123196
306889
43340
504396
492547
275875
721326
38204
903859
556967
12612
665128
117330
104286
569665
795086
159383
390449
410244
436806
163301
500300
393257
683505
692662
311950
955708
968510
440915
661290
148488
533272
635839
967709
230414
221360
731828
713036
88977
269730
647813
813817
664718
801990
173794
98785
391177
226710
876346
904310
33859
42103
699003
950388
474504
887462
945205
844450
719972
736000
816604
807912
560630
282733
423468
327879
941660
942826
235751
118776
48910
775346
875450
387429
802951
78153
988478
58942
994013
497381
105689
526266
593778
122809
196997
946795
436995
265631
774697
153595
903837
229025
79587
989064
405616
514148
625383
260250
426044
470385
325249
293501
919080
728673
204790
804992
731761
797413
801609
418312
451135
927727
473177
987089
322644
171969
794471
496067
853277
471952
238262
197997
403947
384980
771275
779232
716539
289455
230740
754666
345073
934647
664869
539758
595748
772834
633053
746205
262802
926093
2279
891603
878132
698025
547740
102544
952877
147074
75654
24273
446940
356909
748992
187722
410064
12558
796985
897027
513627
137540
342103
955148
158975
258609
37304
967582
644102
373801
706963
50192
352622
634678
40573
924659
216192
602757
636680
68874
260353
763378
392198
646761
193154
146091
606635
101672
130578
510147
261712
191876
912980
817301
421396
407316
943211
72659
63325
873251
844177
230378
561852
208046
606151
435668
622447
558651
971239
777465
146751
552020
818133
658818
869066
996703
908948
709821
176795
45147
705653
633126
524981
661113
62377
316376
299695
748436
318648
724944
445433
809359
679179
966297
480188
926218
682147
241242
641760
581120
847276
15800
383783
345089
727852
459817
517622
66822
525974
338647
715188
118
24059
437420
831051
912244
809504
631104
71308
25955
230314
743389
902191
310071
958966
780843
96887
659193
858757
468093
780596
574871
754132
287798
787362
917669
175626
300441
66927
642612
369355
479085
356762
899341
825770
722889
543735
492107
164539
651329
686287
974994
356166
909421
913700
209583
575255
799826
444178
16782
723058
447600
461200
286418
323875
554024
571350
820821
449268
758791
483993
68860
53624
7923
749874
609525
544709
718384
923868
275664
978815
277392
558044
22455
913486
365109
739515
648459
137265
614020
675951
336925
537068
13992
884440
212422
703517
460800
962982
82020
583789
599590
114135
803889
64610
499485
691806
271041
117136
684886
642207
819800
614063
641951
320343
570213
29896
201193
829465
189535
222730
870772
148019
649467
440313
397849
903535
701895
274630
847668
651573
70246
795257
130220
477582
758057
278538
998752
121923
899526
432080
793007
318628
613239
49745
-316
