1000
890059
713695
113156
126862
263823
776669
800899
257016
350663
695427
550563
8990
199874
517992
40424
308205
131977
975661
793847
16398
870488
497581
10146
688043
433595
259091
658578
672210
414466
852679
953488
156529
892641
431809
770800
598209
643814
990142
284634
423296
765655
980559
847542
886806
151591
100750
506291
856409
783829
55532
566388
515052
470114
128870
451673
99842
118125
628182
638693
48449
573612
628326
317329
682369
159817
747295
195628
950003
82966
559455
631533
345118
962351
804841
989719
261893
840235
381655
406599
991781
122878
903914
938333
832986
123822
918082
911941
893409
510192
161577
929953
396408
657503
960457
144469
406626
96472
210622
955758
552327
356404
438342
804399
889912
867235
933205
206714
114831
495138
32197
473048
827444
860952
584939
624613
136957
541651
811973
963675
922029
247002
167311
960249
408157
378286
676404
822863
607417
915682
413154
881321
680417
918804
295286
581206
992239
992967
19735
159059
424024
474654
864351
999641
183531
509879
70387
452864
550583
116066
54899
937230
583178
836797
746125
940449
19411
543149
339628
729076
783657
725883
508750
8913
257829
865032
133620
617043
836521
12271
504498
75159
280324
181045
748646
869311
437614
731695
489797
206242
685613
528177
837329
683412
319899
813358
987367
795597
115198
219761
224628
982456
463575
968567
78792
114522
421942
137190
18371
117789
530762
55854
125739
301177
455671
464443
368800
533054
981472
41108
627623
23744
226180
569363
830818
400670
484100
256513
527264
347249
396930
843470
254033
695694
876006
301161
245970
544057
268090
458242
207655
481766
725685
181850
828870
645932
585813
930691
456592
519881
124133
758650
23707
289164
915422
723933
540586
203107
212394
936842
433406
259841
348932
746454
64837
954155
324410
477607
98801
534240
677652
257327
358116
69475
986511
373061
774471
138726
257986
803681
477754
768469
503138
767028
706341
659324
13345
287330
126317
301909
114801
375453
484291
623730
333670
817951
618582
291587
619897
255876
848553
445573
743016
707201
618559
875912
12027
869253
514162
745691
679970
306026
216355
620437
360315
328856
143115
195394
673391
729015
975152
927593
8700
560654
644276
531191
819149
848061
842568
280138
798725
74259
329597
583771
629338
655245
993851
396360
57246
412780
76170
335549
835866
914354
810189
668031
38355
929592
824336
953620
757550
754415
291958
734867
498351
30641
64405
641924
833117
904515
847709
812979
604482
918122
166771
704342
262094
411878
204572
362072
719707
378319
989844
152961
190540
780107
233727
648964
662030
149162
933431
228198
700992
29790
925444
111814
887087
613082
827689
741517
451322
425733
726491
370418
967317
922715
449677
236458
287912
138209
693030
251179
27479
815938
867028
24924
299037
926859
166650
712027
589265
885824
297093
835306
233483
57113
597084
455351
778464
79772
474997
805766
447176
830488
378501
945917
764193
650107
845072
771723
926605
836369
477854
473270
243638
927321
340622
656513
160881
162182
408068
278902
79552
248975
840637
16597
84914
744563
627524
252889
264805
941837
602430
607011
138988
778447
948767
20998
961739
134878
830655
526958
63775
840970
540487
525421
70555
808168
10949
77924
250412
766030
545504
276746
215870
451371
355813
769372
63960
676097
869567
130273
804707
127295
912261
342681
816840
594495
260974
298177
105526
538520
432352
817158
267331
880545
354597
272836
570666
754563
429183
148153
939187
410042
816722
966987
527600
468392
806527
410674
833443
527574
105938
836739
818749
282823
597009
642330
785281
696763
314421
704804
93831
121661
501237
888006
109981
672809
136701
135534
388936
868222
441406
308084
561704
755227
62814
628524
834233
500506
332560
117130
764470
665606
300799
130738
392408
55994
595301
727708
698236
802903
939384
449249
559458
824993
10307
758564
703057
89911
886866
981408
855321
29485
53382
390217
356848
345991
37641
739041
437246
333589
889308
84251
69044
958374
701580
988324
213527
936298
17348
16722
731739
41960
901755
733548
209002
717080
792782
972564
216196
406558
150632
827213
225408
881763
721373
63341
569008
346066
743126
174240
852898
469740
552807
145110
207683
703753
343613
424970
133343
43948
736563
716912
826883
393537
617027
354875
933700
370997
45529
778120
641048
20018
571011
860394
415521
85622
196357
882899
359498
211023
957386
937883
925898
188661
526196
622960
862918
769411
954132
992795
380307
993812
438197
477290
58009
581622
895315
806848
459475
787726
561449
281461
377330
834760
194408
203435
326945
67960
277956
107118
524836
13394
148455
131783
647514
797762
713353
610526
155105
464681
644631
825801
11928
288886
383184
480629
652863
713948
812079
8047
88699
281077
276035
578128
677367
537203
886746
515395
82852
138942
474587
922612
894496
573552
253811
234583
674677
878249
477608
934162
103992
460879
67977
138504
986706
723493
145350
594115
236123
376007
28124
14014
595618
647744
59241
694668
396617
665928
216093
786919
115981
907805
253201
17497
51876
275900
976306
522368
37183
203580
98453
512002
332591
508808
363887
978254
925027
283319
580188
476810
979599
536010
849757
585374
631721
109569
854239
154973
537293
957530
412790
70539
391041
811687
195241
629391
283794
174474
945894
765366
742109
137552
315222
560481
722474
786472
536459
561741
973810
604223
217942
745469
721089
355449
91062
575942
899254
344717
512427
357111
228776
938877
116200
306338
510563
296177
545958
842827
369552
751151
397781
615533
919154
770169
117805
998627
187469
396804
718179
865210
490913
378832
953656
678928
891796
326952
290795
46120
769261
323768
426255
378574
886652
23942
460599
664673
668056
76175
447949
845186
467713
610431
200002
237528
863203
467723
558944
347901
718908
110063
218811
282504
767892
452735
579781
751927
896043
350444
247745
39673
635058
332822
54544
402710
357615
628104
300519
467900
288387
179285
822754
111911
5960
48844
881073
663275
585108
578906
362608
280737
902107
223549
75221
602220
409009
188577
197507
387367
234156
554841
198139
340525
259303
670715
533042
377348
177571
852440
644413
498342
548169
971414
34793
837678
537867
371628
588839
389916
423208
816762
553956
533829
64142
633283
837047
340122
526553
617864
888884
87058
790202
574402
671261
376567
856499
82299
210168
229194
397374
767241
587516
565140
99725
513960
301477
878603
217197
436851
885863
119581
548612
18687
852671
797147
147577
88404
336932
168645
945266
926089
849437
101038
699384
701435
692780
783372
652728
931241
431528
990302
587171
167407
642344
940986
740468
354141
722139
5810
206417
848692
155893
357026
982155
713085
185988
607961
666432
559429
278369
538146
190368
529336
232513
155246
863948
330137
182635
918687
115418
494427
53380
382195
663093
927071
84742
926923
704098
679627
85839
506520
22877
58051
297814
116385
570530
96775
801592
416818
518919
887337
193648
944293
550086
164073
486822
554246
114137
309487
478622
134949
340222
28579
302993
861117
605146
440556
959193
868796
864506
1000447
