100
683570
18043
545156
63257
755863
214344
905890
359623
466138
659384
600790
107924
610836
225199
594696
965155
902511
568658
273883
619279
207649
148343
436982
528169
564103
392764
263407
444317
805082
289907
908118
35187
908368
436731
468060
337841
827217
433386
823263
761437
452244
353766
939091
132319
724566
734291
399374
301253
214135
567526
335791
433633
263153
218905
621356
550477
35765
779383
314808
107663
882148
328919
38477
45015
572134
269733
781595
109797
12587
36571
765133
355655
498620
814736
720820
261184
30589
41831
671314
387589
985665
391848
101061
789537
538954
824107
102607
473464
588764
46768
360574
947240
246204
747660
478588
537227
651210
282366
1205
199961
861961
