100
51126
691355
248444
748513
547475
48833
807979
269807
96785
269114
974668
747821
688242
668575
516151
973370
28980
212258
107697
499316
87540
956235
630424
490953
946862
523021
270133
811033
210591
664196
609844
939017
952075
831758
112431
385767
328794
579587
474854
44661
551646
238162
34891
308820
391600
298489
733690
928463
136952
256544
996550
625024
283274
765907
411119
886755
845933
97435
840239
898165
680568
404535
958131
703304
622038
690364
279975
259238
731304
903046
806826
183839
439049
511130
181793
590450
587309
242650
170983
287124
199202
276451
239010
262687
284281
112839
863473
645338
403902
832354
212225
742817
895138
777115
373887
515633
102970
330745
363048
184658
28727
