1000
904268
691985
910762
641314
493249
689543
827256
739429
245835
306426
184266
619281
867397
450351
35982
773729
17912
564275
647465
53939
362486
716288
960283
490248
301190
130184
992577
358808
932345
507041
124787
252880
131163
514830
797837
66729
605125
630310
217740
112742
16464
369892
927182
108778
259556
799562
985979
153651
667182
875698
727107
73783
242351
381298
777661
525913
303729
695531
697903
619016
440534
63534
853867
830581
402441
126348
445398
796462
204245
776953
337348
868572
147796
720604
139711
458901
714495
407350
701607
505567
211685
535084
534387
83074
938871
806322
737237
524361
922240
619158
586748
802965
662513
317735
985459
965277
511514
634496
291623
733701
985717
548852
916357
155226
921949
210391
764354
832360
365404
107047
913012
173112
175905
657750
656221
911146
79376
561013
827657
164011
641076
389758
499533
130706
281424
446270
677743
426396
782995
220829
815332
883074
867433
535948
132532
968949
254702
696009
348858
389110
428605
799826
987015
847763
577447
243236
640295
300033
870400
510062
881147
899731
542227
249367
55237
57045
902325
919081
682179
321607
331319
591960
227058
757881
640309
866419
903219
970560
34379
395878
707083
348562
669223
181417
225349
668035
876730
986825
281906
649629
873161
248785
341329
369109
200160
133077
769481
662192
762725
640858
305938
874290
555210
393829
558196
156798
239068
985567
662440
305807
393657
942881
249883
918673
726622
57314
665104
852509
164254
251834
499940
708880
525231
886226
1389
771463
184287
332331
164476
263864
624740
68231
936770
769264
518608
402935
308303
594021
499299
973250
397493
654903
139771
933551
924043
801032
74150
406512
476046
321076
137944
9899
92833
667439
313720
237734
839989
863290
368724
754445
743491
25346
688821
495459
264566
161429
861774
876611
392359
517121
149518
403346
752320
802123
601301
624260
174081
530121
838658
550087
409185
464477
318059
360271
214476
160654
276390
848703
762123
181188
431428
683697
153410
203232
918046
832226
359698
899830
886279
451325
64415
956328
289505
160002
841324
401888
796875
287315
610209
904937
934200
650075
874927
385706
954075
984411
344586
125953
88894
460499
921365
77432
349938
909705
80988
456551
736801
419129
251834
447334
653823
879897
206619
183532
5535
312263
97244
715849
856930
517841
731855
287484
924682
280481
523418
707954
783596
859459
299134
572572
996292
274836
528822
466667
831779
422794
369910
762859
74627
15130
914578
401273
324347
251338
110976
868130
53645
429139
345846
193626
218333
298674
742893
379158
69885
263179
3528
501574
901475
194426
702541
751730
847036
209400
727121
738096
290521
58407
420595
879360
915271
757307
717886
840516
540670
565956
593778
373406
163439
887643
980061
926440
784640
565097
102306
478475
943828
125007
158619
712188
95427
174325
696155
789209
422185
919219
885708
542300
978522
577685
261751
927353
256307
292558
835363
593626
52428
244029
700884
386229
409929
882900
328244
395334
244752
880427
937616
700334
458517
885152
466361
577000
579280
155944
944971
554852
448848
260215
993866
194498
959657
827912
871975
5356
828681
332553
119331
13328
739369
506086
33099
269049
205919
587825
540129
772169
291791
291307
291867
62165
492738
300210
333572
254813
905295
795462
495105
59878
843445
682041
24111
468790
75211
175603
787559
990955
357646
413343
381731
123001
521114
268534
342266
810622
813364
243814
248647
286276
516740
163038
396904
695122
508000
635769
282274
313455
241411
889348
282338
770996
639196
866862
844254
361677
717059
182987
829530
756876
263494
176325
659143
655017
149922
329119
231110
502810
57037
335591
749450
241995
398512
194616
551259
340411
285874
281193
343606
496307
147696
630742
138577
157987
725192
395529
550781
991834
306581
557124
182309
190241
27573
657645
916339
657333
406277
584086
574738
863264
40814
598952
472654
265395
223513
511917
57047
519714
554366
276471
826596
797180
979354
931951
900339
354309
138879
176061
998063
822001
319237
113489
657003
76992
325150
262477
766667
344753
46663
502479
529539
800548
859
407006
906870
423887
167042
358832
408640
310876
768390
525653
523727
781598
76358
293252
433388
534831
235523
834112
101720
435367
694743
757479
593745
789499
143686
198679
500148
518447
768621
181181
780092
959737
259543
80508
782760
705844
402287
866550
860475
575677
844687
78969
997021
863598
194103
705097
439263
275765
992857
963846
886876
895696
178448
964026
243003
773927
249713
529921
193808
295557
960698
206165
987938
143157
120040
871029
872391
471221
789412
2546
377452
596633
952733
199638
980785
149055
204337
129329
949041
795243
29188
693633
859615
916671
695476
111613
589707
455256
641123
819006
195140
956103
855219
480011
765784
162538
221392
835519
950007
33255
592230
499609
964470
714948
809140
179232
348527
848998
488056
399345
311557
110693
887498
759335
574277
647688
459845
412517
74600
942050
217247
292546
655093
969160
47706
339282
533443
348077
958163
769229
819548
374685
742264
480927
215038
926546
93463
643403
582075
775798
115025
797372
770752
44150
301
826986
7602
948735
763529
246501
536372
18072
728683
79490
368773
619996
902773
350751
801095
874450
556791
62740
536282
576811
777567
646967
435239
381143
269387
318732
1081
278532
813375
50696
988421
660724
338738
839424
645066
118201
500483
58035
887507
548112
36105
585456
698394
529048
810311
201253
850631
358189
732863
199110
760597
637798
165405
60310
888662
453863
945556
257237
363917
392035
595014
521351
254201
620401
905949
546908
923121
44362
756151
75201
912810
621597
8574
293762
320278
59279
295445
200986
426087
304722
841582
658777
724145
101921
848760
8624
165742
589077
452470
423900
614491
359719
203819
683949
542847
832195
234801
159794
834571
555077
746410
141187
997853
692178
83661
316715
603167
229846
625954
142063
207692
81493
321737
333759
426259
241584
209395
563705
59604
880311
631988
839956
327495
886437
252337
411439
905916
668796
828020
636150
889852
478590
723870
465582
398351
291589
918012
857247
745175
936383
560882
639707
811354
35082
469331
996782
795549
854056
254739
604196
246187
291551
490068
540145
5237
830512
148572
614401
96275
418161
184424
575069
208745
967945
364442
390134
857700
386632
281485
322706
476644
677601
243785
148816
637172
970885
635538
730649
663540
127324
704987
18021
340056
614626
578456
634791
138313
978653
842097
8407
945257
197494
571346
777626
582452
601915
23135
8911
928962
761392
41733
996152
685160
784718
753516
273859
759742
776793
74440
379828
285244
251489
238607
532018
721790
133397
174213
153131
281383
325438
582258
849380
201569
267680
448566
929888
51650
102376
470131
966444
481482
558929
359656
778053
992009
379226
636126
106983
20318
23900
894970
544052
540953
968458
252531
8701
453634
89418
253598
958767
631155
566506
691941
797021
475680
810112
801943
404517
487607
959011
463385
463106
42786
815488
909881
936430
767146
964313
257827
794034
807925
580384
146284
12363
201328
867180
998522
