100
249787
489601
528795
275582
451828
532371
677934
436424
326592
797979
177428
277419
252488
176906
144133
889817
627591
366422
65779
765629
417858
797221
572055
496119
376996
45605
753494
603589
509305
807096
894352
87165
509127
330317
598150
525303
818245
891850
249317
982983
296377
959205
921011
711591
194097
302162
198549
224052
677661
859287
789178
875855
828999
796987
944680
944484
16561
845660
482977
145863
397962
957024
626225
795450
718540
843140
796375
354763
55477
876176
977422
114650
603103
149099
263287
72313
890558
564363
747172
908012
970294
746564
671747
837007
619287
349698
567205
841367
961078
189010
36202
21488
810601
758874
249099
776710
263454
540521
781380
231456
983489
