100
826282
716548
910402
49606
836518
619693
240587
854243
954040
354779
327811
56659
851157
453797
74480
167722
307967
94620
841579
56478
650323
859707
463997
383799
47550
426604
855907
477362
643792
625397
162737
172600
215529
608637
787795
976758
996687
722815
345070
475416
723746
465674
864357
500647
573606
242226
341623
102717
469248
76631
189701
938657
949500
52559
229553
103939
368011
871987
304227
44757
259274
222147
272741
997827
32829
629367
582190
829649
998426
219747
523004
756112
604802
26885
768090
169277
964555
643566
698625
184502
535544
561163
224283
136474
793290
623760
182946
531964
830447
195840
514215
928130
739353
732955
299567
97184
507114
528036
104760
973741
998760
