1000
493449
88222
565157
6457
63364
972323
248228
496645
549493
756644
858047
815575
765062
394826
696314
788919
158066
558236
493944
95378
600616
306234
16554
985414
668936
984116
685026
150413
414154
22597
302021
506307
800574
739695
47007
870229
334765
310196
798161
147144
437663
73838
418341
39139
883062
351436
339842
633467
419768
14697
578619
578457
766122
199370
608321
547017
974551
418996
696889
787650
585072
106728
217129
712557
12493
993725
226571
469396
515345
576856
899012
709608
850668
631305
743342
78062
854075
822917
193681
957384
848714
798652
110961
124188
673465
2711
72897
187299
325116
710736
579445
446864
580284
131565
408693
797274
291419
114842
813741
954856
369173
803298
797889
850969
288385
394314
680670
254637
561975
793098
302764
824915
122700
408040
259168
24271
637817
605299
427437
632967
433946
675226
560410
633003
86226
813735
554223
307647
972427
180251
684937
137351
697115
335206
81229
353486
500610
517891
441657
477906
24400
754990
781526
30991
748900
114691
82314
842342
612430
845044
73546
216618
273366
240423
829932
331144
89622
482602
265242
663120
926082
471124
504162
838116
885256
810489
829163
767292
632722
11849
723715
412051
924073
269509
68755
183601
165107
447391
230196
880726
519133
189486
683162
317056
565715
840843
730542
284953
699500
496267
356794
986817
513636
420953
740862
779827
616449
982190
217439
528342
399382
303664
886975
460450
91557
899684
327080
847085
337183
913618
453025
705554
129224
681908
82787
364860
846262
940570
806885
314580
856952
707741
648852
999621
98644
771581
721375
661544
905064
703450
21294
512529
184689
22796
312562
627381
426538
484191
499991
462390
718412
119982
891735
497869
851060
404058
263400
220435
683235
870632
71509
383084
256223
17461
198059
947665
536694
835350
528138
872056
229474
241488
50523
251425
137672
395440
495008
97279
286875
48009
284582
877314
188702
65928
308952
692029
708294
73397
290606
273913
502461
598664
97730
382165
768003
492326
610435
559768
352367
866807
612354
838165
733012
237284
584618
838906
259646
533682
185485
207989
799836
405238
539801
555586
355703
156276
67881
825621
970080
255064
503991
950241
503721
689040
361264
84676
975945
923908
366176
5583
247139
187699
476429
913269
842784
961579
222751
81167
3256
14949
687420
174281
190160
849978
545010
363245
254014
132294
84558
127626
939240
708376
584009
583296
698058
900946
892578
201963
280790
665764
963783
498154
359925
323423
782445
64395
473324
798329
86655
370324
281626
3036
948210
754416
932189
735594
563255
681013
118869
688914
429898
997966
777920
831688
809960
146122
487748
493284
628957
385984
601356
230041
337915
831772
923977
474512
14055
1419
713498
475424
52813
834111
21895
783340
58035
85215
565990
880410
385643
61263
845344
330604
454178
447319
171086
692732
734550
284786
498045
880088
175397
74613
28688
712248
514816
466138
94661
868760
949950
104745
483792
522870
886605
594690
677923
650346
740995
427465
657679
156125
631379
14766
587460
109607
626715
722648
347636
255433
147673
241069
853462
280195
748862
379840
822343
557076
959707
192984
173578
62860
821560
860569
324016
961871
824004
885330
705619
111208
89830
694306
38204
641031
577969
603655
591844
472025
832567
729476
586520
159490
293236
627823
156789
266490
916907
884564
163603
537921
259855
349001
68991
608320
635159
512848
53280
803134
571572
792546
611898
474299
874719
308190
284433
54061
648971
549710
654949
568020
384442
607186
982364
114684
956972
445995
592510
407503
617778
318758
734490
175572
15968
447714
54469
568776
309024
222848
593090
128919
270371
725287
319101
139383
161075
906225
184370
884450
530021
116150
782123
637166
975274
231859
663398
913354
356356
183254
536725
645079
7573
340456
700862
239776
971154
37527
829251
597816
524055
608927
630012
664175
812757
771221
201152
370864
788838
308688
222659
56954
909697
537460
921177
890617
444105
257692
465113
90304
836096
23459
356892
927910
490776
32592
939557
337146
831850
946011
942235
155619
611456
48608
957809
767897
737548
936671
918822
838074
422396
335918
952104
939850
266917
222716
544980
370314
835484
184066
892696
200883
849380
39624
848890
483023
159617
119120
153265
581941
555243
103203
870513
867871
448222
524407
273604
528041
412686
567994
443092
958761
331192
953790
320069
921189
930324
56001
177727
952181
402983
863063
957449
615670
261044
661238
667665
343144
351378
831582
229448
640613
34329
398307
526954
121599
775222
231960
391899
211252
279902
9434
812205
689488
642848
685814
11710
229728
151506
404920
351998
679182
324461
581713
47247
64158
518261
608740
460613
93764
163600
945901
585101
88159
412985
664462
938665
705174
523084
19320
625177
816142
903233
958770
658582
439365
39542
419209
100919
873166
803044
709845
476791
852841
394164
617379
474766
760446
528682
520580
27259
745270
54527
633137
559331
72822
831373
984345
870867
103481
44324
497353
131426
112201
144954
92151
404018
110554
312446
993964
881621
304707
221197
330315
554571
421914
942910
237057
157866
532650
922456
47435
763415
439252
466851
866015
504368
743551
605148
320056
621644
968061
320578
588865
166618
4284
981837
354013
257446
164005
228606
87761
908666
755988
738833
488527
5537
515061
186064
915104
945030
214199
119809
737132
902716
763504
438592
639401
342615
567565
612967
398430
147639
307828
272297
395987
16676
160696
612350
65239
880981
779256
615608
432941
120971
716565
683125
920917
628314
15949
315949
765938
523912
587897
684395
837661
238862
803103
237273
681157
207676
796213
372532
371584
458744
625843
298270
88051
801702
385107
204178
81946
342180
686632
915314
878389
919532
596120
677948
143184
798685
569784
87451
162477
73043
395650
998554
341839
579826
963701
177459
205861
747650
402698
455750
314642
958196
940174
983013
976917
443331
637601
736460
485082
283638
897289
988078
234396
164162
180403
411050
939765
837452
181320
49948
896579
947595
580840
257040
466425
682764
851014
167250
446335
865231
749856
76065
433287
306383
267161
164801
194542
955295
446708
227632
575370
764336
203759
647664
995158
543343
524602
124163
401335
420107
760658
821493
681834
75604
563647
749971
954637
920895
86054
634361
744391
218182
500876
465865
624852
328172
825256
524408
976240
446174
388834
927170
13535
965493
676462
217726
229783
157144
287616
731404
801227
384575
325931
9322
296470
453650
585498
464230
231360
398384
562089
213870
66543
607563
907233
7811
847340
607472
413838
116236
160657
961700
442303
827527
814925
986410
767194
302618
30804
146210
52825
464392
954469
417227
539301
172607
683065
803945
315405
6797
414469
411650
670051
586611
882732
544578
954035
541778
162117
830974
898145
354754
746372
457493
55966
885250
489415
955763
441287
710601
33087
697327
926234
211067
899385
751444
997973
464247
41224
814525
943661
879245
146129
227866
514727
308173
666227
417743
620951
556538
166289
564411
320115
976030
599805
258517
896211
300663
355842
999774
