100
777709
264119
455619
841568
961782
854456
70675
990451
844138
955011
317391
482321
698750
455023
651142
271442
835861
802406
667099
162592
361427
234313
260713
97393
398864
513281
102977
767457
949737
919011
251534
952811
531056
550719
540506
531779
168003
535046
694633
430932
404154
123477
963907
848209
445242
190306
566416
731706
441383
711426
101787
812205
655734
996308
918777
9766
106720
910094
11651
179093
14834
852578
845118
792987
107393
999244
8412
748576
929659
700219
923419
747987
408601
374489
413260
403903
9841
763513
287534
373063
243240
367708
551353
403454
573509
509024
920758
245285
959712
932102
336395
70722
666553
140446
31765
383449
741733
146577
659118
338186
7637
