100
866533
839908
13439
604213
514776
648742
888013
779174
38587
626209
462153
515121
785517
553081
948524
297318
473698
943236
829374
36123
348955
499861
603796
427076
65782
442725
709562
48362
817825
201312
39083
41867
858218
362186
753853
510223
894450
49612
487834
662690
148417
284319
696104
928882
294515
764692
572938
156039
891279
758013
934272
184954
441144
10811
798570
542803
36668
84901
656554
518531
458506
443410
255398
689594
824128
204292
536684
827366
737059
800881
397937
19722
124840
379695
18610
755190
550639
312059
714364
638888
526607
234982
761222
79871
780684
975068
439548
281048
945957
968978
533399
399367
221770
546635
226535
754036
800107
899720
948274
750095
10531
