100
362318
892108
280309
250339
196425
772966
750957
703249
353708
618057
98447
738015
761900
706942
623283
548175
840717
625926
581618
328697
931885
56160
911233
839842
18987
439335
153637
103656
165170
387287
811026
438036
679781
746992
442148
913746
540649
542579
510137
683196
385033
935945
953769
945490
442570
707651
87395
517702
955341
850172
537765
58612
506074
833755
587287
585199
664718
176309
492869
178999
503204
656271
239095
868038
420761
646721
813231
369097
503167
737397
520063
747372
469344
534671
873156
627406
65677
985831
896962
280532
48770
827825
580318
533913
971895
931902
341682
214915
338758
645019
50256
159793
89523
282647
627031
104912
609309
70627
477419
739469
18734
