1000
372300
922201
802676
86997
675916
937745
669847
46369
841544
801052
5364
491127
540983
81987
261271
123214
830159
409072
612477
480321
565787
756866
226117
689976
896117
387841
48692
325093
793697
162411
602017
385578
937094
22893
735939
606552
196170
201581
293781
512147
500104
949188
65827
786321
778481
71881
889589
481793
133500
374857
874645
798600
361483
411090
776381
13030
418396
956206
61218
941752
773352
857774
557143
155286
565148
114716
632416
857884
125105
312850
459732
192582
341162
506472
942573
32949
746089
545608
501488
324814
949871
687838
714035
694722
599215
725228
331536
499368
842445
537210
515941
965
960952
804778
107908
958254
280992
419882
324094
821381
417942
487234
93767
572127
412928
464013
116486
973190
671477
779268
256636
890202
91067
953654
823886
3346
356314
341268
50544
6496
533148
835944
339120
394675
856164
866150
925660
617878
295593
678939
353170
677301
366797
747522
516322
747648
271518
592694
589537
259240
184488
983617
588109
614087
336820
823570
216536
732252
5730
941197
897875
246579
344158
747005
210680
126307
526338
402213
506004
613425
421832
588340
679247
487763
223658
342294
238617
977359
921240
140007
548915
604224
221589
102722
500695
799482
29423
317624
1542
789317
273305
920028
669612
972870
571239
154619
940401
15292
197412
247274
207134
313061
960147
830135
516330
567681
705729
43329
330337
972910
147587
168932
919984
475762
186194
665164
330319
430872
42111
643499
746251
302065
401172
30469
396335
296571
325833
631272
211406
684320
62816
969210
325872
707349
959646
311723
779799
475811
608614
252873
649452
643779
435699
280689
673803
877793
877745
174883
510184
360195
510201
96367
29852
428227
904360
68108
158928
810552
430426
201800
341572
185651
993672
179865
214845
646693
563835
383249
310345
211102
916332
473264
774128
166576
921787
77651
121593
289522
964103
521867
183574
318624
870576
774601
220141
660768
80679
397429
764803
72415
413998
940573
575751
590042
532401
128650
117241
481145
51969
330479
642485
643605
404713
70075
764064
88411
930031
75533
447406
659912
353513
867079
856077
299732
212984
507259
607281
885547
113830
1987
738941
181846
218584
85101
232395
985785
787631
765202
813784
138741
514049
361672
975
405421
807023
430317
525808
591654
353123
224932
613277
10248
109865
710748
378113
703041
456038
146508
342045
155465
348025
637051
306160
782720
234860
499067
962755
989427
612502
666998
634446
704317
803217
837216
5322
212426
22036
930508
589268
923575
323948
463899
215163
288469
234844
755022
515942
816269
187853
391933
116581
864413
90419
146657
720914
192192
48831
619083
348131
830124
69818
952376
282384
404149
572741
542331
824219
195087
204458
783450
69953
405617
796318
363510
449723
53588
477013
48097
820273
639706
76674
110612
616956
703116
813994
79352
424790
954556
386724
848994
93345
233097
893167
927708
408144
607425
41328
39006
332406
914785
126726
694876
427945
640247
998604
288121
228114
542696
40490
471769
566997
114702
298968
156372
332695
753145
208369
17414
100592
940311
352751
888835
623663
491182
587721
399848
610564
619077
359398
322636
586638
618147
259644
300694
863554
362863
214666
197672
949684
633462
353262
314233
995525
465356
988452
201153
72682
657161
114715
41229
234005
451765
897781
413234
114434
368190
494300
591902
638879
685669
834492
394378
722328
595129
157088
675723
189567
811388
19436
899272
644693
607458
669685
964294
684663
591479
317048
549215
838056
312864
955774
488914
310199
873849
482762
847988
669453
543198
656635
724291
537877
178182
594117
556442
816456
677001
624966
296001
176660
453506
710984
424476
973160
874383
216274
945540
644319
156533
47723
447091
434182
545057
402796
949209
648844
266057
71168
430667
768517
501105
521084
813595
510618
922442
591381
368386
622097
66996
645186
301498
957173
617124
811695
19369
723554
333601
720730
137335
61103
112361
686542
860032
890552
915888
119354
353381
423110
597704
734446
754941
281950
29532
374129
522217
142435
869974
760641
130118
203816
631009
51176
696059
385686
929416
282295
64113
324214
860093
549666
532003
825180
337142
688375
391371
201521
62258
258429
431228
669915
277146
135525
795150
15947
449410
357615
774899
924258
302030
803356
25896
993729
520945
23819
135176
457964
273553
190515
154362
116249
460423
131452
851787
129243
390018
712762
955798
227814
40587
454599
815136
680382
4195
690747
349184
595969
164488
25546
393339
104525
406743
705723
474926
362895
356235
822593
494372
686697
554019
674360
726600
639167
389602
406013
865524
397791
862576
384362
693671
566026
198750
53165
246614
185315
785671
864580
314457
979059
846417
962263
46726
422167
840403
402865
946715
351751
156241
271708
214740
470211
365154
810969
198173
416348
552435
272313
212258
255836
134436
201691
704642
546195
669839
546946
306977
19007
306858
986130
94748
820567
873346
73000
736728
4660
243623
560339
532083
144796
896231
579570
592604
548781
500978
845482
265727
629347
833053
964676
662936
860614
987330
368674
407849
648307
393092
504732
505223
94404
982448
453180
774734
338975
83967
354065
434868
761624
290680
247476
77051
122564
748850
364181
846336
904859
982711
841856
587505
514057
643524
361394
954460
240017
525166
356242
270498
79582
109470
772814
341002
307560
396093
458003
745521
231359
621546
884456
483296
427127
948456
982760
457910
108785
498197
528218
996484
201857
345813
46511
754871
227457
596878
803927
258032
26738
854475
772288
228400
737993
433476
298988
921007
302494
321333
329645
908555
472493
642474
682624
533470
97542
981148
220100
968232
358359
606709
241941
235627
601428
346608
772041
647702
501632
202972
782982
441881
199131
234367
608830
344087
434664
579479
713
452346
583578
680188
136350
134304
615514
696545
915501
699186
934456
697273
370651
814358
544299
970998
971994
398970
348230
91948
575524
399121
88506
237845
266005
164507
152386
823341
183075
189596
822639
419006
484667
289326
619152
181238
937144
782962
107069
808243
456322
345634
748672
262561
36609
788226
518177
363195
970877
506421
118733
621165
309716
973036
769826
168602
244374
696889
874522
91833
390273
597634
297105
807002
163284
308177
645492
699143
555218
578055
489544
360582
729301
543728
945492
869626
911371
15986
233069
946792
812306
52576
941276
100376
50604
252908
928941
735442
954719
542520
387287
668103
461164
6605
471171
788114
739049
933285
527419
497171
673405
992994
232240
196283
870392
127778
703911
989863
440717
334890
309186
157859
485356
590207
690855
345167
381504
128851
687823
654623
868994
819101
259181
366204
155128
174017
590392
424776
732942
975023
384663
642110
614991
990536
318825
874360
854784
65594
750
416715
986841
811372
212949
497229
854625
225173
573410
243063
4453
324904
769403
315045
842324
954409
546896
261754
105082
549155
653669
668832
602647
504626
725822
196781
930268
758843
12774
791201
293313
203004
515867
391180
400581
854718
209561
237132
973507
953895
955905
20724
456289
