1000
104857
424348
353767
691944
600841
301283
35227
616909
347032
844093
262731
260618
170844
973671
158920
920764
942098
862126
671694
421115
779147
69194
635005
255436
345908
810276
634162
179052
490624
169913
207554
966092
6516
804694
672403
281373
740942
195651
807126
282497
825491
368764
749348
986080
974132
600346
830324
218204
123740
480785
382519
791004
211993
751314
382288
472133
604452
4881
525107
601927
482062
225377
759193
83859
810505
839099
650589
929707
282769
857885
771191
527953
394613
795343
786194
48097
317062
436737
816395
560699
28634
430032
231624
599960
219517
969319
348659
193022
946230
710402
718418
281102
349809
400526
584453
387835
713294
546284
772699
4693
199301
361045
474704
299715
589875
279895
609575
883343
913862
663806
29728
284252
343426
501070
205463
11442
779949
57900
485369
433018
201885
708444
495907
920581
810332
69540
785881
736774
471157
335696
20447
404512
205022
739535
60279
973658
171073
526779
111544
630000
994089
379254
681416
23107
219910
256943
448822
510128
965724
981380
401334
805565
4686
24514
16826
630383
279107
331527
959529
738938
828082
419593
153854
361168
592528
726191
815296
744923
344083
973021
528409
256453
507297
336013
705558
772788
702426
383768
68730
850324
323903
151509
367103
298892
711421
76504
101610
581522
162138
952796
613578
772122
570875
284155
84557
198313
817679
20825
709566
291465
558172
336353
980638
694357
613284
327527
153054
335284
653363
168109
705399
222178
908744
843841
530791
131498
162206
606787
639817
216112
493269
597893
943503
485674
600450
928715
599646
694127
189584
773553
564933
707880
725713
785068
926107
881379
225509
477993
172597
731590
212933
417169
553537
664928
773677
889134
251331
846939
341156
74343
880425
460110
757225
614503
901836
879151
277500
476
563398
914981
825477
468764
245802
582140
246373
85985
46500
357362
676568
728437
895534
29102
109892
792553
85292
887248
664480
479679
709094
291619
392324
477671
411743
654703
993033
41702
304342
444716
169884
697363
600345
137809
226788
507516
834432
55177
675725
988709
916237
188423
51313
998832
260766
652721
539235
717656
223564
14519
106455
766999
568420
511751
281777
605032
540032
523033
83176
106663
550913
467941
41687
729876
739882
726901
185504
354102
474332
794452
361853
293660
751722
124326
609317
774975
521496
529041
54359
247683
733301
775897
241861
58140
950226
16970
36960
650061
226910
659342
970300
624588
997343
130718
825760
371202
993167
615765
180909
184814
747473
81184
210025
901673
361358
789458
940390
371396
77553
263316
248211
349773
579515
3834
577695
868721
489219
348656
148549
320123
490894
315091
928825
658171
425479
1500
354285
82690
891547
808823
655680
231689
425267
295218
833604
547377
143183
885073
562282
939172
276988
763966
677836
760219
535985
704221
87
960122
86732
145726
327571
310038
14884
478572
731409
760150
98826
360354
7408
358391
506337
291933
364107
530345
80407
415437
480194
285207
897727
294309
865892
280580
870285
187281
479798
284497
564461
242759
84579
815195
362624
933367
581631
719489
21556
833244
1145
409987
981950
133364
119901
595909
430135
675340
501572
493619
490704
146741
696857
404479
524979
165779
986312
408646
819384
911443
196292
59921
222529
298172
222069
581752
319155
441951
326269
868512
387409
74985
876838
484580
28982
439831
305898
88209
690415
180040
971549
758476
707571
768238
319611
548047
732800
547102
54090
913552
112147
445192
939308
875586
711171
415296
655107
938228
56762
648890
848128
122072
639185
75349
314955
537567
668615
650702
156105
41727
141022
323861
335756
891414
178131
869628
267421
612840
982264
800780
725150
975813
644207
751346
85599
807750
852869
161495
264448
492533
283560
317965
672446
949196
25415
338341
868187
14550
260100
510749
689582
460722
269592
401910
999940
948919
401156
161636
46002
984817
960816
733535
738105
317128
491810
923223
858772
76033
872924
13764
586080
488606
523922
810651
347752
89313
568454
786844
453517
760559
843842
870088
759758
763599
64626
797553
599162
830993
120283
109225
670575
137547
325052
958940
299277
216255
768383
53882
605693
666008
594972
365516
356503
111571
859147
362216
683957
83963
806115
522432
596882
143308
830292
414036
764061
363577
233085
55048
487904
907978
83755
416848
200328
787229
553072
424455
717136
978892
323035
131231
214734
590831
276185
198643
674010
616952
981671
178873
342231
654077
219443
267667
281823
690707
950735
453252
111567
595797
928592
168256
76844
120324
890505
42140
273584
705672
386591
139044
707829
54357
702665
322187
875517
984681
20199
391613
590108
542129
395835
385233
394626
57100
579016
232730
143913
89447
244485
843036
772247
412551
477310
212764
176336
769893
337352
676113
189276
926195
480735
777782
237552
926397
243422
315393
947772
867947
313369
209197
29520
225507
219610
890932
751852
904139
977399
311705
399970
83372
144461
930209
420714
104818
418203
775841
219266
137039
336189
300851
505472
607488
159938
323522
68726
781608
7533
856773
139008
195160
589701
395529
878700
440624
845465
140262
979015
826142
616596
605075
24960
667525
762680
981974
112507
144762
704506
566292
523317
50856
430394
115590
733263
421203
381534
971084
392057
533753
882186
572572
922108
541973
919102
514195
664547
272573
5963
682860
659399
567403
961523
304590
147318
410904
725084
289535
652992
152644
703217
436599
367197
670739
234070
154767
482302
917649
321797
781080
613358
364054
523786
272648
516453
656645
724311
826256
721770
691118
280261
660105
433633
58899
1320
420684
822776
813256
591821
335456
531498
17395
708626
584974
106287
606643
117666
659985
218049
546014
489805
596266
775306
362658
366144
704783
370607
134220
170213
931651
983155
366119
136154
596225
783113
820861
7494
355922
863099
437753
23070
341438
933616
945388
999155
38879
265757
381486
234676
693009
52427
103645
209032
544005
552192
104321
604864
272885
561357
373456
549117
497586
389300
48845
184094
203225
808947
861514
850851
255588
657777
561359
366819
141468
900484
408147
113894
31020
895133
330343
311072
535377
466321
839858
561355
833966
526788
292567
663903
42684
177972
754547
305713
135839
692319
326402
97574
392403
336914
35873
233490
753349
17936
535662
573937
919038
533531
854731
934080
427898
612898
514754
808505
747287
261702
505154
567978
305449
360330
821704
154673
423914
237271
550553
156118
981519
526186
458411
745477
299701
632411
573668
544998
173946
980491
763514
51547
524457
280808
355769
369813
279757
396191
400867
752147
660262
314784
505905
963577
655482
342727
521784
866377
558210
2156
59623
683072
420741
936456
488684
925391
66691
179778
943415
731828
771207
732629
386135
261941
48672
981344
626624
786297
226857
864331
454573
514051
300163
591504
618914
723723
802084
868589
739659
118075
285385
314597
19968
188739
872583
13101
471850
923353
86335
849594
205759
143697
168368
849381
389801
292500
584743
278519
753284
198848
125265
118103
820614
326556
489265
1000575
