1000
188744
592790
165673
479081
848401
416435
967886
197173
580554
391405
932346
151708
238328
154112
965013
569284
259694
605134
475646
25510
95598
777312
622719
710549
493290
235130
294754
222831
939107
780698
633245
36063
848563
112461
263784
506764
218661
173037
285871
557665
174082
570362
736035
872250
679655
762004
63403
681384
678353
889490
470585
812833
764155
226755
913463
349319
35358
916287
645087
744467
404119
216168
347434
724254
261095
379010
40544
913420
187796
688108
545038
861333
150700
258235
891286
567345
929513
99506
990048
672159
192560
683551
285871
276755
68660
90452
562126
432378
756984
305089
956840
817515
946801
984811
189495
677163
50953
121611
384213
690013
170816
551877
333422
105220
851053
992323
85527
534070
434403
816430
456567
895456
810990
122825
146019
128752
707005
798186
43976
472931
325913
593685
488705
752427
52179
479286
517257
54588
457597
962747
240458
128307
186510
618508
252756
775075
53545
159080
214121
188542
169975
118877
86453
819869
994608
395619
306395
53292
9081
24470
717802
725237
806824
252687
852654
1671
226147
856670
396131
651267
470758
598053
911877
231042
347107
810708
193411
382502
300291
581500
939793
720252
779275
252690
519836
902347
960154
282307
628569
858044
703374
816878
323767
166181
16775
164739
263155
90228
304771
163190
726281
947252
894056
133919
344648
295807
141025
330801
105087
2817
455904
408852
838163
286692
325057
668770
809202
123421
488399
919483
209954
276242
602271
969030
109555
733991
951706
996740
563539
669860
117785
233746
564352
788932
627689
612091
405784
727645
636077
921975
717644
424615
117027
632325
936627
941034
914367
95712
390011
991304
84019
974881
129658
228452
209552
609008
64994
82286
385542
970792
65683
530189
476999
500487
440075
697255
461066
273806
794680
894544
795884
764923
921198
300044
287408
772193
290292
1987
453543
163489
244153
880576
934571
981767
993892
416357
861061
385283
268617
689391
769263
677570
879415
602722
231475
190632
703918
257553
117234
76332
814446
505996
429312
908305
867434
775974
354669
60093
434908
254817
889951
385400
867250
486904
861338
829378
434086
81609
689442
384400
408107
417566
524600
870181
440771
987095
447
818890
516781
71157
741826
301866
908348
707397
155023
654732
442755
256679
365307
505389
360493
627258
969673
272825
748905
198118
781862
151206
469954
776581
671115
711597
281868
976558
899333
431270
399162
937568
907601
134528
321677
854024
611105
967898
957927
410095
933627
676800
299134
647427
568705
391237
460076
147520
416523
906361
205858
417787
262448
32839
374333
783819
530020
737774
219761
255316
86395
608026
415969
2545
254732
297630
957457
129854
898992
460752
378931
304575
262122
957826
322205
147824
292065
72984
417372
893545
790536
927179
277154
935982
738974
584953
723098
482001
207249
591142
223325
139780
290110
34899
805692
477183
451475
124473
672765
972106
81430
807074
946212
494824
772414
560741
755174
591456
633407
788028
553219
642601
702371
82883
841388
703473
154708
737743
659423
975050
572982
151721
123284
231537
383281
605990
826895
459965
917132
980324
10966
471329
916085
684835
998205
430301
688349
123581
531037
269895
354688
284355
725411
126578
223554
258998
443140
620408
168309
64031
794062
471530
351479
3084
38298
856336
184377
938919
691806
934942
369370
225012
300959
120566
26673
686758
854019
459092
39658
764895
424132
917467
658375
395139
523777
503993
521800
999544
308783
728441
648038
274748
640108
156133
739320
723426
203828
202389
940025
270122
964076
359832
954209
338620
215196
926078
677103
676097
930234
129601
185352
683038
475425
82254
229561
948366
149473
241459
855705
964187
973359
64486
965066
63225
429053
196975
753054
715647
716709
101363
74773
588803
707902
599903
377349
116304
449937
116013
503059
492934
880998
113430
257565
165391
557239
141524
547066
106170
40454
957139
343577
456245
711306
172659
376774
883499
330501
728636
721035
376760
617137
69983
851827
457029
672472
662053
713257
543237
276483
443575
982464
818251
692554
393160
849420
324165
244426
768803
558189
170009
148469
575564
280940
919962
61892
506774
274557
462951
53191
938305
21028
191840
370012
830797
562677
715654
31550
160223
379123
673262
927221
924623
994202
675938
350123
587660
107001
594965
21215
594413
40694
619328
93043
313620
75573
345117
544031
843841
103380
667199
915080
774833
994701
363532
683691
191664
13247
425433
805555
450178
721158
253088
270891
45866
886790
190688
106382
574997
999943
739921
49209
637798
426554
197827
254401
690463
600410
804434
629345
588136
15022
328264
196620
695487
75179
751631
728097
986173
506230
497745
773373
691841
733062
317486
773610
596795
315176
180057
93364
573015
126940
351952
303772
129539
665757
396726
390566
819551
65854
865614
290125
282497
258480
97942
61207
904801
640544
766462
722947
111144
734397
756739
550302
482896
968599
111789
330868
553975
456675
191713
666788
262790
667163
961699
16845
457976
231746
625900
258788
44746
957125
521700
354600
199486
336765
9725
726124
278283
14994
768556
925331
886692
555641
560260
221147
354531
971869
338224
319888
719890
674908
22028
642848
238934
252136
678305
193807
570937
487054
592699
81281
54738
458323
159593
469812
852371
351802
614993
684305
778223
712291
742253
372951
997030
777101
433958
623095
34670
516156
827659
588351
701567
366646
712558
136622
953724
630695
400155
51238
567481
354084
303222
531647
374253
359756
981488
224631
618677
50315
566117
594824
488962
826872
90070
222930
524897
173854
780542
536568
926181
295064
535187
147143
807283
805718
962458
391056
667946
705340
75815
561430
64877
764329
205872
794531
588302
33749
882701
560245
603672
188627
453711
453142
627897
249014
668282
199113
246602
712912
987744
820192
287165
454933
444763
152299
668578
333343
600550
658506
666646
263563
953176
852388
468168
798272
441023
917040
688489
377360
364181
791728
714544
147510
123489
233854
339463
413183
426925
118591
602453
364614
193184
192116
822441
546840
281335
368943
394816
316598
309796
589218
645107
793144
42307
812691
818752
447118
265653
233387
54258
790882
966811
818990
556272
87961
600113
329542
170528
386809
291012
690232
215222
668389
931601
20856
879005
319875
99324
728215
871296
584126
574954
672346
876085
763495
370299
421031
709062
640054
198567
244825
490782
705007
93236
497842
341965
585952
588753
560240
623096
73990
97107
228920
182112
402256
471689
376943
470925
999419
358461
366184
138966
564572
849930
700279
318352
89084
129685
411428
710865
154973
693417
925627
581664
529307
449587
331265
337466
291758
616342
397249
257603
661516
516396
707204
947464
457643
518939
446942
555373
308580
614351
853861
819576
484019
399257
736445
349880
189723
4388
499599
255187
827431
532303
66136
385707
698442
842028
157277
189613
35560
201493
241213
324470
277934
124326
722655
465313
883355
59034
790025
7281
40034
827205
327442
236888
233448
391979
139120
664354
971304
389244
108523
738433
307
