1000
343457
348690
297970
634777
440946
574007
332382
571999
779557
372050
349474
591371
331621
517593
752298
224885
813770
272
415560
179691
65530
388136
404788
581994
384060
537473
263076
756968
586651
202960
875140
562830
231731
657564
479763
234180
565403
474339
913946
629540
36782
354265
581001
714768
468664
475472
837487
548639
58554
781043
849621
974386
876314
352236
33528
613477
14827
562022
511138
667745
266644
127468
692516
448399
243615
132912
291314
872423
679456
354216
403803
554534
987008
232851
915107
856158
424037
139226
977982
770727
46464
278545
449899
255411
441266
712028
857131
393024
521051
520686
506142
183846
511041
560173
925112
836240
122778
518066
35364
46727
226615
898732
979189
992426
91533
396708
278853
811002
102496
145051
336172
569938
887437
832463
843295
759667
220213
344796
714850
669501
164546
710848
755883
983227
680407
371575
131413
239893
489752
463045
568701
645032
350675
597266
131325
173939
871433
346223
932547
989800
995101
238967
567821
729635
894232
548560
405955
92086
824727
109649
452848
343522
40338
358974
729950
73507
942089
313838
930702
900643
209164
893197
102481
704206
446183
950014
443334
616005
388777
154328
292081
534316
293968
746386
540468
511902
530899
122809
70188
759680
596044
298269
189354
103859
355135
692940
64716
467171
177483
399798
780984
569596
351468
404144
193012
220797
842986
49364
3557
96420
114081
422021
537250
954505
900142
41296
602869
381127
761267
628141
545582
292565
286088
684262
889891
528626
93758
667151
170503
313791
816849
995891
48037
222694
850729
326735
435898
985080
308173
49015
901741
317013
85349
404759
584364
707844
295338
18517
827172
145891
931692
325777
794268
710136
812351
363854
59823
294949
749955
376618
524900
263802
827151
11081
467180
548581
626106
752912
899703
16708
165765
844429
164403
258779
322536
986164
622818
299361
339511
81925
736726
97461
602865
439177
469452
361646
632230
162490
132515
696784
281666
156546
786487
256602
627449
250652
994270
238588
883025
427799
230271
892837
553927
673721
969290
487163
17247
920704
852439
775012
350539
201156
555679
468481
817783
468920
575377
111931
511343
930895
491154
525941
614318
789115
143764
154657
510148
964112
951314
533230
590627
439175
527269
743263
45190
929887
553734
920375
108669
472735
752097
252113
207834
386166
395154
51788
482290
823042
541502
195875
107536
374319
800656
810330
401276
461176
847
187476
538851
845385
110361
701634
328227
805893
825983
170742
789749
24291
565628
129621
438520
579251
196242
843115
221718
779327
961219
943193
501909
151820
969065
58281
432508
156800
777010
529858
946783
312797
316604
692535
566538
939691
72009
744761
471558
412725
933087
772909
956362
748905
690047
651416
488450
219683
939199
132791
895924
132675
813894
58860
613013
481658
20772
58706
481959
218468
913868
509681
804301
253072
378671
796877
632237
904603
163957
384409
846144
811449
285914
654793
245369
787925
456867
733701
114703
662225
594556
16057
168425
419046
919024
227593
519333
988015
770308
645346
808773
786113
162928
938284
890167
334066
165499
362971
412608
694139
921586
472229
73284
368376
231108
477518
830132
826252
36605
708511
734420
819105
851485
638261
865512
475533
980117
90421
624698
51088
227677
812125
395531
498682
957109
448438
952532
875689
626934
358885
215543
113392
768467
619105
834119
761748
810418
530304
690737
127472
184545
151274
287173
707320
767926
630702
732325
453786
513992
640499
652872
48640
906115
672006
822891
454962
769260
470163
621014
730457
683634
910959
381511
214430
246189
597394
506173
858289
416822
887714
376098
806822
591330
281130
935573
305721
300699
997673
192980
47922
510173
825031
314563
366180
966730
600931
737307
630927
948267
983047
66354
233765
948804
427965
841378
242602
927763
741499
619865
455988
539556
975737
870909
90002
447252
664228
90170
615689
363424
331434
490921
45626
612073
598198
861534
627935
519174
726902
196366
833716
672454
638679
920667
777714
364993
826002
532926
227894
847641
892384
622096
824257
314066
288521
629365
750616
896651
576282
173413
216268
186777
64245
885912
9684
751103
905282
236942
177878
852875
826180
280760
123397
664015
766086
807686
135843
850619
824884
359374
675752
648020
438533
656022
626683
226259
579350
328190
468061
255068
184467
224269
244901
624793
630094
518678
413541
204467
954290
563718
330604
504173
146384
551181
91493
988061
747288
970087
378717
606855
345253
784582
517410
758103
351791
902622
837382
7227
104164
368204
913091
469339
872208
307300
650616
796214
663480
266774
776466
367514
713095
680123
741446
574143
120352
771842
672698
547265
210450
768434
991363
754361
9897
192283
61577
773303
385057
134685
712903
329437
822966
964372
335599
536667
514135
598879
258347
769986
140600
431627
350845
688135
563271
209569
128199
947735
908790
577033
846055
308305
240311
531930
163322
81317
745798
12799
205634
867399
748512
218119
953954
562575
751889
17096
749254
519472
763115
892337
40287
422290
943122
449515
358156
864783
15925
481388
210196
894407
29911
306200
352976
674849
308107
378899
796902
448350
392254
613800
131823
855579
365934
374735
504442
396259
724089
604702
683754
584622
771088
780239
394618
952187
946122
688426
97185
402757
362197
953167
253713
341157
719751
232994
304729
494211
87954
3539
524522
879610
540566
925832
361078
872200
707665
425066
278708
587822
784946
773513
17600
154794
20107
739245
402336
503375
12260
465082
280802
754238
287659
745662
63649
206915
281353
159067
839462
308686
319761
203468
673194
572364
379794
831893
193722
699425
170956
661835
271347
413444
28799
883709
345773
437048
521758
892094
222260
444579
59171
696912
630513
751180
290556
901295
967080
278518
262755
205623
54235
789587
780619
471666
9163
109095
610550
840834
991454
128827
553316
383336
948060
826105
4581
769134
526035
325163
643152
90423
431451
886859
484044
577953
248628
850886
227467
951444
243083
795218
689239
486058
51996
768808
400836
492731
109553
359200
495685
459395
526088
6569
458779
926642
84498
447713
661096
518289
178392
966615
817634
805516
536504
696026
563299
504160
797262
510910
81052
527458
642542
960299
26282
205289
394381
485793
972097
925529
481471
328460
560773
848077
907930
893311
26103
844384
951546
490064
828492
3864
395871
768721
849370
372592
913904
291046
405675
55361
775074
343944
887924
927628
739764
128533
680416
345830
505938
111889
32965
253696
693657
149053
686200
822802
744442
244178
393660
744868
203320
738906
141269
484409
859403
69420
619003
781400
888551
904834
782314
161208
829782
81912
372246
727879
857730
84259
747132
845975
902415
744844
313812
987942
870053
402888
594338
878792
943947
366965
2604
144947
922286
434131
144646
634407
713090
247228
932233
114680
692288
310913
26594
807417
70285
640163
255814
184903
21371
348139
943875
593647
664808
295143
842738
158205
130500
585473
113865
272802
971633
867709
251213
404481
687235
598606
260708
966614
327206
561238
638664
998153
