100
542215
917696
515952
278945
763923
239205
856363
112527
33885
971853
833525
17804
967688
291290
537676
170398
80124
105004
21971
141997
123589
902772
328949
830824
262987
187686
849780
239941
441770
870413
438733
979685
560878
75320
110538
943573
12204
367442
761316
421489
144575
145872
882898
22883
887070
170563
489458
842121
532823
80525
270227
759285
445226
785840
490205
61645
628164
162242
253021
183507
567575
379453
333233
297599
405330
390962
325453
809609
633602
102558
120871
153795
489861
667989
161349
296994
807334
702939
812961
232157
499226
863826
136245
732525
658006
380621
248105
448181
441931
944578
576791
886524
602303
456990
790199
239957
709641
634739
380332
375968
979923
