100
318580
257803
742922
881582
839098
265534
42104
368010
152952
949020
602607
114871
227476
59885
380967
499068
104896
543539
317416
132859
839433
492503
422443
105519
602381
838645
836124
606725
451594
352001
600897
662163
668433
512596
268852
510649
403353
873367
367500
990419
220719
243082
114010
212632
994187
651250
555791
669586
522751
964189
979067
92794
295688
521491
765616
624559
132615
182043
514565
654227
159753
704295
289847
724866
856322
775325
167977
601840
930265
534466
155724
426398
675613
696901
940057
125049
959445
498022
344635
787407
907764
289665
434699
349998
195691
633723
908275
435867
888281
946440
185523
226988
535774
236502
667010
591875
423693
814489
702796
551719
994736
