1000
116428
962442
178543
647404
391074
111097
908630
943917
181373
142523
932845
852514
473501
308632
97439
493403
859855
373662
397363
943212
411955
378533
375846
507711
17896
770157
342692
424582
169302
927587
644579
976136
830871
715907
391837
447773
71682
552791
533672
182901
130774
464733
18099
650386
773952
922822
852447
618006
727561
679131
234487
751350
747680
481722
536846
446734
671487
937727
406132
861711
14715
840126
934036
90963
304365
556396
540461
615825
547193
366813
871851
725420
804984
119719
455777
50854
81414
884390
930150
86706
187497
786137
44553
621350
876124
60394
125553
16591
413240
703051
636374
744159
978814
416828
475414
679169
993795
69225
552181
134797
824376
357743
979188
763671
642389
777791
891020
396834
454690
651035
800327
302322
118178
930046
249532
147839
399836
818521
312229
28229
345351
251255
72990
769080
65809
41089
56957
929813
248460
847326
72
265684
696437
366322
870359
916922
440867
422920
218695
11
265929
718858
90328
841628
943464
951277
740004
612869
482836
655210
476733
698101
433632
950566
561505
555425
460136
117427
34012
142613
689468
416239
988859
136811
235172
193802
564328
561240
727445
223206
865447
827875
135086
141271
299436
905138
636655
607369
715158
686525
769975
826817
332172
908643
946807
281980
143155
208795
914809
402163
889929
195395
630279
401408
27745
990932
929273
19034
463291
390775
928159
595452
562559
381872
491590
786789
220054
499321
87595
580024
380197
786794
757946
570819
350887
54867
985153
506908
642854
366572
827190
362152
629398
294756
502241
777717
278734
478869
14375
631879
872164
952409
367349
303792
442659
24822
283013
685080
94956
929524
960144
886237
341094
742416
327056
867859
71075
120777
644081
115884
648145
210391
561619
107123
458649
777531
903038
943091
791447
708786
867491
192052
47607
411971
387275
883237
914664
917688
761887
366613
997696
58025
912659
631579
889452
565939
757359
600150
901970
87176
816123
178767
490117
958880
73926
572091
912548
130062
682835
907036
80719
727533
240353
771590
158663
744761
878934
515519
640546
987386
805063
970432
850983
872794
923302
487704
566476
209624
258377
495216
195209
373077
78803
632617
164376
582476
521153
953249
137740
640031
104275
303253
723403
823052
426324
939104
391402
673982
449544
648098
28707
569344
507442
829180
184565
239628
396607
126455
67993
300738
564946
818820
814748
706612
769965
765406
868445
260126
467512
361228
139045
135283
138290
837314
814302
840594
364337
774823
481522
549847
354071
712626
960001
852174
628371
273197
661886
95811
309457
378204
781415
408757
112063
918647
38367
480489
698045
506578
897449
476314
912033
211486
894467
584141
637540
336392
892253
640131
61932
633087
325556
9288
259638
553875
579408
226025
345119
428217
731798
729027
687376
732331
409035
259253
112324
812
408678
20599
392632
429801
123535
310916
396078
930171
139130
37427
390941
103241
274395
149348
53432
48203
667205
543637
257625
310953
124131
400340
55242
232129
16337
46863
734704
758152
608792
930631
310485
757128
948420
502691
153488
595271
898980
951137
514323
651848
181342
530087
375953
741419
827884
623224
758986
420463
567927
232450
447028
205208
111694
229076
191688
412651
921667
898860
164262
188119
688674
226478
738725
290606
259855
520561
992699
555152
543035
814516
538309
977960
387586
422638
891957
513680
149797
433795
551701
616592
279711
614226
608892
231364
753766
534251
701260
814875
534143
421854
664548
19579
383998
736431
952809
728194
53849
982181
957036
263976
605288
443073
730872
178112
568828
538700
603963
557149
700825
66506
569039
644690
705873
559754
321187
624529
442558
120607
699338
9844
961563
405161
148192
729754
557503
236172
850709
295274
563064
591939
441559
21363
974400
975821
2080
837620
264671
840453
173081
664375
347164
614031
683241
981976
813089
347758
484895
943011
881194
108723
75384
802075
737513
646352
588877
541975
243962
775947
586588
593736
319422
275278
589105
483221
599830
457819
739696
562343
699902
351132
960834
306689
372547
574808
438042
624198
180515
677762
584867
181726
803007
73708
274696
697972
187263
6745
737631
772439
839618
10095
805619
112896
913792
476875
491692
156211
960831
694895
784925
97086
802414
164502
869290
903326
767650
599977
471444
755137
852970
950666
747427
213991
367505
84109
678126
44257
78767
228550
747722
293628
283308
862269
268493
656567
54547
532030
379710
862575
442766
330445
778907
952220
795396
668663
124229
267444
251275
479620
323020
170477
76492
2889
885587
231200
530802
382874
641696
610953
464142
796
777026
496491
866059
300856
149599
552016
542921
493355
416793
335406
650008
664122
589085
25637
818194
856835
226824
167077
856341
691887
531061
740013
592667
493764
386279
314670
707192
582999
970640
622350
322608
499486
564412
918344
483315
31844
143133
513456
227126
834453
842227
104404
789679
143545
589976
700223
801325
368830
430117
808279
731281
609645
859525
689638
397101
393663
205332
299701
405175
505225
635123
970900
714025
849490
918187
369527
97401
687429
373690
999995
258800
288769
941055
224646
57386
401678
56511
903947
755689
619499
318610
687917
669781
302723
716717
405307
671124
510910
569868
542874
638274
399603
600252
944512
897421
289594
629506
176732
28144
644639
147500
195412
262794
885556
910770
681382
381210
745214
862727
678192
185114
141519
912642
499466
725109
448628
736484
24081
530469
733892
637509
79679
663149
488985
603424
685814
927408
226587
846903
474140
133613
627127
410020
416991
456472
317231
686526
539737
363925
25100
358436
741391
142035
498798
326825
473876
134531
453316
420316
645259
979892
115734
115826
685385
721421
765567
176787
132121
601126
861689
424830
127577
557379
486033
429721
211585
584237
405753
983065
32068
936303
958076
485834
946447
824746
930572
84091
93550
779286
582327
589130
681422
266517
386744
551175
260829
43381
658410
747848
171021
530243
418583
635209
706488
111174
443887
515261
331678
834271
318612
909621
612233
372155
477522
655852
831569
752370
631532
951085
855868
405567
818321
445025
476733
308316
244014
865209
768605
724602
19421
756276
309367
563482
296635
951117
441757
158667
706903
762629
431385
603200
47365
317896
111054
367309
306387
733630
646652
514110
213587
265649
442530
995540
212631
181078
483389
619421
487035
658874
297967
511599
300444
496010
557883
170688
276647
611711
943917
487461
769228
188516
158807
112166
537680
141253
342325
513018
690242
430902
244146
677988
705541
981885
291267
866665
512268
462749
156274
794220
28581
345856
810933
427688
212332
359104
796476
791882
782624
808338
809098
911145
52882
671631
419259
583395
81913
950624
744612
931413
450531
774790
576279
175734
348870
625540
220549
339280
313653
424617
536574
971933
202542
889981
17109
693434
91472
1096
355167
245962
196073
102842
469018
663338
174254
182138
2153
555596
428612
148814
55357
141874
1722
270947
605840
330825
964122
483322
489355
681568
328277
793455
520904
859971
914331
1000949
