1000
262410
546617
245782
768114
458296
94343
278465
149743
34712
186628
618038
94029
663748
236095
500510
664359
107644
888058
158474
687595
882355
417366
138133
792471
513026
133917
318438
605652
89023
702124
17810
37163
26153
329723
689438
490216
602042
956107
22690
376586
381663
196459
605448
645987
977540
41126
968820
312851
723656
641548
828926
303131
142736
978587
988442
59808
283000
481547
468185
357183
810467
565363
632456
758983
922163
31323
617910
396055
822036
856479
964500
111509
241907
92156
287221
428744
956173
14010
573684
565907
594146
557814
65140
893071
531464
757579
910786
468611
355419
761757
260247
271555
656338
534529
286971
457506
68653
271116
357891
92116
184202
636471
147899
374693
903191
266412
106846
675984
528610
143535
71426
329149
550285
883436
489553
491803
267421
98521
712561
42773
822449
463815
382021
623475
721423
987531
394125
892880
208154
866435
905641
699252
743200
85831
718075
917325
139984
908782
435561
661071
589768
412410
574722
605925
855949
618273
608056
642194
765844
87673
929803
603369
177533
473150
827079
413605
958687
649219
502244
316966
416382
854644
577355
739209
717785
212995
113400
943522
374368
112375
851706
254040
363075
892685
540760
935518
285798
92426
21710
134666
486257
503966
238452
340115
775811
759286
597312
932140
719558
779679
815010
366071
17693
736530
890637
452584
930426
569952
451542
192247
609805
254907
766516
603649
168407
171486
487080
335932
346269
282266
289526
630357
915575
760831
865233
901160
643976
594595
785940
154843
962952
629138
924333
649304
547068
754834
72980
224613
154887
53713
15033
826721
265114
232429
334396
71837
180616
430624
111510
427668
963061
32518
158357
615880
297388
195533
903492
488315
290190
111096
234152
458632
482408
672400
367271
68700
984094
557287
383108
991443
793476
213642
898245
232883
715916
32834
258678
325951
985881
758407
172486
931257
115314
501058
156430
791224
496402
702589
890290
888865
379804
486186
52256
784069
998187
724365
748854
802263
902664
182214
314048
656136
364149
584447
753822
723457
318054
194734
979972
232444
285263
82631
838876
927552
485336
346242
776006
403703
739886
296452
608575
94573
443827
401005
198111
921191
718421
867773
107196
887966
441724
141219
870701
99607
833629
525028
282281
987552
425900
89764
727309
875624
945134
852117
603964
942716
185836
333177
699552
884250
912515
534613
666959
308211
453209
774900
50890
856706
85354
163924
8031
117828
224448
177266
565614
70483
858497
533933
206600
576675
154274
573913
853747
763415
874682
888483
767050
312321
339185
35356
615041
462453
146455
320932
853639
20936
811409
609012
427652
309930
866733
208327
848834
500253
614807
250662
521959
735313
257829
587023
22688
587230
520781
429569
100186
903453
603126
437415
675434
919204
315947
53342
493005
600284
677420
602085
686153
509888
892639
655008
111602
166579
39844
18377
761544
934334
275398
487860
843774
205798
459213
17148
783894
797670
717296
274703
176359
353614
167655
422867
723328
112312
309087
296116
1767
920930
250695
895180
898810
373933
351239
225645
823159
166705
216913
667854
372055
583227
291599
103439
544340
46500
143612
317930
145036
165647
23503
648312
753662
159230
315537
417117
209265
515665
83792
230418
868083
923613
440300
322957
446079
555045
558478
863183
186360
39544
477625
351562
641938
394087
400760
637740
258192
857696
830903
522252
375079
681707
71598
693808
742466
510017
918840
166585
113951
149124
546626
290860
375958
709856
583518
316637
992698
848764
228727
51514
236184
441564
899615
196785
919773
317078
853125
651327
478548
322350
795074
602966
694732
99345
432914
371498
497623
374891
186976
95129
540399
792101
424889
643573
810868
463038
399651
957167
50577
351237
303879
786145
823100
112496
790409
341367
787291
187292
475896
931323
643780
909986
789281
252093
615389
472530
72062
850779
275746
199887
739020
101490
656261
659079
928826
725089
107568
521165
936701
984118
373478
9812
445376
835064
558535
30794
617337
987537
17010
822094
172823
827541
232965
848464
649623
394803
472192
602308
410422
431415
718791
469507
310337
497721
265734
997950
909576
69350
345199
104799
620529
763112
678366
561150
170024
693941
722974
336124
893620
591537
226565
715968
306789
394817
645050
948876
676074
369326
89239
970747
486079
677233
491305
233049
868035
209057
400020
738526
450919
360886
929620
187273
566531
215225
624542
442070
855043
813962
649573
506011
991358
545357
324408
467141
870759
50674
668872
83881
924828
554208
122568
191497
657692
529854
9389
690598
942486
565726
86421
743741
571228
939654
237508
536415
640950
959643
439561
382256
223379
7660
554047
528444
845275
994264
5039
481585
221599
490142
187731
584573
859570
47039
920821
823813
372113
504018
257910
64126
785917
421604
70571
627372
810154
335817
431330
382197
719311
483715
999170
191713
149214
611022
3600
230513
550670
211846
650062
565400
922387
246710
474814
741722
234288
208766
678148
23296
443234
706336
215785
626357
681661
766695
717308
10945
925525
903348
605267
190495
596371
624358
521327
811836
41831
372645
603197
635727
401180
463692
762425
56207
762055
314225
239533
225558
400409
488401
104791
7056
459988
608605
434921
982047
243994
829979
930090
510671
507681
418171
716474
709937
740355
946039
67058
175702
549682
517413
451690
928298
755337
559388
610260
359274
269053
127489
813765
708035
459954
851693
357204
584521
738282
259004
678171
23376
770520
512565
150939
32747
573203
258769
363644
994047
84262
462826
335281
168450
810116
602625
364346
478805
924697
376812
698243
761020
565883
22042
507242
723766
261247
235460
936798
724669
787624
345971
710946
654108
585147
409320
444337
478568
272302
100395
252796
729180
792254
355123
715407
945941
502944
614062
701713
542246
792655
42031
350442
974297
135876
438194
586495
896963
175236
926028
880921
385155
903443
471027
86435
606103
466310
62695
694354
562074
961142
191741
92127
603166
965009
932358
470384
484322
515082
625568
62997
370288
618352
81496
924461
764822
767325
800443
37417
857982
747077
963320
569640
247020
274094
52275
248002
90004
516734
968552
271265
586070
838768
112506
141384
299863
222049
492248
504567
807997
278215
378442
134823
577670
858688
713502
431408
276678
285960
493993
336907
460475
259141
181628
46769
809422
180861
207909
10722
603689
700199
650655
942209
494191
145183
531671
223004
345117
517362
203995
484042
448507
881049
522465
371822
504574
757187
177330
107288
602493
621387
65713
589898
753550
522121
498060
152919
939005
712644
368510
294695
927720
721733
68926
185944
620218
662407
708295
806015
767938
54026
691845
58124
778031
272838
998745
701771
185962
630845
619913
390215
954576
759977
103943
126409
287243
544853
517532
205502
66700
606344
418417
401014
827623
156571
612730
202569
941962
456556
215040
649812
227547
13867
126217
145889
926638
208786
280421
709733
349600
629489
151000
12578
15314
129831
662879
496685
591237
628461
352737
745482
486351
687749
