1000
536593
845980
664662
559767
413206
418277
81996
554482
94396
69759
217533
750356
766673
741900
575680
732489
593707
159098
411912
188706
372217
948729
60349
57350
692260
109863
708344
477536
275041
108302
213915
217782
926294
386051
299020
733401
635366
227183
168972
748536
404379
549226
639031
428944
337391
2499
811802
437439
871479
608348
412076
484278
771181
819442
714411
223691
401688
240507
192340
35182
440538
248936
328447
179956
248086
253130
781012
249167
634236
582097
164590
875103
715634
647983
448330
321889
641888
103706
72235
914565
23512
794161
444430
241886
770273
439350
139653
377331
585567
977273
247539
603314
130528
559894
273187
684484
290501
756949
23941
379964
484235
396975
54597
312424
656181
193136
510217
424778
694040
100920
990728
993697
559234
897243
335362
212320
465608
302056
873055
373248
233515
615559
912488
246769
777190
518972
640732
332332
397719
744008
670896
823332
325063
753902
139047
487066
529240
433299
18249
45008
696458
933694
780227
52821
553257
987136
21467
839423
325783
965677
847629
581879
581938
756232
862343
766702
242145
951805
619454
696302
787648
289991
837163
815755
307174
658546
383206
439224
526927
58
570909
722677
235499
811923
452209
379878
940994
167106
761965
132607
211714
660520
17571
385180
135718
64671
43685
597421
785477
713469
379485
929423
747637
248950
388170
2613
732442
935518
526935
135941
318990
514507
575065
636927
168878
46553
383078
397784
791743
897671
757580
584165
651900
423934
253045
258803
295613
774706
893077
412403
983813
685537
742093
460306
416936
237561
592928
969127
870231
423702
72974
757702
732618
776873
940562
650866
398665
164788
812853
200174
490390
724209
950414
553076
925626
758867
311831
214911
653291
548452
397548
821571
699030
863117
135906
321085
741135
639668
313025
847076
321491
115263
321120
281983
970806
248376
232924
292880
533101
404425
468916
237806
863866
346726
295684
595504
466992
270537
47900
314757
343010
368473
869629
359521
479660
757348
32751
660434
333469
13195
952641
418993
221760
274493
477535
294899
241925
501723
698953
991007
852049
74427
925814
995546
765279
413832
567300
908958
978769
473991
147802
25545
577303
563828
466204
565010
849402
51403
506826
921878
573510
484642
493174
108816
861394
336819
195487
845096
476909
447480
5167
661922
95847
745583
155534
172855
602809
306045
864225
690433
867090
96111
136675
712463
304703
188571
905566
769624
322677
441125
338885
109069
645438
513245
386993
404615
824575
885766
256630
493024
457634
45426
594402
3933
237668
823753
781137
920265
293564
577896
970800
444701
423
352293
395724
844187
18764
501425
510038
690297
12945
729175
243766
298107
199226
708129
339592
389786
349304
991833
585591
238944
131030
824493
140789
242709
432123
502252
553556
128403
678557
807597
901508
468214
240323
848398
998377
980720
623732
477786
348696
469369
164289
620164
675631
236835
114924
564176
598030
549707
787956
851345
84982
326187
170878
436749
73852
130061
463714
998716
80809
674906
846287
818095
946865
668689
198363
71822
525198
442003
516906
226682
836473
165658
726714
802001
207493
642122
726346
571023
611416
72416
870565
630609
123846
341383
274383
889142
331787
166537
855178
236510
682277
305634
499205
76756
321996
429489
313890
246216
83023
144392
793059
570869
335245
693090
723888
760929
521164
551412
729607
436995
648633
777564
872448
348414
879229
673590
353596
841996
118456
789646
639210
777910
462684
408367
614325
146303
799977
456858
837838
938849
48128
248722
18385
564591
145894
661268
926230
202905
906072
52133
67415
71694
853510
284675
297145
61948
945645
819453
749049
167026
856852
269535
593844
783591
674658
486213
630354
183572
398810
704656
359376
97020
333749
976247
126506
945548
698587
663605
54817
921244
401213
869152
530926
167189
642769
129818
816515
672814
699563
47264
469050
572111
146293
923136
624861
609430
235595
458087
641553
554935
765749
667480
336735
124541
414338
105337
112928
302512
552253
49160
970501
721551
93135
846443
173824
668669
221297
154276
824275
356600
931787
808931
902131
838404
530542
650229
906200
462310
402283
207963
405540
499532
837262
333045
367085
583498
357818
250525
106281
497279
396066
76625
295733
113046
795425
483016
58434
712872
243959
939749
664924
776063
234849
190729
555160
255030
589780
369731
291290
758652
312405
961186
357825
909175
392568
921196
100847
321604
196339
305959
819768
867677
187166
937556
570662
318804
564105
68731
912167
488700
176506
933794
992468
754342
240065
497495
297310
698825
7034
516269
678615
476539
3935
844163
87450
90652
817415
896639
156697
773906
755967
671194
379393
750318
577795
939733
292876
921581
45466
168714
403426
81947
933835
40029
869933
444371
995135
744785
596984
748129
925749
731319
680898
726920
883163
852865
237605
742815
212368
153844
164638
239125
243124
608700
81464
555478
511400
330841
524122
246790
627111
995064
491369
242219
472064
545756
933275
311143
256815
62459
362714
572450
85591
451109
666768
318406
219679
488351
285589
883364
874854
508366
228019
683188
937124
900047
461458
972409
206238
314979
478789
93635
3205
127176
846063
683022
821484
547043
328787
93832
440485
424472
548088
372528
92791
107324
106037
541146
926461
735714
943966
925007
347742
491154
448203
615505
90404
117464
259457
981499
595387
840312
450432
39879
477513
413695
728041
656874
589668
482292
133129
162522
452084
544814
556870
498159
723431
2559
320164
976999
595850
808142
277557
315780
168715
671299
580763
525136
320392
259483
860475
611329
964947
383323
850880
578423
680645
765216
716233
743457
258299
326805
710385
789376
78834
943039
895800
665476
844923
536947
569042
463378
140762
168999
441612
197927
924545
59749
623511
873366
372580
452891
918771
18925
754297
700432
201849
958326
25102
455665
600965
749273
80966
993929
453630
912543
523953
496080
594883
401041
50311
756698
895795
599743
208129
253616
266649
278108
620629
459708
921587
515334
826188
469725
104221
184100
136321
445403
559263
275881
156280
765364
256143
951157
774680
651925
849060
683674
238534
610596
842649
938235
779936
606650
569530
473169
812051
698030
333647
585351
420826
218125
982370
357957
40212
408677
516333
57803
472256
237760
373733
721075
494103
67374
741917
902233
714245
378236
153561
573590
511878
45121
905264
20327
188634
668246
475420
377516
575652
522149
444962
989389
989989
701850
127576
865143
787343
642487
638552
357252
735817
760516
529024
237625
417790
222819
739362
32680
502114
762178
231311
810614
391683
254633
776955
123127
467591
601523
298957
235317
905224
434329
618310
155792
403017
527722
757067
831999
415699
929751
25616
167924
910064
596330
38691
142174
475843
517591
346451
427400
524738
845035
618299
762591
748242
384929
663342
871761
493501
843603
239296
496912
544146
90382
411055
196085
140250
484606
711469
875522
796530
243656
531211
708672
549770
740151
502467
771527
657401
940749
591586
718620
851706
877755
131408
298740
282951
240365
-551
