1000
818198
780972
455185
674363
218931
796696
370383
868216
692853
781631
455230
714381
218857
346324
600362
757858
527503
204692
534676
669225
78818
587940
907456
575807
103541
995143
457065
65402
226233
247865
410517
150101
412891
641642
480387
540597
748362
975578
508608
662743
583254
352397
658905
157529
397428
505644
372586
918241
235742
601144
758933
786478
789207
307947
465487
186809
917196
436397
289300
44487
449238
525231
150586
850446
576221
362600
171555
228417
434710
699242
721869
162938
325740
670112
842436
105412
899005
372455
445495
147970
504827
20229
12455
883838
279859
861578
203899
442002
631786
692418
371441
755309
554083
16723
878063
301379
420286
311290
409847
910355
184123
620124
915449
351318
693019
593163
318787
181185
129063
364504
423572
577591
337802
725904
67086
330639
147161
90516
658825
79933
80180
362649
987524
244383
291140
846968
308662
30246
305891
12786
8451
463199
409628
394436
137738
512925
238919
134499
700315
756805
69143
974741
399110
417462
75759
320812
361102
254739
600942
372767
881085
977966
54412
286342
295633
268114
635740
431026
919828
66861
443249
283494
127177
148568
157021
790134
100738
866565
830805
849915
749903
927876
983536
145264
931856
787953
547406
511789
235692
263038
957205
970429
598298
982233
248407
971422
349468
817913
886671
340308
560780
639370
738442
707626
348047
66995
47075
549894
190310
672640
117927
582888
910307
799025
475863
671679
404792
72734
851659
958248
637931
290053
399859
905284
443302
954290
203769
897972
891050
532426
887363
259124
473124
264115
365844
198289
441112
709091
161426
391176
995386
395908
292002
20349
344731
134849
244911
470868
14208
987888
769802
206896
352207
578012
589739
620358
415843
259950
353302
19933
172734
705975
144281
937188
202206
716572
906418
352303
78696
829278
391949
957520
588545
279428
398186
735822
975740
354088
451997
911877
586861
370332
98095
676633
730844
7031
509922
587544
639510
572927
2194
43308
615773
536948
518967
847225
919039
716407
891847
307865
919748
154965
184760
455985
260160
38836
389219
461744
715273
438425
722180
461156
744003
231124
257118
82616
985879
556809
674684
315662
802882
702427
857874
869877
563594
135926
235521
805831
632971
911865
365497
461346
995439
163583
682297
500545
905788
521
82802
398198
78534
504649
593481
972678
827078
782797
239803
623073
783811
412743
574748
239164
216045
670133
981176
366477
740809
773745
43482
299426
331269
905303
783786
752351
595693
145998
809073
903250
514294
229301
123769
652724
603448
520364
377936
292415
425017
993212
450667
990823
81380
843812
904422
974582
780249
680321
482409
299783
937758
242137
277927
806174
9459
218308
967104
128035
424258
756023
788230
540537
211125
230830
169629
716543
523170
519541
274428
827811
990242
917204
269264
147550
264319
437461
155839
72080
474827
535603
442505
596664
269965
650529
427787
208527
595863
494195
972894
739202
156595
944429
52700
618251
402299
545383
113603
333483
825928
59737
893361
693254
507203
201929
472143
955482
429015
557198
511435
36637
691847
396736
546365
188275
310299
171902
150443
848905
283254
672795
403816
315665
913475
280933
554455
142618
55310
981780
629133
78283
567919
113740
98516
722427
438944
271887
542540
22768
548912
608130
841901
844339
251536
889946
653863
375948
697931
322915
827242
94240
820115
690029
121729
626211
973878
242451
82841
789947
531696
291753
39328
425715
508121
202881
875209
409496
635007
203994
224108
20724
718414
656038
329417
793700
618284
689143
435885
584600
70946
611333
16237
60007
594548
927774
625679
732301
83473
372971
915593
302402
942053
320922
736801
627191
94284
997485
704947
847984
321122
896799
478737
567608
346934
174510
32836
786694
346461
347530
915313
154283
155618
783128
27607
875828
710491
443235
992309
293666
904279
344288
897161
413315
281651
181980
797618
463724
705420
191684
711671
278358
435790
151760
623008
584275
397739
276430
594498
10219
726824
153159
654809
650071
532177
18639
781837
463385
987405
628462
709207
282102
510860
502822
529597
363985
474012
486241
178361
937190
212763
263609
863544
724511
859335
375715
32254
477974
544241
73529
856294
498216
179089
750242
365895
144690
524530
466784
888691
601195
272398
67637
136089
1886
158516
735539
810890
302850
580645
564703
656344
674423
379007
59009
168347
500576
662801
580939
925133
438295
920141
905827
166421
545169
328731
686287
99425
954064
929994
473596
943532
338175
708513
275435
48223
681901
967188
789241
183955
406953
82258
100297
705781
818678
125051
260240
153347
937451
478255
326524
166771
273834
303362
313602
693490
647418
379019
855811
341001
443716
258524
567066
593500
144999
413580
763972
618381
472504
426415
39788
265789
304025
842471
396819
764275
764724
373396
129625
306069
70869
274471
153578
217810
360994
344788
362888
653346
165047
36454
804464
302245
189986
779244
136300
271976
577784
566161
860021
866567
752466
914121
583874
105516
118759
495847
59057
951605
701447
537036
236305
734132
941618
286715
510794
102032
486355
681735
680809
321224
576988
345901
897036
469848
342911
723646
350630
768308
646854
869365
465264
482865
36879
356583
362477
706243
630376
583832
760536
15329
645251
552297
359339
367749
144726
868271
977614
36239
481042
776096
328091
825801
907645
595495
443978
481285
729454
583511
805758
400419
501604
454459
468715
216175
678788
33036
541474
657575
276398
147708
422458
343130
150139
811887
407005
766827
539860
463369
624940
13301
166898
473698
897744
244936
779437
549462
44638
192914
642051
310778
860774
539034
16680
96937
102168
119717
524612
488764
989332
64635
784078
69464
480269
234691
574019
968928
577752
568843
276098
18187
575319
563812
578311
321041
999996
999658
702274
267072
568892
42018
531027
415915
734931
767484
276005
552257
594989
297015
592228
527419
946552
907875
844252
386031
594116
691266
570735
961346
406547
541320
847091
480571
766083
536322
946790
635954
489749
517139
309070
765863
191961
215705
702450
33646
877048
876781
147438
458760
641117
570057
539319
475342
406657
862917
183916
187910
479635
883002
556564
907224
667328
144263
75066
868634
461028
23474
641058
270216
884045
740966
959015
369103
682087
917530
501618
919880
349386
947219
533273
40130
99997
131584
121682
845240
41765
34818
844754
687394
19118
297487
918790
736871
95444
958828
59821
748207
801518
208599
739088
322327
267352
361351
384991
701310
675996
218955
501994
866940
811197
879695
580536
309619
673247
603198
121671
304573
356054
54273
762273
871173
140169
984293
747800
728561
482562
331610
121950
828221
786006
554455
490243
731555
288748
958043
447115
949750
723563
230543
179755
631759
320516
366408
599840
73822
266201
110312
652141
206818
96392
669987
616303
609971
7449
382623
729502
813692
689664
565045
162018
579399
190862
232533
572879
534705
32442
248710
610303
421180
836616
537866
12043
602499
604820
925727
9446
470920
227069
246562
865109
231209
563825
735695
916687
130546
883792
1000666
