100
240137
710137
638626
631765
583573
99781
224519
439915
135404
372353
509872
959006
831604
656229
202022
504931
601759
208932
135156
434113
857852
424874
750779
60653
489498
726022
892018
726389
239636
615714
901054
908818
220094
393069
461866
138208
901803
641817
388035
702761
92632
704512
808339
597213
377464
69345
40120
617438
377244
589001
170207
510072
227774
191821
957666
946030
369899
284788
543868
645615
630540
710513
687781
903528
311119
170125
935439
284659
702903
11683
296571
660396
619132
550981
622712
539300
104415
380797
662905
48943
413967
214829
855122
319129
427569
952792
520463
156149
79824
293945
534193
468501
596257
188817
547718
843285
322353
813055
784676
548050
959886
