1000
34834
720090
594214
317373
635956
637321
899444
194149
111543
85001
544716
182806
12082
485791
640161
12054
461212
58457
410216
699018
763666
819559
432486
793505
115000
503828
220260
882593
182967
633055
955456
758156
911588
888826
238174
218862
791040
695198
361083
31686
906652
124233
86178
419663
975509
612629
642551
402474
62141
398902
52592
383401
176346
582992
817700
162170
937672
182579
588603
982126
686649
332788
998342
11109
842205
946985
368424
949592
374045
749504
508913
520387
320448
788028
629451
9133
595633
805518
46285
91861
681560
854284
172333
23419
312868
148048
830418
25736
508906
116720
241864
676186
150247
10901
545357
650672
576033
884090
390664
186095
972460
125763
692825
224975
130633
219575
878795
529573
721513
33756
211750
460429
339791
477358
679458
953715
928659
250107
185206
693118
389122
134622
724813
563675
853731
350166
624538
914145
767253
932994
225474
838246
327892
309691
499448
46814
932890
676302
573799
212138
513378
404884
314056
483461
331207
664368
143891
246790
876811
644197
278546
546386
966068
916242
267856
190370
423825
739338
991345
157933
430939
174740
99675
941426
657014
534716
841106
610404
500695
437076
720290
761905
476479
134794
832181
849905
75109
10471
610948
620136
772657
67426
572586
51960
489125
984799
259796
264550
785494
419399
613973
13062
689624
240068
141526
337670
513465
427417
553451
494805
158499
957533
256768
308782
732965
432914
236978
266693
807883
263526
444410
232204
4777
359173
129540
905890
929399
392345
347166
389657
960726
834015
32204
982882
846513
307239
423480
600215
546943
296104
883846
698981
15140
557501
54790
484756
783031
109696
201603
723317
309215
863362
651576
331047
161302
931812
38562
480197
342031
397013
836529
408688
70900
573224
756760
453684
167432
876368
554051
165273
417708
895548
808552
17481
759677
872905
191351
212697
634906
386600
10795
196853
404163
259278
915778
562861
802653
301073
91401
952342
243602
768742
854161
651166
735509
939572
607614
983984
473091
643860
102781
641792
928421
932968
338773
650035
768402
35989
816855
137838
973169
108254
878128
899002
819421
584094
561821
976593
67809
934242
154301
474120
138914
955873
743298
824536
609052
271000
576449
555786
407364
349574
927146
942911
958541
984769
655505
754201
839687
391092
680618
254474
532385
640758
560212
127095
44367
171847
163468
524936
110663
157993
468546
219919
128293
658201
186056
422610
445102
788072
46311
686262
581297
109627
110540
79050
550665
121819
233248
101102
658240
69562
670197
109919
639886
590403
878876
395488
62655
46492
83859
195973
17074
63931
581851
56159
17085
966562
628328
131263
684078
132536
568114
886953
942189
721926
573289
125527
250365
559947
759813
354086
436257
2108
590011
720033
480219
692187
991243
850793
277903
639794
337846
255678
421191
212140
659342
377516
571088
105105
363941
300244
600897
626460
576103
597846
338523
6395
941892
564376
761484
953571
626757
319670
865742
888397
19200
741894
914284
133200
149543
418438
186021
512924
674682
539300
86121
463248
72541
146090
339584
158329
536260
993989
41738
510120
562058
887216
924449
503471
25889
218946
691418
165495
568740
337744
51499
153153
794313
580032
601894
496759
594354
200363
561764
758190
15330
468078
314685
222971
655372
228174
526195
433519
86471
945029
40814
31280
770207
593645
309154
436213
938501
915528
644556
712541
553382
258538
402460
81517
538521
429699
162669
43301
519345
702157
326511
535293
240946
16718
644646
488129
368993
188682
427339
775238
331892
733577
771536
996872
187369
331904
996737
834465
602867
483039
987462
334504
656526
846263
536389
267940
44596
737349
640356
808236
169448
631455
577452
640540
205167
373497
602953
664886
248094
579412
16622
547922
490959
836997
214165
77955
799085
908318
472868
373576
222191
348923
413163
944620
286114
482090
913994
597179
442782
500024
38192
840353
945114
238356
232574
759648
679324
100195
515529
57645
945353
652255
31422
54184
60250
323692
125153
740599
493807
567289
778158
636798
70078
473103
595424
964988
391460
712058
297103
506117
320540
596432
26868
904344
221773
579938
320713
851612
423357
599103
506891
933948
818980
919071
623649
72155
981595
998643
919191
831926
684019
196359
564803
863317
342882
812752
289288
912686
955737
512536
772728
810390
208945
924227
919765
709412
109955
875837
887408
536292
836822
432706
71667
554357
585715
398153
225274
992064
14037
193358
140379
243029
673533
297018
639942
669028
430369
354034
939848
887188
571972
498745
535786
393603
406497
536259
206326
667419
512385
304279
611225
776589
572076
885023
156068
196589
837052
994767
814509
359274
797773
491120
427858
325160
225360
463112
704861
801980
19455
478440
704579
406595
138731
399890
819463
846879
685936
550340
770940
693456
990923
823781
388711
466219
825666
88203
589250
464761
415233
51943
331357
631022
351877
547598
135968
382787
908465
108644
286571
837875
263422
830695
565662
948944
351888
830165
649652
454655
436579
188795
382538
470550
544932
533404
891454
861136
657308
292666
344755
854507
841799
264260
206384
855967
518723
395803
383464
821818
514276
735875
577812
426588
849636
266531
823164
522189
185272
908152
648918
327030
42493
493404
738885
854915
199505
444207
281090
851154
241791
120735
119128
923352
285778
532954
391689
51089
522058
879117
208206
440097
350189
387415
371324
962380
903796
138511
161858
873871
134694
172078
664527
584025
794307
170139
716176
65449
374294
436434
576279
173317
926446
578288
871447
266004
649830
765789
603212
919641
922719
19606
732664
438476
151887
220373
869831
321494
988915
661728
66196
696746
548960
343467
511428
980731
69559
141995
304144
759069
742071
497081
210337
916412
123437
984478
614612
160307
483462
650945
869021
880906
557189
514410
434887
443343
774543
199090
786521
441679
424483
682954
423381
539505
724264
903012
473882
355440
883167
682561
713769
726771
769784
659544
593668
418187
909504
724896
618482
370952
661367
310266
550560
924664
168128
651070
881249
798781
502833
877217
575958
165322
569546
464256
376489
680762
954755
900363
987443
616781
902654
323089
137790
442815
716636
289059
997668
519111
42284
857384
962902
303721
372477
959229
473657
163000
239764
449030
564650
386540
205241
429206
53602
211931
73132
902775
882037
675416
960949
288726
14197
651941
219033
373006
683827
365461
347368
521167
894373
208835
233140
508587
986211
670313
325084
511677
630604
821278
41606
572918
302597
297390
623531
673029
211169
479639
539531
314018
484893
896990
339714
329848
598338
544972
615155
50413
476653
541769
717024
562319
584875
629203
287516
770332
469182
569115
360791
576814
475645
442812
138649
86465
60887
834073
408394
858658
355192
123217
95533
553206
444804
301410
679533
458405
696768
330647
557008
291425
965776
447599
991048
176215
316187
371852
952744
804976
328906
109268
153716
884612
209776
950952
815569
945500
500676
529151
806619
447778
441417
183134
921557
249191
916750
121334
860859
478417
998854
