1000
590328
373487
813448
909111
352628
406547
502324
488000
86460
602
80603
611309
25099
352127
722490
912157
184562
872996
743249
270093
84760
806792
980268
377305
19602
175700
146189
641759
333467
145236
55480
990337
5808
706883
838299
146440
567562
908415
266967
723046
204153
134491
412399
36116
162266
601747
187724
281050
876789
511962
13418
536621
211253
538064
321443
875378
285124
440976
3478
582433
600387
972069
924468
785924
379107
488668
990887
741215
532131
431668
497951
193706
323942
893170
393145
44794
602608
511057
461582
988926
529597
166231
717654
988580
119230
299459
887736
358171
359665
544611
46831
374644
864283
993537
286234
438050
987557
198077
607456
942688
883217
153142
6525
535025
278551
702114
313646
498371
685600
63230
197941
501933
47454
352287
644234
960663
414406
572134
80158
582713
515051
395089
232716
794812
469816
742575
526879
21756
921226
151148
541626
100079
977256
573706
568040
447583
10911
271280
854849
338451
50686
406876
333685
181196
44971
190389
383928
125611
128289
538492
696650
318128
762695
875552
969634
665693
522733
455600
572982
23928
950309
628267
815913
231152
906492
114355
868242
690135
126228
452448
548069
430862
60447
980785
583169
879486
915386
551518
170773
690818
932516
710153
33647
784291
15513
552722
565347
934779
305423
832394
659220
509050
873868
672191
25250
413127
728930
276918
839280
948798
808329
620726
353808
281560
418519
729921
623566
529768
22366
745694
378454
33474
979938
827921
404867
746742
485045
904813
212677
593978
536113
823552
304941
631397
281042
258732
489048
966680
588397
686037
251126
364215
489297
478646
813558
46485
632889
481550
105360
663662
855082
872120
54382
770765
964591
259225
498999
682638
931695
235379
935546
953470
435560
448982
790580
497118
760906
588853
377279
978631
950194
728470
463767
98791
177729
286307
73
668393
641241
576158
419130
19891
372020
808818
945873
817673
906528
602148
867202
217423
568411
720616
688056
887659
768199
225744
973854
503561
73866
466015
330379
166776
857668
655420
631048
332977
925806
193986
426174
954808
118156
109428
476801
984540
824398
413134
727539
879832
893897
819639
987862
214300
399244
331922
832050
435301
658082
626931
376863
348616
386148
16942
20464
567055
337080
184076
130684
948794
340522
320919
621194
782951
755045
978069
961752
637644
866445
779985
655368
803168
876924
194772
591976
454553
145944
669875
120540
208209
797518
666242
129322
99074
269613
628454
526498
981104
725281
627592
733352
707814
495370
100070
476640
114968
960312
954947
142452
246055
949061
809087
454725
103876
771984
70913
114859
617836
93073
575376
706795
317649
594014
350081
378932
379929
830073
358539
396054
442367
178387
393462
612416
920152
140898
754610
997876
820016
597658
84420
507785
199123
65739
248155
85980
675303
486742
158209
761301
336950
619277
70445
273745
658378
448294
549685
361649
655409
280796
269152
390206
697312
554211
206554
190840
738740
864774
7681
374074
659475
210014
139676
31307
972401
945392
12395
227715
191535
967972
526873
344215
421790
548958
690638
443780
965088
781307
446433
4500
729071
801130
978539
882320
352376
122852
118774
632515
977311
714249
152789
101350
144422
248921
432973
806253
115944
368523
78065
735661
236927
555982
486923
671336
804933
771865
663478
406967
422712
512433
77065
802770
655735
101943
102574
38079
552361
3883
661648
719829
390141
604609
30450
711596
588939
207774
138845
178660
558041
512047
685042
786510
583290
910758
63517
672698
656402
519571
380394
895070
49140
253979
419378
968095
421548
210775
719405
67647
226456
464395
334571
22820
188081
673665
143454
201665
970280
407681
872079
865699
97067
548272
884529
932058
291142
695683
998995
625218
572902
655134
198318
824941
17338
571341
996062
596206
683058
996509
501102
291781
480169
459992
850444
356450
820127
69404
514843
2840
435807
621783
491240
604831
241472
527265
173748
354565
827782
865654
448623
601715
616104
488847
731014
222296
880684
410395
149843
7476
78191
299295
188723
345475
940417
102055
69814
431364
605740
552871
233583
199716
813013
705011
575210
108300
107068
193240
312253
97860
623902
745493
817527
533378
294586
509049
208438
945683
606896
74202
705941
558053
694340
381743
767105
64751
279234
269835
176045
923581
665404
534199
324700
289371
119151
389354
961755
261022
178820
600679
257937
434250
999858
65588
127790
529379
427520
802546
5697
592723
96936
334238
952998
787316
624727
567139
48476
27323
756049
599769
702517
737666
54770
120094
594534
575473
8527
757519
188030
427592
260731
984612
317364
272586
210342
49445
624857
613705
17439
841037
690988
239243
545210
254457
298764
323350
100108
937293
374024
972637
938579
881252
702738
590727
844211
267441
29395
233496
866587
45623
411352
682558
192134
594145
350377
153082
793310
680511
430458
529833
422970
440797
694075
327983
186632
920962
505866
288255
323206
28098
691593
130504
311466
986240
190729
404351
787490
177284
71205
978181
325302
673333
682860
535350
137609
780147
738102
217870
873790
151699
304023
217335
573366
88376
657266
971955
950392
48010
406117
363362
264042
486614
431202
10865
645308
434242
371485
951967
66660
343979
930209
402093
359939
923165
250494
94818
453991
915374
921565
448184
98986
108663
130484
970790
482999
890480
112596
825611
951532
940583
227615
419700
223387
496925
625880
716618
835179
425725
76307
248731
11612
615802
258315
367363
774440
494404
698514
277495
869380
183206
220067
197421
266630
846847
934803
237931
840352
504346
652198
403371
503690
267885
465790
808360
840766
978219
732207
488649
885085
543622
439149
425766
379503
74245
473959
584891
882632
189821
599981
357352
690181
715183
540300
88930
68278
367678
492090
551034
282518
143243
261356
449608
806133
389615
850886
634356
903287
2580
925098
519200
878260
341488
908657
52597
772352
924767
316792
377545
512646
895260
103890
755498
647182
949980
626843
242378
238430
68424
726060
777414
875004
529749
562986
788693
250065
715201
826681
272137
533608
723371
445135
350277
158806
148815
854051
107452
450996
591774
570243
918241
207176
790134
388101
877041
958978
537411
39893
184985
753186
62257
990510
692484
244342
375117
519140
226501
915585
844727
609309
831902
211448
334022
452832
507691
852006
828408
88453
461166
319919
472212
661068
233784
295985
301727
112330
933168
648902
783991
190718
287555
689446
230095
753602
198952
366954
453575
749597
833870
138859
644710
306357
383909
690569
439287
902754
883654
341255
620095
502429
361792
824788
860695
230551
814400
33445
290409
318694
228636
111997
741643
202458
852668
944334
935347
99758
737765
559865
137302
405594
445028
818994
72866
616070
649939
232959
326100
989976
191499
371103
34614
516846
981862
118983
369721
164455
341871
739143
945963
685148
434473
321036
903380
148781
629560
549759
372339
118005
181680
578634
493648
209695
439865
115258
584894
521426
871003
254847
810415
583688
299756
623249
284787
776765
450003
979309
-576
