100
482901
945418
117035
167922
346028
949742
82890
472302
890902
69188
129930
341389
856976
813074
703490
557057
517102
55244
364122
567359
814036
716710
394570
617114
886781
454331
357818
980733
9784
896851
842057
864837
932212
637972
885866
701241
484464
697800
92328
679591
520212
245255
187786
581980
59934
749569
411089
750591
894389
978538
233118
967498
673690
497474
185328
17318
422780
294784
285452
35683
888938
624410
817525
127313
240419
37172
937563
77246
746185
190435
586192
922059
312244
338460
7925
760557
806563
199357
466931
39678
851406
684920
141221
872573
452503
769304
245459
439144
672222
663281
198298
743797
107571
159465
691559
226216
4519
457564
285730
201875
980854
