1000
789180
222442
873120
189912
892231
349330
754657
67629
758428
599347
390499
767042
895951
785020
99914
54890
366637
867988
121751
335987
291723
406533
900680
703133
514167
189059
898970
615414
581264
408157
368302
663699
613042
356095
865290
39980
420873
72993
823350
437781
914567
641424
640134
842837
312432
628311
549688
658597
594194
272394
417203
725575
825427
767854
547184
645375
952610
389000
939252
896626
165776
944705
158203
967514
509175
433394
194289
688164
729112
167186
476505
170215
85123
159225
246481
523584
972847
897040
189932
838990
216362
738328
638719
459975
693482
781395
983032
453109
669697
85074
626343
337233
252207
432156
40673
174522
120977
998456
124985
178770
268600
775128
366383
825398
946261
449954
397349
802903
714895
581723
814284
183738
298999
466162
694302
717256
406995
33383
22340
634322
462231
770198
592215
909030
943922
311844
422723
177222
486147
558917
624264
862219
356524
217639
106330
956054
900415
403902
903977
657006
104534
400237
167995
260155
744831
562382
385460
434782
546387
721054
465015
138027
368680
491016
235943
961540
700380
41804
465287
614227
590930
876620
283711
277603
145785
492019
348928
315868
983176
377282
524222
450137
621318
198329
270172
3624
854597
651614
917926
200093
492783
697068
257335
306643
931512
68763
45435
397376
436019
4104
898383
640052
824577
372610
239365
451182
4003
843057
915395
249179
203953
872994
620171
671596
557220
795762
739093
111442
241101
604695
986008
552537
53608
744390
862120
331230
469899
802756
379193
377135
268921
754509
677569
473149
723028
126618
921532
221824
755758
664339
456457
970792
833344
123985
48561
654971
985203
692878
600776
307856
158108
699436
172397
26150
462597
666847
874668
147617
915302
78199
129794
1315
242867
494029
510912
300483
547407
441802
23688
916973
6622
340879
295284
608534
189688
739268
901975
112601
735609
575616
649691
810739
894709
152146
987017
701400
241289
322730
750184
220912
533516
358503
265660
587185
248229
333758
841711
156570
668086
553028
563086
153673
879478
618264
187434
586873
568541
350639
999199
619548
762424
360829
841777
54993
970076
761725
803090
851010
598455
794205
809664
770909
333506
565577
352651
406317
498002
167123
250804
60948
234510
933116
29617
892007
545211
364066
328270
740582
926067
838405
709997
461846
484661
941943
108782
35837
328277
473568
268713
192762
592916
565163
488088
434942
107978
491793
535698
435307
39168
146112
987570
515655
166938
193575
175446
679005
453105
241313
310083
351216
803455
655931
594470
885213
132084
507620
786678
719500
464293
892528
262837
138258
768868
802185
566740
371623
128042
952754
304054
730687
499057
888825
829325
6407
466655
550585
925601
563197
871964
421385
195887
848236
70660
504261
180590
806147
582392
560758
498092
197713
451983
813793
294039
328544
201770
160297
942168
220267
855142
520801
298330
169852
736234
519922
873193
667559
815391
918182
249461
781404
229055
594511
222773
432941
296711
269078
850664
243613
39238
928739
99766
105825
517720
186470
312886
969462
885932
306305
732105
599326
437888
999314
450211
848888
242735
958752
74602
983483
74976
632097
414838
214287
210720
85093
458425
367048
972042
307747
604344
442047
816163
604830
51319
817423
319746
95092
712371
519273
147116
770691
918025
944149
579006
26808
713012
879110
65283
876853
430835
719127
912678
702686
555785
287080
628097
780993
668958
249488
906451
867872
61379
551421
543120
64476
463507
288111
485779
206527
545717
757773
331439
549797
422781
785635
932451
323720
379634
389561
281643
33959
198634
370641
457587
247571
557586
933436
626279
134934
688970
441497
479077
117568
857261
933227
282708
249231
404270
290262
241870
136698
448606
593206
937529
716442
77706
564444
609011
101686
736640
313766
192171
250665
469426
328826
533645
969714
451700
971743
76821
430808
872096
349112
482245
463864
631449
350557
232498
221804
531436
133399
266808
864474
393234
832440
253901
650006
155602
108117
793843
213621
273027
898786
968391
792303
33327
13608
505463
684400
931668
413733
346385
154811
592836
17472
366390
195387
153772
875303
689901
906984
434161
488135
801299
98066
48694
139879
661616
176846
695098
905378
570598
368186
577951
612991
467715
258670
313349
270382
53621
604224
477077
800033
732381
762292
443354
484421
111548
962239
298121
457436
766666
987318
268321
48569
786469
106840
973165
959639
187431
42740
972647
977941
759376
535992
440311
128978
636002
48472
39321
770081
628172
607575
147548
369897
307454
320501
834374
544028
434523
932981
252437
662354
333197
466442
100640
298241
838898
505630
445148
142811
591411
615806
249531
353284
26678
518309
571887
836015
978153
296931
312141
638420
478783
68905
337612
872336
947320
743284
807404
654936
171672
305172
190451
390427
516281
707288
128530
729012
836732
537176
191911
570697
639643
568607
84764
461955
362010
707506
48684
329514
616540
740929
734790
88860
68754
417769
332426
146025
185678
254500
865520
774990
546422
623822
467144
58957
688275
850516
26908
999973
695177
888827
626161
450419
140321
176267
504748
390565
506370
10006
408530
430038
482879
253544
672040
735691
778250
677900
242617
791561
801541
541497
401014
987857
416185
838936
374071
570106
911584
642419
170720
680105
818460
843835
463583
573807
419659
77430
738833
59326
231026
346499
401476
342857
65238
240715
576919
459896
540457
185990
838078
259653
266338
137319
108898
310646
632933
138278
516517
741239
260130
512231
566211
447315
322938
548684
77524
281359
724699
363796
295278
484195
404652
896430
847399
569046
255780
92830
674807
504181
988981
388619
146428
900847
341670
362146
226200
522448
768703
133675
103349
586648
275997
189734
527081
191351
805861
680417
521972
905832
451477
838169
603110
701927
74294
50570
858974
186064
269998
629270
518061
571734
348850
688078
499480
914844
634968
206047
462780
526707
922058
273499
891404
578033
721303
121315
190198
769322
401635
550127
291685
920910
430911
764602
412639
943263
236563
846220
557390
814477
732088
146917
381915
605103
675234
948099
893430
424864
273082
607441
921458
316276
536650
608684
107982
690966
465234
811858
710799
116031
30904
835369
365064
987733
941915
819754
925372
854558
753480
757672
957210
888735
766405
781761
178086
117845
803083
597536
666233
255375
435666
221931
226015
439590
137220
719504
962462
430107
633619
932391
264534
876107
224550
585220
918788
837329
684142
954589
584480
65656
795032
551058
154663
195867
706011
539869
46131
239004
324336
812183
135877
449341
588258
37795
24037
36830
626747
643068
652384
705811
442718
968023
310768
587169
754995
886964
357882
534550
837692
424583
111025
806210
975431
330941
554264
718229
389052
288621
658724
728598
47126
778204
523135
5182
673262
645357
861161
409903
50099
281699
24057
173140
328246
180692
662722
253974
940514
321773
952145
348983
140937
861084
135314
188367
146905
651294
849810
678753
137645
737445
8478
320410
646080
615461
253451
771493
386172
673147
750287
744173
1000816
