200
869847
6473
555812
846750
97527
896045
772062
124680
823627
189001
653806
328722
286796
469150
266235
982530
332201
967911
12747
557146
997405
957569
282590
605070
756185
489847
668727
644704
106977
691369
155194
617242
232947
62553
111345
186535
704161
936723
526248
464527
736256
278070
457465
365518
259129
731042
799202
761679
487548
76864
24530
683338
329173
788328
200963
490871
169175
809907
177152
641581
395124
694751
425160
521884
413103
327704
596427
391203
20648
4073
842705
710031
106710
751743
191034
18545
415956
79381
509600
574683
611346
353601
777432
598711
144940
133147
986456
661891
674583
547781
947250
9453
298679
305116
49726
890182
189519
225914
87639
958822
209552
478692
485372
164701
897042
515351
182038
598097
287520
492778
977624
130361
782573
555040
180098
731445
856229
163084
888385
453447
72159
273057
536049
196658
493486
215574
314946
146157
547607
203122
119288
843780
18396
698297
131020
259148
336887
403123
700016
902529
184419
78448
212286
394323
683727
384308
307031
215046
28913
475810
710998
931826
694970
403936
613585
453533
97855
340919
909284
305739
936373
404947
595153
46098
827739
404583
500976
964809
260358
173229
490516
355615
532618
617931
968445
173000
616450
832913
233331
341521
47741
206239
69
441429
445445
678948
838366
555208
746509
243137
83776
995056
10102
712651
943712
999988
990462
933039
442142
619789
1000398
