200
757998
15038
11972
714402
268935
181132
162642
725014
344379
51736
685113
941496
795415
895978
347357
609534
857931
918658
459014
476947
674479
456118
306093
828095
984934
450029
874999
53814
463200
246966
900286
417530
771257
235334
30474
899885
886527
928844
949662
900407
723217
502899
839087
535888
158626
122420
456176
332714
288541
840660
543112
914942
153443
690113
382693
327922
863151
947781
708970
919396
968411
26213
485444
794006
183419
554648
191706
159670
423463
417383
481122
149448
782999
834142
589393
733618
357927
826668
346730
254692
932217
117404
148344
258850
800377
86640
746071
227759
28092
478103
300204
230999
569666
474956
991604
737561
141082
328139
636922
892528
481380
478703
226211
229245
469554
595821
436707
236819
776712
812583
345042
471070
811523
103790
252697
865200
38614
30551
893254
143850
931823
574968
881408
939907
641016
784512
97940
966520
439225
829744
971437
759056
613274
943738
387554
620939
399174
859252
686762
90279
189612
140345
532651
21902
975455
984413
516463
291167
560221
430986
994039
78359
749677
761595
621994
162460
7969
910869
539494
754214
263867
635613
244152
954058
500972
395098
572710
85796
901304
193800
947305
299745
536245
164086
925432
920423
207474
466941
598271
866785
515763
261213
816815
237866
642203
213557
228334
412309
307555
873631
176303
919767
627974
772006
650013
255890
625343
965668
246257
341630
994725
