200
705446
634945
287801
409252
454080
451514
747491
969232
519976
52764
741482
724559
155611
804555
440867
820076
518776
472572
106416
201980
149435
607848
512131
22168
94484
598428
547665
175749
22627
445933
362965
283893
637331
520650
967614
629415
840592
445226
143031
547049
826598
654307
362384
481661
536759
900380
131406
987802
648665
227163
915532
53961
821194
858360
264076
269744
98320
14963
719582
547436
966642
308577
343915
723927
659084
879169
723102
765673
378643
832556
439472
469690
491366
497387
950415
662821
859148
386467
549803
982729
681232
398827
382429
31849
462646
384958
667636
569395
177113
25996
755612
8478
647842
455915
748781
971628
37991
862250
348238
892239
146397
680006
654148
729576
823228
589558
744027
524522
622
267297
722351
104861
417651
71280
507159
863423
826004
703421
575791
500741
214721
802922
250945
125887
578505
779727
596495
163417
217014
365387
552960
998205
243203
743035
839333
525270
599611
441481
908006
145776
147760
204060
258125
809275
712724
425517
769711
976494
280439
253562
223474
49929
829597
775891
13184
315378
844667
896081
380295
682049
988366
482534
939178
95191
446361
513680
41927
239401
884217
594792
725221
739419
433574
787095
747514
798407
252296
809447
534487
542684
36979
590583
32689
54243
786945
608777
774669
597405
786123
942773
272967
995273
666500
528001
141822
567298
599665
311240
196703
458372
998308
