200
197644
623099
4702
892322
678451
619660
499177
9299
866530
309601
208360
856975
193664
933756
140839
394923
599831
762587
42726
757045
654748
796347
178165
794060
517275
926973
392616
814476
657347
684262
186424
846945
447052
398529
163318
654845
483905
385055
707884
750564
655597
131839
271762
940388
331686
549128
990058
85219
864817
505587
690041
999632
897424
257221
323874
861371
987375
498298
24928
778817
374055
251646
969823
758368
109420
458004
6712
303721
458842
859033
829704
686227
104855
509667
842731
835115
759204
590596
441178
534953
24005
981226
722143
622495
585739
483176
751984
334283
248315
389327
232944
725899
52637
743926
926269
82032
867938
927386
231799
609130
238706
723422
625807
559075
895122
60531
41415
506921
334703
720018
198155
232131
679817
160422
881900
12900
882495
200776
606645
896701
520691
610466
636460
669805
286873
709621
916903
302100
859425
485493
401031
933061
522559
840913
842326
416538
903379
589073
517305
267681
420666
406489
17490
954163
419825
977290
128372
730725
491104
141000
830339
34200
608715
96214
118376
696876
104400
752028
768431
474897
238622
311435
602045
70781
847795
774487
66737
83450
734095
925731
968469
918295
142778
887995
468289
499262
213999
555130
687308
574566
229284
197452
470064
616543
258487
683854
241657
838410
822646
350866
506218
124267
167435
763070
870060
591511
369026
183380
530291
158984
31446
