200
426456
420126
987618
594140
987167
324992
86113
150868
72986
494769
955743
993926
48201
490441
235197
490714
655063
683517
429580
499316
55404
431434
209070
3761
560479
190074
454877
880000
318409
679318
742726
778010
63220
908841
643917
228063
773427
235500
62004
832143
324619
772691
975766
658529
28879
49651
38925
347844
532041
204174
80627
884783
547732
225469
329670
346407
765127
465656
790181
365517
202060
466949
553719
942369
688398
113531
769323
435095
672400
650930
497881
962964
542363
262858
576007
192005
792784
690260
724552
690204
220443
576160
187712
593129
495176
179108
677890
867345
254128
156421
701210
980013
75147
231685
482022
240449
774249
470922
517215
247063
114556
214087
979190
52343
96141
235017
21465
473926
166479
746848
1236
796793
516369
282152
920020
622388
328652
96115
83080
626243
320796
217044
908384
606003
433292
383435
813623
582542
135626
857160
957261
253298
826873
65886
906925
641357
277798
75589
965358
456119
584338
280843
597652
301804
757933
762521
942678
579621
315940
567262
884090
159633
822033
988634
758941
324469
519249
226377
1359
32989
380468
107754
93274
334333
600525
162346
425891
63721
614120
856626
248298
397294
806747
827978
302252
887499
113141
896040
45864
346319
535508
628889
446846
39376
611859
428107
596914
186181
915935
943861
188624
134849
568619
701731
375530
632525
840890
968353
548797
44832
994403
