200
425523
346434
198006
437288
647962
71057
859522
215288
917125
418345
996753
528118
205364
528098
605442
177362
187485
356828
671594
130175
903022
802593
878561
916256
859247
818645
918647
358094
486275
807004
763204
800648
465165
557000
291741
831672
992304
239613
114403
911518
42286
20580
366389
238555
72946
266952
481029
107932
759657
958480
745416
824097
938826
44697
6279
656041
412279
877040
581907
835324
163515
501033
31574
706517
976883
842463
192068
858985
100938
949384
519343
534104
597341
835123
143674
619695
122301
595361
419685
162648
461010
565246
673288
907423
803804
463226
262043
210017
773589
708104
734450
138707
471283
304691
408006
287916
60361
355864
442285
512944
824525
601988
338092
653210
276596
482538
117795
907046
944378
772481
671526
505080
189758
727928
365100
997676
588937
581463
942945
664123
226927
639668
786838
250438
963406
141198
827736
871875
822196
816201
906974
35777
136093
58502
730268
859865
218009
446238
358068
922675
183820
622396
149196
62578
246415
361492
179386
266557
32053
934596
798236
779115
723880
403013
366405
51594
217841
121101
636306
627724
846870
3781
426906
974223
416349
12706
801347
290696
435119
596963
661682
43403
695960
366117
260570
442745
288235
741414
530934
797510
235394
101012
139153
615909
373283
567121
419074
226131
418175
284486
183478
800189
233620
565665
69542
336079
522610
890412
658727
465755
3765
