200
257708
364747
56769
100177
243468
574030
214476
243442
635554
202701
408266
493995
542305
901167
295385
480995
443525
140791
25049
406103
758223
669853
997248
919618
395694
315915
984779
535336
900090
909681
584335
780926
936985
501125
485742
723897
999876
985754
940709
543473
712292
146076
928193
921010
415062
569126
502257
907232
867342
873664
912375
579844
226903
723704
860857
470263
489336
490651
218548
71081
304883
665360
976528
144271
995943
195538
483470
692135
626453
817865
612061
242985
375999
945219
605132
847115
489772
36883
679451
93553
750409
48518
937898
544048
999657
750335
567443
85886
605613
636718
31891
142775
25791
575345
746723
723470
158456
288455
631141
793870
410402
486829
514234
69004
710679
782807
652528
201132
32584
323980
313881
202508
746842
794206
300662
390160
855274
377221
337234
577419
346289
690776
829932
671878
961603
401831
286861
934449
785842
479607
664823
902948
582095
580187
701694
197328
626512
386027
548976
965510
241869
72036
287791
804451
882789
524444
974560
550488
216317
788000
236092
303250
954856
487019
575364
757578
145827
750917
966673
83754
817975
448183
645705
239386
31809
879590
749742
36775
70030
127700
629520
72720
497568
43758
460003
521708
982734
495314
571371
421307
70919
823522
760211
506759
324278
802494
290270
765430
160642
803681
830709
716591
636589
704794
49502
113319
519196
749860
90957
682823
1000697
