200
367701
868679
102161
803696
114748
42877
354987
150463
748551
215388
66940
192976
615431
895100
483414
800765
370257
148080
347715
309036
462958
496847
922374
402024
647464
130592
188729
623326
623621
293857
210517
816882
530128
212980
967440
870780
765778
289511
629729
137571
38624
21599
901791
370771
759886
711904
986247
849950
347521
135098
122844
23981
424802
485779
425513
414048
523823
312782
87714
566346
969899
703446
918121
127682
858486
323785
870252
822055
803063
74435
513707
991732
45493
194565
898007
53244
889925
923586
26198
855554
513502
510342
905956
949687
680392
832131
945427
232080
552051
410618
489459
697092
965988
920386
805068
846495
567946
527928
335688
933318
818351
217220
895918
123592
871562
797315
823881
582044
422513
753814
425639
574973
631211
954439
570045
594527
303012
230867
910120
185932
752058
401880
153614
571872
994868
385884
255779
262877
506642
105719
690119
664364
728063
138143
943885
389873
661923
262094
600791
109385
276565
820754
609501
377443
580078
704688
577740
314936
883064
434038
735307
356200
919686
513688
220466
297757
106070
217873
654608
500176
168121
739791
144237
267497
761223
81965
811076
750083
338713
717286
658006
254645
334376
484508
874888
477161
251447
339573
301654
713354
546593
202272
950008
799579
606715
246710
893840
297317
719717
54971
116172
5129
898674
597059
31966
237235
190769
655153
782549
711663
995840
