200
772737
782807
361572
309382
74406
168003
547106
250888
101724
479163
356075
278615
153199
746292
91529
106967
71190
474816
195515
784041
192325
230901
703057
12775
713950
620796
374957
268601
609671
106808
71721
494807
276630
58064
813079
162139
566953
843419
147363
272769
440659
910887
721749
657599
530417
875942
809011
936251
753370
91062
764547
663982
491252
423180
198190
896723
896036
710524
410753
66251
396829
420391
759820
342928
561242
751297
760365
970644
500070
189437
577511
253301
971800
662808
566187
234783
723293
390719
360825
104959
11566
793182
703840
291232
859616
779206
42913
816675
30490
183738
161906
15391
460000
581783
709918
661075
967310
9757
795593
728708
362017
357214
823826
279096
827248
167809
24785
364045
313848
802163
448767
601782
430100
486700
918901
274579
799819
750041
815757
566509
105540
603115
844517
904715
274452
747708
334146
803699
115064
899353
752656
633664
973726
176176
284744
170972
715806
615127
457514
346395
157318
406134
685674
742069
428818
366803
242791
369309
899323
105785
97558
575106
264422
22915
471229
133153
938301
442186
546524
286789
809755
920937
228262
959261
356961
334825
716972
447416
530982
544910
140315
414815
8075
635901
362652
158222
489643
297288
503065
863569
159665
359832
974176
216760
984837
309366
982623
813175
705951
212470
79055
122652
24700
880128
852206
100077
123181
3708
795684
708253
984951
