200
796719
460186
196247
720133
545540
913076
506733
919405
841516
886668
768247
157064
227756
776584
836876
919869
752341
116875
197396
24655
139926
549919
785703
117847
755307
80701
269907
777186
712372
621436
492797
946921
273376
304725
888031
240169
782600
177999
954607
780255
569688
243275
148384
719330
4520
714926
240257
371676
70313
43238
294340
254630
194170
768987
31066
79551
955034
163636
726585
478313
309048
701379
348991
274593
536999
744334
84656
831289
458221
160763
994203
685843
323643
444759
497756
129276
25462
93699
645434
935522
932083
999291
800176
461620
643842
600260
936585
184085
203233
752754
93860
123900
81234
105363
438104
705131
997639
115772
377072
587593
199033
930093
568983
590494
420951
498083
446415
996779
423516
187003
98331
609252
263289
889726
594301
490891
104306
661901
769946
419370
36357
250922
118329
325997
988996
367648
162154
798745
194692
830161
795715
501229
861806
377306
128582
237332
715826
162020
805918
38979
284060
404362
147912
279285
45695
670946
870159
759425
181901
892202
881647
604116
588425
557137
247835
116817
545619
549471
213531
226434
863906
5569
30925
700281
158609
530613
33291
307719
559632
561614
445421
948184
996859
680933
909989
774825
414343
522716
610633
363560
785432
300112
87790
854951
544689
115931
591279
807740
622659
543106
576653
99703
951078
387714
82416
21696
417125
664434
219788
383373
763594
