200
774017
398160
185547
197721
866273
267019
958825
813785
699962
487793
911250
216767
210585
94740
353469
918031
725103
483076
203462
811972
189517
395209
188979
212529
713211
809031
998930
811321
539560
734413
988669
486183
307003
932922
438976
30891
310599
529804
47377
220402
603038
86086
489725
931169
624060
57405
311204
170989
460836
199808
637275
236569
720137
689250
459119
116813
974498
484518
654409
107472
332896
432133
815341
203298
615100
383518
94364
434105
108649
842939
232538
790742
382185
338299
917706
3522
749244
576034
50037
652586
837107
178297
269929
137556
717922
169315
257854
710461
847539
229566
555764
695953
587863
267954
437432
170630
68696
541209
534149
732054
526859
248203
545576
186391
524577
478853
787932
473336
446620
913973
47315
100954
909918
396324
721494
774024
976284
277952
195075
164437
462002
548677
632950
765585
195729
914440
617603
270567
530323
800160
944223
765526
160879
926129
84254
134858
359816
995862
861782
492311
253920
618218
283043
324433
99945
603059
269764
417162
836412
744300
79843
423273
617763
922926
257138
799843
84176
455610
174833
661017
512369
61157
299916
768590
141211
530145
46368
1347
217443
567395
129822
86065
79948
294134
95176
505763
50138
920732
416089
119149
827525
374684
482561
596684
549577
41325
455118
639068
432666
30333
458726
20784
441333
426142
176049
526609
774354
356174
354131
112086
293909
