200
395146
422322
946211
977104
709880
556469
591737
484088
941595
553272
401334
148196
763530
204194
178708
437304
234857
553622
832012
504493
708788
595825
407408
32230
207338
452079
479912
17698
78040
304173
8007
992651
557888
332297
625737
294955
631399
383077
338731
228478
971896
277451
380135
732450
247256
472874
419787
828202
222279
184895
930485
718163
746927
365519
976621
345806
44301
740816
662687
539516
87417
191911
772979
379384
463891
469708
865675
957005
631308
704139
366680
377672
690062
868707
72153
252777
137289
738833
137970
62899
226907
672231
538597
922659
474971
668501
577647
295549
63555
889289
638465
213057
872247
547763
300697
152061
110390
748257
539261
510332
432412
236618
869588
791068
723473
259238
645793
677373
646162
492794
816925
846934
469914
915890
68527
37793
62892
807782
611402
85878
202368
214847
961827
496630
300296
274035
607054
433950
560925
166699
154612
364603
546699
807238
458675
805372
988534
782007
235922
80547
621031
702410
583583
450262
4663
996996
244392
53970
755542
512359
585170
699071
149432
109140
70041
800030
65822
615627
125156
489310
401340
240463
170180
489934
479436
588325
449737
912942
762159
159290
732929
789598
40763
963236
16654
853752
433381
244929
330915
929721
238028
888444
921179
527578
121952
203758
139381
565181
113005
371488
640048
721475
57928
467311
248511
367802
949460
199880
17385
299892
523924
