200
370312
244711
175102
393747
93011
836200
853834
218334
813862
337635
450067
397020
565093
119655
546132
74428
340643
714415
56524
794230
598876
888448
943766
211892
895707
451557
232855
26525
98428
501765
537041
731904
686860
805726
291092
462682
672716
820000
664275
602821
962069
35624
311316
318141
682901
28887
444929
296335
26807
871887
391388
820704
594785
785866
757328
838871
477079
978518
772514
559272
368637
517489
632966
400830
976825
24253
795214
683012
264375
986336
73661
145873
535494
92218
124986
964270
938271
589316
896352
378436
390534
127298
251314
954087
613898
842020
924652
974073
473638
417343
253557
367036
593546
648418
316592
190968
548083
164056
125681
532165
726134
644154
710412
188790
395997
35694
839306
837986
446632
527424
303605
237840
691765
552731
546323
688510
526458
709283
57839
365390
638126
75698
689234
128398
319687
42158
971601
418
443359
153540
357696
806032
446832
218883
75780
674216
332926
383063
127558
512974
266644
616224
930948
217510
822694
615406
675329
715930
904149
449435
735581
391883
489938
774726
929343
355345
637402
21863
900142
838385
333919
249044
237311
382170
953543
766287
889513
560732
398413
17929
370100
61990
200006
951224
543696
936058
293374
366928
954178
594159
184705
344993
931897
731298
54709
37708
672383
491131
686564
650211
681867
758359
738200
861916
406387
355479
807071
29618
618878
698564
986426
