200
147574
25711
455365
29844
180649
239062
600692
884162
470148
124517
94453
272726
407568
155706
544106
38728
666014
114762
354090
785569
542853
992855
403912
615671
718711
582526
357503
694740
710016
493100
19575
49397
320538
230321
760950
451758
474543
242221
909734
994731
713644
9254
569918
351377
780093
569660
212048
827906
735851
980148
946607
439551
703120
745776
301563
451113
225971
698815
767115
601056
1220
132433
36213
499532
66037
537731
406716
697978
896818
78873
273367
936990
557119
546953
263706
677751
407213
6900
62468
504272
95161
69936
540580
897826
93889
613312
157160
690647
235620
927525
526147
91497
898549
20045
827194
74985
823066
75562
435148
582364
318407
756958
77692
728768
196755
260690
835452
237164
252724
393126
524920
410581
715164
574211
303676
83564
395439
832396
259394
668901
62879
902386
754012
190867
700518
353318
646330
515887
614367
661418
842649
494776
659906
295617
834376
903668
19962
502725
549976
2196
972453
427735
342944
779701
203111
947760
379882
501955
542635
808150
632830
19192
100855
721067
982216
72642
976235
459872
955048
684355
239062
368646
302871
393650
789877
23685
13745
384671
883721
89125
726691
506707
71444
553802
807281
649429
743344
493501
414820
88009
172427
860772
475471
769396
34050
364244
719869
545883
974873
564477
90553
791944
590357
111940
318458
911790
731510
119214
329512
368548
572
