200
91575
670625
857837
703290
131599
915065
923923
698709
506129
95632
622666
755761
895502
390779
972556
799159
804780
546503
240564
971289
757474
964133
780674
345686
359504
181698
172747
103964
561529
280501
515968
711687
235294
708690
789720
609736
738232
218395
927453
668449
386385
861974
856272
838412
497599
584954
38586
961339
540862
180483
255889
924027
75113
271973
359683
314482
507413
320925
361569
46535
267402
848034
947243
969696
632863
885883
874996
464198
822257
700586
534066
396006
44991
433094
8228
900785
333605
400614
268960
168162
13107
161529
716216
524959
127082
161971
717128
371897
524435
453218
793119
197902
436667
494879
656072
960590
771662
816799
597428
696218
659407
21225
831365
316296
257841
876066
792825
426755
586901
602820
380465
46800
786849
304493
71070
899627
3129
255444
419719
380304
896413
634326
635320
621269
493215
774382
343883
479668
6783
475076
697548
792423
592933
772380
579787
39788
844345
758063
690051
125864
24738
854359
231074
608168
752026
251427
458421
232258
34923
90250
139122
644826
10889
667517
751201
755392
107082
104149
829287
60471
856774
824428
850096
106001
808455
549575
403192
893045
51885
252016
546615
408131
489377
409571
546215
7246
591604
709790
611827
180040
675155
98843
423805
909372
933673
164954
196556
166324
74705
395351
538897
379066
436470
197596
880020
311228
305290
952239
253824
871113
3025
