200
526257
485411
260420
352779
564546
446559
56416
963612
832608
352436
943147
37173
513559
207090
920749
865441
607229
186178
705696
741949
659820
535898
603003
231668
419609
368587
685405
101602
961558
846391
891731
274650
99232
284769
284038
642371
654054
299101
800900
414109
683351
767526
229545
116705
863462
17230
469033
142599
96989
967120
637117
676065
231899
700225
528104
694309
904300
402917
463205
624712
100739
941918
273071
851269
916694
868416
882796
346236
261910
939520
159159
824248
597258
466570
226249
12745
192583
40305
166403
979856
997518
955969
359578
567577
345154
758960
936671
479586
754436
640499
433578
737594
215277
320878
412386
180869
102823
123779
292652
508060
41384
33932
255150
51153
811148
741475
124415
561232
784591
333214
388269
99361
653988
183448
257898
907529
923252
193706
720595
631056
722934
298297
655198
972702
232743
110825
449376
633983
475495
571184
896761
346438
662320
237125
530845
992973
296819
366070
600895
97626
328273
404377
405083
513245
944242
903066
147361
535381
104582
209716
978169
910035
390998
628731
643831
725335
157446
343445
297885
867734
406953
250825
375879
324253
117569
134127
844599
24655
416529
712007
436541
13066
904545
150374
622659
226088
240718
979403
775155
661730
843147
903824
651525
2702
497144
238268
524968
591881
146205
655413
1036
324591
293187
113235
541898
560199
952239
971855
374001
477244
997833
