200
60709
749261
445556
346711
460027
799220
881434
344664
506708
545146
613196
405216
459102
960029
673080
630312
10947
981229
583209
923845
467285
354668
912001
784478
604760
367310
80213
554104
419046
431775
864421
785965
436227
203012
187703
405436
386558
261657
849294
789625
918848
484346
838668
183525
757364
373085
645473
756056
113235
198812
680495
582299
322698
718225
983420
715794
606667
30107
109203
916310
441197
65021
338871
958625
577025
409572
367173
320546
755314
766281
409637
163057
383768
882349
195372
275037
83801
973121
538706
317728
365052
700968
770379
508084
60428
577428
723140
90942
373349
69005
388539
692585
575070
900048
949691
424398
585298
93204
713331
798671
380749
696616
579378
25411
183888
200824
673602
831691
892546
751406
627934
442499
711539
283124
673552
554197
145997
935576
22508
525159
909401
673097
168291
245812
742059
107582
801284
42232
660204
620470
255189
8901
945794
766362
2634
338035
251358
649470
929248
513461
900897
952774
605593
580358
244651
208741
335700
536385
158146
910401
497352
836688
231580
730611
505117
881789
170826
397738
303847
551716
162881
410415
797247
850377
745157
355458
145344
840646
18740
604708
840603
672029
170156
71022
451864
469164
578330
259999
140394
154366
648224
499379
869485
704829
301602
76590
908286
296710
712110
855160
384759
389269
806085
871906
763077
126111
67018
492934
655400
490815
2338
