200
524672
734704
288279
517025
435163
532638
463381
497614
25640
704012
722409
631186
97013
189870
891897
405314
448038
773406
537268
54450
536065
670040
56680
735111
691030
824288
730177
3051
985993
364926
795551
231769
621054
894697
168082
471319
994015
759234
818229
495684
891020
528759
95844
791431
921248
81032
758491
377127
688156
309926
895276
27513
18163
728631
660508
420660
849906
537847
56476
154785
391753
628664
125407
158317
438969
882250
832732
452640
993820
650293
25314
914216
222860
642147
290258
131215
977457
233115
852286
225996
821931
111400
36573
70453
706392
643096
964519
717458
860162
521248
651283
169740
135528
968733
175595
80772
830952
418677
896712
941888
271110
512988
991024
609792
921755
72370
97992
142127
140892
436106
460792
800437
792006
878534
832154
106409
427171
432478
825373
338788
118652
111167
702396
539760
624539
481936
166295
194720
657532
825359
60075
316281
111376
916698
511219
776398
88365
930122
785498
463593
514517
628602
711067
788197
518880
772709
119287
12953
580873
943789
210962
144559
128339
129400
36779
689938
859222
620533
119990
811718
967018
462589
725336
237969
996654
643924
616062
729751
199926
202126
855963
63875
72847
176078
231740
286305
391279
380458
732489
289546
969790
884906
501914
507830
717755
645232
385907
146741
151437
93809
765022
245625
908327
204193
685220
264715
527638
18605
136295
938654
2451
