200
168311
377445
630956
933171
863271
683137
923940
242443
803361
803782
230091
485342
282585
214098
532531
533295
315987
123720
212217
418812
409250
292005
99607
389677
924748
485953
196951
893462
325321
311012
717282
749737
105066
300291
808759
154363
848919
880982
343735
605041
662641
679959
407644
453575
188374
231832
914314
118524
220226
991681
687166
714270
619538
438310
340707
571757
602724
327681
340035
518127
775515
612433
359258
126608
571583
503630
541703
819571
995969
568135
461020
637017
202204
157594
17620
744364
697302
154127
413284
431337
541925
625554
868010
620905
84591
667980
11842
335306
890282
204829
400376
948030
228771
28216
576727
66864
961114
762522
551520
624462
851721
817640
941334
797751
849797
128356
651062
118211
78782
49099
918853
506153
220769
687823
467969
484049
474908
677100
175353
101111
361281
260585
320505
444728
138884
58158
381213
835325
852895
904828
673094
589825
384597
274572
472555
997312
566674
195592
555591
498622
988849
962272
112560
952816
439960
438091
367880
738827
960958
913371
176204
942888
112269
494970
180746
60817
101283
578310
420143
177451
980402
228231
49470
43327
256838
565833
745245
709159
302631
673819
178314
63121
493204
149154
47850
17843
162288
281050
652034
914635
126393
208491
504895
397841
97714
853092
218927
747645
894371
581014
460690
261742
476343
192911
182347
274942
813699
463218
698993
106783
998265
