400
112001
689968
820431
173741
502228
749526
11979
677111
102700
1280
872517
401452
641155
52653
539700
14152
592033
647096
521668
896214
62797
897349
97244
811761
888689
242264
306952
136744
139785
734528
715336
926075
767559
474352
827124
985858
749127
193197
842378
449069
603242
996387
777046
235174
640913
248659
119037
601875
274040
454887
919013
914871
491244
278055
191172
37560
957866
925315
240708
826299
321430
276240
528016
831531
224213
184656
445374
447705
330247
512938
315673
171710
823844
842424
549065
218011
843826
116735
496481
653377
145504
843706
91078
600877
763139
773967
514359
802955
2602
779107
243516
400219
177631
930825
77935
157553
748989
198101
282145
64022
525993
872655
521771
448204
185134
333571
458259
349295
113849
530934
379031
188023
846446
526579
703513
109786
638884
209474
543974
259087
881732
676986
883812
759852
407673
788654
312728
176433
341332
347651
599506
956445
596224
230882
277430
679166
261596
201096
519847
184967
708538
384186
946001
597529
155828
72406
122387
392292
45734
203205
680072
810535
883275
211405
627249
600403
601783
512707
231552
243277
892398
913118
341955
909651
868960
164454
36139
606006
801090
718922
506169
337797
630090
694481
776964
743434
866567
463785
792553
95598
297434
825628
537935
266487
868437
665696
95189
824050
844462
143565
117147
173420
920351
246569
624874
14362
333662
508063
445889
54424
399540
26127
47613
9934
43773
674942
81572
500847
42043
741806
366286
997979
656662
950345
301360
259173
236020
24631
119942
274542
576241
419087
685980
387952
525371
257513
713338
943383
317389
656530
420522
397833
285190
293721
401191
110279
472869
607750
561764
908523
526756
832490
840373
365521
916654
164818
754782
769490
638397
765589
534775
378476
495316
703437
127224
438397
600534
48738
331239
275438
763650
199298
309915
580653
307084
895789
308459
757010
806296
812780
673977
568995
871189
427489
181844
809331
325620
793018
572558
854501
34244
459583
662556
238862
619500
881739
896291
364920
295108
575448
591589
321219
914256
184947
420231
567207
516761
555726
102846
397652
951914
420084
778454
302202
543524
726295
642015
934117
79422
190085
672628
998464
878365
218297
186345
53626
388044
445838
978960
433669
504792
807887
93608
128059
724683
816041
829219
448603
954179
947778
193747
928754
237102
720738
531952
81877
973796
618255
559176
265226
26208
403640
761923
214791
713692
16391
202258
437330
538249
545689
877364
740359
843304
884554
771813
503160
231496
708585
35235
40623
477788
757323
61662
720526
167608
256123
389563
29208
15720
660687
784197
189064
521069
754261
11569
255199
998485
827117
941708
100539
309366
617392
33859
160291
26438
416078
9998
666399
940698
54
188730
557828
380601
196462
433875
386382
221085
100034
415338
401829
-707
