400
924519
44964
302516
981567
603651
782920
27675
286467
491171
909432
925040
492817
892585
373066
267366
840142
141073
321770
32670
551604
719485
583130
676286
754145
204445
290969
20778
701836
831290
390498
221474
61330
42848
320715
550968
311727
615078
881166
565612
169864
191003
565669
712038
710756
421263
621262
652687
329851
971771
869998
928396
807655
831246
350738
684760
485751
171732
678672
794044
180323
740549
237388
156398
58521
321576
100887
263940
381045
119010
724465
794131
668304
130783
171055
835368
997872
476060
788600
228130
900573
158606
561577
661610
394515
487666
172504
492753
223379
90034
80054
633412
916692
852913
815630
357550
963735
505011
269546
221803
167128
641772
340948
783012
81184
636900
487354
632523
812727
615491
361707
17844
396599
998910
986430
643215
746492
312478
784145
784958
603384
541354
827375
496471
47907
710193
264395
438391
159311
33334
877289
98689
344089
611704
487196
803122
730876
584668
323946
774050
372607
139193
261387
966106
236367
19648
743632
461388
850855
532486
889185
558067
318315
324720
311007
747976
761877
187706
468840
710622
518342
266276
184824
253787
779454
655161
976045
945683
128359
15037
900387
180354
261643
228978
942269
726182
195559
278471
873797
981111
79511
88030
595435
139908
953392
595192
723050
342699
334188
862016
38664
43317
337984
391664
435964
185548
914058
345892
173545
816665
850598
391417
530441
98814
266208
524321
907749
767021
827971
122439
662848
75619
101648
2329
956948
834501
183627
219575
829812
915605
870575
69558
664080
492561
938049
342417
774807
684968
348545
240812
537719
277082
911101
395078
278208
155371
590721
103036
87718
252163
808105
277044
820645
764325
743063
522604
494079
353098
491647
156063
234465
808601
693151
757713
499812
894342
895628
751224
957742
749892
123560
467271
973625
160296
907632
451863
1132
860764
751666
765556
500773
7548
780699
621826
416536
531728
279278
69131
851729
125862
762513
148710
250325
102732
497794
26756
24614
613479
944999
593562
627878
518515
944898
178471
328339
551576
917827
222625
136177
247845
466487
77248
877317
228843
426335
616422
255165
118201
936987
537833
886637
46703
980997
216895
584436
266817
89883
398853
347069
321226
29908
737580
449697
996618
233171
815104
506026
110078
433593
563350
134515
94363
155285
426898
18091
990246
837751
896850
394744
459058
600354
214587
441912
680503
805855
753950
278946
582604
923886
810630
634059
379842
955736
215008
322501
902108
151136
464071
239266
756846
494359
30764
992214
891281
502799
843231
662650
845632
14119
685756
170989
546450
307397
239284
485205
223636
83043
740919
462787
768130
188608
332795
789300
837602
808502
464364
323252
303294
808363
474352
676702
666876
179233
439381
913086
233051
469673
147738
27863
198476
411317
952
