400
900519
211933
540751
428927
284688
717314
671849
388437
50813
465986
848317
20584
576579
156315
649275
691227
968773
680400
592802
200589
553973
475390
399819
91715
212282
244446
156767
683765
560878
320598
891689
854386
457918
21819
399174
308016
767349
555880
257849
937012
115730
832180
815707
24026
259093
939666
621744
587906
235481
808138
482772
622615
466331
61712
365140
822013
392344
916926
38809
470870
927381
449907
9150
229106
638200
940935
918019
743249
880596
780138
510747
621717
498946
280472
263136
842505
503082
278523
687591
951048
421345
918685
515501
855883
65452
386503
882032
280659
599715
562747
979162
727983
14065
513611
619736
234922
691640
837525
896010
368725
657297
648603
830355
760173
32689
210307
888911
64936
186983
991720
732964
709217
916802
857754
709233
55453
12175
125433
878436
894329
307711
348265
108712
18994
709735
303538
136059
299153
818978
888887
665373
931441
814417
947089
993124
235694
682371
807048
141677
887212
415855
874221
369197
526593
790686
25815
147813
631744
302566
329720
233332
882595
233360
490523
718470
618708
842651
302332
206634
318680
898714
819395
627650
995928
719352
768543
375187
45454
662556
444220
587773
638664
688999
979616
977284
685212
954522
230695
95692
272233
874773
75737
915043
471237
849914
428133
391161
23304
111728
244477
958763
684980
393028
159437
317948
296768
72745
209689
859620
421632
846880
218546
856963
421106
350323
218708
937454
815591
278235
432031
61354
540427
32193
738800
994807
403
449761
963164
712899
411587
556939
609608
133888
734106
755908
554536
935695
55642
893001
981010
555291
652919
886707
908670
261187
634972
95990
343069
589423
857812
660739
988562
67332
219100
293966
665681
22706
636738
401450
148563
430698
896953
637775
110067
242797
141437
438142
611752
887488
848157
897147
770015
585468
864554
591033
452213
736961
68986
993748
728334
148811
420057
568312
182805
581213
877965
225311
20368
246169
562117
22519
564830
771825
115677
498081
528976
776824
741392
41686
861666
345490
49659
503524
230421
786122
694922
662294
330154
297282
295169
526834
444348
550469
433001
462428
313979
522425
891285
178840
995841
576368
151888
581037
571154
790749
187685
159077
716085
987939
840969
391024
675881
301577
732713
296232
691910
375882
865292
980847
665778
290825
790885
371572
255868
182562
103544
760789
166424
348252
359782
335838
682743
44346
178775
429296
782275
263473
111746
94973
803316
659443
409180
335664
881874
22570
725339
660457
815943
84736
998949
990630
485664
850523
268122
42941
393760
449446
262522
720517
882753
862794
31541
338389
853128
488701
522638
397028
970755
191217
787883
638672
94434
347436
727611
600442
202544
713783
22788
814158
684716
352496
562376
953632
309704
855099
213459
175730
158653
937877
331876
-54
