400
953798
563127
301580
140069
486065
544544
620785
864862
475593
372031
938158
75603
802405
900400
308169
81026
886262
769364
120812
878199
839075
517196
359961
843286
261077
751060
750650
327560
291663
439417
665942
820608
874164
175161
453344
839721
919532
941813
514090
427566
479202
343253
408887
654629
495077
779064
738861
36825
445230
646678
811305
983218
904257
851253
826029
637379
365036
730436
922868
293040
891884
24856
965863
145850
727663
223296
928744
508969
282549
39431
573835
813460
883791
458373
213732
584208
505226
30690
38331
341683
819173
958697
494684
226628
834045
977220
258443
247617
397130
482650
908309
892235
485442
583617
418114
936690
42523
863074
896359
271321
648366
996904
653528
12038
330487
590372
188858
304136
178809
577409
502390
423941
665150
722527
120265
805279
807932
107342
550200
964931
625491
823336
895521
280014
359923
602443
876461
324443
131931
358321
927714
755181
658300
142766
556757
558390
912956
152070
655676
546050
104534
74857
326242
393539
188958
647692
187443
22649
963810
603941
904055
232766
932333
422979
299676
492203
337317
812679
800235
311531
696148
872323
583517
868698
804035
930733
907591
830681
620226
282367
144368
658353
305925
890991
793091
919904
404969
327174
486431
422469
94036
979616
902604
491365
357689
161535
923721
959768
692219
720011
893057
641107
306345
883178
358812
854994
260328
997688
953905
232994
384110
932067
330008
650440
902890
396710
961949
950482
214018
21664
363154
40952
533876
575824
800444
941869
216798
57328
333869
227656
992216
702443
660722
894602
348479
416123
441442
565835
428173
352739
947351
685254
185636
943942
217465
985469
17322
532131
465653
684682
779533
131694
341325
781060
343911
21451
139978
357578
49277
773673
256652
64175
987810
967417
433858
682882
332537
514506
313076
15672
159191
602691
619773
933113
864199
97788
735127
477956
566439
266425
611855
839423
107247
295683
268695
487135
815634
984229
393082
265968
723709
797888
223018
742337
293692
979084
531765
32624
210876
76779
294358
121421
526955
439403
719912
779374
887611
567961
962933
456271
816518
784252
241389
235491
537612
143157
434930
10747
172887
989553
377360
210578
406719
1800
848458
424307
668618
679285
570895
964423
963819
317682
769100
886143
246827
614512
548443
684442
922981
862256
252889
128083
308011
984001
275157
610091
925447
673878
82851
42318
563804
695683
829073
932708
73002
489108
229361
939831
635696
891274
430869
684348
808811
628147
836249
88576
355325
77925
651418
510320
819433
304086
467525
530821
606459
284379
600138
266570
281349
841212
22126
483019
313987
203632
652544
18524
945248
955066
589859
413059
701265
386335
783370
934531
127776
190210
353475
900230
341763
218142
446634
960678
842602
250720
274366
299544
875736
742815
611216
983029
998682
