400
246576
176163
933869
810979
806709
886160
425098
880945
921998
371005
365766
304413
479551
573757
849
565396
229343
346751
175078
784289
274928
479133
829176
741524
530336
92433
111740
597630
320795
196423
743438
239320
72395
931149
169665
404099
124077
539430
615046
188330
485201
177983
295095
638019
269422
904185
782657
764725
855903
690213
64940
210900
665150
641997
990665
880647
449500
944687
464887
291211
115610
641669
15569
666640
75430
80447
329079
768257
762582
164179
135736
771105
93082
108650
996633
349009
578273
443067
76548
581294
966987
603957
617168
319255
904902
567638
935785
857740
108104
336793
975964
203889
451175
977612
744386
216050
940504
439487
900358
668610
148290
701272
497812
47612
491070
454724
283551
266410
837422
178248
611727
627043
458039
122678
372166
764686
423388
463802
177550
434949
859896
736340
860065
969814
852567
694944
669459
291299
792882
947281
673504
973737
697478
911740
719310
618653
230096
251536
197054
299058
432999
981220
675477
295288
747701
335657
77825
771870
707859
729726
333099
947352
923777
380963
610808
888219
691775
758789
218618
734597
738634
853751
599673
752410
212918
243586
535450
862442
966693
183315
185002
136398
716769
181779
867018
159569
770972
409748
409846
775723
440577
60070
371
550887
68726
753354
131989
676967
576881
736318
144682
936126
102324
144631
196871
345019
4198
928429
825133
336389
350287
775952
265751
39266
238384
585944
794402
712914
56957
917050
469017
620440
518136
198646
944412
180760
651820
894541
529133
768731
702786
976912
328984
573104
554819
592916
54460
962158
499690
860482
512313
760276
748965
135435
141048
495185
457256
835576
841809
672991
149422
111007
790366
927689
244046
665521
440154
158350
986998
68337
368180
211806
970694
717503
918646
916481
938443
244115
367629
970455
98902
639941
265844
584250
627832
71880
810497
963647
610461
178551
592460
594972
562883
507207
161976
153763
887317
166621
22943
926828
648680
133241
175838
728017
396177
887631
565242
734483
14944
946294
374445
91099
745406
816954
223249
974682
798559
154764
684136
551313
92963
260505
223813
50285
499727
347191
439323
881290
897954
591164
781089
402584
40727
879977
890718
858907
638839
774276
768278
698380
427160
346627
600849
122077
896757
947172
382148
868506
674347
670106
351
613675
961166
549153
558386
727542
651942
465074
201981
87329
488457
560787
670610
4405
514710
560134
105193
687262
689739
870049
163456
32271
550788
416381
779309
834754
960273
233416
630081
961757
108658
156022
519899
450160
79601
558164
603206
484891
378333
4477
438544
358605
937630
566501
790248
782118
524602
216915
676274
712318
523811
548459
203179
468863
494458
442409
673524
361453
609444
495274
892925
381063
108551
160356
943503
442053
743778
56438
679477
808192
294
