400
690256
236598
490353
593762
998381
152274
509447
340808
637794
650101
426917
513074
376592
293177
299689
373624
768091
996881
668858
228198
755582
665643
245098
510519
296440
811711
810293
385715
41317
775927
177510
458914
60519
668539
165849
899436
775491
675928
219227
808398
133384
573196
408429
523835
520425
766448
348968
481421
868588
77698
768634
656806
573627
594639
971086
175336
71192
315065
793226
422476
879278
478890
758130
499107
844098
302358
904298
608167
123080
789478
579096
324925
966162
473670
817000
312330
984036
614028
821993
50415
274082
587203
469973
641442
500778
839124
280877
503530
986302
293776
178883
485367
264026
443293
37137
453595
60581
543098
286215
813865
668610
67056
716706
784297
844485
272151
727096
37236
946563
539010
978768
351602
583810
885384
609837
926830
89551
439024
330028
116115
419119
207224
467011
623494
991021
608962
628521
613407
442322
417820
445525
714757
964979
746986
388062
291748
184484
542706
410177
391310
950730
600772
93057
384171
901967
61892
441961
496350
502446
938645
283501
26871
241262
727460
204975
778382
764011
752782
450141
104258
272719
961903
49847
229582
585312
191816
289454
278085
627572
504972
73064
82538
699455
825799
336736
384174
885133
494828
469355
331654
472075
818233
235861
380648
828415
276425
923434
431779
591064
417846
110480
526169
529183
349608
773521
757786
96461
952319
406903
908509
265399
996313
655312
923997
519461
370816
940881
190606
416256
50483
91415
474618
109033
334991
163785
611901
968614
904666
649112
798489
332983
782189
181416
805047
556295
667323
685065
818619
456830
759041
72606
429762
797747
689100
780254
757883
266431
986978
662841
890591
647021
221838
3666
747918
776077
358796
299883
223111
607079
795532
278623
724292
367949
215846
425864
259696
880138
365659
996544
317894
31286
117828
26181
262791
332459
837082
699638
955543
929874
167201
79098
903733
117718
489777
993856
549014
326395
937506
120608
950748
267527
561811
496672
449016
441246
326551
42260
364441
101868
321534
825501
275407
677562
800187
862801
197249
732772
103351
457339
784391
966946
431025
765881
116645
310914
426832
843524
851813
473590
824263
820877
420304
630153
716899
235202
205512
147565
46580
249455
530949
546929
611797
835138
630954
547854
421274
322599
586243
959520
982806
628434
769054
499506
874374
756506
103811
315314
670814
273090
347153
813188
930605
239252
934134
753394
873007
997031
651082
82048
437167
921151
847305
797277
445911
239891
994667
831094
494486
516009
322786
58853
404332
179230
50223
272839
824149
272002
882274
276268
124623
443359
143788
302887
545354
851611
3106
99524
244716
204083
683856
656601
854206
593447
156408
208181
712054
852789
475942
628662
24609
924989
816497
726583
378413
804547
639632
346790
274064
924691
203606
720420
