400
689138
840108
138515
273549
259053
257915
312177
953969
177872
510162
858880
951407
481078
620704
479653
620915
966365
211705
659366
724537
984590
581881
720360
895298
202917
220738
230978
95332
227004
65312
226749
415036
851448
589902
199466
973184
516911
388114
925600
932911
413237
356355
227665
313833
208642
166763
347528
528923
620993
544519
654402
641362
210999
434091
692198
569841
863822
704962
238113
639934
783742
521331
29986
524310
103703
922848
189103
611777
61613
942344
893091
273952
39776
556364
128837
524291
115910
305615
420677
348119
501752
411638
548053
999996
464054
922127
179553
554101
3768
150925
453421
106937
236370
485617
938698
865062
994562
136517
692469
230549
74841
876099
688780
428232
29124
577106
169454
356672
647671
511152
737645
752748
227637
241259
824562
122043
163261
81417
421742
118674
96596
815815
871097
287705
553964
734846
478025
317424
543022
31266
304720
822592
781097
512421
271345
255660
27030
598585
89633
661093
509831
535154
116503
44957
926700
561737
387439
431635
170754
492733
591457
231565
311321
199251
673880
409828
444928
575
328882
899577
264399
636955
383443
800069
611728
951188
963238
114254
177482
986212
28273
100470
147308
569273
367828
697902
342419
170037
752094
439431
514616
725711
725772
922089
377913
949590
962335
91868
290050
706774
648665
123268
919896
611411
440659
577642
795650
884210
963582
319605
658388
33847
122100
438775
407641
215593
351354
122659
83612
293778
879893
459037
540627
411939
449157
238634
839337
682932
433635
498694
648551
27112
393938
640277
927806
117871
47141
275569
85875
910821
138445
134498
408999
425047
663485
835371
34050
458534
389148
917121
857852
874245
846374
248599
38023
820253
491936
574804
915292
38415
326518
824742
529889
690585
615858
529200
727220
47122
441819
604447
559895
259279
830312
932442
438072
154344
885919
436312
795163
928981
489743
240587
946534
941105
52774
90490
760969
94305
752
752940
464776
31758
479277
297984
9638
623245
757581
193306
574447
882144
71754
902328
523171
557718
977634
407714
323770
846605
628400
389952
58648
587992
575974
735749
696143
689851
788073
606857
891339
959635
193545
247093
847774
194131
39452
60888
840041
207465
989814
94934
742883
521919
353542
320767
806601
363741
351696
508350
425122
601835
78402
479656
837998
219092
392950
445556
153067
520135
916099
464202
962627
642071
806528
712436
918485
525634
286551
735601
404638
442703
450241
35560
933572
387984
914339
163258
428735
423431
521797
350256
703460
623589
73643
926099
930383
536366
452434
826523
747309
358584
265992
584895
306916
739281
303912
850347
597535
266816
720945
669904
471353
789220
488387
239701
343941
849914
505269
437995
455736
74554
872341
468734
706356
340128
384317
675847
560369
388552
755470
436798
1000047
