400
539167
144216
721860
562417
863607
874690
259164
111879
905797
227414
537175
425978
815738
104307
262455
550038
577284
344795
151538
444816
159397
937542
817566
511976
619824
501139
609592
494695
306208
772505
313744
362632
621461
721436
947605
975667
188588
32988
242169
514852
347897
719239
509568
64746
724708
707982
761899
944076
949469
171540
812027
76294
514557
887043
55012
645553
349051
27065
451152
244928
614215
449504
141004
644006
904326
154588
73107
619158
247595
680477
886133
666594
587054
989716
158052
575301
530540
9089
999067
934844
899419
732907
450668
794190
925096
551145
176996
384173
331311
835486
188956
892021
511446
615106
197791
498833
849863
884122
319987
752061
92808
256778
957062
540581
356024
3521
33654
938156
155944
407826
427197
108298
171923
946339
114168
222349
719484
796478
516498
228352
867427
873925
189393
141353
885027
536258
164285
261291
853803
65756
826472
871756
258903
744422
708511
838225
283690
952786
323564
791622
793322
630083
208516
961690
383320
602432
739412
907558
887499
639620
831651
489358
615208
452338
794083
559936
633664
320997
797850
700570
293958
171110
665704
302440
629995
286775
149172
637195
599128
666060
310007
620149
700359
529113
114532
253392
85567
400198
308083
469502
414186
374080
737609
575035
44948
500649
490822
736607
953474
61359
958890
385984
565165
958458
961124
956341
515994
423039
398073
462773
64855
306482
168910
772765
800532
652312
756626
916880
531099
707002
452938
310585
850733
446902
227770
53228
544059
110319
877
724970
619774
645028
256162
748803
489715
973662
128211
394902
993398
911107
32738
680692
495546
453832
588515
864099
405219
536964
921472
91390
422464
621471
159437
980282
478568
114153
895337
554755
429040
43271
704333
158084
72070
166856
667828
451782
746989
610517
729639
382704
520917
102087
910500
796652
924182
861331
760490
489130
642633
803808
622308
749438
650179
728378
500783
903141
226735
584414
727882
323173
992135
270133
243417
711314
331503
976414
814678
710124
129518
446564
234773
774054
884937
451727
982770
273538
706494
178070
707353
836887
204570
110386
804081
859253
760631
705549
370214
277663
149782
170073
569553
604087
37076
763262
431175
138807
205132
37995
758139
116379
818250
72910
32848
957725
739943
681630
262335
477336
599878
346197
466018
166926
701865
771388
895259
595013
797745
491934
828451
502348
528112
475678
90867
812059
351405
966245
272712
207192
453491
730419
934103
933110
484246
585047
579405
536248
740419
332089
489281
271572
35331
480085
705785
570290
206860
206082
300950
696467
776580
405808
383005
158159
725075
332465
204130
249635
387374
324499
719256
81463
959290
997086
725985
474981
763907
280064
79708
38769
644580
211563
354904
847496
805784
973524
175016
117142
216266
873494
876355
243268
480
