400
51955
914129
350913
437575
327556
606216
579280
134371
279549
104616
484630
341369
448250
290668
876141
740059
83179
803755
480299
219315
920237
396091
924484
765056
389939
770560
523660
609133
293667
217684
455705
47823
402045
160532
483719
236412
994998
911365
961237
991042
619875
48866
222572
628939
195601
897539
5440
933259
358641
206827
455119
488803
427696
490990
619847
292630
272869
699197
54020
208996
872164
17872
331703
162504
904432
818543
285922
119691
109388
758876
526591
678724
627186
395296
608641
478829
870877
609457
541298
626786
695041
973948
45691
555256
93595
765973
15234
812855
263970
84857
283565
918582
706781
965372
495366
90322
181710
97171
284663
86602
719564
290304
897652
267386
217774
381014
94199
477234
882979
44840
978087
159283
736671
560786
133394
534085
196528
487971
671769
216439
554095
139750
854571
466293
844881
542731
563049
443263
852509
38839
723689
694348
521208
835173
323478
840186
78364
575479
685877
139312
724903
29469
220354
359186
326480
109024
900729
723104
988084
786636
331888
551340
653646
909048
774945
673077
409094
633203
101702
382117
636832
275533
721309
444900
70037
374463
332363
352663
507903
962360
149469
464249
851309
737861
575785
745428
163926
749339
155603
804827
860011
241668
748907
981927
684485
762725
231668
584652
130238
551016
856576
973080
230811
252106
876343
169447
952871
10818
337462
123878
274907
534989
933779
469090
14841
502290
620415
570060
979255
471351
941829
8588
954649
27648
889711
538430
41944
951774
576839
584205
824382
904540
820219
610027
437971
756641
187802
956138
207473
416227
355643
832122
35956
441577
490812
410431
123150
227514
325096
960974
573559
393575
334258
399429
117057
129266
252382
921732
652425
905242
933823
63884
196105
158084
139291
87666
684363
787144
808106
846591
889592
639253
261245
528103
155279
676737
766844
730148
38321
440432
407048
521007
760792
51296
3775
323035
388520
663120
491549
196558
208670
558923
943295
76764
356965
961173
477124
354817
306567
790704
691788
690171
601344
438795
251170
316226
118191
741000
57142
9125
766182
912745
426307
863619
339104
666198
65039
813922
227282
204493
544209
794735
745882
39334
325612
580307
415444
725506
312218
722350
223564
271696
110436
832434
199501
10107
681357
471583
411032
10164
646031
226774
235184
598423
238077
768476
447762
786748
981511
192366
205251
253405
710428
733884
646465
797599
903210
594883
651291
2111
430848
849354
250653
125274
514069
830520
785251
106520
180002
708688
798734
360054
326954
28555
46933
431600
124570
208209
822579
106567
400394
108243
242622
672948
718179
884551
887512
131305
955676
502849
794046
557120
551837
183979
411710
19779
193348
519073
4677
782359
164869
402283
814166
180997
962603
717528
456535
471974
217342
896947
995730
