400
304374
649989
930603
406114
980016
359178
751165
622242
633334
750463
117803
70393
498981
93648
338330
733730
822352
111341
825172
435064
161033
457543
759144
340933
316367
968760
347487
419704
369619
166463
525206
854133
473257
916969
454333
437191
571592
628427
33131
767153
936253
280363
78107
402850
377011
551550
540103
347654
52183
960204
641119
637561
71723
625264
565606
167574
823913
952827
849002
500462
478609
770040
728414
143508
51665
608011
533461
135766
457745
563699
798621
102854
245272
652846
444854
12726
518942
829180
655086
470273
671086
583163
452122
900614
792503
474033
443250
422064
295409
489833
915594
661745
820839
903220
482281
365069
482020
472593
94792
706642
935166
503655
392616
887654
635066
761006
235536
84793
166554
941422
839394
220569
956298
910176
976601
379556
92707
508720
938274
205079
271193
587364
939795
817861
775752
803030
161164
742948
431958
797149
419241
876034
464772
110026
868129
10965
218262
56782
397886
770031
307293
880569
726073
48464
531102
160925
227121
398037
545889
119313
77384
557775
16535
831249
603
693423
946216
709763
276123
915485
19609
757333
104588
684967
512983
891137
463450
5142
914786
772530
949331
31325
926425
628993
544838
661483
256990
915480
112693
843872
775077
510007
59897
379419
592094
350485
247475
652722
96061
761118
414506
985403
288290
609819
837446
439367
731050
750000
529768
238959
713298
933950
586596
212102
101571
115497
705948
19437
17214
379059
204858
755974
227108
850823
336521
430273
385507
346322
527281
24850
284537
511628
612685
541635
221478
629013
912491
336613
181554
527738
127711
198050
35736
520662
219844
716910
543694
438933
73680
949660
107762
778964
474771
811533
544914
66532
777036
259651
616984
770734
323048
378963
834512
910384
707544
172601
490840
268837
462797
248773
419299
957123
623315
979700
208425
803678
395207
316826
947759
199018
573111
862970
519726
439262
357588
36984
116067
586483
544790
800997
822387
438219
1069
909754
497592
773231
408543
369376
195500
683889
888387
764076
266544
225904
51032
940008
905466
994042
641858
985036
986074
578060
970147
959372
861799
471284
238802
902859
604810
378904
289019
343085
663142
352399
886163
224010
100131
523949
930293
51134
399766
861212
643038
352349
246414
917541
181826
973636
247742
2958
870985
69835
882370
13534
533929
763414
690512
76476
169760
158795
209404
429750
880463
233629
746343
80413
194350
171975
189957
200972
411120
866005
145738
209546
637556
272348
874161
430917
267108
429578
455977
382271
470382
317912
759388
170629
872477
403996
866140
981401
168659
568762
902956
506033
46565
344571
967913
80472
499347
177910
745748
733107
859426
81514
198973
210142
517656
570350
508492
973685
160724
273983
28591
56303
581767
267769
534492
858468
650707
354657
-300
