400
843588
564533
93649
886602
270652
721294
8104
388432
858274
98277
842466
240936
913469
812690
24386
426837
442703
737903
39713
217332
10583
333166
147458
609700
933808
673560
574660
944403
923287
276830
506032
778274
828618
14301
699315
893940
680331
921779
15717
461720
393540
408056
720583
169360
793476
961884
520588
976766
863975
272539
466574
741738
64468
1759
154721
33266
670496
715442
747333
824783
568401
910557
681717
119167
40125
576226
172124
887765
941904
819795
985895
761689
612715
407246
958389
223581
888554
673622
282604
528477
584318
163982
654757
480081
142073
389268
732103
835347
813353
880951
740273
367400
93403
21143
236625
911405
163777
304600
672018
610656
288046
959362
18610
95623
497661
912184
40369
448064
179858
604051
54501
734695
684088
881883
318891
909405
298026
173281
827448
671163
808557
41404
203789
850771
959770
96030
360137
223199
903162
66130
445592
559241
391433
739796
135305
251670
771357
853517
252350
716976
990560
719145
220156
358670
8825
103959
508706
876098
27338
712668
36599
34207
750162
333588
24412
486340
520818
908679
47520
187594
328780
129060
441330
461958
583367
976733
423665
540219
836527
567838
327520
955871
315834
24043
128757
650056
964709
185621
456656
849395
879293
129816
832969
986865
77562
420564
355618
599215
26630
825062
178908
208736
588123
821411
504933
871113
4041
846384
689326
694824
118359
590465
460827
40514
676545
140332
330004
846280
735328
569641
811129
931173
383336
810537
462386
186919
998923
608143
436900
905991
990906
443471
764415
190359
613643
418402
85876
251335
33846
438499
94724
750611
167609
501833
335476
598285
565532
218370
395421
887170
563471
394024
448031
847500
68399
605602
441269
697012
160359
533082
459364
49729
439539
956630
777102
560993
413824
549941
7715
698675
172655
78088
402999
478447
200505
922187
197678
3059
450285
926463
518547
607914
519636
810981
20808
990811
474101
515353
818200
639052
524724
190600
637928
682960
684629
879823
119373
681140
721886
706481
396791
319618
167451
288565
274442
18608
817275
880026
910797
305385
721048
62520
315707
243381
400980
20469
186935
894791
542814
141344
973405
180643
848980
853741
264628
905962
431171
886861
980991
334595
31369
912106
445746
691688
587932
7292
906370
233738
608419
426955
410581
159906
842498
857025
438361
894422
888051
629291
540145
210819
134415
908492
181641
301037
985645
560990
517578
89536
343777
593830
141225
85378
505702
561394
15322
336792
264918
57010
503523
777650
201237
175345
368715
917011
836366
447534
608049
789184
544533
175707
604664
117125
405548
734129
680288
405470
331873
783150
800112
634825
978773
516077
982735
431398
241943
710944
103667
406983
947822
738859
961073
818010
899765
402528
610290
162672
98465
364627
789958
441001
711789
