400
835358
37851
301023
267663
57003
843209
242591
356116
663423
540861
987543
492570
723788
214269
546614
728706
663130
513808
344130
128632
118444
602069
587774
120785
306865
123696
163700
136973
35428
579679
508708
114427
341377
84842
192201
273916
561571
125561
864772
863775
383295
191359
5096
555436
953527
622100
614305
56317
405468
278113
6145
374981
636227
450485
642857
746356
888322
600180
817296
876403
270920
20142
896691
577098
493782
538446
141721
359138
760542
193577
708802
649700
528374
594742
582571
90431
750841
312733
641409
332617
496378
539432
936160
321789
709862
275286
827398
627427
574325
880526
356441
511181
62157
343345
553681
218173
124531
947592
967491
618148
368814
925148
972491
672197
631610
629605
608662
175800
92198
996378
927049
155979
428491
304423
786002
355651
538601
753213
498697
231872
678623
886339
5506
834494
306566
838058
427954
156728
832171
412382
661114
881767
548072
622104
45781
3687
923166
729808
706715
82683
499985
472144
949167
913511
601120
925796
561676
942843
353439
74926
747430
954864
570579
401750
62976
838059
611017
350174
764746
246558
243603
718611
596276
236046
813216
304863
82003
101551
991351
472764
561838
163435
973968
882691
181223
718977
182863
27746
258945
320906
401566
686764
842322
219992
378405
957771
453510
961271
971689
555024
110477
549205
491262
842411
317858
452478
821162
787702
656761
403903
738136
940587
973317
413420
433334
635894
304611
111102
733484
410790
565030
750100
167736
684029
829568
423386
759786
942182
490697
753927
188281
349382
263471
660288
869569
272491
71867
398042
718426
341857
321659
828605
723926
785251
472274
153764
58326
218991
780632
770432
137609
423090
877679
804924
188867
499491
701795
168348
612534
349740
396093
47166
793999
654018
487845
670595
608687
316950
850673
774471
18244
328547
761998
695307
290564
746472
501129
740404
724230
679728
530747
865772
912189
376588
102927
709159
556497
628963
787185
597696
852635
241568
512597
119745
170813
459849
961313
882370
409308
227696
858937
353704
36476
517954
463781
550735
720758
422652
256416
492226
171416
967294
910975
353767
178585
429624
901051
743672
496119
331969
740830
147436
34223
393926
790470
405236
500633
448159
231449
160353
578397
564157
298630
124322
242582
57984
304819
769835
626689
749285
60681
612786
431265
38364
696472
973459
557491
514360
318759
665044
248841
304064
109084
45314
167750
590754
418628
481978
261493
887111
291392
70724
925958
734338
189197
770649
300197
318306
687854
707333
244216
475686
914104
814759
340982
724816
491066
324822
826591
148946
778374
196958
317339
258853
110624
1768
314675
138297
793987
767479
167206
553287
631306
556686
230057
546242
957762
226352
924671
96747
244937
43391
570736
349188
58850
454342
445097
850204
630617
380626
997020
