400
113728
522733
408641
732182
123867
721312
290698
854461
485856
191042
51320
728814
426375
586187
495016
409872
645012
216128
311003
460278
441108
192402
796303
2564
150919
965588
212265
541306
193112
325079
364365
602658
977799
138468
283472
971666
55783
888086
406981
941279
427715
666065
576500
625630
298972
765347
963241
825176
895950
473013
262120
808201
159377
674349
551486
704149
463386
93348
572658
235848
181921
512447
257371
892424
848702
412780
165323
361818
613805
654011
208169
661517
770032
789334
767325
902406
459860
302879
19300
66921
792587
482916
221827
173090
611128
599681
867927
541069
98122
655571
26507
21512
787199
624340
731876
844562
231882
716504
455414
512224
213904
797667
135034
629244
888395
329701
211319
610906
736721
813459
815772
53561
17007
68322
139056
131762
465583
4898
36064
670113
493370
241270
401463
873453
686934
797868
712493
352821
76495
550909
262038
970072
330036
993762
323963
78177
583289
361360
60102
400974
743418
134803
872406
178171
547295
931843
277363
273200
211546
96036
752795
50564
61901
80480
744699
917932
390409
614553
731769
415588
286258
87598
783918
597496
637950
478988
188529
936879
772636
650862
199118
335445
21553
659250
371990
951396
773181
12953
217936
960910
501980
306651
724173
30506
127785
336741
493530
528120
892925
429040
170574
375122
424405
68415
884674
608818
316114
293877
733472
365082
526489
450576
305556
25892
545690
451334
493280
275878
774830
10234
375564
855041
166874
417179
544378
748807
429041
644250
561752
742470
532373
485510
184430
666101
969054
676357
116567
107642
402195
358833
793868
616854
54868
440460
947612
543598
432155
507618
620920
748087
408471
778234
31018
125372
995960
313976
665126
512847
895305
631506
279737
263818
469366
334701
83422
749888
795375
119315
418991
349254
208549
191571
810489
12055
808818
141686
670056
69608
142293
122649
174177
336905
685978
791724
131119
489461
738776
227973
125012
246646
122196
885858
184833
584823
918276
456889
947106
231080
208173
152126
298960
986504
538541
909681
177514
750994
83669
962208
604798
352710
144046
331776
149152
377042
895901
932
670621
876253
325537
776536
173066
496497
604344
839133
181877
857666
420065
799936
758397
905055
168573
507673
71870
975604
314703
776477
544676
124793
833634
230561
969633
520955
780554
721708
926969
488261
403970
884983
972602
267691
403445
256003
979274
23346
468888
545111
652120
922783
447796
359765
158005
340635
136513
586424
747771
628927
876910
162797
240811
830594
472254
345226
804565
603004
15308
89007
795440
842134
391279
151032
321737
943761
446648
351900
494040
501743
196568
476197
317807
885634
537567
257676
717836
361039
591007
120432
879821
131485
888623
601139
684547
584352
720651
428593
400095
337597
351641
564446
605896
387322
862967
