400
807428
796111
714293
394618
707419
810588
81114
55165
499678
686726
474552
416711
321582
649850
644820
476471
786178
913141
510468
269231
191303
605167
514730
963073
307313
726868
68941
790663
356963
976109
455957
665551
465847
175006
689187
860338
295082
373192
41675
626566
613735
342926
820271
635049
474990
301685
812921
588414
304481
467109
242292
882164
142955
568204
856200
621697
876814
966306
169936
933935
734599
187911
156057
670733
38623
781192
660346
853062
261073
662592
61643
132174
843795
144091
821635
253752
715203
868342
166066
279396
178735
358498
281047
349014
639041
950472
797407
668067
840901
826406
916539
736005
485849
271415
826524
153869
722352
273457
932686
579255
701890
59496
550894
478873
858260
765584
198345
853814
88671
497759
616211
886255
714336
854673
634945
512537
907067
299013
988995
845546
909773
950597
460641
465484
395789
53411
88369
717332
16797
171326
193395
104460
519219
97636
808969
666796
854942
485586
773846
20136
487928
403542
514033
532003
561767
363861
446534
752833
241167
595689
44873
749786
518552
610466
656792
935690
508567
536942
104749
703525
772763
475667
161788
214792
806358
805656
973103
962314
684199
824964
72316
197010
112640
135102
815391
58946
523001
783187
342777
76497
658672
147926
827717
78327
859546
196130
997107
354561
656363
843387
886115
618564
836190
22995
587967
783662
148449
98536
112821
404984
680161
68874
605264
680503
309165
561723
382322
698514
210569
778351
455792
229070
792338
432626
111690
477509
173384
975593
8581
182390
786813
994096
666215
679925
63001
962467
669135
934595
153160
574840
507246
717304
7296
633930
720358
678877
432306
501680
415101
30294
46412
991500
150397
343676
531113
216800
102572
401481
975446
315866
469091
510253
150850
404208
698318
73277
381121
613734
683903
709259
411517
749037
650735
162896
427642
931557
329169
928134
183683
901763
953428
808595
178806
49934
36790
63903
216681
500547
622528
306886
894008
976857
118498
282729
936173
150623
475115
365983
255946
996545
76964
531593
689205
820457
277706
578564
452544
691394
197159
22775
619477
276311
541388
110923
124603
823130
559213
882746
653959
802177
283097
121281
410977
350667
672084
172143
761138
50273
212243
113440
301095
61335
278099
758915
900837
779217
861078
518294
882377
551938
439611
687219
889498
147600
445177
223172
460366
774932
935159
145107
775477
265661
257419
883708
828806
937172
747342
133571
934405
930778
395737
203842
547341
656973
906142
381947
92671
532425
868260
571148
312519
242060
187360
213376
227400
294802
67309
879426
108004
982303
186921
44332
537961
77531
491627
208061
107291
117847
256612
807593
352986
195054
789329
264971
85744
363014
805402
909942
495737
530870
686986
176617
478255
62465
138348
2400
803025
487937
946302
369287
997723
