400
210375
124027
204976
251847
181415
864243
202225
884930
415096
691318
209221
536204
512126
248242
347893
269638
552414
263504
602302
763596
281258
704634
541994
45127
871115
52285
530697
918943
543178
455562
986513
195726
530747
888791
655312
363024
987718
964259
791369
100790
338259
290646
326131
123738
204113
594758
192714
65709
986340
241046
819727
26988
414185
624761
635427
975921
767782
352724
351932
770982
69075
635906
458049
207956
711551
85105
805064
653018
944801
132585
248041
512824
963324
36717
353791
321931
821485
587642
783483
545811
943892
460332
645988
242928
405085
801600
84911
908204
486762
494324
822646
116337
509727
514123
168664
997659
253321
969197
156398
506728
14379
370602
952869
987596
542503
967647
255485
652898
970310
318769
465629
806780
630564
954743
266064
7771
85115
451572
74784
9658
406730
253633
55949
446917
371489
753545
107946
156903
454860
919854
708693
266177
879642
657866
994961
667766
551624
142288
779394
310755
596175
819920
508612
627308
609927
477529
557800
36146
174838
20856
204427
787680
805626
997343
174037
296805
668366
762082
26699
774524
743228
83482
435538
170726
458144
4012
7425
254457
957908
303908
987937
79698
43517
396859
972484
103591
646449
327415
763519
423927
596100
523249
577349
350690
824558
355250
22689
635413
127130
435319
809231
301149
788429
455956
910008
698397
189937
253301
203657
617563
89982
416127
498223
539572
2052
635156
828593
728240
491351
220278
860713
117808
750167
17923
354400
933700
519322
538270
729413
902681
85048
795119
36106
212047
203124
273920
852764
82793
64770
121992
559356
639326
629945
329285
371647
366156
467671
205122
527198
359948
418731
406584
497531
267872
634787
968913
382129
782793
388530
304967
232598
460854
272990
10795
184848
366230
59747
613954
475601
714766
940871
602826
195312
222342
338491
384474
8933
435294
655851
371175
721121
636415
672035
965731
692744
597452
476573
901119
252556
852918
989355
154897
523495
302767
971005
217682
119220
228790
476304
981054
551595
523473
217268
184094
193335
14489
222200
115298
465398
21743
994931
267623
985356
310732
628082
895193
264036
943415
653241
650610
987141
479055
931768
425185
826508
562248
532940
169221
765516
822195
954158
137688
797055
438389
215932
755945
423655
429081
532002
338241
255301
187394
392037
297128
790837
318457
355084
762112
759140
297381
163883
427790
217584
631768
993101
359193
688538
444549
603645
431723
946602
410000
464369
725940
758048
765310
884756
429390
641938
251148
720174
406172
707239
878683
193330
910027
376046
513416
371877
182394
795164
213594
872742
344054
794592
891413
160158
980318
392165
279019
483204
667366
50147
138450
606157
842806
99938
676017
275759
42546
532365
637043
712145
850453
775919
762430
416913
990006
291020
101502
998617
