400
478018
842093
416903
890296
978155
407691
355167
329671
718703
566025
423817
975105
586861
605005
981311
361450
568388
54742
80004
598521
35689
86173
420229
851607
362139
724775
323931
513653
99821
827498
913325
816074
599042
101593
486835
385576
834200
408014
285397
534778
597754
588499
492530
343516
174105
926477
618492
803991
114549
496902
765184
753016
739062
394966
835971
29899
149271
695852
346504
989241
419650
344894
492463
784699
304246
685323
207351
414394
201636
386633
349476
332357
495578
122737
184892
146478
76822
765667
299819
130177
533373
233206
197510
422754
851748
88416
931244
149058
779146
465535
926153
997694
539753
588482
380916
547988
460641
889335
840888
999810
292565
388593
531696
738557
304145
681877
888971
684299
632232
961153
176688
401853
28445
449114
195899
846349
428855
185777
817316
125328
240888
442386
462593
546071
732198
758248
811554
746216
704840
736592
834714
329556
631149
574712
972829
492661
136101
8308
409413
210310
358867
927197
763759
514399
678298
249318
819266
199435
367093
758973
899343
272967
358563
128409
812820
268954
420095
918182
7003
65868
584046
529163
795840
971844
96561
747668
373071
383682
657882
97409
376844
884277
763291
392554
623436
143225
73977
989965
513792
888497
665888
528310
174994
222206
100241
113033
446887
450393
551030
569775
268421
317075
289175
850331
409614
620710
550308
63800
883435
387894
777458
626481
716292
458410
846531
665820
359787
580386
681278
611588
820056
277844
405437
900369
957839
806470
400005
434390
599006
460074
639249
106615
662850
173969
336391
856565
207338
818381
953292
607064
802259
64808
36083
236344
269266
157306
535696
776679
885744
235819
407851
198206
669295
780870
503632
189891
178667
856949
816516
23924
345116
894559
989458
499443
534648
712219
167811
699277
892021
723535
263467
599656
596652
960298
969120
54601
507545
872250
168134
12864
581503
610474
509446
759152
108712
868124
608157
545471
13450
679007
802640
67350
806598
714509
974909
313237
33738
962308
635213
556567
382357
405631
692422
958429
23386
751824
170877
718745
851582
836860
31593
627353
275260
450418
635602
433294
197672
923306
251111
379385
899921
821463
99055
285425
149631
86984
111576
150995
566043
809056
206700
860166
545646
152432
775265
37033
443906
884462
165007
124572
113316
296981
891516
130600
467979
758360
181779
301516
332947
48772
687860
17573
521058
495025
484197
876344
743404
609252
670245
266015
293457
874180
285281
812239
518115
336311
864832
197506
75270
432665
207833
641733
994544
629209
541636
883808
478609
84271
460814
687005
261196
817085
31110
468215
471522
799938
550068
181729
146672
401205
19305
84527
843407
294148
635954
253989
812313
162920
857446
83931
213195
452837
668319
989193
742406
388251
505221
375349
382384
608012
372175
