400
112605
924098
807444
493093
534629
182214
93966
970004
88255
219974
92950
429161
65577
616376
599182
677178
291216
931134
740051
481692
318728
842139
908287
466154
579430
651330
104407
895525
17339
917834
346136
610293
421613
415231
681689
299726
991091
255058
480797
926382
659820
464880
782263
895618
30813
422511
671066
15528
839814
271845
543996
998032
215583
823955
78951
467515
888884
408255
496604
758629
226586
537311
537188
871680
317581
227889
337780
498454
663207
980392
891196
368463
906303
592128
522572
503315
177948
697202
566499
787207
87317
683268
453526
660788
254726
318456
969306
808518
302129
864228
634606
416176
50542
72866
290023
958636
893904
45853
553945
2592
725910
922700
365983
340829
180299
935227
375240
357824
791739
930821
907550
173947
433042
389150
841300
113198
316434
413773
381067
650991
893872
997942
520257
241641
322252
997653
843735
435040
282636
27783
235069
295570
39252
498818
602492
126649
908771
360998
642335
268270
291789
593003
611135
88295
559441
352953
833706
899041
589654
194070
855023
791513
238215
998457
814793
232691
223879
10302
361702
746430
404051
879283
585042
454863
896435
764879
452037
250121
989853
147586
99397
771391
222694
266216
640761
632496
209765
103383
633740
819441
443239
808791
892602
945512
275016
212529
405434
229556
939636
21344
819656
371050
15098
285604
142990
277115
744586
203318
337198
601585
502283
593174
753007
848856
230683
855104
77377
664569
913508
177021
349742
581890
624471
216661
164384
181569
497544
464610
884041
795663
231526
668095
632819
171017
707349
897760
712612
919226
940202
310267
265325
41621
188802
744356
734159
988445
415744
907767
643595
566247
303329
665134
817093
385207
363197
346259
22228
934536
163612
981903
646952
567784
196082
296032
90968
77887
334649
195625
606344
411696
444649
797475
81972
898903
513815
887921
651035
774963
186599
594578
579722
118109
863407
312176
893059
927542
705130
964053
318475
685216
860694
888317
194317
366562
878507
501318
597998
560111
743095
486212
880750
400512
70683
627313
516791
561502
102556
933377
659334
825020
909414
798932
489523
609280
818340
718469
359070
219490
430644
475360
110520
120749
774411
107248
83307
129379
198629
525365
588583
875838
447078
582708
854026
695888
669010
433385
854892
478284
114278
787800
893892
349661
673809
832833
119546
603380
388050
643634
747081
820255
686383
400054
770576
641429
500303
447723
146230
152654
217909
341362
929208
173007
738457
298559
614737
49539
800485
35856
433348
90245
317065
621434
748681
930043
270843
748062
911954
840924
797710
446907
642552
526097
940718
330269
817287
119289
369654
33972
813475
770951
554734
109183
447253
276678
160036
73255
263606
189757
930085
695208
279542
982638
96664
929386
419977
502712
837368
304878
687152
863388
2199
