400
990077
255715
16491
507273
501594
816702
589503
935700
274278
999754
755164
163063
409953
900621
528756
413717
968270
533893
310879
647064
917408
530890
639700
527454
122944
425103
364035
452304
14654
532231
541585
835796
204241
572068
657264
862552
259916
376826
450842
342927
554016
574339
708971
518969
741640
46139
330137
680474
989141
390316
338257
724812
22422
456196
5550
10416
950499
317089
930392
579968
119686
567023
956599
404672
454215
369833
580307
290579
69267
599995
529738
884778
272584
21704
436268
824343
112672
592903
212215
870720
71607
498376
234602
742575
778746
360021
992456
236997
648942
121972
558187
919630
95770
435336
775297
506416
382483
868630
43368
294526
393954
341414
880098
764394
672275
629568
736373
922582
633949
866005
295010
524811
889961
490688
660095
246915
826241
726561
632947
564832
852886
794537
350542
242752
1069
902645
639107
644776
976808
624337
299586
662941
190381
653085
708598
869713
895797
758093
805720
916731
575859
505418
839918
147647
847326
146742
706148
266765
123357
456268
630981
969990
840399
167654
699030
517976
369716
603801
751311
681770
134843
419387
639415
801139
260520
402501
469723
469926
299553
634579
287594
832647
309718
25416
176368
548641
229259
748174
79021
802768
146500
607419
112018
783033
814796
458895
407127
270106
986209
815706
900219
435004
231167
936698
154841
134085
343623
310914
931812
41066
815820
687351
835903
76545
674171
908916
998780
550068
648932
990445
909358
997394
724329
362768
764076
359743
524482
612423
642661
218828
151914
374170
17883
30625
3433
926322
124350
257175
968511
931001
504998
602850
425770
36764
476971
173996
671892
429490
847972
354685
264093
388982
765947
571029
379648
192048
497130
133980
348196
825523
696916
422640
636417
640319
48898
590238
891885
253830
381816
380525
462339
462348
572852
53843
295854
172583
132546
303307
401943
361126
93695
281726
318313
823502
197288
455198
535165
468480
75229
637906
947239
714166
670840
735243
990172
519980
322052
451446
312447
408731
306140
750090
497926
957280
504162
214081
443277
559548
940824
561315
577143
415668
938078
547709
388605
60441
124552
691761
63317
84898
299675
518823
350399
343093
320741
701729
156462
754629
879222
591533
252370
861908
147647
780531
437822
978970
217477
284270
999419
494718
124225
56248
760744
600705
567383
62781
990028
831802
631537
431121
249018
138363
66808
327134
958688
443987
510959
414390
961004
814381
627243
552071
446618
432150
138739
66796
445855
519068
942128
979744
100459
23825
269648
216653
351647
854191
226558
173763
984779
924822
638710
778180
645538
32624
558599
464443
629949
334645
113449
710221
835464
611594
996088
148425
229645
534405
777805
303673
428123
498443
499319
597338
408658
11291
90075
509159
256206
83171
958437
488145
871650
