400
971494
521449
370814
269488
636908
936590
51159
284326
492319
819759
167681
105907
556982
648448
68798
802776
190032
785515
131618
15170
147250
704903
814174
772237
565148
437162
776937
245289
391174
854293
572108
609690
766012
722254
491275
883609
801619
822411
32107
182296
213319
220874
231589
19875
84211
676349
750053
817058
331243
985571
656895
563643
48505
691442
749743
764628
857395
756528
328651
767734
434933
225890
420999
810317
207745
314779
400292
262155
848559
241269
62135
879341
482002
565470
855314
4566
257769
764426
519889
240087
565503
77446
275587
134800
683680
447021
81330
611375
668408
564915
608849
805463
825929
940830
355201
777757
973960
109333
902335
438060
437525
107409
19566
677384
956630
994992
39421
891247
862383
787944
987701
649372
859999
183256
896226
502565
454522
103802
193883
487876
514559
442229
78895
314482
203221
522192
542765
305007
340391
812160
456208
99103
759129
808930
202821
66062
602725
237956
14747
621268
586775
995229
283590
524052
395873
165725
670288
6366
196827
929695
207517
225332
782939
152060
917145
249642
663854
386745
253632
408230
145712
841952
257993
871687
507853
325036
604016
841059
806932
944541
631455
273064
260789
147500
442936
886372
88343
818649
717057
268447
255192
54048
15661
425894
940450
829577
814979
599203
863270
236127
420973
924583
881080
231608
203359
168778
621319
577395
150562
906218
727799
221761
902844
703247
578141
302489
805438
807663
324822
980815
500650
189645
187973
788927
358334
197883
268967
783075
831201
616961
152148
635653
767785
878166
515732
487886
471047
572747
873499
542332
42128
540871
403299
12914
733160
158061
275556
787433
948429
520666
120691
60484
764542
187466
753076
640642
149126
129050
744509
755981
170536
699432
909705
915055
44328
290518
963990
667108
854900
364142
652380
695242
990190
769183
284586
997749
636631
400806
961054
430303
601945
880008
107520
548732
987440
967355
7611
851436
386359
749093
344378
64138
569547
780732
11547
453089
798110
210188
870099
696191
684378
585367
304158
986913
265519
227414
657312
918669
804027
842334
169693
333247
352789
527134
775442
714427
913014
667077
41198
631425
867013
942784
302064
448287
123006
19681
814110
702304
418238
317659
518111
491490
75373
701225
367542
380997
419336
165903
5531
460352
964234
220217
682936
2381
141046
174463
227837
451589
764484
83338
503008
469766
772261
754256
633524
899920
619573
553659
339045
532271
999741
651240
477838
421075
769505
245322
54455
792571
910508
269103
132334
940944
822262
764635
140864
52494
931120
306576
961236
341085
336844
271535
213413
136062
350091
527416
865946
751392
932388
864814
555972
411091
645774
908310
957619
434004
689259
743197
653557
136902
955473
421017
419309
622082
161461
396584
721803
555525
77110
484277
411488
