400
722773
62929
220079
649967
680625
748764
749017
903396
497300
590154
236833
588543
115806
538669
113027
844665
577411
74274
968112
769952
999350
896491
316358
768455
763380
517500
132401
168670
270314
37585
923037
736796
727107
225212
741527
547672
247698
462013
947327
978103
119641
529865
742828
353408
825716
806125
578204
112844
209957
401356
496598
479577
375741
995204
888543
172989
756707
613551
702612
620023
470724
419269
299626
74209
64983
842271
313856
726657
572107
196758
71902
993856
470608
581514
824653
948082
912831
901183
199442
719891
673383
469473
529544
699539
664757
853160
60057
891144
265407
668694
469401
36355
337453
16222
982655
493565
973508
667551
576512
649775
360592
137357
21962
206720
562926
725937
986970
601881
949171
629191
678074
536661
941437
256005
830427
346132
473940
801851
992202
216686
836540
440277
639954
373573
628057
227838
934383
204596
389887
475423
889706
79908
648470
21573
447510
15293
422310
971489
63589
139704
768453
636904
314023
676051
761306
42267
875937
794078
235469
253217
39366
605299
680717
723536
321621
170755
467453
52874
535694
743562
298364
975428
474066
995108
509455
773730
578070
685818
520430
284542
931203
955284
290536
392584
650670
973523
715187
500103
524591
853238
887508
195774
234528
891993
748263
28457
467700
122815
392588
441126
231089
680132
945326
670193
498059
415157
75121
44552
25887
301115
835063
382765
282760
520626
192527
246602
846306
126871
446076
338350
118489
167904
768797
17398
325804
439718
532413
572103
172036
609342
827257
596535
549163
625509
442378
111435
691499
103385
776239
621531
396612
609732
991864
460050
751368
435091
684720
576018
455511
655334
782696
571124
465715
140256
56988
651309
302079
26397
661509
459020
217753
52227
787386
718815
593232
577970
884740
681397
521284
950997
24573
262335
227289
549850
484259
741520
512087
494334
518718
460612
453474
550657
995948
731516
223185
374521
34694
303431
887916
22915
571057
177116
105607
745812
434691
245571
940149
765869
759503
27092
409579
400173
724111
366040
862643
255168
524013
323020
430473
749813
649454
24643
474006
714798
601659
125355
225542
932720
637646
699176
43912
695067
95605
699868
787426
515827
24326
532936
460206
762652
836512
797964
867060
582373
647897
1994
142309
251899
551689
971497
558194
686270
162098
244661
133895
154992
65930
742948
83688
692873
59495
846196
436326
567529
526023
453039
781053
883557
471992
454928
61581
484866
996266
454592
766707
299200
415375
38137
510020
457869
116140
242572
626342
840731
271104
390333
760266
350987
253005
80076
343817
616904
606023
734799
944858
271537
233752
887738
637550
26094
543950
924993
937640
592996
860578
733652
49020
463747
818982
816265
417379
85308
675530
911832
49336
506768
682250
578495
818739
510468
999613
