400
17713
194997
271799
744086
772049
76054
403220
192623
751264
582993
536998
781835
580098
571661
30730
191259
12099
402692
790222
889002
642171
582719
674793
343920
571277
913459
495179
720756
286025
26616
489551
772698
582001
756578
272782
866320
804761
630334
734541
228817
576168
806123
217302
416853
479163
535442
92964
141589
359848
511683
780919
67198
291423
127661
241992
714034
159981
634682
198359
899701
974170
307973
53600
259578
813299
259513
671596
148107
186786
237447
534851
37519
60857
653059
945150
629243
152077
474268
877563
927448
624959
39414
270379
183468
579542
685030
222853
300488
245704
875977
476637
652269
325976
662145
322895
44956
34905
897101
943381
477497
834640
640260
127993
127003
965111
479342
73636
76147
422302
732287
951188
497046
844012
545969
581420
865128
425924
818877
867621
569703
824515
69685
635490
448721
365029
108801
462178
798387
908615
167156
165583
516048
119303
189578
640307
949546
294215
970496
865354
850159
414097
490768
675826
1667
337364
778504
940479
526118
193229
962182
932651
57538
278785
230994
939498
896660
587238
255320
602972
416372
675234
179136
671580
19330
391915
697516
317941
736815
877581
959566
911541
432549
67146
628643
701465
326804
994651
314575
836519
753691
719765
988950
35611
171471
927655
102196
954489
172650
7104
30107
722689
801683
822413
523527
903169
696005
89120
36415
969860
27871
359212
271593
701864
427721
444269
538570
19918
427773
825828
704026
351594
849849
580416
566272
203514
588992
991064
907375
231379
269511
933397
660572
308630
514307
52461
667291
236418
543500
937866
708757
958243
566190
505353
984040
635753
853453
279709
25883
354323
793394
781204
393405
401098
622198
670770
217497
675530
994057
676473
714071
465979
88544
503498
833842
490206
323257
808293
748049
71779
238604
419725
711685
216471
987408
440327
165086
602618
826854
869568
261162
240622
943078
484174
599883
527436
584261
954383
34548
702417
893408
999278
339968
614966
732967
299972
36719
472413
695400
164762
606909
250407
390199
269261
372512
912610
555960
683211
995167
519968
707977
915385
815690
444707
470222
69431
582170
119732
986970
598651
846629
731539
836342
373082
931965
226184
326162
274853
947559
372120
701510
598256
605555
898259
75843
199214
864381
9674
496218
47288
529918
571231
155496
29996
652431
973428
20894
31986
311868
23429
906793
273818
423617
137554
648962
933665
443108
921332
998420
305235
752686
871953
728516
285194
681991
563691
560610
110676
307373
85842
339820
922099
199185
688890
672761
163837
265294
519399
564105
181668
509126
804869
452454
291536
972315
789652
588214
985640
912711
543936
653216
474800
383897
891470
837913
697037
190541
135667
816138
660899
66118
567807
612768
385567
463786
900854
549551
340688
839322
565055
819396
1380
