600
822807
127415
256800
528177
35911
691493
634789
680620
257251
930024
281816
562569
211477
989330
152260
690126
135835
438155
500489
506182
67562
75377
814865
726634
278784
661336
701994
771964
442693
396850
44293
723315
83933
115786
152074
870161
828237
504747
234902
216400
268295
858909
604818
548794
362579
164047
547505
609240
612892
910992
433286
270722
803093
691255
582655
493462
825606
111011
706498
676292
402103
741405
635298
283333
916023
697306
169086
295083
728137
279260
357302
564244
938348
13943
503307
755192
840518
426545
275154
932130
970028
26243
503253
988924
811152
636604
496326
325442
231560
286597
310049
849049
562615
695359
294429
59384
447834
888008
508814
370756
956913
930077
695962
639802
164936
245530
888213
465670
613408
269212
753724
624112
885567
656327
305931
134646
155281
736867
661691
765044
690042
276577
290204
342464
115065
866620
764874
648658
440442
412795
640591
797344
813880
157650
984853
845576
103564
384808
566598
603303
152215
138612
783490
434951
251017
658561
755260
587253
681035
431376
303538
1007
965199
76764
992071
143676
736049
314488
54910
12502
765834
997717
900757
909571
398866
366752
87548
626434
74415
235080
271088
259232
64350
446173
436281
83690
793725
91092
669884
877820
910514
692071
741757
663992
403964
432217
983093
312531
322132
3351
531788
897097
30783
43130
342004
716849
568627
118569
200674
522602
471459
797788
862568
260341
589417
416699
850867
572637
879247
360484
259039
458641
139835
993484
679282
506962
723316
366397
882812
414599
555221
644989
759433
214574
153229
968591
967680
288557
352655
923219
174683
363846
121501
540296
866179
582953
829741
425330
421063
849060
875509
584919
184441
57974
866904
879587
249317
195777
732844
655723
429551
187485
361063
769422
436232
264137
305959
258743
798540
546428
439387
598144
210108
91930
933073
545393
213267
478274
777628
74214
242246
792260
147617
954446
390941
927280
160511
516496
407081
984521
603608
475016
9505
306137
198912
988142
854621
593502
976322
893527
677294
467490
219913
515990
991256
273320
642418
22715
349357
541954
462955
306683
499655
515648
614472
372272
578593
369922
457826
5559
629906
17391
654060
439287
69928
963198
375124
165761
748189
471410
458641
315859
618168
661410
549263
803895
195395
43958
234869
349065
548069
658926
61007
326549
794971
412444
968733
478622
541591
966130
917687
551484
831029
966262
296731
783709
962006
228242
991701
718635
693275
647623
684681
201870
247104
940162
836256
981321
988434
5895
12365
405247
976590
598026
538875
907736
603992
647196
393173
988351
985109
144834
587825
423555
228901
876578
789402
619805
504320
378647
49592
691089
61612
305763
781150
612013
270616
680324
916336
614702
961497
359775
950831
958146
581566
259865
811171
156201
901521
776453
456740
992885
758061
66231
546116
739184
364791
283511
277852
100892
819386
303698
768690
252949
298531
74698
867140
584979
133397
145005
834740
861580
890474
440131
409359
404726
791944
410977
303483
564074
400987
429722
154173
961444
661876
138645
535653
655015
559550
536442
159447
794557
80088
749510
284598
713052
333972
847231
964142
243300
639180
761921
314526
966149
583643
780854
423585
815998
329663
554852
188664
999744
765065
407008
830997
739313
577086
9632
541126
282252
551374
426414
189244
964389
594606
88121
307384
535818
933524
788166
342225
923526
276687
164867
684004
226047
519552
838204
285464
219007
968121
969126
998156
153679
241712
647321
62752
376191
165919
191387
179165
976835
990972
989207
390594
993336
448400
90925
124396
906500
567798
404387
815264
203610
508851
773113
521720
943261
925804
662233
27369
884444
431176
716141
226285
723964
525923
352139
739729
689971
925419
513228
258909
968304
797595
160442
257307
814425
837522
95463
950598
266796
156431
418778
54097
536647
250763
264997
695440
748162
426099
36434
388807
434042
723585
303292
152974
672041
563254
77945
40541
438577
816566
822837
25722
716344
692608
573594
243964
803244
508040
209259
204730
399143
559346
804272
365077
167342
859949
811468
602335
456724
415594
369578
203815
535356
987512
898518
299683
152763
291646
49128
905528
514652
211220
612698
607848
318589
142974
628283
1000511
