600
588246
361663
382219
22582
59933
187014
141083
677867
314278
326960
348455
678297
601454
489481
83091
845404
389645
85334
203405
50872
677849
796752
782715
75225
959785
971900
314450
309061
421172
774312
214664
826016
166487
82244
542113
268763
631285
393114
2662
605883
686456
872491
667509
480385
77494
589736
768049
344507
613040
243977
671641
911591
775988
332814
943606
588031
178978
6672
841966
94566
441547
41923
972919
7149
907893
829451
484581
32642
161147
535607
756387
743285
161617
202718
572480
394536
778598
573653
376993
257555
590434
372298
942613
486322
993742
691072
297414
754187
456147
879975
456970
398495
12891
266839
962649
736749
428244
239849
297689
223517
400083
288306
183958
689168
588373
346013
200845
591361
519904
515236
156519
641624
477704
353003
700419
746251
728141
33785
171692
514673
319394
460691
750378
406885
363464
835639
484724
511507
469529
800050
969795
203810
416545
315550
879041
530366
283239
969916
368224
748545
217033
45481
719304
423293
365253
399360
398248
301032
850260
569869
851950
688933
365168
159529
313361
210411
530295
258487
206539
283028
539944
751225
75301
759108
519690
179280
866282
476340
38443
448782
109565
569690
987590
824697
899143
419895
728062
771807
509128
430716
128711
689297
105167
859674
872164
126333
388293
52069
273738
539180
492131
10404
994980
213332
156675
205751
422768
910747
850324
851045
38982
655465
260840
487170
26809
20264
24296
666105
900310
617883
736295
380860
764617
51288
811795
452869
587808
231651
169480
793287
513191
839785
956094
36214
955505
401686
35107
763312
781368
374227
731652
307526
306844
989919
561444
519723
744455
917193
122031
951224
512626
259079
597960
956954
205056
564343
160639
976793
298376
737903
626334
242181
567920
665346
401378
347903
634228
743122
784711
515553
586694
458893
883261
883147
865168
837510
51830
248651
806677
239792
574177
80040
437557
215481
389937
94603
133391
450881
599382
874507
957249
852917
492685
536724
304587
212364
431827
629875
819281
502750
471861
701696
737471
160796
210499
342951
716999
395056
671714
850645
661125
286002
671169
278973
148612
226371
71716
49156
607258
425738
733532
698895
982318
973065
327575
4518
187994
753691
63059
200965
125931
244876
819694
981695
695813
264085
808218
683792
60324
508338
571756
929085
646909
256482
617107
5674
201987
361467
628517
12024
504261
188199
981013
155864
824116
743359
611393
561137
173123
736258
975400
840746
45671
968049
408825
228052
674558
526795
179078
188215
899468
713824
625816
238456
587808
298260
531420
322147
484693
742579
225978
59035
566260
995179
305990
666331
88631
872554
527951
650472
114856
398869
216085
854037
926952
976161
483097
160818
875852
80338
271180
475603
376418
873614
238441
821688
839505
423005
254366
540510
199838
355904
808101
329249
202315
417131
126578
247308
381786
216160
265541
76479
822767
168232
59871
638716
302355
390961
193425
894670
424725
137343
174959
37654
916747
530960
705764
524275
16310
427281
247263
112141
69251
343926
135019
117566
988334
338618
654621
879070
388481
98099
938534
893290
313466
895184
318921
426320
532939
916979
864934
107162
255803
429541
737524
450996
644522
859002
551501
306844
8369
818242
231139
724069
305960
133225
198608
746855
827265
43500
703692
740486
960721
31096
609720
931998
191663
999969
909207
525960
380789
829627
931100
955532
145956
666585
254493
976035
677220
264672
769191
32615
743784
741318
18220
638745
738608
263917
528856
190350
904104
61142
700225
315960
22062
28547
835069
575117
581617
523118
702669
355478
349684
699359
694966
549270
249138
45038
497520
832917
591516
651221
523192
118728
208510
880625
49152
241054
771135
218517
910791
702505
686983
162635
744643
534055
62907
347816
472761
265837
318116
954571
217647
296047
953965
142770
306426
334766
875275
712888
466481
347390
801783
335919
952130
564339
276567
394070
443170
279656
43451
468791
573920
3883
788482
503584
908307
712328
935773
341371
302066
428465
171499
968397
144130
948487
820932
604103
631978
388551
58769
447756
411938
355540
658520
560960
267594
809884
765334
690377
564695
930026
214789
940262
596008
23560
971133
433256
449655
952079
988664
