600
708008
735179
723627
616970
343945
347270
880458
600323
238082
240301
780164
147063
320495
106159
744093
750551
717171
891096
431582
387751
465464
796392
960804
969131
934676
701136
465428
978413
585863
495048
613228
263150
893025
1424
327349
533543
849600
413953
525972
956794
19639
94094
526336
997498
343883
345245
131151
310548
3415
903740
91177
513240
199759
704833
991901
17832
11681
853251
142162
199483
362999
320238
307477
132878
740377
307079
931474
436393
953712
727293
460574
505354
870757
457832
833713
111408
944040
673569
258801
295237
12557
638653
889577
567656
723920
251878
582040
297431
254073
887512
720678
490038
976411
155765
178418
206334
840374
824326
848838
954565
84284
839759
145516
184869
122289
441678
519258
771404
740907
426255
529352
249376
657785
537135
508451
7629
656032
136363
707289
294316
124545
895844
452693
23569
945430
352177
112645
787057
728091
442913
628822
935790
774217
325068
179329
763841
552381
956308
471039
482947
906744
407357
494168
559000
899327
333606
419929
189816
207331
196900
231908
719451
425435
597242
531105
938625
40973
811574
242259
540763
207020
837418
62789
42137
469690
202694
496099
831633
913775
826511
140132
270473
605234
561406
11941
139041
200452
690999
3090
328352
777404
201828
586429
20185
917932
879214
623249
892601
52771
891224
669855
403184
176652
848056
526935
410042
511156
434066
311636
262857
982249
970450
707278
502609
809725
900838
8563
902191
129386
308022
966863
2039
76559
555969
482791
203417
489945
504725
106406
80942
741245
917610
280495
819941
927841
491676
789905
18437
218074
304580
559384
256478
959248
295218
633408
413456
889598
685832
678533
430711
299926
142006
75926
207858
320962
822605
506471
489934
327044
628354
336102
757908
912062
274754
284357
962156
425742
671852
543350
219373
662609
589872
106933
782658
199433
592642
433983
734714
673881
212858
353376
782315
235949
619979
372330
898820
889526
776733
745665
25390
632083
510666
460052
739103
969675
521202
264614
463419
897015
2812
979018
427686
710589
378985
233325
153387
906870
602326
869901
278594
832049
404686
197128
15361
476497
514377
27151
617186
151697
757190
297465
291629
766120
976384
872436
758402
946376
244816
570454
746949
19072
365150
56081
424102
489793
296261
599557
451787
672509
238467
329520
311453
52203
525465
699649
462572
506663
708869
73418
95680
240631
902874
360147
927485
552489
619833
959114
519217
944920
782702
248024
521278
60749
189865
847696
915487
903489
929175
447169
634264
947585
787676
176299
878206
667242
213615
415246
76896
576212
661523
121885
19473
415499
916782
235154
544275
387704
270535
966811
502050
154783
195297
87602
702618
297986
794286
28746
159493
858722
556786
159205
7685
325605
466806
254851
819355
562067
90724
982772
624017
762234
339846
736079
658058
434610
1558
235323
336292
97275
624321
65130
400967
798338
269117
470310
956685
126211
962691
475523
362702
121608
567787
212788
764934
792975
755556
780858
353253
979721
204620
907383
397940
501311
787762
593953
657887
517647
420965
633618
973411
663765
716345
663355
930837
617957
577430
716601
379788
382324
258684
39296
561388
501846
826327
395956
993616
853601
219898
552918
252883
673969
81147
238235
299579
202182
99052
792473
384771
351431
847345
132570
681156
438121
108675
174803
198079
743979
184064
685231
635849
879737
451436
300996
406611
820848
80264
481511
292181
491329
142989
417435
587863
960815
610117
811620
471132
458738
120839
102330
649067
586686
106061
112601
308539
517597
207219
912053
925818
652665
372430
37515
683642
603958
59239
179667
366521
150588
349907
67025
244747
39058
934320
120843
675430
501989
441854
488149
228042
376233
79895
234760
176843
411031
254988
80913
67004
476116
489438
102693
373370
505010
468630
523154
705234
604879
203138
391217
316624
541723
457292
937272
986981
532856
640696
931244
531252
150906
799673
53491
63097
916045
324529
58503
463830
227446
806276
866567
584188
163122
345047
650408
397554
91898
820587
94856
912069
196776
94224
309987
63628
571507
856071
141854
826903
776534
490168
193
947444
399760
868364
884226
13533
804612
87400
894268
695489
212736
988807
983423
236333
219211
