600
349422
477566
653370
418121
552607
649113
460566
363775
270586
829809
602414
799011
240601
945875
258827
820880
492194
7032
786687
220925
51369
106279
227487
311209
206595
447415
371487
485493
792424
965362
566792
765515
294787
931734
444120
997052
331418
504693
845046
148328
201365
578172
931600
444822
977773
148880
602899
78052
367346
475924
449094
480088
544632
541575
613956
471124
44319
23499
810452
851368
517310
370432
876838
450306
629548
98191
388781
803968
429738
41667
513491
630886
4144
528209
175133
54187
659859
222712
605981
903534
182991
816899
673934
359302
491511
469100
348943
356023
535990
13339
358975
465664
361089
387596
873649
159120
424923
577422
760332
596761
765508
337255
664002
630334
823103
541013
998699
687462
314239
473071
839677
89970
998253
154346
906858
160971
724568
871224
143383
82964
499962
638731
308404
993919
337443
459512
324092
714363
298437
494902
592267
296011
263643
370437
781783
525618
978038
298987
299148
215499
198821
154649
602824
679413
710464
993325
616304
844010
250321
106257
410221
405169
685088
612096
925063
466026
772890
156457
27164
561607
874845
122220
258492
839898
64739
369089
924708
974216
733768
17656
353750
694365
834937
465114
80401
418682
871867
521647
138162
961833
358037
496345
550119
395217
660956
168670
789388
468100
292249
468739
159780
825654
906968
779219
210997
320585
31376
237631
866304
289859
874026
200991
853531
424289
220784
669527
53485
564165
906323
227413
385606
818122
217176
128438
161688
920056
481633
882312
988182
922195
215316
682218
109928
463054
380010
151440
453576
882269
195734
486883
387004
639592
17871
18565
300912
205723
490492
613362
614639
137626
343931
704642
362110
189778
966927
381194
270933
93675
250276
523107
123835
352281
557503
996994
88061
89362
439302
437638
689674
351642
151977
407953
102702
932794
871404
46349
742377
828687
15379
333264
336236
211326
939305
676250
605039
685893
39660
566843
739953
423469
653464
698578
431373
934299
892622
49328
742198
59462
105313
298138
788047
277187
971710
101165
376169
980477
25781
341916
643418
275584
270952
605461
346102
513332
356815
303235
752557
902822
878373
429804
407425
581442
396402
118457
392354
450717
466806
922006
871399
484271
942895
829488
209963
86430
998791
298075
700354
928309
854046
203414
804183
640947
244207
140966
183140
545792
870305
743902
720972
600827
888044
113088
990104
221934
509734
61310
940236
447395
560106
476185
339173
533200
1443
176427
983154
652013
36410
587584
197260
894502
307098
779294
999156
830060
508572
587621
716871
23399
335444
737681
456352
62342
780983
628637
872714
71350
622631
366594
999072
425776
968413
459102
568900
960429
578482
719215
88248
41141
126090
853374
203164
365077
939294
590744
272004
261935
420900
277047
945077
504683
889116
798720
780221
118988
639737
697318
953196
966301
107499
406572
293554
204682
543749
292999
75671
531402
483088
930977
228433
124794
588139
599098
289541
892102
284125
94185
823645
161856
920697
294785
84290
565522
921452
270543
260470
392912
504807
576511
376337
647399
158243
838366
525078
735667
658645
411001
292722
222188
926512
195941
207824
435711
654034
681112
435739
902139
910476
770933
588177
145698
549521
680869
629569
845344
193146
826976
209057
43352
450995
904524
577486
115929
772870
852220
524832
186095
147138
274201
819817
253654
494407
977566
144011
238986
7409
183677
284531
3898
410719
904095
918390
844762
7199
84425
34182
151896
709047
128474
868432
825638
352082
820016
443574
131702
636934
912491
132644
443076
882430
1097
868113
865804
262601
300401
740244
531293
655358
250763
771424
177158
487625
686412
24542
600364
346455
999631
293158
758845
351514
277535
881369
688127
650489
294481
267869
790146
460376
216846
372982
336052
249407
227311
388606
25043
929065
130881
842753
670973
937259
805607
549431
108067
103935
48031
326494
871900
416941
357597
466868
958166
204629
847763
760206
616167
651739
125266
174872
338689
666159
295370
774954
411076
155703
446829
200834
838894
154844
169970
737572
838638
282158
867126
238539
954774
534517
913341
755338
459950
202389
379477
886468
739940
540061
908251
541380
46689
536492
625303
469754
457912
1061
