600
93806
487797
153068
498030
840569
59534
3379
276044
238820
269856
975154
861507
667354
310305
794683
799535
591159
526112
664814
584864
368398
814686
733838
110463
334918
825350
298609
159447
772191
142154
594129
19591
307410
504348
199745
857475
413655
375750
421305
341570
338048
476519
881554
362696
119235
405643
939021
632016
575701
961509
35917
177173
9521
922411
700517
107325
200055
622286
514508
775331
274930
565909
936429
161471
199218
450261
586203
469940
267032
416719
253474
781943
370480
610598
267129
764439
814648
776315
377043
273836
52479
813863
647828
855392
787753
1812
167777
66645
80271
354873
487376
112370
3587
329072
594431
250189
13489
304117
213248
493686
570529
918781
11442
198494
742552
425648
531371
628387
384862
93381
609873
408185
598619
468729
369544
485430
325467
580076
107461
573626
212337
559576
768321
113784
812727
913390
128650
846310
764979
523087
873715
30525
554069
432676
885548
625069
125532
641562
367020
965601
659865
717949
275530
692010
601484
105584
705580
112138
141674
958534
176406
575072
350016
72961
633764
91307
321905
474533
573395
807484
344155
546295
672761
947901
857304
514391
747669
382295
510945
963703
346241
324933
359116
291831
565636
490419
727734
518879
398724
216338
183483
2168
754072
441851
463010
293639
817084
144381
362262
283559
40669
414341
687439
947330
961109
231785
96592
101292
12017
682129
217417
281308
102381
236674
664028
305223
1025
473224
844668
230234
580180
857216
478514
24916
709135
260095
585274
625215
928781
838242
430474
630793
750126
614963
401458
879619
39435
128565
38302
305909
906499
659085
819705
532251
587508
236941
799532
579457
537030
200989
717444
993334
78113
154504
780914
120176
29310
263393
711147
391100
117659
137424
317040
162847
514312
326012
935976
236367
957471
981270
283817
74887
216593
569984
610901
845195
441882
502041
850209
955704
609430
318503
674929
237127
175470
74271
50911
776414
631083
75475
259099
864914
67691
147193
258284
67582
231728
950547
792597
587001
698710
371136
782866
553014
759901
485791
437762
700925
570020
743452
749022
382402
313847
672344
665895
254559
460799
587193
280798
715955
999960
963083
681389
772758
137792
143121
1059
143160
384234
468845
184029
795477
296306
404455
505728
410518
980396
184669
487458
920136
763285
261832
951560
12401
172971
3174
87626
362324
291864
228553
121747
986179
592394
997436
26885
460124
288222
408589
71033
329505
378746
262268
696420
382392
301882
723006
74581
457211
306049
373614
610970
186749
529074
17
184771
862363
37239
529412
717438
322490
254142
932613
569633
110370
584580
193178
747911
465270
764361
778657
986385
58447
925987
379317
663886
765173
381743
274234
677621
89081
946274
725766
16143
914034
352061
49388
528369
96338
475231
138342
285799
735140
199412
752350
641005
170852
284812
555929
329431
339002
50758
606337
93328
66261
459755
116493
186367
980449
651543
837711
269381
538084
583569
860762
882915
97210
907324
475341
472633
577259
911975
632129
668713
758310
893695
918987
369690
337309
860004
558254
842136
772796
484440
886176
347033
541254
397012
139447
88603
931663
72949
664176
988392
536144
21331
395484
609851
541546
25650
177896
857917
689786
158866
737863
787112
602709
114465
786878
244493
843744
987409
171403
703408
555087
269316
702131
230737
733752
889442
304487
38790
635219
203213
1682
730243
200592
693164
101378
688508
593301
28964
973296
274209
529171
789605
499565
994696
582660
906272
569132
738601
25091
9814
161958
845826
770503
535372
578029
202011
901117
161115
405905
379428
377410
974052
603497
101498
915578
30240
615807
954376
213456
177685
357914
309706
714314
776932
237992
852653
811015
383743
474952
188883
671640
663097
493298
158962
892665
380726
374340
597340
198827
592321
434345
379481
687
790716
319336
496304
820448
820978
194567
851205
5230
63049
395033
292124
148595
106195
925099
196604
450291
594883
604999
890798
926773
823612
573731
306021
152632
409413
701993
743735
455636
36697
15716
133321
2607
209436
988484
357642
875864
977831
600206
490134
747907
823940
734883
911738
823137
617013
773482
753943
222236
349999
895645
190367
84268
762532
478637
1000306
