600
730795
220302
496148
379005
753820
204809
764778
315662
920488
915046
932606
670759
798243
897062
963540
826994
974002
639157
370560
181691
867670
752643
135294
22687
729609
462020
627486
522067
532289
731328
840156
116110
348817
905687
439438
393364
977903
523925
68982
624097
370320
425582
583351
864622
599023
685270
919909
960162
349869
293631
88245
675864
998931
869552
375187
274569
795827
709759
336723
946326
522796
258603
360575
969013
16907
577624
299023
423349
652942
167
994614
394799
672581
799921
218265
963275
898578
613089
30683
765484
264655
850283
11539
687801
955982
491117
332447
801353
942075
912672
494674
997994
491166
767483
543560
368143
784125
934948
120475
498195
418463
706067
716974
107502
180010
114822
177382
883315
32494
76379
716601
534083
283067
578957
129758
882514
236396
569421
935140
156051
413831
341564
347103
354435
494204
306051
718717
777999
325515
404048
722742
597219
340035
210605
798178
148817
54437
703550
230500
762266
614375
138455
196484
327707
378068
729912
847643
746006
474640
357862
528679
73692
959354
598183
939966
452437
557098
740057
573088
212588
770330
963503
155237
125465
20000
909961
893013
319436
992281
815151
18134
504755
807394
321323
330368
264936
213312
84928
973453
359034
243231
756234
285228
304598
805432
253107
341812
32147
45899
647119
562741
743575
710604
795157
136043
744616
491802
531515
558988
785235
49514
146605
170689
861235
527490
231081
871473
846814
247906
951034
657208
495154
90173
634574
169974
376951
767012
31222
866244
829745
777156
850619
891522
369733
902982
987095
343884
686533
188820
487511
101707
730458
242492
185931
840743
650253
345837
308390
319770
612786
19805
782713
759264
876081
390989
459335
329995
187058
192932
940676
676530
186468
508408
498607
289353
120299
183596
546697
44045
905700
729523
401968
73494
644118
568371
559005
462606
578678
872004
347703
733440
385110
545879
664977
365258
300396
822580
381959
909165
453499
45531
563888
775811
642848
936908
847808
226896
617723
559842
432893
84400
230648
97243
101724
258288
86457
899507
89208
474041
721826
967213
690606
658280
778176
704371
202903
182329
93079
429653
727907
900129
646150
561645
997710
92026
449305
693667
912770
995161
292587
580621
447561
421627
837942
348846
617197
891550
506873
781087
311727
519981
888964
274764
187936
982291
361699
799445
43102
918193
199461
247572
366319
905962
131912
687742
217267
333979
643714
714914
983625
352296
90606
301711
80705
239538
208786
685331
163641
366437
411081
102749
798806
978157
943058
162308
705185
973640
56115
591777
285307
352182
796235
805206
898366
938894
926131
292658
507186
876715
110736
805101
910889
740995
799097
980558
829240
212055
440895
371436
295634
593222
808669
222480
906946
221437
293309
464954
109253
145673
116453
478523
238465
62093
932412
445823
922470
579663
628029
670829
767456
516140
913783
446503
258870
367404
898238
595116
338754
940080
526642
246109
394893
877704
879081
866397
367750
202081
440060
672913
700383
854364
511915
237446
903429
71929
170990
364466
503738
239346
314649
306771
919376
252964
935786
767668
356931
170792
31794
830478
84276
402177
986462
951179
331326
936493
819874
480806
686263
419870
176129
821870
994629
206467
246779
822312
767450
573695
842322
561492
720269
232763
815035
348296
251542
429527
178142
438329
539494
236475
35338
504025
906721
677260
468537
299930
522809
594811
142330
523664
30120
81335
258753
958708
696778
798210
109703
304196
972436
955617
749151
447176
348277
470701
877527
406384
218759
314183
753991
461530
414706
583145
2169
523759
506590
648407
252788
265773
135506
843187
18535
12095
828078
708272
934191
244552
860289
84831
913413
249598
664200
715109
548743
362483
820292
996430
200929
96496
828150
169402
670488
637498
191034
811701
874035
154358
375101
913253
106694
790696
166557
256540
494044
591063
892060
937358
704000
600461
754047
195100
613736
826234
297225
867470
423167
365368
158671
108320
842446
324778
445496
669299
821766
761213
679699
292004
814828
881808
68117
257274
594465
115696
732717
288505
497293
439868
281286
670931
107496
23144
465177
474814
468068
894685
571372
304737
590202
187964
182186
745000
973136
999236
