600
915854
108157
267824
331781
465098
988184
936817
42595
396530
783124
116103
663014
741312
238944
985146
631558
756819
683038
562107
178706
656767
459344
471748
541352
684479
450014
544350
722833
546373
986566
692860
829751
890290
896096
669893
405699
157153
901005
312303
360087
659038
481980
52487
500261
53301
851736
650957
330794
239140
476882
393467
470859
367858
569862
443558
330698
201561
99276
277502
763557
669854
981406
837744
604555
978050
376161
483050
727419
352977
678482
666814
345212
835863
492494
205856
334387
64626
487357
100554
660004
679747
939421
829503
245768
974334
902375
641707
497798
990881
71455
666537
291154
200322
324797
278815
226591
7872
129459
566916
114050
694491
834139
774850
729956
358816
296895
686711
978276
950717
423236
429717
284679
889843
84915
397544
415132
257128
338469
168503
239473
201244
787979
516356
752427
528116
618967
863919
408710
450738
623435
191607
824682
136006
927068
830687
104806
966845
550146
914927
450059
335384
652767
373457
9895
703544
5577
79772
384413
122164
267318
520303
636766
357197
790851
150131
994310
374713
687457
558978
873237
953179
473501
185510
366024
264148
169226
784953
76115
175027
720204
10988
965566
52680
769028
889700
268441
945814
720467
55039
645597
625574
455373
143349
629153
996728
735228
739673
132086
26645
715214
824957
712863
848256
219996
706613
343920
980171
251159
489781
267138
869253
290065
631764
572176
902801
989477
117809
917297
699922
639557
935156
286770
101378
972702
87342
637903
207458
559978
147482
93454
656395
557201
946245
512569
360228
944061
281097
226486
508461
578937
779893
159236
252087
8708
541705
35092
391670
56568
159452
829570
204911
574098
492192
996782
617099
852381
465854
449595
613838
61696
146203
606052
341281
55456
248508
490742
499467
13299
400070
218542
251070
984227
427678
325807
175950
900058
210351
815967
562684
17712
685258
860192
732465
682287
560103
339558
15494
257471
243401
395962
746496
385075
731520
828106
234713
975598
464200
466730
389433
404723
383567
145771
452100
558153
452436
604502
278412
124615
47147
983814
361191
626433
363805
508959
381212
124751
911020
7151
349623
864695
731251
695775
895292
112950
394220
167829
370040
951792
791308
913002
996467
222897
319049
835715
806209
860191
369019
433230
275896
213567
211616
54747
894907
426656
116410
924628
981237
975463
109651
891483
838626
821112
311777
27646
958983
207294
805828
967961
649474
18456
648811
219273
128124
958881
332567
24840
746170
185433
823352
287978
255699
671925
642611
313075
455996
39935
226949
286227
883327
555051
22209
200255
216842
433848
2357
10156
33316
484479
561515
509866
465594
797596
609035
623004
448792
813558
254558
795152
739955
886764
69229
800767
159138
823325
983047
610274
340973
201236
146658
878254
891134
921423
303449
228014
636341
818346
764180
134908
159255
588653
401990
366428
958886
593007
641167
868213
247499
245412
781825
53229
299568
591882
381055
881312
230314
671021
887233
30844
915924
383186
899253
994044
496311
651974
538240
851262
930085
377795
519778
737731
875045
884923
361848
74499
38664
656452
917210
948907
608538
99041
34148
957044
417652
122409
824211
584225
459759
484183
158277
683221
897779
750637
468450
729230
321965
77445
681370
515202
526622
208373
529924
488212
281232
850654
945958
188851
811109
556945
863698
580816
563208
56223
476269
483321
813956
595260
961355
463575
255347
785935
719030
775808
658894
638297
334862
923514
901796
513023
348106
75341
45542
368373
413852
753860
876831
451977
297715
73920
999616
525770
521114
372216
899097
20563
332606
393616
446052
905975
850956
640277
75388
132106
27577
752659
453355
391370
27995
90643
569440
588265
919348
65333
675263
556792
45200
613414
621011
985713
780868
691517
739551
388257
403798
174007
564946
890096
883707
791885
607896
427023
563515
905904
543693
357116
228145
394145
731980
245621
860334
947630
716198
123319
334014
819660
747951
8625
673026
195726
118770
390154
651324
479168
169092
634828
732970
547106
798454
296171
222729
695236
998308
342774
473658
55675
370218
512473
779266
813757
607990
603148
611116
448542
191673
456796
310473
538920
31352
126676
722328
700496
2180
