600
524810
873634
537108
784829
435399
556786
308458
982044
585487
795526
420288
233534
617865
637196
392212
120953
932925
768769
678316
454565
711436
127973
720550
42855
240080
315854
944158
142794
939793
486041
142261
12937
167904
901883
534788
327465
968724
550389
168798
861827
483678
283302
165498
56927
676683
637370
527109
509820
882775
739584
762243
174957
885160
238938
569758
181597
465774
85838
350797
224755
955156
593977
432034
308560
125475
842850
428080
526709
148212
738732
690646
90050
186128
867494
885549
453786
307302
952829
281546
483618
741031
606161
648112
734439
232066
260260
704597
582943
507319
663599
988239
772295
901082
205647
49243
747628
38759
875228
32330
227974
830588
511834
489737
317182
63479
661833
511883
318545
627820
963927
672533
48204
522947
250166
945125
218359
826285
17415
82816
769102
746625
864117
179351
114666
241975
624415
787285
19839
741951
529837
809160
940990
43839
135428
59625
981083
649960
844308
462730
515305
972147
799054
503003
877025
345022
715251
873112
893249
926589
937416
223699
434449
767454
683942
678425
115904
631549
299950
777284
885485
594561
704153
741341
861827
995537
551149
888427
457468
391031
522827
668316
685254
330191
588581
629967
26882
812139
516366
213052
230377
552839
443690
170241
448201
730147
32196
347786
328878
813571
345534
399451
735708
551551
374819
470845
751671
231175
481433
25475
448389
469623
119858
428983
313612
886419
909921
343526
229078
464351
289033
973445
591571
756318
624689
870271
384285
597733
851476
694812
443286
655386
215510
888783
951853
196750
462544
736220
28672
971765
515532
388772
474460
543998
410316
455566
346975
692947
518341
762068
883262
574191
174505
710567
482659
881750
656418
718336
58543
373494
311962
240133
991453
474328
219255
697043
969286
415939
296868
203950
454913
150509
885771
300355
506978
178655
594783
193621
521123
924644
46869
371020
946785
970925
512178
146327
854717
941444
949631
549241
658531
59115
428122
393399
799015
78673
515431
516381
591243
98608
815075
566440
650909
112390
806681
82579
416381
88749
960557
944385
271933
268761
795733
675907
239329
698990
718824
309191
972933
333948
50958
210590
397022
722392
617815
94824
144344
101464
942761
542878
941727
577514
360977
452220
205242
947409
537082
333257
364369
561213
290619
171460
774991
961991
523594
966253
512226
383238
671310
489069
947743
550928
366803
652387
692675
703761
265751
349835
342741
467137
429185
532557
348327
384325
636081
151840
997243
101220
939634
974297
626817
401956
566092
604244
731838
380289
942775
62973
933065
781193
530857
395132
768176
868823
994000
562939
390775
63209
712988
242069
908544
216416
204851
515548
733254
390229
381448
737735
860099
70355
828742
233910
327666
249076
547430
108836
154095
276123
536416
889192
465786
493067
267005
447720
350298
126818
405963
554522
125598
518838
250795
192312
76607
980363
626180
688256
417953
295341
81114
352613
679032
793072
717817
598549
87239
59330
296267
257576
828804
150250
759497
861026
953496
440543
975950
756837
865858
620423
860039
862646
592027
142155
56903
179434
130612
779987
123895
708972
17691
339555
945259
538990
509757
321041
936655
83946
581541
91426
830720
731476
10595
205505
914615
618142
776647
601435
964000
881895
889804
950554
45897
595073
893395
192187
201526
370781
861828
958670
991057
7958
200665
976650
947646
606422
132022
990410
664525
24937
48688
349992
884873
937628
147886
435124
542445
254161
664877
800530
174454
147234
344349
504557
971476
527152
576553
542812
334138
1991
965524
472847
262356
951919
53438
835253
142808
588946
910855
873710
202550
668037
222666
559080
187241
295989
286858
293080
839791
108847
567851
370775
830549
320651
876375
892759
639020
865142
965185
830656
250712
313435
502406
348203
720838
186478
278191
28602
488445
305621
936275
476434
841678
250098
632474
308918
941542
551825
574876
80705
174082
740011
98023
936063
840065
298645
384224
115049
409621
203016
762112
130812
43603
219725
265024
363317
773867
251269
545360
653035
914865
913170
176384
452808
871833
494182
877634
405157
342786
463206
539782
268162
723561
908154
228613
900831
579518
220084
592282
519481
641491
800090
597002
1596
