600
86735
288967
414605
938772
635836
769799
966930
581668
171577
333695
395621
624668
467089
750383
498079
688767
2088
270556
284286
678427
581724
522123
549401
871515
859528
458269
667309
907241
160610
574466
187221
729341
94980
948251
921752
489927
875912
992880
455324
597621
622668
393867
827897
764001
819669
940719
668841
700059
64975
369848
294619
794254
707826
775056
140006
621457
842433
343371
462363
351372
890412
312672
349363
915973
963094
763717
988007
345798
214961
956262
994847
341869
925252
607233
531906
915856
608462
543969
660396
747338
705925
610164
929982
936423
719095
780491
521934
916328
66834
569647
451135
698739
886399
316954
224812
458650
960360
855641
547582
687622
419546
885244
156957
983103
560070
512950
444611
961307
716386
33496
661484
750978
871469
954661
977834
888026
361039
854801
458645
861395
143198
220507
602335
290896
118973
232708
927621
907184
591391
811562
966753
426425
626345
897606
351964
986145
643830
872190
441026
36600
278388
880552
255982
696053
536171
565149
280420
421275
58398
901429
950525
361799
575562
614436
394237
227737
22731
282416
647872
545917
194142
62862
224979
904085
73025
579609
550752
141124
142455
279726
779969
140570
874600
25574
368181
663639
801764
676657
37680
644766
27080
351051
221708
345720
43001
437790
698078
745921
88718
738804
563428
769587
681290
532695
905882
260300
59398
49352
102955
928991
950573
740504
475013
134325
284193
268837
674565
506525
970940
614260
85265
763671
742001
623528
92485
162073
516368
680797
39301
795068
91432
188260
605426
138054
61766
68187
132344
18004
971868
216615
66371
775844
768382
109649
299729
300157
777605
910970
544035
780347
82902
883324
176909
183995
182525
395615
864685
672543
592370
569525
233208
945982
201854
398675
623152
622763
458487
529516
213362
145376
956391
111819
632811
159944
393803
595564
169067
743654
649335
247416
960977
999013
234263
951068
660134
578812
819344
553989
174406
681661
983044
137530
529273
241915
408181
944853
337249
433942
488001
343135
169611
74661
850955
829703
163303
58494
393786
159167
220437
773284
994779
247348
944085
792718
132770
748712
738081
684112
280846
535789
612439
930409
902442
211711
64461
120232
633263
889279
855817
104955
619975
162824
232393
262997
537644
640240
90812
181691
478319
361757
270932
770348
538325
766401
464371
579563
469084
119667
26562
154730
22555
125547
959201
493269
896135
815834
210744
440631
94354
351268
782636
608333
414957
380411
443310
710054
652334
165209
726637
644659
515213
272537
974251
872881
992905
682227
407981
368687
652200
184531
182590
898075
384916
285481
255157
313215
242974
493246
583774
777792
902552
502735
859777
160216
391500
841791
566730
746678
140247
705406
524761
567737
177609
804704
248039
52571
825503
391049
527952
232107
103066
308421
11521
896626
940667
955124
726398
90295
61982
108258
591056
705055
629232
576437
606666
547372
612751
786047
700663
291366
922429
366452
46114
56663
897663
740917
243842
916527
251992
331915
585023
686088
171229
339119
410597
331140
758325
624325
421220
530835
21807
691753
374785
281041
307584
245346
188189
551884
352279
280116
705632
549923
419807
453650
427458
174089
972561
391087
482230
380777
662898
711861
607475
441316
896944
711823
396896
414966
568405
110177
672411
305270
111846
204119
34918
15484
827995
530459
359854
1501
784442
532448
580346
424593
348242
490012
808172
94646
840145
170770
831479
624749
813442
109581
99934
842850
378215
534889
916772
99818
33007
288522
9494
504965
585557
934576
664433
293890
281813
23971
826097
281154
908554
906120
203959
590996
393833
666966
223190
667392
914644
20322
32506
852959
102428
522262
480245
161703
725398
114304
489127
720581
663128
795654
358602
145891
819985
752632
326680
390793
681858
305918
386329
759519
611997
231408
30028
88529
702648
826629
270513
905099
790126
109474
975601
729764
51923
829588
490923
130071
720401
904409
29212
254187
992675
857433
805866
275189
458670
315698
521357
212404
862199
309232
305435
802970
37381
379164
93550
781290
759700
958763
696820
307068
663667
663320
663762
283614
451579
142476
705973
163797
421932
819256
216184
548865
954149
307781
378731
814878
790
