600
744455
929781
246343
180900
252932
594637
651770
781069
710877
661826
648966
745692
196116
19555
375664
159932
966597
94465
807531
95882
909968
116146
296275
538669
839918
933954
995348
735820
516389
527031
578152
874736
577366
970304
758397
14136
517428
674938
981492
97139
54799
767838
648902
605982
284110
920841
922625
328121
647419
171177
879600
696456
391097
810689
3225
445027
325584
225882
891680
745786
200297
106119
489161
661353
503317
741331
378523
402996
50759
862089
624735
717087
172450
434911
345800
120877
445933
774719
250540
637619
879012
545971
911664
898007
62952
205485
557571
340330
786966
597745
65089
510560
176436
424672
711991
250984
622152
877218
879366
957548
191555
695726
369312
75303
660250
874745
890032
378269
188662
116409
644822
522684
491841
810964
134032
470349
741409
361962
533428
916311
232258
51260
165913
583824
819467
600247
711766
815041
193778
172065
179362
779701
647915
72095
707355
514781
823419
887968
395618
533699
973036
974634
423843
929641
120537
97791
103346
654334
455977
731563
728529
929404
882712
811885
315982
621985
914289
160255
321225
931079
880984
635268
671891
205666
999427
798990
41843
461910
358985
652233
678274
594419
114579
444167
723254
802830
861103
653736
443771
110141
731523
33765
117117
673006
36830
337146
316355
168356
783530
637230
681909
487567
60286
314560
330302
424776
743120
425071
886732
242662
869319
95334
851956
479103
442095
291779
94899
905599
285318
990851
784015
769438
30131
664907
765469
282177
988822
493461
453659
296495
781690
780981
518013
565678
106151
399431
879685
552954
501269
987256
704395
667553
104635
53037
747740
873022
259141
624851
825663
620047
946595
251780
50259
274741
964094
510483
673876
776137
194117
192372
581436
272725
675750
926347
419334
334262
455833
92047
711821
869964
224086
32475
449235
258011
3303
110033
191199
940609
382999
495275
619966
983700
373834
83167
954921
838999
21862
837294
613959
129433
5487
646218
865481
12395
908785
977826
907827
503612
582166
725835
768763
191187
907095
557516
36042
692455
75599
480326
69407
153630
166508
180478
34899
384801
491326
823881
775927
110616
712306
40019
23257
433735
688920
730379
222438
104388
168287
713327
578665
276052
714275
520751
816753
305058
983261
288641
998161
24603
389049
897792
641985
722025
564677
850689
311714
331017
624773
102709
880863
138571
156515
983988
731631
153702
846595
350508
36854
694773
935605
508581
606667
371666
15300
396912
41621
94093
164395
715756
397454
572426
577063
349940
968810
107636
118760
462376
312784
942177
253473
267223
25287
81348
65215
169670
875756
957129
381238
367263
957023
291537
856438
511481
614654
452746
508028
646912
67209
172521
473669
146241
564325
448519
416478
756437
705660
329942
468760
423463
953025
65470
446743
320227
944977
695832
261833
558780
547317
573766
154995
722266
452932
944812
412582
138975
488933
688784
359441
731925
909747
272906
145648
931573
154937
408295
297570
170710
212764
230752
946905
648241
253144
467506
111915
491149
173283
53658
493061
189387
211053
424623
222398
892624
165577
544411
94601
121994
720229
785591
43973
550945
773493
633027
782831
197244
751087
372287
426487
377261
129391
949160
986992
253242
371002
812370
893856
511241
603359
488478
301431
936295
307449
83737
954077
710197
240402
845682
908452
356591
979170
122261
349341
637594
716917
517288
477830
294538
64682
102753
854753
913933
934295
126530
229151
126456
222090
618418
271611
7372
889963
803385
734436
93123
76221
994072
374802
444029
99267
998211
121402
688642
798975
188732
130268
58995
258261
418253
963130
173842
717583
652514
241187
555306
299258
616064
989549
850077
110829
66470
888320
887048
14377
676543
115663
550613
244316
212096
719330
280220
229248
999076
668943
602870
976352
843778
68296
45985
851643
810951
439053
159689
273217
33494
408194
286457
330362
209849
294683
202269
434630
204994
176371
620019
721599
392386
587068
345678
705787
275685
588113
966855
311853
132585
572072
394496
873593
630435
939862
688074
554602
298501
385699
98277
526673
663170
90668
471549
1278
378735
692334
398778
39386
19608
314880
120656
672920
229616
290341
196989
551643
739043
585
