600
727155
165557
651984
572435
969624
444389
847142
364310
315370
483079
946525
842387
51643
65147
25531
143326
609971
248729
146398
818104
82109
847387
552954
298809
643282
692056
979309
185769
241248
353835
846209
909359
222550
349746
258109
930657
553167
922355
606696
702330
536344
710424
500123
874473
762208
499547
918210
350022
101243
407357
427119
94303
682259
348143
911514
303921
604011
198868
893817
793331
785425
134878
380472
313739
66592
570389
824278
456036
569839
226230
18332
47575
876570
409016
142649
602054
292202
404202
748607
814536
52260
605431
230004
743806
65195
501452
794326
198596
573714
484368
640431
943428
796802
381202
572944
796964
144004
302529
672365
291423
125677
443476
638293
543025
932707
738634
92556
840748
388879
117323
383494
591144
485601
335918
308034
373399
714938
514388
128257
899191
832187
633521
541346
296160
564200
42347
206492
97981
579512
5850
272279
630807
990907
517424
184679
835149
367656
873458
459750
822752
542722
767076
625708
909867
217511
478596
494382
324400
751029
159468
598448
265485
183577
310042
858152
212941
480501
38605
316913
697818
670637
241542
306216
519633
947471
631470
396007
890094
198301
423062
925660
985126
787384
221720
672389
583252
304810
550557
771530
976011
530703
983096
828854
301578
366689
205168
310675
683789
378655
413212
676258
443264
640474
8230
985332
580302
790428
513713
325480
825432
923893
311703
147330
53314
781731
10123
735267
733351
378909
595742
529131
844780
645052
174557
229160
308658
915207
462807
863737
584293
537049
940284
439939
845298
279281
653280
491471
855637
659670
436575
270655
721296
844453
831963
783979
743479
850424
372705
891869
613416
157813
455338
915941
221977
730864
99005
20953
986186
758718
600882
752556
677017
932567
537873
830249
826804
373351
421400
220365
159272
345649
751323
753279
865304
121696
222086
600429
243722
306604
602878
229572
684380
714405
611814
216971
25300
611040
236286
413917
706965
404475
278245
841473
622444
326541
71359
467304
595978
55407
29553
215298
962253
88930
19465
938301
107703
873372
156027
807451
961279
347570
231494
220590
786054
340963
897462
324723
221218
701630
38466
543049
420503
23473
426965
704972
218020
82032
158186
350866
67129
942270
460944
271426
786566
739291
646349
848332
617582
232138
502495
28040
819674
487294
854621
808047
177578
817121
358333
366448
559751
361920
160495
974128
115796
339285
524517
976609
966851
134130
683062
391485
309060
645000
785304
230560
134871
375954
177035
337408
232962
437857
349525
369802
985375
823556
287976
722969
927309
274067
884575
327381
781767
863961
903911
970214
559569
453915
486075
518356
70734
887817
412615
76157
606255
197120
132846
110130
959878
999930
643431
860206
662904
25235
396162
155955
144401
260152
44553
610499
949938
364078
28865
797304
138725
886908
255696
391808
979473
770743
213048
374201
687433
236136
771457
330469
63998
175451
210869
775434
637205
909511
475589
131369
897940
561237
544265
860568
561269
883855
942693
805246
745885
91686
172999
262123
384934
179872
721932
808978
408280
494748
957954
315236
644983
924163
168648
868105
695478
320781
523090
995133
26953
311405
496969
449477
407128
830682
373775
87949
400463
590779
553696
948576
722514
884783
719060
133251
696718
618742
822017
247150
849131
393343
632957
430632
256734
549646
681793
253182
281754
432905
615273
974623
6054
164064
967511
460183
961674
120664
399864
854374
634019
736690
459742
222333
930198
425468
243213
93076
900577
562355
730513
144875
225677
199891
140
310107
305984
491198
95310
966295
484782
667397
990876
403461
540272
27733
227027
616691
892333
51264
17319
266807
309748
873191
638788
457192
700332
171778
706773
243634
726371
53580
292130
977946
284098
597965
870868
526991
98658
956805
845396
797865
798711
557682
536658
849857
325098
408319
517218
46699
457029
890633
390336
151124
470984
769486
306932
373813
698200
606452
564496
767601
820439
254324
537175
62801
345423
495457
637816
392665
489351
796377
351863
81671
917752
118727
200045
283687
351833
977169
109670
83990
995095
998117
62248
593681
757089
487323
789651
116857
8607
274695
348388
712613
816450
307231
988371
575332
395254
1000616
