600
389824
749290
295624
557704
41833
529353
1733
61672
663697
67277
633842
345415
213941
971795
828226
485828
630063
955041
392410
584277
418600
274159
640725
702692
143468
952140
984225
273732
774038
36527
870982
758414
467370
505243
65351
467740
516353
75117
964769
223585
847455
733253
959536
127460
459040
847695
233329
343959
886481
25773
410402
825432
757980
695939
336134
352643
75867
282718
225924
466417
140237
490817
890287
434514
131430
788110
157089
651555
18112
17806
248768
67275
840944
820957
343650
955224
848179
818293
881997
105681
765000
892885
291735
195831
216151
13709
205484
657501
672270
802281
926894
62113
742285
835064
22391
40006
761975
599352
909178
866479
142761
627487
339655
588986
163527
588936
909421
350839
803378
595832
922105
35652
396566
239949
952221
896582
203615
729090
243628
673222
325707
46433
17730
732966
695450
544390
837761
305342
424483
62731
205494
227223
896705
286613
617497
86850
715434
612922
57587
245782
917599
547470
43866
284869
963775
51849
141016
670042
226807
479126
778730
842386
210644
70074
366820
922836
917881
328223
908978
796109
127404
457853
76793
929964
33482
821988
813275
314295
373019
22632
919834
89928
809856
555177
539348
927528
226441
764413
471212
357959
341539
901309
143561
524245
265967
794281
40824
493503
582125
255608
946221
349769
51287
114113
367079
756420
255946
563775
911921
916845
991135
103300
443524
565026
674009
165501
498442
73025
373366
178078
706493
914271
735592
933034
631278
777186
684894
810848
67362
839292
451387
41285
169047
138308
105832
619467
853988
805363
353093
193499
47230
286583
267002
676740
235094
88439
936044
640191
112032
991140
818252
589982
503535
614392
273481
450833
346684
233551
71909
229717
409030
735198
940453
718010
9107
902420
654818
536783
885140
938699
882557
253675
843046
249067
494832
265371
67445
823196
474239
943843
340539
730597
707341
886323
90342
366310
719434
311336
956440
874030
877706
787835
308808
522618
414193
985994
532806
778891
503563
402305
533915
4067
140600
930085
295374
4379
378180
199293
629635
609124
45909
181469
493439
299864
920253
9744
204103
636412
406192
601185
203941
312661
213711
615366
977612
512227
178018
497642
260307
430334
570597
198997
820253
739276
645049
462971
68058
482397
504123
342814
875174
785827
244338
358624
755919
824977
717154
132265
579444
444430
65661
903152
323144
465046
297465
197930
71478
437038
320381
753997
671775
539202
789173
530240
352767
551388
520197
994401
845741
468547
907865
927538
259777
936750
211355
140513
110160
785955
944510
654194
114450
71217
621751
287563
831525
727174
793932
545244
510890
762862
247237
485544
626317
251305
176638
915573
101283
846823
394654
815628
616748
176482
11746
841389
930551
655896
298323
482707
621989
262948
403542
359519
234245
770232
112354
705444
189279
668281
951180
104846
122444
859639
421374
62959
984514
598088
264454
270440
492590
752448
652106
214128
947834
976782
876698
605956
419118
104822
548190
679083
834738
64742
646446
462693
252466
191864
187968
754160
739546
521731
788604
202358
622657
899358
924524
6678
561890
57714
532559
893517
283780
485819
613261
687937
254268
637979
475268
326122
671689
592283
576896
281373
848605
677695
131530
164726
28411
360516
92311
230306
63931
804408
439265
906695
391403
614838
289748
10064
835024
356541
753438
252504
209738
567341
717865
661554
545429
272669
244389
295315
681195
74971
824894
83101
507207
868097
675309
362312
622085
782768
252266
604143
266214
283180
446655
389109
620207
850516
927672
414226
44016
827644
405943
695741
310114
616169
121572
249016
682090
181480
725121
573043
940026
33739
691675
746206
335063
170369
747164
670030
728565
173713
964286
764939
893374
488115
503002
92724
733809
843275
502879
392655
465831
944322
482462
994993
612209
53443
678401
904070
11102
16591
384028
734398
429401
336318
491355
622868
65902
94099
93659
562876
110253
314362
42966
171497
981031
572768
403638
10360
219286
942447
871434
456700
600345
574181
751382
395815
558748
938320
919812
535761
126230
843112
488825
140904
978412
442825
873027
834485
987315
504331
819886
479047
226707
461824
598774
339006
801606
237577
995255
