600
940498
7915
16126
284905
172636
504063
191430
42411
884484
217370
745533
447399
969077
636689
508736
136105
414702
675831
496007
872488
934515
759867
221850
216055
637971
584303
965300
485589
480087
732835
596531
419615
697988
581104
299704
814821
87309
466193
24353
860761
50201
896747
196256
282019
488044
804781
481592
358290
476660
87698
841108
50350
282291
680003
247684
538665
73731
87514
777108
535284
794187
507714
823563
888365
422717
78394
257149
751989
295945
808376
208589
39136
680097
270442
458307
873158
506730
894615
944646
238838
575740
549732
255030
223242
309398
438323
290216
676822
573345
768614
320255
491514
712479
164993
644003
651863
300592
441646
22625
532382
88897
784153
413215
628548
714449
349756
656058
372306
343521
150389
948798
895640
85368
348114
351617
853314
587408
914223
268700
70274
229153
946807
923655
779053
328775
225158
609808
904226
550802
214767
484408
450788
711146
495513
10858
14793
535133
405060
677657
337548
657159
594410
693429
167805
677405
509696
641609
504087
872662
312539
225716
425522
617334
628528
843906
233231
53175
291316
401574
524497
363351
166178
319446
514059
358265
877339
197443
496692
741752
761575
505268
156535
993231
224665
696766
366247
290142
525393
186530
680400
4058
488603
481475
424041
984020
912757
238082
210981
178276
383406
573048
946024
591154
966826
927503
735895
891680
118658
194813
330824
153943
602504
40414
568473
580077
51944
357229
664604
885296
65450
506720
431728
96722
64659
160157
506283
77553
921771
84316
220851
49345
630042
557530
315052
265560
574380
523062
935115
433301
393332
441581
853769
101806
881100
911533
870324
50517
201978
549463
232031
932039
206382
419926
460730
485937
530408
124439
669500
303295
868342
341028
624508
580290
863579
645281
836960
611708
25803
381537
138988
319691
896723
964965
489084
524272
789142
965939
483661
445692
53362
193104
104437
549206
584386
35930
27891
679531
265724
510980
217441
328370
459065
308654
955334
20763
56469
673760
91592
272851
550572
857699
973694
615478
773573
60988
380836
388306
687179
325766
140328
824596
924150
823531
85025
472658
93129
328894
426783
380660
678324
928824
680477
41663
270617
295438
275795
938240
242604
303339
601640
387345
674035
558415
529029
986315
221037
900931
395525
301576
656591
873592
297928
475859
147049
102652
997735
131759
540711
833048
157313
584449
485620
775112
785716
447386
462137
100183
315432
934885
214531
424087
141189
136234
445187
320314
857412
516604
613743
766289
201507
995013
513413
393246
206834
735212
758703
978839
519051
551008
236546
268922
185951
712324
758688
958983
244715
528375
525950
700959
385993
742910
222016
148023
944482
463633
818112
759993
463489
83007
353070
209975
363971
31550
25745
885580
435947
568723
224748
525265
748242
426202
184572
972793
2043
885619
241245
481162
845892
912137
309003
793464
175289
923904
962822
448800
171203
365819
27024
629150
780862
992839
444112
976843
353896
417447
945753
637526
722932
49148
66372
205374
905023
927633
75577
773033
630298
204161
652749
938084
44421
572037
654405
953592
481725
979358
509433
837797
271981
287707
729428
905790
221184
243656
156600
752352
605270
759923
859710
688144
963092
761564
104411
653232
798358
259576
500318
924382
439360
33314
462741
110634
824114
847583
182864
780465
598617
999756
77053
334810
479586
571686
110194
428717
759434
531382
217290
154187
617105
72663
754534
760526
71758
4005
703061
881022
422683
365060
896334
750764
619120
139402
132954
732143
991373
885386
341391
147320
737297
822974
858358
278932
847528
111952
721038
497023
960738
428677
86314
68383
423838
480454
500469
492580
789093
499149
918550
99513
194451
1385
682862
764263
192495
441133
216190
955463
257500
595451
526502
785698
100009
280296
888840
113895
897987
995788
248203
914759
223242
860905
863100
842865
757696
538998
50254
617317
71006
835591
876354
834871
545025
346458
194850
394530
761345
772928
570151
450247
367523
831909
409274
75585
540644
239167
240535
882789
719029
350351
662734
418843
848071
490711
145444
629267
481340
68313
874582
638247
258941
871111
373501
854668
957673
492236
288717
357875
950378
427765
329911
748354
886564
694
