600
814377
532689
458818
705533
15259
15724
122675
104845
468758
677576
958629
919651
282894
767132
235849
459455
604225
255304
289421
358390
521245
952911
504005
227513
300223
912114
917960
241983
510293
556522
938584
836882
734948
712833
906425
963827
242469
646349
935010
329195
548427
88714
710545
73264
602912
607059
810489
849136
702029
760765
134167
847100
587128
410192
685795
472020
77960
308707
549857
788171
495044
135827
635606
371543
415385
627615
208600
219447
96890
519843
714623
892289
39522
964463
722872
191431
531573
568388
280567
956069
832580
756522
764300
6378
704751
82161
615503
918689
67493
810370
12470
764603
122632
459296
329413
263514
651691
396865
703780
548732
808893
67971
377100
650690
93119
268685
295835
983260
466033
375171
801480
457428
720523
262437
208624
307571
942311
363013
70479
332883
669244
588003
661002
241859
571588
420902
865064
404240
643263
371321
957473
352886
642385
139200
108175
224995
599239
284470
542017
663652
411831
18981
43055
16367
728389
452864
101255
861836
165890
824032
97446
252704
926126
839770
825890
427607
403998
782585
205316
429613
17081
582493
966035
860890
951388
973487
606603
758808
77982
49855
755373
278674
429869
252477
298416
472106
434391
884177
612181
15911
176741
479383
125464
963450
542306
387450
806210
948011
183545
243692
980123
217637
263740
55935
962045
995418
447937
714339
149828
900436
581479
677629
751906
571226
181110
764832
524047
306107
460260
234602
46557
116410
545268
525501
707177
892757
940281
380633
607534
991284
382329
932371
132595
336875
72428
573172
628517
761836
455844
971057
282751
108876
603206
235650
87333
161520
278134
748129
314513
250068
938129
265504
174692
798903
170964
550631
786782
390247
588698
399625
525801
571556
710722
675203
76176
671156
914223
558672
529165
32899
310376
401900
296575
247924
514464
282339
926266
522568
963345
982100
873785
719081
489089
680519
616302
347412
571751
636200
759802
411489
499302
247968
188216
203953
415864
688783
915572
93171
491622
219239
333050
274770
776499
929192
43336
988223
139033
511732
657573
499414
495915
440654
823115
353904
30105
820595
955455
644100
284818
895637
445122
168250
249348
594608
825695
118222
774271
598603
760677
281629
247095
226701
804335
217808
613032
909946
344287
948386
756884
86408
193961
74319
767272
834978
521867
322970
158013
158776
942491
574907
29562
421377
430584
133988
918422
240270
871522
14383
782011
396236
555174
169062
410822
398294
619122
50414
606315
454773
348423
94992
762422
661749
501387
577573
272492
162085
773950
478814
623504
598186
910277
737966
112833
702016
749090
466580
936256
880655
987781
258824
391824
174757
579899
886017
172854
305878
398341
877793
298848
669613
354052
626942
784482
934542
361743
307790
244827
288042
563559
496238
989750
249629
826498
444431
400076
414951
477315
917118
844967
944773
934347
171470
366050
253419
307369
368611
557996
817441
600429
350942
736491
660215
678618
308000
362749
431974
365369
368893
695193
954885
45706
446655
93588
332516
494870
505748
143232
172809
730336
508757
488623
282949
604025
687987
938133
695025
512819
109632
228875
600138
48301
978776
747120
295910
89678
479914
216746
439443
489677
661862
483978
305867
213228
517701
789454
620821
876036
960496
890879
743482
866300
283406
84539
577122
194579
211181
926413
212556
383581
893132
606200
170087
963275
708610
885011
899663
538850
458319
71246
5223
685582
478718
944978
448847
720464
940083
299655
45058
139154
424151
222447
576783
832283
367516
336367
215282
965149
255663
591086
304975
623340
770682
949910
256522
469769
575314
423032
50245
136797
641924
361676
247479
788417
185847
25302
407206
932474
608766
396451
741185
800450
541949
466546
419164
622081
458548
265392
77512
966043
281709
557916
462158
718242
988414
77642
229064
770476
167868
363395
376093
882112
455420
273929
574615
502058
189447
330232
657955
679982
623961
706823
902692
76121
835734
955950
202355
809779
245002
698082
466040
80
453211
1468
566302
714245
639374
207608
486518
177848
197298
594328
526698
663953
522029
984296
789723
903757
245025
847581
606426
109041
715770
463511
465152
289499
431894
586822
438315
744307
214418
561131
