600
862401
429873
955092
62669
843973
598250
760263
861890
225816
72346
980770
654183
810648
138182
586813
685355
419883
821498
501910
871432
581646
509682
883711
743931
771593
980844
322837
997025
874947
479048
982250
990187
751345
808600
675908
249470
852394
620938
854911
205802
416855
494959
900685
910916
989190
983911
728286
430817
546525
120299
655194
867314
926059
32503
795339
277239
178906
707346
408920
616353
132353
552379
774188
123337
290966
724210
394358
306758
198977
95520
703113
919854
836107
359075
172323
693613
502133
658746
651658
528891
472805
321418
229074
909501
304187
82123
87612
169274
759043
810130
379449
811896
602819
84219
45964
605362
980787
913266
965709
98041
771980
951647
592457
98149
444793
191148
942407
222837
115242
364339
211302
191178
127752
682057
367329
165245
918531
409186
183477
972504
166150
763359
257369
283256
400396
612795
20460
759677
205388
62861
720365
33259
511312
422010
127203
648608
953124
966331
83613
855538
595049
489543
531796
728868
746313
23069
742700
399877
474244
295664
463897
546662
805673
889582
982623
977910
409121
650863
860145
716284
17190
266807
193851
96623
759569
890024
458812
317365
293072
3975
498890
780343
128758
733224
918009
450461
333740
475513
131351
73195
260421
466153
771854
599607
722800
212531
134957
590854
69126
88139
744768
365571
495875
239843
621467
385051
927250
714970
80630
407031
684993
569474
18354
786263
297556
701964
281146
561480
355509
856146
41156
78978
573065
906049
63991
21920
250013
665186
727783
8572
5311
776003
146619
446630
524393
998982
815536
709697
788825
31173
608438
872187
687100
767713
852600
722727
861512
338918
502457
422457
747433
766492
142554
673245
581331
818989
755512
207988
246774
780462
305458
315244
469328
396043
267208
766650
435932
204756
519903
446455
674728
942878
772321
239573
642564
240983
475073
647484
712342
376618
476444
554181
307915
517067
433083
267665
633576
236447
278133
850695
516542
188107
144305
325034
140476
125336
991625
973075
332190
100416
434443
31311
974084
144088
878041
160215
756637
674841
257072
502312
88706
424716
928197
804991
639327
644370
139083
509811
875852
504973
331282
559086
717818
110575
593545
611209
772616
971101
200548
71300
788981
78335
265880
835487
239024
581287
930691
531543
604108
559387
401002
123776
959375
696129
524698
298043
987881
220326
318383
326677
408322
556394
895411
982332
485228
763212
716190
610399
683640
483854
920059
815265
880292
262596
481324
5561
279602
475711
260548
669673
652308
209424
593554
167320
701635
949883
211197
736846
403694
918010
232843
124236
656015
506602
840444
822086
757210
138966
840915
125566
574608
107231
443572
39806
524272
751493
571752
781490
376652
774036
778494
502623
730809
170861
702413
915460
333088
359792
357908
647372
544625
739011
421890
15660
891960
651778
779985
834783
470344
697411
159180
551292
675091
324548
775218
800496
565915
974324
50931
197854
419843
638490
217303
846416
614783
304230
865854
966616
169514
730642
615426
240071
734903
464373
545912
172873
876543
629668
233238
140572
721912
503685
69806
916011
316294
89201
528984
291723
730731
642693
382511
393809
130971
718214
649649
153037
973291
738094
305738
422504
68839
221975
547754
208469
85762
414339
897938
206775
198312
494662
771055
103951
717360
722705
601501
64800
215917
535451
116620
932002
896868
201645
224320
240862
794199
623563
279410
504812
914880
532282
115156
308999
388569
288562
621234
951434
419928
833570
717876
768906
280057
670491
51456
4687
87859
661402
648252
822639
158092
260469
907633
384137
623752
555168
84491
481243
555197
534492
640509
917121
963522
694654
475137
11915
758278
63064
258493
379193
290812
3398
207745
985557
922804
71446
453741
796781
705349
970005
668208
716460
646695
697458
776171
291669
64605
226130
262067
347611
194511
462831
618101
920223
115510
489453
173044
593414
434736
700667
379119
692086
772851
724834
767710
793198
645918
166638
53018
592319
671467
71221
809884
612267
626689
380168
489181
244505
619110
241526
199453
111601
469842
426616
648384
965786
777630
935676
451922
476173
988443
969681
38059
612246
862912
332395
514862
557287
146875
245460
480747
266073
3000
