600
85363
409730
112520
598070
762778
109766
719278
861825
704546
855114
990026
148752
342721
136387
148543
472217
780136
311611
948703
500209
405872
118678
578988
966639
400754
122816
118327
765151
553781
735029
985066
317344
832898
990572
90081
343771
257812
539169
620146
726752
419308
333885
446605
442911
17280
787109
66431
465599
354771
958108
415633
664990
871008
493142
122317
385190
853680
659482
897056
731592
763659
867538
158491
364120
496459
314994
542420
423685
842444
32131
313257
422323
400447
485323
334436
593527
871454
495515
76026
422574
514874
601397
659438
823482
174895
541719
48787
389787
252218
400808
241006
979366
679457
200318
369337
74468
474640
480586
193412
191497
747652
419489
382391
650958
697120
62759
533682
721198
452445
440794
150997
707515
876703
747064
530331
518874
701026
831438
364513
489121
890899
889311
600901
253387
988027
171437
655786
192662
991638
177447
854743
898682
657666
281198
256639
71941
178195
665094
56667
908823
857027
319510
147443
521080
833607
678747
523389
491793
941244
604207
601692
155086
621824
951282
580169
238797
121246
897234
278159
380291
483681
674109
358768
38700
620873
281248
816037
42860
793052
770650
629315
257351
250259
631426
870713
109882
414517
955153
922934
282804
342146
7086
519143
110388
805253
6805
622046
807040
215373
216675
872910
158847
587061
552000
898931
679412
652702
85033
106127
114327
934846
278616
468430
656081
766354
77907
490379
972117
549551
624654
545515
341206
485430
292286
553767
240360
553702
470844
698024
487671
519692
39313
145803
490270
763925
446628
545348
878373
92420
823037
576222
568858
229822
685429
833120
911242
344194
749309
143308
317340
164407
801159
274241
87627
671070
819924
444608
936190
854759
78427
288523
816518
512607
712915
656809
711475
784390
798941
233351
20947
717311
555217
844856
262088
749216
932260
255709
974661
43113
39411
786784
325989
263634
473902
126298
770344
383485
63204
444309
545994
85515
202790
332203
752962
467019
14811
824077
557780
330060
417184
508960
19283
127123
379801
537985
377335
778024
854745
775721
47062
776971
734378
207020
310211
842692
842041
275356
438912
127832
547169
801290
257312
693143
810194
467500
130174
625043
679262
888794
409492
682795
114336
518387
656121
304133
346569
72604
96953
973658
787464
108072
814162
946730
377813
957588
223497
305233
235995
509033
129767
632946
11904
862020
636500
881551
793234
308210
756238
371067
646671
582773
823622
240550
221457
532452
371223
508888
210772
709358
670692
467001
770661
847039
8332
73100
326697
224315
908109
160124
498184
641255
234546
391695
803636
280487
952378
660407
326362
429538
744455
628615
234339
887745
674303
380099
529447
616919
290755
867920
475183
870683
335434
614986
362661
317008
70361
327668
50714
267269
756705
707338
597684
359672
982261
149747
359474
109398
869350
24147
279774
388190
232893
59324
159886
850211
643732
983300
204822
674224
19409
748081
109261
760645
213696
401233
734394
648320
267596
416935
220572
305559
177178
618047
155219
511618
685955
182691
789230
220598
277611
238630
106450
551051
463938
132893
388099
102463
674647
826606
166610
827347
322644
790144
203619
766675
514458
651730
624346
761523
879482
142823
294434
782997
406284
405471
234778
955943
652272
554274
845212
287082
943775
290485
205802
376141
769452
417390
765047
406455
453213
732228
888208
691428
88032
376192
817957
195687
196396
963984
739128
445901
159605
87162
154977
370914
675531
789934
882043
140813
142928
581236
243823
94230
43860
215172
923995
469449
817807
773236
639134
289394
304378
968076
562242
307655
529546
76405
149831
308453
998858
222288
498120
281011
561364
521700
662796
639267
111403
987375
674732
443607
777080
377373
989596
249120
738720
816662
318295
224865
413694
800242
785771
414738
568578
474760
886622
63008
703653
627748
445948
590258
418888
506326
125630
397767
256488
474791
227737
981243
635008
375719
856224
589609
756668
604194
18326
415273
246293
684081
688916
76474
912653
90220
541011
881403
841865
825021
631831
886740
497286
957456
332409
836146
957881
102246
250639
304559
753671
507273
263865
820623
563358
633754
964747
414566
147118
169990
777234
847384
570760
999152
