600
963488
750453
161548
543351
950176
934936
471434
665298
830751
268482
888004
63862
668502
110159
794102
410130
147545
869875
281364
461747
853922
360743
922611
294903
308870
193645
294215
239913
475401
660994
484551
670398
63053
999776
148461
609387
399525
459565
361241
396065
960839
960707
529429
61094
280096
2525
782579
175313
236290
864730
486227
635106
149625
692721
508993
577660
724923
461810
789115
413504
518461
219765
279952
24710
487138
97569
765219
426170
569678
69915
247759
297361
437721
26376
254309
254375
934048
453057
837520
505719
471349
556499
236314
663158
333302
36527
744071
832268
555323
17588
418847
300976
246057
610647
458377
151710
889635
757165
596563
207800
150945
582549
527118
604919
47960
138629
21782
519244
116249
145967
521264
347607
827062
436303
613964
153218
737694
249812
67753
462652
661450
341352
59224
386190
858512
146014
938840
740443
811861
833272
137184
204216
759776
304593
80572
379174
210249
696557
253455
450856
486224
521115
54967
290629
988298
996997
140045
220508
51957
330580
289227
591071
771821
598722
835657
654958
341432
578621
332704
30032
610619
126325
452271
201552
105488
480003
200636
379954
319791
889845
23538
771024
773640
447226
134280
816726
896435
182439
51779
705942
56831
601763
271954
32777
727527
729653
341079
357219
566627
761832
412357
116370
573914
268441
926308
471122
918644
422429
470385
154863
748494
858769
190947
8345
741127
111807
199049
456349
99191
207529
56079
419142
828864
355190
508128
257167
836156
503798
281189
135235
395670
495572
453867
37043
940340
138455
136290
745364
579154
912980
403137
534131
217002
953012
509511
317141
962127
967710
735325
495727
776922
7169
627288
540926
678779
213119
160922
44548
501169
414777
517784
775969
854932
201715
613686
376330
753295
973028
296845
995240
702252
670109
937167
306447
338888
922323
974466
922329
861285
896395
64104
558751
860190
990561
682304
51027
304181
465524
512548
907389
763528
155185
55763
427600
993123
752507
466761
583016
840879
39540
829771
332707
842439
149803
723519
883033
373163
689634
565303
219449
824589
362426
162382
354369
889225
940797
414571
249881
931122
994120
978211
625421
184200
701587
944571
891174
261253
710175
95050
677475
892246
874234
603581
747353
991783
385202
268853
11876
377879
703188
545035
951561
670155
366431
487283
716842
128158
154378
374654
403748
317174
172143
395065
447113
671602
627411
123315
343669
993343
170514
50012
900495
561546
147564
683017
419038
490512
221926
387733
578309
924881
289374
868385
721181
254178
421999
865211
360557
708578
405884
258716
353096
677956
612509
7883
503108
2764
156644
82208
267026
958613
984971
636579
235007
119246
643835
199507
348358
535749
11067
993602
423055
215643
519155
597341
382856
855768
167516
769610
829599
642327
472711
41706
440537
56930
597382
82558
886034
518360
151099
631206
579665
145227
553979
620163
58887
712806
868062
444158
112165
618891
181541
199202
730263
790971
591561
811173
319840
115183
165468
278212
292691
798211
517662
589516
722155
520530
905183
314420
393224
831581
518347
386855
202886
386596
678679
353249
579452
109335
87239
885487
387854
142886
949977
272024
498416
223541
410641
752730
248567
528939
271266
902541
983837
846058
646070
877477
531089
763865
31579
864403
484857
259932
585930
300938
248005
317349
336724
226911
202801
112996
260459
442377
119063
353690
681034
899208
450414
273483
966914
174883
161955
687634
156834
515145
939282
99278
640899
73369
938977
254330
997229
190013
388665
303579
732713
619889
991202
269970
451045
90978
586746
915345
239933
845297
548242
131498
450668
758422
673702
994115
977678
119458
996726
266854
18193
247196
412869
775733
68600
95949
922477
556859
294795
955096
871005
330269
699103
140737
796145
304879
811645
482766
341164
571363
860850
474762
178069
318172
906995
947238
150507
13280
848170
478075
857797
662700
790625
451115
104075
255202
850378
266917
9419
811550
840936
734406
219897
274086
474526
28637
497286
926463
761426
791751
313819
604636
432958
633
763250
715122
137875
234844
985425
117671
924298
207507
417637
929448
129608
84504
646199
173402
433132
340292
146381
876584
485817
378733
894431
247
