800
825440
658853
309005
778480
581253
933356
275870
737257
109923
129640
774478
437236
112547
620582
891413
374969
62473
558583
679346
467809
152078
582996
240714
55889
365388
548844
411946
726852
66451
844812
876969
677316
403417
730282
454953
915205
632781
498575
546492
537246
812812
535902
236002
580965
644269
122820
765169
136869
380471
538494
71182
894911
104946
559618
481047
485594
824795
125899
989603
682184
83377
331204
765025
494903
247916
741200
565853
870160
462093
160564
849953
27375
216080
245474
260472
295680
831999
708131
280909
22066
384352
846623
426483
546779
322319
234636
924478
3688
646566
970673
891150
804159
269848
704982
764843
670579
386781
240586
730764
886499
219911
720336
934002
198640
109236
65832
351857
984344
631388
111669
889935
479604
249418
63184
489989
999818
209832
639528
488483
274320
109363
926803
355919
59198
537549
474806
800621
69262
832561
135373
8731
548179
235777
401816
991251
268531
626683
373731
672180
634179
510730
247920
98970
256701
985145
884994
134313
424672
235650
951688
169577
989861
561541
583653
64779
169689
548436
49176
613578
51356
555563
314637
598381
575412
822269
213055
237673
104270
47593
604680
343971
381971
911819
593158
155922
608419
559727
539180
164035
563825
542369
803938
783414
956923
622944
967514
552998
195364
750064
479409
183334
852079
64527
742653
195623
259802
326271
636025
347862
665237
802370
839498
925346
92573
327908
498925
446107
56634
19506
52992
113398
383313
389448
179050
465261
719655
431496
651751
568515
769843
29735
742899
83493
93597
147425
50066
666796
477209
620045
99386
874431
886299
460235
648030
217750
561590
871385
622361
987929
283541
221189
990771
328487
42260
742845
23570
25522
651452
356290
995007
633799
799577
663867
759444
905707
590010
997862
561216
328161
823941
486505
296183
73225
835060
537863
964536
919266
535024
105710
607676
573616
221640
689772
399864
879481
438414
695170
93839
614697
165710
304529
347416
36757
694060
886193
366087
748764
415961
207265
819578
155306
683506
411608
317218
745366
22581
289146
220236
839531
483936
268966
211531
74820
82024
893036
190980
339153
71506
294684
972246
727030
525810
880505
384868
410770
247742
332941
123136
579932
235406
757142
98421
468074
612915
303646
629361
936076
438961
668840
572941
411157
679706
310726
385211
360569
742664
223496
792907
38610
966262
943183
733914
62653
61564
171135
829527
809185
634981
943315
529651
824848
697774
458890
344165
127173
110494
586943
836823
232077
644284
826390
393840
180995
507954
287826
866110
831028
944188
880580
758016
993057
560397
686366
849038
597602
599358
932582
396518
467047
703859
900486
651860
698842
388621
746496
137661
206304
56069
189758
221960
301311
264299
486215
269608
277785
50364
540750
922250
145367
976473
9317
609432
272097
456042
302031
350120
643145
815118
370738
94149
861063
637757
478827
611992
283167
684157
531260
637234
594207
761597
37408
716216
645700
312530
47487
359787
81661
970571
359741
344466
598151
74611
255597
704391
334391
266978
117220
5916
112982
735552
322792
750312
103974
112024
898950
842865
506179
94868
827650
925175
203045
47003
243369
585179
14466
629700
733891
687722
648016
217013
784357
722443
526312
305692
381730
659392
479814
296585
106850
374748
648941
711271
999946
859714
637159
752982
121691
948181
189546
676518
22935
917761
943191
377393
969117
511077
579548
567829
495574
819484
718776
800908
990856
968423
462750
746730
527496
471416
880435
246195
852108
929949
118066
87255
712990
657288
94127
542988
68141
746807
515769
864837
852542
162372
500568
189012
432896
389387
706165
726233
830268
509043
906265
620134
231275
59355
418638
538929
466081
168227
376162
401332
67752
999252
837385
665317
609960
126893
240226
109581
458497
308299
175186
828552
535547
230836
749581
243864
38165
71936
67251
997605
3770
698724
627990
292821
393041
641180
716122
396612
956467
605684
103926
652128
767160
710900
751831
27428
847594
621734
821603
411631
880731
786885
287130
278784
615891
934468
903193
9553
716385
340472
353017
215053
26066
453218
50516
520494
208384
237085
596903
796279
156098
859552
571411
187851
800065
368177
274430
134697
873002
354663
104854
825925
92543
763034
582326
345859
963720
618985
494817
682258
840424
244967
677226
11107
223050
314274
947766
944581
920762
383314
799450
234783
999184
84443
433502
894793
446279
765247
661411
721799
557355
180067
358624
114402
553137
285372
457544
298021
547873
444630
482888
882097
934062
672385
323884
343102
884006
588952
437601
532462
731908
303535
10197
716687
831523
261592
844091
977326
225485
447762
16874
548818
505202
729295
411429
275484
573812
485601
546230
7417
237663
549952
154547
697281
854006
411002
961698
165103
119144
444088
665529
38653
91426
641576
636222
147228
396478
733900
445197
733261
919641
463839
766968
834079
183105
576031
314952
923205
410957
893756
390306
61779
473928
749851
217413
564181
768005
798023
297072
347980
727510
548789
915744
897414
316055
569202
66359
85273
12069
564395
415096
683196
458605
928984
796335
609793
707551
82247
920046
805171
199872
810113
980785
172424
453023
248090
141411
45251
219935
895450
260282
713321
307635
72195
636605
706845
698665
534015
770150
918234
262749
296424
121058
174285
534734
212211
184884
356813
419469
659642
656314
462776
92625
893796
14024
424171
598312
204211
786801
828381
860168
412777
950308
733720
894916
582104
344370
209814
136218
996869
238061
749812
300520
86328
510956
468821
949887
387043
443308
882326
797904
31788
224401
193769
138627
808025
402314
43600
237696
