800
236558
435649
467419
657323
303101
708950
548923
290626
982001
168958
849417
450840
179382
785620
504833
403681
413717
729666
328619
582500
323451
815932
79442
709643
119481
4947
128204
714570
396133
948023
592248
284586
71133
590348
205447
693041
652779
946407
407152
634992
931652
564325
764999
300649
192619
467496
144552
790362
928755
580655
404173
474474
265057
893585
899200
228143
73136
29014
163626
207450
571438
971058
835529
82048
660291
30431
770240
426437
802961
677846
163592
57703
681079
548585
820228
875940
923632
315584
805363
995017
213593
486638
692287
358553
263184
64047
727922
813078
841720
144064
306760
191599
581848
756763
208543
952005
931363
667086
844683
950427
464338
974391
377414
92699
501870
785118
666180
522111
842410
64303
340901
555810
109932
375314
399684
698276
84076
826793
395500
343667
251381
242853
65835
221437
521801
633989
396158
861103
497890
97645
886123
685608
86482
608415
676398
606271
11915
100184
445259
953325
846203
543945
721666
574297
114128
703920
742433
839167
551833
194515
243763
209084
61516
969497
361174
32504
644900
478341
405163
726512
825123
747472
104102
470750
569717
758433
272260
195464
8629
852075
56797
950754
486152
724067
215375
882721
443111
403741
673690
762654
334971
746690
535114
238178
723361
914480
471119
733588
592077
709230
600936
781500
17354
310730
602494
706483
947359
654033
665357
891817
555662
711019
767805
454803
501622
808784
486479
144879
462232
288747
522866
509365
861686
977737
52278
354524
615831
451070
644952
74437
151208
78933
141755
137928
517949
107953
754936
686426
34868
837252
91276
526744
934138
82219
296240
956658
502183
609445
95046
763191
92933
859503
928303
46328
752814
583485
696377
280348
49491
758742
124662
105728
649753
322509
461352
829640
12957
873303
293720
628679
114776
651406
124101
402247
36702
684929
690362
185717
310145
936501
267641
817452
164114
865533
132307
90972
161479
140337
79897
449431
715064
167886
866413
620280
976964
599722
763569
274800
698385
393234
115617
149486
235696
608002
472509
106922
338654
513024
295070
63631
65190
399573
616618
842499
63460
164841
700515
26196
917862
493818
830553
805376
416427
593400
89088
829921
977485
699713
532572
997107
783738
607540
350233
600771
318174
850292
416183
88246
860957
696891
899874
215860
22268
644952
745887
572143
979615
694726
825635
223187
646061
703339
373694
939660
248143
740522
71604
758191
154392
619429
957036
151494
359231
980050
14466
300795
5447
429497
467767
402847
448703
99655
490184
939160
980773
1298
608860
489317
378918
583146
833494
520720
686081
729048
196683
147759
24777
981302
228237
156118
809033
323050
435302
825052
499266
462528
576673
661384
321039
292132
773249
353881
754026
265657
729301
791983
570503
79128
949091
989657
622046
978920
208066
14076
955206
995030
369796
210588
638397
3313
981775
846410
359492
973285
92621
593386
213223
113747
525177
626528
554906
530953
541658
110167
534463
815843
527373
837037
521733
229437
911354
671423
200746
284115
687977
516812
261664
439864
869229
643080
733262
96303
881982
558016
30445
794602
150437
917604
599827
860828
879184
72950
374669
863357
893061
728782
557668
966490
341043
794183
373826
570582
604580
336970
277999
556225
529167
430261
812404
665554
287435
700775
825056
662020
587293
123690
466920
891979
20338
829438
397865
432114
187688
103806
328906
340691
605062
871985
854269
625650
494669
910896
651620
227126
96870
153263
717456
698052
257274
671401
336676
835449
214753
337196
606488
525508
510066
200638
490522
668281
809835
289550
915944
438086
42732
444726
834080
859362
182326
60717
580223
846685
808476
963982
267761
166147
974881
965362
980913
167917
590238
436437
990657
73779
402892
828250
789699
808703
354159
361317
44215
154428
86496
18470
941906
34542
131701
217398
685751
370460
417486
208409
293460
412136
431359
86499
822492
64639
244309
970808
257436
702251
363783
454444
697213
690437
278907
817289
524181
690504
664369
280302
450729
57730
641232
711124
553411
620644
249355
341420
718636
449016
406832
53732
178631
297649
521229
966345
768074
973598
218239
794951
991321
152185
444952
536459
628097
670620
784620
570441
644429
348819
728633
684953
933833
428940
505456
176573
219089
488171
300452
637438
829716
545466
506062
690867
130283
141630
259642
711267
305296
20901
222098
36546
558460
757211
971717
341976
828833
578939
520020
485375
978049
439842
605305
981579
580905
340960
830900
278852
437390
862856
305651
818702
7042
211943
37085
450794
466259
932305
853691
500757
973697
505238
67075
103054
299609
84
263875
916341
179570
537510
449639
150543
488771
546554
251303
423590
651488
705985
862927
803853
127183
678143
482540
969730
930507
446338
742352
984940
578261
167471
806531
448643
41777
199544
756998
592398
360772
457641
181956
113288
279112
979682
19032
805148
883689
84191
802869
590096
437503
369843
525558
464382
415337
389460
576067
864508
349122
552783
93596
602333
574915
490204
163653
936913
916405
762892
194190
905831
801489
301407
122814
727923
688949
307442
833052
890827
665669
519893
899225
879595
464540
989499
876381
334264
373806
596618
311020
447842
820028
933331
811253
791394
117042
215323
378615
900963
411360
231640
175185
873341
458131
287927
491812
278236
533840
834586
30182
626175
667116
739551
463878
571292
423179
475163
434807
453345
153715
837543
897692
607190
995084
683472
976654
576991
729078
717362
219917
37021
453319
331615
967168
322739
656864
431608
131818
849893
978730
19102
185964
352861
577970
794243
267185
548680
957727
26266
118585
861533
997529
