800
487406
946716
134260
579729
545183
922467
869725
976082
537149
542859
236986
197412
575190
344367
39992
382506
752549
465571
7365
583472
448517
870137
436115
346179
806528
884848
286652
596909
540038
421626
532608
560011
473273
633833
170473
672333
362917
331189
141647
514250
179469
543852
240952
283454
613344
978614
782807
905697
532747
215684
651445
326756
474216
28757
678061
193098
712724
161189
124689
25377
113246
776562
352427
269917
788634
873579
680030
970639
722134
80760
508522
715847
203108
639073
273421
105347
202710
296028
939655
410386
240392
121397
888567
395529
38615
418460
853921
968673
508208
267654
566481
179884
802691
934529
168472
157810
768341
962777
782581
806060
15093
146399
645840
930012
624966
952604
423455
225607
876347
41554
948907
462864
5218
428331
176685
836723
391575
600449
421266
516570
111001
679497
695006
15263
337849
306716
753261
554975
524014
30948
409940
865975
220038
790111
194405
823774
395575
666195
573713
260191
801364
11663
377192
255793
742747
611033
457789
268660
869547
690937
186021
399050
986770
212129
874397
989648
394500
978167
338059
321528
922729
267329
496541
60101
885645
43948
56654
311969
601979
208569
492935
823454
495523
759173
672162
762375
370104
652403
583113
158051
645975
346488
265981
721606
2785
158722
971315
704915
745961
130694
508761
238673
24457
201060
74870
97961
82831
923770
495535
806714
146581
773314
203429
623129
815854
944232
55164
642088
769724
665453
965175
653201
705503
991025
531583
821024
752648
78240
434818
568058
40875
466492
981752
768702
491155
168834
50369
911735
836815
944892
836267
782971
865802
783266
496207
701859
510137
877038
681178
417766
726445
187899
394666
61204
202056
542681
265742
16557
355276
721008
133168
953692
400335
661709
550671
695635
938251
319374
815908
790212
363026
106598
552422
147321
928478
454542
302889
894160
327814
641289
226081
404247
998029
335441
953349
881344
524373
833251
333647
224513
18993
833636
565472
452874
706967
788015
913151
649956
323188
838076
29378
645539
881370
505582
954885
504583
837589
372473
953623
946293
824603
23853
486453
875661
489889
595172
542766
547879
810826
527492
55269
86895
269178
421618
412021
753882
229705
894932
217519
579396
145556
806592
263550
703656
783405
254726
650668
162235
64562
298006
520701
367909
857339
443408
824953
180509
14189
510375
607048
180000
622636
767728
587829
94285
104557
440333
328661
413088
907817
527472
522177
103817
364141
86350
819070
262120
247054
481762
284478
130792
385019
757083
564544
783093
478187
652580
464722
833755
153140
456397
955190
590204
582717
736539
527331
542894
817036
394665
177954
323183
905209
822777
458585
201669
478404
539
893349
322551
302338
731384
984736
763873
879794
605755
736450
758456
748013
569885
440035
720219
641276
340620
293790
685393
656580
526520
954642
616677
609372
14202
988034
136923
471167
156513
676124
878670
843229
941913
428951
839527
828300
898170
994229
394236
990235
665707
529000
483458
883719
754353
167057
693233
950023
426200
728419
322611
398850
895420
315110
238216
105313
189876
282840
322809
973246
786524
105006
200758
278907
295422
801528
844110
968240
628380
586978
674891
369596
400925
236054
378728
742972
42642
736255
382704
391258
530851
622633
328565
423613
910106
193668
110057
912286
953484
303559
176284
687547
562591
615538
694802
234532
901117
703595
667456
541554
670804
202442
883491
723287
344647
93104
752830
839121
959668
792210
783982
325049
284002
425620
620971
225912
796039
825360
426717
272792
496628
405237
560984
924664
698846
782860
695350
410138
184714
384214
555408
259414
663764
316882
899097
59698
273115
176283
674454
13641
546444
167789
121533
468135
955210
759368
977322
227063
290039
148525
391608
153875
872802
377285
925634
749499
997837
597089
575478
768738
828441
953692
866834
584225
551056
564765
723967
217294
260431
416313
991174
122408
157646
720181
9779
306601
661070
990825
389125
818302
780318
978943
822862
392595
902409
651739
665454
618503
202655
893397
792870
621567
756702
789473
630235
229399
754174
499216
612330
449458
94678
952879
112674
59378
610990
143309
790626
576579
241506
678043
63568
464722
269935
824748
564083
508508
891741
657435
308270
127137
349769
113035
983514
652279
498510
327177
782206
466426
6160
249678
227822
351009
895268
473122
875133
663276
306335
211034
848031
332793
416442
854146
461600
323894
225631
305941
49403
212401
325970
676393
947032
576652
635455
849704
321574
301772
962844
403768
182416
490512
556218
236860
473310
646238
189678
21364
588331
478041
180246
447680
353983
634191
677258
283394
565192
571951
315489
116576
91706
909079
474205
427881
497024
298252
831988
177807
377821
288195
590780
214802
826788
44444
905137
235838
833040
998510
125990
243915
360129
879933
695687
229346
253140
817416
589446
522367
181021
113535
868458
173297
923267
249234
452208
23871
781241
665765
315549
282405
211541
971232
855137
78523
353550
715490
911465
176311
805399
34197
759298
6985
472850
607452
85413
730788
449971
354665
503011
920541
858866
999212
804462
757483
328748
93606
328001
201231
858711
414748
996717
387405
608160
269798
169602
944856
682083
359719
592022
545739
946118
2647
859445
711316
520691
657915
114149
852139
881712
750326
968404
7744
977244
743097
900832
7283
161416
271511
488899
958013
762735
650100
895385
501804
968595
424027
145360
743947
75446
330157
580587
693151
2099
650487
825331
169230
213495
37789
323386
122011
310174
669171
494797
722892
411054
897003
849461
657965
369962
490024
51434
401069
900308
192817
683669
398757
246211
999837
