800
962133
691407
757662
539553
995128
831681
168659
121688
691843
405895
398090
69591
404396
620449
836980
349040
215631
582413
254433
529450
19634
867997
56027
918761
411106
220596
712656
818427
921404
631260
804711
492161
60104
299335
307443
875832
752127
890657
734213
119075
249645
991118
560859
953047
308081
429829
270135
616994
303842
325256
124619
383897
648140
59775
5264
586109
954200
953008
197622
955273
633865
326238
660598
600411
598307
229371
259459
180476
235494
190410
827294
748558
822328
942806
669001
212689
608
624456
589523
440658
308206
354473
807378
683312
36601
633973
77807
730316
40897
864600
490907
22220
246514
825032
48992
523276
897610
362686
498514
213667
490577
743634
756324
501965
356935
128370
649239
738042
184348
647934
343052
730098
290009
369923
202107
826531
63708
161107
221436
883657
58496
764733
799683
946168
925595
316015
439529
620489
353825
67364
156197
163359
888229
895371
804441
125972
990208
314934
678025
419013
138314
351931
616038
595639
320645
40619
270792
996261
630874
590764
300027
476967
2875
334966
504560
88576
466791
489062
139925
526340
585484
400898
658175
43108
869190
23882
450690
850968
336326
929335
422691
435240
186190
592979
534245
693078
627480
255540
356415
176875
902550
190550
921903
200093
174805
189524
373224
919833
996731
426371
722023
522355
758511
684715
716452
23464
566743
960355
920867
27660
837948
629064
826537
336148
870539
209050
982988
735682
696309
879027
193316
107497
975605
754660
50526
771804
784689
617645
65007
133239
793722
554649
18468
45769
91246
617716
113432
151325
409213
614570
711744
789348
282120
876926
990368
555456
633509
444771
251424
627375
98047
654458
606073
912210
170523
823913
779594
540889
815093
135124
661319
384461
9161
236987
301008
141050
216237
180080
45408
35575
84379
548339
150620
769108
575693
228524
147019
781790
687361
501700
729381
958929
690268
96160
547524
985691
202603
724474
857783
111177
948292
685022
519734
208976
959115
811647
513071
79930
977104
527028
94335
789868
934678
624082
157180
744528
842223
107110
568815
51171
424194
341007
660191
510876
641071
915126
407048
301240
687561
618028
443307
150559
78658
196638
801087
277556
702117
917687
814789
506238
212988
385426
275385
654254
328785
535771
589732
402764
72722
742209
731534
375490
982797
62169
880657
119429
246043
47442
363657
359772
879962
207121
509992
289358
242899
211881
58598
313388
448762
202104
182293
683832
978067
211425
843602
226801
365873
127585
81176
967740
32473
824528
796846
543793
903750
181239
166081
549119
665670
732872
270988
528508
196994
164542
581299
686348
684187
484370
728944
732781
963183
248407
704996
236638
715962
465394
561871
857706
556249
915066
73819
464021
139946
612072
933011
361441
425296
968763
464305
277501
775955
581675
587092
151435
589540
668807
501392
651405
785085
64173
5472
463851
541607
533862
420790
573539
934613
131548
146227
300557
900078
877624
343922
391882
634472
785244
437695
807369
769360
621882
316582
253877
684774
789711
156261
885951
665892
49216
664963
582979
585311
387983
744186
685017
851975
993722
45455
223611
156169
838512
950467
846222
426131
133424
306850
457295
297783
334913
84600
851227
715497
430664
232867
537370
681571
276361
617412
360330
662760
151485
251407
733284
913572
305867
784578
963500
317938
614119
560115
470682
112632
708228
533761
812000
63213
205751
132076
811224
849851
585001
468417
803084
132288
7545
57710
974433
369134
585196
762612
155488
136209
231185
270585
935458
326256
211574
623357
960792
11085
213696
758309
283764
602056
903915
663795
578808
69728
786207
736919
278425
931288
346155
410078
937487
665848
314784
421385
239356
359530
576652
907705
591222
16261
698578
841861
707507
176552
494947
84782
119888
440380
155803
134762
546814
459675
808250
104796
303754
181455
507645
139173
546503
825458
720280
458452
937497
582005
722323
763385
365153
955901
916158
213079
607808
381416
227730
121207
638346
268398
163302
442009
690569
431586
347531
217414
649771
934870
835204
292033
795209
415582
730277
41308
991636
701742
905351
935974
743902
667485
125285
277634
604738
78282
386966
630995
230066
629533
331495
10643
830491
379239
333972
502339
899959
871203
620259
339260
411630
52254
617374
20133
128682
625650
919275
969790
333750
114862
749193
466264
740753
702994
313897
880999
11413
44469
965735
639536
61375
368649
268067
581148
10394
367607
248640
947247
10189
56740
331641
206290
299389
862229
48987
239884
778016
516527
970147
31503
510112
992663
819892
758255
731623
126136
984820
430573
604365
660323
337285
701234
262044
122384
831643
630743
179068
796674
289663
414305
325120
427849
479903
3338
848203
192033
867919
516026
552800
90168
543840
676245
280262
461709
610715
159725
415700
749876
103003
153560
253470
714166
975876
541021
139388
271637
187236
54152
642932
44524
1828
154013
764035
354741
941482
746985
220813
286245
609743
142580
83806
67762
513144
625362
147484
95924
974227
630873
491084
605417
774128
842284
345341
649811
214713
567094
156756
974396
877008
413043
774261
28506
17987
493928
835339
307469
253678
758131
124789
562244
453614
239293
565582
95488
353405
871883
978902
519409
945647
421876
839682
873340
49352
941677
554204
676382
78200
143808
168728
641962
419828
670683
831733
220078
120945
910405
562764
180596
553343
316203
548921
58916
603713
669145
596131
992071
62789
846788
458473
883238
926212
39683
855658
971856
240631
336478
295921
187579
422547
491135
460796
876930
115043
159878
575975
437261
660161
260472
524154
835215
995185
334935
341068
997438
