800
886893
441778
978209
195856
883170
28599
148125
938313
439270
519652
948425
814065
668981
43094
270706
671526
863661
608755
589552
585839
993236
617711
177033
137548
229442
995435
550627
623528
844205
150263
330915
622827
526543
928504
463846
623148
307894
675813
887770
660420
470568
790187
486715
829117
445168
213553
37542
263210
836233
935158
158939
102288
124326
817045
41812
796738
750428
338091
619772
780426
31981
465679
504654
388931
297138
136960
210251
175876
847076
396829
195223
425463
568583
803533
149041
70855
110195
589118
278029
708343
74112
964427
900240
937232
102093
390647
117991
822643
834733
532566
480517
766220
906799
174091
780983
339303
334665
831404
232869
395804
970144
587650
815783
765158
832375
160748
690561
371090
338865
432867
102205
739475
221380
868439
497572
854514
901821
10489
561880
418722
811497
404946
987729
369842
528807
99024
972274
437467
671688
151265
292615
732537
322144
500344
708510
911639
957612
117485
121855
912611
633311
853377
777224
39488
584395
241983
428522
322810
392361
375101
943482
824597
577285
182722
240244
512382
369161
619970
968723
170339
742883
738372
774214
80286
678742
782948
823311
305228
891162
380021
110781
359548
490097
371646
395652
205508
383368
998309
77558
57581
290629
106858
350304
197774
343539
953290
306435
149430
823432
105284
18222
169219
978191
901687
761013
760463
175606
816746
839568
285578
750582
145318
143634
450787
535322
400702
846083
168096
929775
944175
400477
526926
777735
30114
650656
33298
585257
721038
161746
605469
47576
324922
146774
477118
323518
587168
80808
568017
488566
788973
451507
93525
946547
192357
547151
543516
140624
347044
344282
487451
569524
227135
594290
424801
453153
88393
749452
797733
834586
255794
808948
696632
825583
774153
912225
276569
365414
188897
613556
492519
255432
406290
549709
703473
955717
955863
753482
201577
170692
206549
135837
850168
780875
945979
736393
591787
401480
93380
68921
101066
773754
121625
610365
318217
112511
428052
396642
9048
350586
361568
86444
274069
415904
82044
367602
286625
231136
814814
393303
315728
728045
233140
922848
730426
809193
117061
396471
706991
564527
531191
440059
311879
140221
464297
606594
369622
289084
857920
466604
144191
874798
608832
614501
313824
374899
411472
654902
635563
541048
363360
729992
137876
898493
650982
298615
768102
940096
771075
283087
721841
742347
331269
218982
899742
996567
299205
857878
13219
91676
294833
370261
471441
335798
422052
728562
386634
18549
55281
136173
768721
634561
249343
823860
657384
439438
906358
925760
538374
503832
830310
352437
997712
176210
944846
835348
747197
270545
608461
368754
606673
218634
471471
205011
670087
31410
83367
61145
619034
911172
192555
816343
950192
675105
553772
161220
580324
63441
285809
813516
12718
92071
335375
928256
526001
127043
26439
914092
552481
394610
859132
90761
38351
665136
902479
349641
853715
903629
300185
118224
493973
759148
697796
668099
298424
367784
368838
380280
910883
407442
247612
760077
95276
46934
520031
234004
543011
469308
584805
293996
6073
659850
540726
668907
24780
91462
968137
428727
72464
753944
907803
95092
652763
613006
142860
279
358220
277306
544662
477338
818329
556662
1002
18952
79733
265160
126569
191480
121818
358240
873595
636950
660600
709182
317840
356636
759930
155824
108913
669473
303217
304697
319938
762376
648415
611022
882134
482905
245666
63994
908015
653868
528700
330977
423761
335297
406907
134305
970241
181741
465801
521236
724639
78767
332882
280946
706077
208289
663821
408276
7899
870538
950250
139923
590881
857680
350935
31055
602808
235595
929262
91851
680549
391668
162238
698806
856515
98876
627124
153925
575420
429305
228837
341179
120291
89979
773883
346570
205041
711805
211707
797779
609435
210359
958127
626698
593100
137616
638772
942965
112068
241329
684642
564307
921741
36533
927827
329177
235541
792252
291858
625239
620973
353695
304354
709626
889117
230846
118184
457834
712161
595316
540214
802836
699973
836076
979508
128706
522136
235405
266541
920037
183952
329105
363251
2101
927354
844979
605552
154607
684507
90503
574987
791357
67496
270435
981683
417460
397535
895227
181835
274487
83073
196619
565362
280312
465964
909485
470510
221151
790744
385994
232564
904067
691310
49069
798550
256085
292544
46515
706377
490396
379305
256159
986834
13274
642818
575754
251149
478926
364798
334199
88794
301459
391075
71941
361189
356070
163046
786429
357327
99780
766689
309579
969854
645810
477299
312778
895358
986070
316020
918008
83474
648387
2643
702025
850523
494546
911247
378839
411044
91243
804750
701238
131272
322787
365853
36774
730112
164608
696837
300386
212173
154775
383430
158869
807998
266390
315763
344172
438495
354462
297769
808198
671614
721608
889965
234760
609499
943625
733794
486990
274283
782320
509155
409852
122185
45132
400451
511410
739578
114154
831390
663134
836955
607931
110812
461227
872937
426773
225602
781207
100909
734992
530676
239714
678210
765265
732427
629858
675332
850275
861199
485491
775063
972032
76049
447372
268945
438000
933736
880302
744773
419017
825606
338805
3437
380116
347702
189969
323059
585488
939444
768078
105692
440016
636648
863118
386066
632255
36609
305625
943180
150596
787114
523211
109788
492672
610476
582956
284628
799924
335712
541661
246806
706432
664591
633133
84791
989318
560168
895947
310608
929837
497373
67286
120289
691842
694746
651985
375073
237752
173986
263154
461990
22480
897608
356441
794349
104724
453896
982686
373319
423229
586560
36291
589793
890676
751694
386888
712814
-136
