800
354893
370260
670269
704793
768205
655050
930965
278750
841874
894822
117360
208012
726120
112037
387206
904183
878188
276251
953884
985619
350508
574475
108843
718743
551257
262105
445040
680252
91179
771030
7888
217060
701586
829627
235621
404632
779284
390385
74025
422506
564488
942797
620349
536441
358061
626713
330775
626259
705703
284557
587783
786805
103448
480541
385316
904877
428055
572012
814487
568865
71184
754206
924803
911336
982776
106507
113168
691990
60458
264143
678291
411413
237859
955582
747611
62382
645399
909301
814043
19751
563182
719948
923119
134471
605470
977255
902285
846517
713957
565612
598857
916287
755876
822606
11204
878006
82579
112904
723762
649525
367589
299686
43783
123779
276089
588029
560830
15950
968697
760187
247238
118552
111507
608601
786121
730286
236178
786477
124761
764754
986392
653403
664505
247610
639546
968236
666630
565937
969144
286647
96385
267484
20247
993467
403962
11287
972765
299727
142425
838782
69993
966960
495564
280840
942764
236666
491273
371661
543944
828402
893246
986728
366275
654719
730653
512311
428968
471289
913853
871167
796538
835930
192687
919533
85014
824274
211678
592823
362596
997366
337441
623649
850617
70552
192865
35868
618573
910322
26786
266057
718932
837115
794800
674203
600955
107932
900774
478489
539712
859516
595422
79875
540462
613879
647024
885580
537524
861486
158185
238790
539425
62712
604554
29596
292351
313015
31033
656696
178569
602309
206345
805317
817673
724044
39969
680846
114706
386229
272139
702469
233879
763512
384155
186208
236647
423442
88954
976606
792262
737429
248782
700328
943529
893529
143175
94290
374541
123216
734281
495040
89780
30519
790577
287142
611837
783977
881734
607079
840927
197262
528830
135711
493890
599088
447530
999740
687674
272430
77439
493895
243808
169673
62465
445377
105295
281051
711437
685416
729016
398632
492804
427609
117091
524941
927632
482127
482882
747093
958548
401865
570931
175787
874548
339786
603091
785833
795197
496954
256122
255118
388595
133674
463254
814735
68214
641525
521703
300420
720272
300225
741908
292355
532254
31845
118249
777610
14424
631589
326446
706261
244798
227480
953637
540048
301728
756907
495135
87079
280394
223998
740603
285881
111371
415468
85948
835242
223393
141928
309318
586711
985667
406018
811509
828901
208011
3977
759962
60787
589565
487179
855443
759534
925368
838520
560902
455618
684087
170277
613946
420653
964356
714540
789074
492080
449595
670320
321702
602272
465271
889086
990079
91225
240667
259599
183855
992529
751615
273770
158539
197322
901684
552358
207239
756833
844918
642125
636460
619588
238189
703644
287736
143873
422048
57000
329618
877241
397367
134490
607272
209267
615467
452507
282535
223373
887308
718603
297174
611661
411182
230762
23375
417493
705649
496473
171548
565621
364908
468667
459562
813851
390198
945270
515500
554597
476304
993238
571215
806999
120818
472208
430357
88424
144816
533283
796945
472823
926537
982746
867582
846619
891149
778031
45115
229655
185128
737993
885927
924396
344398
376486
228693
678729
364485
709204
653100
121246
422346
101210
669150
634510
245921
985651
746819
53123
769404
373626
768529
449947
226183
876001
869178
277248
669646
497435
950178
981141
939532
651290
151996
11404
561297
650738
658112
808532
275534
339229
740747
125104
164352
90840
182418
83235
819959
704938
85764
730247
70531
460356
759996
857469
770682
607748
255392
757375
484391
27924
767257
400274
326226
40687
55727
437655
577512
901700
192576
649215
425351
264562
50204
417118
326056
85748
359296
514457
531882
165334
345965
98426
782327
871717
918565
364066
961429
460390
672834
803742
310667
718844
727475
475794
285357
721709
470099
471505
338887
873534
705959
234319
71458
902010
822452
586990
175285
599954
829371
272308
417003
678942
116627
899806
201421
499905
587809
539981
382541
537707
818293
235423
56878
881849
827460
219289
970898
755127
600190
236608
924706
319813
46988
239367
465812
6103
741416
861218
751452
467734
378456
848121
624369
613732
238536
445176
296954
465981
572099
14723
871957
923320
271886
445831
621380
317805
124193
281388
897013
853617
574147
625062
162797
556797
421697
260075
233488
751213
598154
217215
676175
501156
260778
351210
603054
781516
20385
136011
230065
345083
788575
311239
384994
867185
587807
761690
666882
442302
725469
13
890634
572033
76597
183944
975964
632522
655706
56191
734859
778017
691119
422600
36035
519008
77701
86413
514647
833275
15602
150941
835366
616736
408202
934877
999720
963961
828541
532699
952346
333327
315917
204291
75716
474056
380778
167978
946852
657297
391339
921032
22265
619094
835115
708803
177389
685166
259134
536166
482911
181652
552463
365488
930125
376400
31511
491657
649371
228597
193148
340879
637186
181315
58500
64975
663704
631532
135668
663696
195895
266356
419273
533001
492749
278193
335250
853490
507904
218354
497000
998391
69627
28924
275659
985289
970970
919280
869787
126735
160110
810952
834288
424251
241069
694080
998870
118775
742969
714641
355624
363389
412299
694872
755720
481862
520828
450262
242552
380954
562992
313233
781400
916358
136671
373079
571964
412588
669121
905506
830121
639348
368662
476823
605804
122080
223183
551273
779800
371902
390812
251226
779482
730678
845267
17826
690618
244291
238266
895144
319856
204031
307889
47341
552353
158678
352511
119368
778421
826205
887735
913932
154966
238075
643398
826117
580806
599877
406428
133857
956573
544808
817141
124140
432158
44799
252035
551284
515957
736069
490106
706764
289360
965732
541111
466667
-282
