800
24681
933731
596736
739328
830265
400375
535341
894521
501013
224434
372678
551362
728196
422773
953138
141893
449413
601117
615105
11117
981471
679761
541598
471494
431847
288955
672976
905984
340750
256724
543212
567506
134692
869143
72411
371516
941677
445975
470788
568996
621278
704108
358677
786146
521781
554889
952115
885527
765810
605737
832316
346744
174325
860072
702773
560105
846069
435630
322453
633220
439322
347590
223341
622264
132728
114061
276274
762062
221289
932229
105769
391431
179142
290377
697005
996642
962754
433947
60576
325498
111715
834841
887020
645899
247837
23887
614965
813461
430348
50981
749085
277849
613133
589817
417011
225472
389434
756424
679289
968731
380225
671877
527952
649925
33569
565900
588162
371813
943360
672816
867436
431952
389739
274864
730182
396619
555242
73225
639440
89070
632127
834917
381083
403299
212027
241969
572338
725902
617278
587148
161443
149831
112137
152795
325677
137986
819329
452025
373319
469264
438595
238924
30475
816766
267166
519923
986110
888283
202545
327003
861116
448344
511586
292593
600900
326343
183928
475633
269086
643718
154774
363933
880933
776181
957973
627594
532149
10978
152765
221524
302769
160326
761759
995250
508145
39337
523985
162148
620615
3872
781319
556873
343341
505975
648906
320333
175820
52969
770712
498623
9771
75916
333593
861696
140594
210186
313017
14807
335386
129289
646758
93154
740532
24876
877928
906599
570898
416307
649047
519433
379222
341438
794558
640150
470293
71535
542347
15357
832103
273260
681967
345181
661197
116868
801176
680376
836800
517737
187208
353478
295762
466523
123922
757414
932483
865382
647985
881904
595491
782721
648197
409701
227806
766360
928747
865992
700585
374180
297463
353030
910728
509941
233745
140432
262457
493649
508009
323017
421952
549111
427864
716507
231184
939004
155349
673444
596179
892695
941264
314510
187862
142648
355246
484605
210452
456338
437218
793249
892126
383354
127268
702379
199396
776871
899793
450076
803490
183769
199455
933112
384041
481623
793787
611994
257032
849361
666753
42401
205016
809059
31575
225800
670753
369338
667495
773268
80812
828113
598647
147110
103590
843413
888806
561968
682606
456615
409541
38916
886460
84159
441423
851272
821549
467758
491783
228870
10095
784124
517357
486560
995973
497455
280092
106784
899895
729453
800451
850862
128666
826105
508861
430939
967159
920601
267152
650393
82459
204312
709503
845453
488507
891496
699660
961981
953665
679647
15502
366756
281975
543650
597098
855845
638991
993695
814193
879388
732364
38580
721814
537359
518353
707245
627658
995139
374340
433130
28534
897003
415647
37919
889684
267196
411091
870262
534635
179804
823960
40783
995749
595640
614486
591463
347534
838196
858857
613910
362347
523006
601493
26354
800885
835580
502278
253138
109873
821219
994690
824429
469933
41961
144941
938400
235033
178386
994232
864846
784639
725671
357608
1249
804064
99782
690046
503215
833773
566546
391688
495609
503198
369802
96772
430989
669939
850359
80876
282187
956869
762879
911395
654084
872392
783704
412282
636286
947552
840214
902879
813844
315420
222500
128418
771258
200467
751441
684069
902367
789146
127746
573792
646955
783263
581638
617615
270695
719269
77831
504952
785276
821468
535003
122460
413716
732572
503034
964474
457245
575230
896266
759930
828524
339799
901015
963069
598206
767186
934238
379646
526297
145513
551752
395941
893265
118016
164916
711976
779110
222430
446893
289886
230603
149640
643323
805922
180673
350844
18261
62368
321314
307847
391284
302335
322554
754755
239362
385963
763664
321137
530929
793278
615618
536302
186409
379338
946190
479829
265177
743557
164781
742322
894319
523154
73817
204574
545634
189032
760176
877500
433324
82657
801137
717966
777046
416545
385763
564853
614827
737761
362260
661443
177166
595607
532031
350590
552488
80516
370119
65524
548665
374681
903840
167478
692048
749127
888269
67762
237334
861346
181635
617393
49668
619505
333869
917865
72372
213396
947529
904896
422037
101842
316847
746654
712377
977791
666674
694509
584329
65094
475039
136304
347288
992217
922146
382013
210004
16370
667849
816792
133913
273540
487200
276334
789343
311491
459386
390571
879444
367885
315025
436344
334085
133363
920837
206996
798517
796520
93376
936398
383440
732485
851899
820956
694329
720247
761561
696604
561920
182086
880753
549348
861423
902146
136105
14983
230915
684748
826621
426151
37880
596478
50143
571890
801214
565432
289785
384443
350407
713736
512398
93877
324994
223925
736318
656846
352482
990248
184744
396774
523159
215544
48682
34858
278494
828945
21380
928145
705652
557888
579034
395635
331366
464733
123160
942977
306884
970708
20016
642405
617587
680402
422718
419127
95522
344970
949389
545112
765333
214369
215027
503151
495069
340412
207767
375870
922664
986275
586003
847904
359348
175698
606324
146529
86751
717980
405086
211834
959515
945405
821901
621479
495997
218746
68470
309735
312436
760631
248588
443664
223190
499861
196574
132684
126870
176069
731421
166260
786386
104430
714940
990407
470665
355575
626224
654214
21930
876913
51223
708208
227143
483300
196661
895637
556585
761141
195673
737881
362173
917552
772126
23432
213995
401208
707853
202640
565831
717832
682080
691871
935584
553893
595809
24602
604278
166498
132529
860342
855370
68815
576229
279799
393293
641344
636875
992707
336442
140277
968650
750370
852863
238827
795303
29717
406806
876926
495396
121104
783219
767097
557571
111637
908822
824252
839080
500973
987840
915081
787676
218054
197122
25579
402158
584239
