800
253936
867239
25497
759695
292357
936234
667506
566655
493545
933500
31896
278440
650005
203598
572867
719558
962501
609848
105724
213518
496440
411557
364131
47155
54724
189103
236381
965764
972371
430534
584408
234290
268094
259401
861436
517616
380164
312759
485103
499571
365287
833983
19269
894937
269795
94707
227011
751013
882059
387739
374862
576232
347139
237670
632629
426365
561364
109947
631512
95531
479343
557806
61683
968301
498241
913679
82379
568909
854639
955484
860851
616556
54639
880982
861883
784031
369218
686833
398070
227316
94738
944676
568167
73042
930339
603553
721416
717822
61753
185951
178870
626042
305223
881874
396284
918216
938767
669564
306554
973068
79387
956765
785009
230863
711510
11270
814
424992
604551
75596
494225
575636
972587
246871
55545
202799
871663
847450
328463
422683
722823
30173
967211
170261
944046
759990
412838
301031
77754
394070
435389
493071
722843
226815
68062
545215
706608
50003
602131
183166
128261
908360
960712
628076
284653
815032
96890
592930
580793
556885
83070
336120
375442
943418
115308
650016
491704
73564
312166
981807
584663
102175
663944
9148
838147
380229
388398
289761
652241
226625
990044
473439
982417
76074
944078
916574
800875
64715
662237
663441
211861
818391
205771
253496
925614
802362
812587
87487
492154
17290
909040
861764
654907
370780
353488
999286
914024
751667
421588
513688
28364
321620
635839
262373
156734
289845
986392
204110
554617
941907
83094
195871
982103
238371
735208
348287
52527
227424
884574
318870
933639
447683
672695
922633
236792
696785
442631
632096
736605
471822
662277
403145
97207
807311
993455
265334
569441
316781
785562
281441
760362
275541
47834
98095
688724
156797
122313
898162
353512
772209
141304
659465
391476
278155
188016
891107
464419
214081
851427
89952
91447
541721
164148
285528
521253
554103
341792
162164
745484
453399
18311
581882
840980
810773
526363
41383
2271
984873
424164
551989
226799
876337
988909
458236
869908
178791
550287
75893
809424
543986
38487
504473
923657
98136
652374
758184
138985
916304
604486
442437
352150
789109
516692
643390
142857
926487
522511
744234
860109
768236
832427
10411
168470
905252
340529
832723
888636
224538
213319
472035
667602
331622
256727
893359
723751
579215
423327
807261
993049
677726
980181
269260
46480
772686
317941
257873
244254
229791
722984
514012
348977
423177
768786
345465
356275
888014
52025
482739
555839
782696
673037
907027
82623
268578
674712
3910
920678
48515
165827
632732
548871
566180
648386
972653
114704
339875
355293
565910
984231
122160
588508
180641
105888
714757
27535
570242
472
374770
329975
364286
565745
930582
539028
421479
192042
703402
163916
27074
598681
582775
20597
78025
133000
274920
416639
45131
841706
23866
54849
256945
52088
340687
243422
189981
44589
809826
92692
913003
210458
959509
795297
442265
215398
112487
703186
822403
686502
483649
918889
120071
926997
203631
593962
118663
594608
85676
665282
315916
352369
626901
704213
714887
362789
503680
291106
442100
829292
55590
345685
923096
497613
438843
617258
205289
600692
810463
183737
889292
245961
673196
808738
446712
756781
291312
856917
504570
154003
384181
913406
627347
19449
776635
981900
916348
345730
984199
493277
485450
92210
78356
447560
183211
277573
217832
655942
390096
576876
839938
66365
752805
472741
115567
848939
575355
800054
738492
704107
461383
892549
875398
166055
75460
990487
592685
971099
594419
117603
16871
826049
874179
300242
329841
251999
853451
557782
188319
740521
337267
832932
404437
669779
475315
932431
290766
764216
132915
812354
455321
528992
545426
658522
723941
431665
883587
601374
205233
301493
736849
183068
903717
948932
946755
78049
502719
768974
305370
559060
501478
955975
654647
115951
95259
873775
705945
142555
599885
377405
561797
102696
98251
655143
74046
418150
681620
406289
389172
588835
30986
193680
349753
823296
584069
501529
604206
467698
589956
110154
267708
685971
231103
581973
479358
765602
133912
122693
151932
87325
910511
122094
100179
498170
280852
5750
709616
506237
401816
262649
401979
58744
737660
147997
39376
12325
336203
878580
640488
259161
35396
739655
316822
685926
447471
942085
982126
235088
206672
976904
575424
327337
464505
61120
701698
955980
877626
145598
586187
34546
577460
416671
420796
318772
900428
601363
859385
733853
163195
701897
137877
224683
240705
451833
9612
869667
698297
35981
117353
954894
862024
535917
573896
537235
210095
348966
858358
826354
809793
339254
589812
454491
814894
104502
672475
15913
124861
712164
976217
629630
539416
901452
218265
907643
581825
556307
844801
938716
416611
532896
1045
281135
180099
278695
435065
89263
783765
265427
846483
213825
538539
171024
697871
408394
396744
518770
944060
909419
632915
47749
149011
597338
645031
42418
506648
897054
749063
822730
866713
325158
670319
31730
18132
204935
874181
775596
259062
744657
79983
209534
228733
407628
7550
795584
537470
218708
100807
820743
302659
792014
864467
949034
929484
236422
608300
999725
950518
525735
694808
83730
613754
203798
387746
682424
139404
81003
147859
399277
155107
678348
954368
715672
909976
541288
129469
815804
388392
182157
620527
613610
542996
817575
90943
797702
774504
759766
654123
107507
220632
701290
774070
146654
578565
16638
441216
524900
451487
215342
147760
358177
672741
291382
900237
979030
481929
739560
434220
693110
437807
436426
845252
422477
71763
944394
11805
476877
813193
236958
227687
688759
147552
29948
107111
879843
790880
669747
624844
385516
380083
570277
524768
245306
889312
1000424
