800
784178
431838
225565
698951
42516
642289
66914
230595
548660
134186
357278
49317
62606
240023
974740
484475
105279
396847
425134
208034
957807
480298
90734
674107
772443
125389
571149
232506
210430
62596
745330
662941
770843
507175
857360
611129
570922
941407
95388
43311
284188
752034
916714
73854
143373
820633
618915
250803
17414
373475
138533
765499
541803
608819
5751
757081
251847
465941
583207
932850
77042
143246
429699
824773
13405
842720
214512
668985
302138
860652
826858
120591
998218
656370
394328
623607
287364
259444
912779
218494
347167
779578
1555
205220
70589
418734
941118
375180
154164
431719
687662
958924
765881
97027
148246
142436
197611
112429
581329
638348
97018
960574
834142
301926
648562
495487
895804
323795
644200
446797
700574
844450
395071
373845
781260
565986
43031
565631
423702
246936
985363
200040
575989
971596
563398
45895
713919
623806
927738
646961
842310
531446
244380
252407
298895
202169
736583
288557
931114
770647
401771
461510
186035
536609
72090
242203
100003
386041
438959
988490
498451
100674
600027
921595
729039
614198
827597
83134
488659
520213
444477
306704
24485
958779
447766
335421
197198
963531
182974
658719
986614
185351
472387
330116
935387
245250
246947
79853
32558
898796
781560
852339
318602
923084
340798
740357
616209
646285
325571
444620
657637
246511
844394
477487
512128
891550
689819
613042
602481
763232
973578
460793
463156
848615
560867
561963
240364
376198
818767
336114
697471
150273
46438
702238
854926
128701
80433
693481
33424
81750
496858
810517
760202
592079
215731
865394
741101
282148
846943
303804
331211
851324
840353
356128
656631
475898
382207
685663
386809
473459
838610
160076
198955
303354
191853
119471
73396
868822
104488
749388
1630
720277
998920
995581
324373
88506
308492
479676
630974
226001
246998
178237
476977
246052
777780
814776
751701
340550
163083
979652
636119
772812
741855
823519
726535
282012
372097
490954
650127
163229
569558
307601
33040
264910
727487
220841
52378
406578
669930
414769
464072
817961
846453
345307
483574
573851
430906
999396
956065
304909
972795
883967
275801
557525
178539
264784
423461
602346
288407
313555
932723
236757
932975
836765
245306
283908
184437
970107
848110
269693
216193
205943
953247
615472
997742
444665
73775
985125
96805
658249
418990
115668
690884
442610
415572
803283
889130
789762
798426
158058
484642
193391
660917
129602
186985
490772
876144
758716
222429
715288
461028
683999
269381
212975
756567
410729
188919
339386
553583
731014
336042
318154
937553
672606
320536
492546
656347
625225
276367
926554
69562
480158
453461
183808
482664
996137
639222
248601
293061
443514
653420
710181
4689
586842
645225
381248
246148
347993
955267
214532
684746
364995
295676
970188
512542
947121
4077
465044
602882
530555
55247
659260
568088
729099
785382
465515
844001
742861
341067
712144
240015
392642
332052
881988
157128
138996
689826
965451
691194
611524
377670
659834
350997
507359
191312
637106
979498
488591
900598
221066
863774
604077
370142
109771
878026
964917
259144
914452
674355
387570
415131
329630
644577
750552
939403
595098
72350
173552
719843
990455
211532
844206
974964
674560
243491
332638
918938
982561
587527
998781
602151
244297
764290
237668
251695
984235
199075
84383
811440
913696
249394
45084
546971
178919
178382
160575
856067
94348
71781
804946
477153
282342
112656
71386
862914
656505
405385
70853
891214
605820
300426
977727
59253
704694
30211
505251
410039
918466
961910
814159
578768
471345
45555
412176
441343
438030
829035
83388
219250
722428
79540
292767
150480
883772
507608
2573
405282
764107
279258
264407
905439
960040
849350
601176
528594
912371
733556
532655
916842
202481
52185
142023
687838
778668
739401
199185
279163
670264
290701
21715
585547
947600
739548
516634
731619
170334
287674
772939
869898
909849
548266
489752
915841
152265
56849
924238
546420
191078
274729
931210
609211
305886
835998
320460
183501
976118
584201
609891
884290
829256
268038
850952
195970
165546
890932
254919
873231
605935
445320
480920
289389
897863
643662
801996
674026
588994
977854
512803
858701
592945
495735
357050
545951
815085
343130
890081
770640
843249
643910
800779
662088
725794
729643
506975
912076
148016
143501
976427
375560
911764
745943
263736
228799
938105
882521
840504
241036
568887
730272
819420
311571
581882
411569
519682
152970
138625
669985
791756
562782
729219
142740
774092
280515
632812
976720
132699
270683
880068
295165
952265
396738
710769
170107
685358
790580
141203
304544
428511
47451
400909
175245
470588
443833
460132
72684
381671
708463
755199
605704
400463
226408
858126
319304
446506
384613
770376
144905
327105
144293
109516
431191
527845
324720
683817
737288
596991
559168
840825
204470
899141
276045
724328
319703
363913
843508
894290
980219
291243
393347
66250
961633
680559
681059
940344
527157
439017
210146
543322
168490
656789
101853
219563
799984
35203
569030
299488
165522
309999
652120
158351
298159
529903
628948
1323
52243
611269
657398
570026
730418
273300
870777
340295
574912
328176
547972
675043
512880
205966
328752
109831
465223
302682
760758
199172
919771
414504
817914
728507
879853
306754
841646
133433
649696
23712
580900
244154
535894
840885
577269
11663
630054
318758
496327
843610
113531
420565
736253
944245
202188
819868
423041
669938
763379
583766
519079
583805
429101
90327
764350
658846
209517
649467
782712
678619
166749
261916
467955
235066
515954
312733
815523
79524
90090
283235
188062
964517
424677
667044
843012
930768
598173
546327
644169
183104
67652
550539
82785
42937
619193
393620
999753
