800
571167
1335
528732
660150
647843
531137
716153
88793
649882
584653
485073
231941
4723
872605
129291
868760
931480
505254
335137
923335
957892
542426
360516
188540
938299
253923
426413
411864
143467
642795
750082
771030
830621
763608
941216
35407
446104
411029
59595
399706
744530
28108
650800
504011
370900
152688
995410
159196
232361
318134
990873
366442
756482
986339
121652
294294
140521
411776
874278
82828
205664
417963
937396
588320
643542
306120
965034
481876
336005
642516
331205
63350
327787
253914
570816
298470
622242
902654
440446
176694
207326
491382
613392
374186
573763
743193
989988
327134
366753
428815
785355
783879
395725
304168
51557
972497
807197
331850
552683
873896
505791
456258
42649
585811
456374
235835
240054
281658
961842
319436
226369
59528
378636
832939
46394
924139
462363
245375
1738
823608
647669
644116
337232
397868
91590
415912
259528
579342
71174
584802
844826
724848
68954
327010
544893
748436
236297
19635
154822
153194
805401
815325
558225
325623
3334
88920
874954
361938
850270
677786
240601
52553
492348
38993
139432
702432
51678
677741
434706
280889
27685
546644
949865
578191
623082
237241
148068
656476
485368
5575
844067
896219
61737
501047
471393
271144
23072
728065
447285
232323
152736
952750
227781
259763
182599
890444
419079
117895
869803
465276
513973
556088
36560
195365
901517
844778
321026
831499
926210
968081
189461
761082
690498
909360
201015
191260
401125
435837
239663
77354
814575
911009
865524
61055
835074
316763
601132
727560
236515
109700
186816
992408
169575
400877
508504
149528
790905
632036
999992
432284
46795
430998
559734
72720
914199
631438
623575
674321
552273
746140
850630
295896
945195
262864
136048
155409
593668
450085
178751
947210
636206
19900
557424
186503
472218
754237
419283
227378
691107
535778
953759
77487
105267
403407
367215
44686
617174
982489
202013
275546
549401
725031
537529
667278
406046
937398
717735
428263
460607
152630
277266
183637
572893
520466
263057
153163
705476
345549
502292
456949
854332
38343
795530
288521
147887
362336
263891
822135
121202
813875
738333
364602
272626
994115
168989
599376
252860
690548
49452
787462
562728
142832
207804
468141
642211
12010
106933
449129
400344
254143
737456
50087
439931
156792
316751
441774
666866
847148
511991
491855
333919
658371
496235
156407
522894
678933
572870
138851
871288
958256
5588
809906
332850
727929
299278
724438
488437
226089
991665
912036
873930
759353
67578
278412
194898
311897
18304
838050
702063
776153
216109
58714
891859
652843
746586
808979
872995
204607
988551
29578
157767
907278
451060
427631
74385
574771
471454
727060
82119
740211
897305
527234
988303
870045
378310
796838
214262
512589
670386
891689
496732
910858
865420
534045
397120
15631
871680
461971
864356
27431
137396
802121
487645
672369
16030
957312
81721
204867
472640
657068
871052
565611
968961
8069
576985
275473
672873
385403
457754
663096
28409
468614
227117
13475
895077
165211
849243
278292
868207
23098
324165
175024
809825
87012
88493
103422
381223
829483
25502
798862
458439
153505
506809
294902
645117
707570
313630
328440
928631
720398
58931
669183
544873
958526
384212
668424
74062
358872
719767
719198
539837
346190
126394
271485
717732
246496
749740
797080
44579
759282
991796
535926
882311
733240
26370
322487
960929
629133
960913
96949
959106
851235
710709
216134
204566
397909
484102
444253
526683
581913
189289
871632
604860
771601
458680
789364
347150
262784
388429
23844
598502
904345
753456
915553
210836
902771
321882
559443
153857
703194
28902
833710
598113
419199
941459
894896
453844
745423
659384
523334
384287
505121
543557
266446
297217
411080
180273
917432
945461
559240
951301
456006
324932
660454
179013
712370
918083
89368
222134
253870
182640
777372
748241
546822
85541
581925
532930
934562
220535
502447
579165
802791
652398
738996
797470
830974
595168
893111
522331
622572
156012
12669
656648
823776
948176
927963
906471
109580
722920
198763
607434
691243
64964
839896
1862
53728
742564
450841
116150
250303
478866
642619
86633
12261
773468
132438
863657
973441
426989
885409
493737
713014
270920
898530
605194
306841
607456
368830
121930
687445
752598
573934
619849
261870
291983
956498
87865
5538
299441
463263
138082
613995
937723
82741
230608
557602
306943
827084
432602
774589
308092
979788
596559
193785
65884
929147
279806
533971
470854
814288
635810
204848
949281
31399
292392
695772
865319
342478
375519
976367
127201
234748
326395
787468
757572
462689
112774
610371
403048
227353
626276
479254
700449
870522
697985
139865
736828
421068
283417
572786
281560
15960
31203
850368
690270
363993
273563
148312
58078
344464
308779
588459
958407
731635
688501
549507
939779
884933
96191
406892
779437
889665
585340
447983
607216
444144
342707
345210
549373
973658
514830
658395
800232
645721
658881
24811
912800
306696
134357
616776
765641
361115
368336
571514
675320
989257
877891
849015
744586
512099
665968
178625
556961
196552
444309
539437
536828
228145
574618
391360
942962
146024
746258
977586
728715
606294
122673
822164
321723
583417
188875
76877
966012
255284
381189
374144
423623
215744
611098
753801
167022
607809
298380
357543
114649
433587
338405
887412
669595
38531
748008
655438
929584
325050
828057
512026
627989
74260
225958
525663
69060
835055
250225
982925
998859
803231
108859
389409
473416
376094
99118
107296
539587
951905
563910
961856
287464
814725
569438
657702
746591
600744
397139
155978
947146
559061
556823
584184
768410
919191
277716
606063
647247
177582
579898
4268
725194
955424
444775
921793
1000415
