800
437214
474659
469485
696750
292526
391855
59744
872310
611889
253924
864483
773010
296555
69069
453299
741498
365674
131133
611705
956463
585363
188219
635309
577848
415703
93707
735188
463671
840197
402965
262441
52582
137530
781365
742874
682036
545459
307550
726313
381302
186627
922987
795507
730763
656543
75268
289998
588625
6615
278633
364875
497726
765344
484830
73946
223452
323340
368819
129741
960163
173914
95599
790389
989812
936298
752921
794473
621744
525193
124962
840101
577395
280042
248434
278606
415793
601398
96845
577491
793707
567098
636450
327472
341517
578879
848112
315532
320807
735479
826325
160195
960710
429651
825781
440830
489582
784306
691331
751037
51575
644403
28527
610358
35777
226667
953964
636887
312790
482290
533917
687400
895258
483352
790875
828172
72497
178357
712613
92838
232621
698782
504613
173209
674738
42420
289499
664615
798633
151318
920424
268155
78621
564854
892473
96322
839157
475977
328142
697395
619534
823320
259110
696432
597813
499124
276617
777668
258302
851079
713458
853068
971652
3013
331094
951603
368829
49664
401493
219286
525752
675035
803580
480966
743542
287254
980917
433003
965731
62153
485196
930629
727471
480236
978334
389838
713101
127059
754080
849404
560136
94071
155721
904290
915837
713646
954781
76150
102585
903613
804823
470957
737135
484804
839603
915779
540502
359063
945557
202903
828893
85933
495705
182642
906508
639986
131832
199080
201337
819255
331923
524823
708515
357641
652320
931533
702702
71135
417774
685446
605051
969581
791638
181202
186275
909205
872896
653461
156817
458429
862799
277224
285369
48507
743466
800030
681145
475245
561000
626209
54410
196390
776727
810362
831266
3267
384809
598575
659306
760283
825724
310278
615255
896084
409669
873576
544104
989203
996248
388321
435770
710539
150230
835716
311435
942775
152243
994667
214601
574370
617378
315036
828246
665891
253472
622728
646683
283047
303770
3053
705798
677095
340860
295387
265185
350776
300056
528531
378128
728000
855342
320522
42791
347398
522526
856014
147558
516771
573287
84992
482386
993621
37403
478207
533424
967859
18529
107557
812705
697018
919398
570091
630997
287749
723042
590056
25005
111835
819011
243510
713585
309987
743992
976693
289386
485554
728603
847017
431262
908933
689915
846207
970214
699274
422853
938349
142253
659096
512655
913783
951943
692160
842370
28173
194411
713979
95265
995282
43535
361666
472570
90615
114655
925565
682855
831366
758553
959827
426305
437307
92744
939168
853923
449612
161370
919429
323542
688650
937760
590297
86366
434079
603810
870076
71520
627319
476381
894220
289902
230716
181787
630385
955313
684729
478509
565076
158066
209440
120646
111469
805637
207591
558839
124600
118930
380044
999362
663689
474753
354938
479134
223223
576257
197252
819783
536372
195318
21262
694910
307645
968445
589003
958116
163628
116636
752992
931183
131179
457803
283815
521798
632323
349529
574416
752447
63698
689213
942435
656371
407259
636922
308001
507194
941047
833837
416008
463752
111530
889206
457332
917795
453841
871041
828130
473856
38263
563696
447440
370873
160582
54311
608769
908078
43290
859507
688988
851253
897905
434648
262836
342399
590079
622773
259171
851848
296798
399638
399247
861178
563363
646870
499534
306847
764556
643311
683878
28545
284181
610144
240749
949537
609513
583865
330255
373136
934454
586182
387246
940012
723417
50070
394916
256698
764025
926695
728163
279581
222256
966319
87038
284145
668259
421833
92033
126599
885554
407419
5818
552125
172235
828832
565147
947192
797593
584758
481015
310785
584794
108294
933034
389433
564111
986412
953622
841530
940684
378050
288519
957388
495087
856237
450104
301569
130477
117443
253935
350510
357832
524888
709635
243078
959197
597476
387262
519124
219225
571602
338141
205524
827212
931047
485492
63215
745558
255181
723502
432914
718013
174716
554483
693226
493473
98692
364834
867198
242822
758265
565437
31656
54481
874747
771236
572593
380622
182880
624250
704968
611502
482113
512612
227999
580558
185822
490352
382499
830194
4718
441362
795478
574864
260680
880073
923722
980041
809063
614432
887227
823603
607965
154448
303626
631377
519639
422722
461970
149796
687305
561267
957865
405978
976566
937777
468405
888613
598237
926274
22248
51687
806275
520867
119705
460745
600218
414062
511104
173291
167627
718421
976654
80501
550373
154442
15079
282572
272801
520961
309693
73761
213265
561165
902794
436963
527973
236967
876713
429845
172058
180750
661266
761402
809984
853384
288816
906284
828838
350790
58465
913740
314724
273829
695242
463315
802564
113745
190739
895047
202061
150724
191750
691786
825070
193772
65920
517324
495748
408299
971665
697633
977928
526328
331446
759598
643352
681570
738864
657852
735392
536885
812224
666606
714789
386357
972226
829135
923822
810631
446179
991813
485647
720560
526081
145379
728787
722804
833117
172698
375621
921312
125759
36814
174299
710052
624423
834951
114240
418392
490347
702078
317180
143007
886706
70168
534851
900649
945227
47343
156631
85266
810795
205195
786778
489448
714049
538031
699892
561418
510328
439440
65757
65387
782537
801633
780359
496054
759097
574345
205419
702412
773046
814518
371887
855016
174026
706187
491889
818660
635066
498805
645299
561108
569981
473051
914659
4432
860508
362995
827461
470928
900515
271922
341823
291760
184449
115291
66689
419474
892097
831929
357263
751330
371429
498216
858732
646517
576092
63181
616548
33483
453025
14885
823094
383155
351984
732475
36957
903629
536292
133364
440634
408043
145970
2347
