800
318197
56355
881581
620772
715771
647395
533209
216918
200846
755016
48989
267315
606777
984845
792113
715978
594640
639452
620439
334398
25496
925997
338068
216578
233558
842950
669259
816803
86963
133216
386039
498495
592073
544106
38212
711059
995340
588327
92875
514482
323543
779954
442152
649810
39826
953634
3962
981057
166014
615560
933943
27509
441565
899093
534953
799040
664641
198169
641417
506402
134383
995174
726326
486264
402030
441107
478802
396819
550706
761244
974842
325732
587808
754727
151456
353683
574590
23073
714758
650030
449465
876231
813656
974078
897489
447041
275367
356022
13669
638440
90430
693509
900758
746984
146019
685963
295323
177089
180011
961127
1825
20583
65530
293359
660317
791306
670167
999097
883951
161968
86376
66070
419188
748861
926670
186207
654056
995733
718303
535655
255350
152088
630076
99408
919839
448908
561807
86457
376770
899865
448740
454357
173965
578861
303008
850263
977025
74368
923042
18697
879259
997233
48500
643772
903588
542095
601005
473690
607255
919925
848615
65367
344234
909645
85145
799238
498363
49141
773328
785736
550232
362366
122511
622239
636011
587025
550335
43872
809472
355372
101460
556423
811189
459338
78015
750500
666173
48417
323465
389748
79504
462469
317779
155403
16307
947498
581863
3372
194655
974854
978490
185531
681617
123413
542080
500937
20013
828022
940780
856207
913552
973811
349955
17847
656177
238046
111196
649747
599026
525718
651702
394544
426569
703081
372726
334405
265989
380435
844283
263110
643008
757285
743456
635222
549152
582017
580237
871897
478281
559746
338618
55847
110115
500280
784322
432092
39683
77712
363231
731980
803384
219795
765960
167636
456693
965637
189412
73356
887510
8813
889385
391576
400272
432693
299926
685086
649786
972583
57289
998161
19826
274967
304510
480236
513453
874016
491940
399867
797855
170310
666077
323859
684675
235003
696659
458338
796231
693245
114
808865
953304
709340
830021
939750
301765
428313
748016
886933
407314
95530
729095
540599
239068
192411
660106
817187
757028
547790
896383
402136
272249
969763
811754
333997
483718
560307
479082
281247
354934
729141
403443
885642
546111
514819
76579
773235
872082
256887
521027
687746
654877
41519
14621
886413
505659
213873
8181
561998
703546
225383
489765
662199
530374
653067
832216
928028
920502
894430
16611
133327
770419
614417
755515
865610
558913
346695
744599
655108
147115
114418
402979
870694
519183
69338
975901
690263
193731
547068
950096
146740
766755
188175
511147
917467
450105
486370
317374
491174
561543
175457
485520
359926
181235
709814
874655
109029
363024
822091
330293
609373
616389
417326
677219
23751
611804
640910
4829
631451
176041
827234
775153
892310
201236
501737
992677
777354
246278
256076
218733
718223
397932
811423
768454
254935
619371
497862
343602
853087
798752
426228
206480
643330
60242
661071
311447
39336
654903
446448
664239
128987
971999
839046
134700
230778
69313
524121
202728
245574
763041
153964
109435
474649
310490
680765
625689
277175
58381
545574
445385
111549
263142
628517
870078
283254
507336
250873
986388
354125
315925
168483
752168
109212
95195
384460
933396
103331
979742
679685
973126
155604
790142
792744
511675
170698
451269
866462
215197
386458
884751
680187
409271
941058
989462
880387
944593
468991
21594
104848
931949
23674
58473
752395
618524
796706
636560
70999
623485
628501
732446
501902
972435
156087
112273
577507
549698
70117
675680
127335
448614
77636
573924
472615
224977
561203
940132
622194
417823
327263
772987
261944
90678
471796
202152
834061
672223
8689
497970
860429
650812
44116
55158
105242
830629
445877
582351
756673
382755
530095
956384
70331
761416
567032
822273
155983
185193
939346
924099
557397
765370
238490
774242
327701
833988
303678
416838
288461
75333
505420
796086
54225
852900
952229
860570
697101
660751
771600
927850
377894
251059
626795
200633
510911
6423
611452
851032
113496
512726
647461
360360
33936
243959
716918
450432
244939
842154
146589
491318
804590
627682
909496
531086
941319
41481
92491
111741
715018
497381
109453
613784
759926
883461
326557
114782
279703
474087
512274
198878
186916
879466
118319
135111
143816
972458
780469
939914
98494
438973
70675
601774
163093
969289
33977
425648
398995
20736
163786
528148
422198
648442
609520
373324
277
67181
460937
988612
922918
454347
719423
588360
38041
846457
788149
752211
446241
346215
421341
646389
179474
802768
586406
691103
605605
842448
910227
865294
286873
240925
141607
612562
95604
832995
93500
827770
96936
513856
247412
10462
979856
892569
620422
444489
912537
679447
155002
511873
441662
108290
180784
38643
501803
984888
123993
446208
710595
187977
159177
172510
179581
404082
29221
936812
286825
944949
76599
872279
844241
953041
130272
985826
735930
136099
60141
872725
325962
150937
592770
949956
603971
852111
340978
217786
709101
869960
187569
418819
557138
333834
545953
47635
859811
737814
202696
682966
511992
890178
146595
922005
990005
391221
265299
586754
840200
742207
849398
289120
315662
815826
695377
887249
130901
82913
606633
764861
786684
459988
474993
195228
297079
17893
492381
16481
215471
802906
124309
57860
628934
180383
867077
603882
232184
761791
612049
70130
143709
925695
102374
509854
451339
593687
794860
92188
448792
325070
83543
774193
327421
936689
639709
193217
982422
52143
609346
437181
962629
707412
715214
897641
159735
600352
652320
374216
895038
642436
833437
461351
689758
518840
562881
74692
25955
340987
591381
815193
239343
206440
583361
265224
988242
858354
985529
999372
