800
772173
639763
720704
873649
532809
660420
560112
586466
189611
979547
188571
371205
190691
276322
66292
452326
76253
594909
820537
689412
259143
963587
469005
47971
360513
383211
196147
789889
731360
443906
46057
270112
565023
271801
789919
987010
312867
84283
858130
776307
76330
212380
531082
298624
823631
252685
835884
744901
882940
785035
299708
38948
333228
44441
241779
964946
258075
858018
974393
670731
190029
968128
469120
34470
811576
697434
585404
507139
963344
129703
868930
929504
927661
540754
417532
572235
260186
660470
84103
859506
456124
868872
25449
229462
92573
854740
925362
517150
554836
237280
739182
32456
833107
773357
86596
47354
426253
373339
790446
287159
883458
945260
549653
542765
35048
257185
475784
935338
732407
598208
36953
209455
471185
95287
486548
341469
252173
38170
446045
72460
190047
98505
124709
700667
144101
333357
320392
299105
245648
741985
547590
236578
898285
279789
486429
285597
906831
303213
920703
587682
393691
317520
39093
627457
761200
788284
328464
278973
974449
879823
924359
510432
352368
231809
790258
499368
70712
407525
57122
924319
137655
414094
657755
833992
422982
26510
485999
840949
546647
187354
811640
102006
424442
380745
542257
345260
983628
561979
700593
5947
138812
831639
957446
220893
629947
131692
463530
370644
517248
590329
415908
459064
599221
466056
89406
137262
498625
165236
405982
13561
430451
518860
379012
855274
153927
717520
444191
316723
555353
103192
71948
765658
255651
725076
10988
463177
573428
426478
662368
585602
273200
114252
221284
632559
460670
77745
957893
32983
245266
779075
220352
226477
734679
735591
547385
651011
940152
962376
872789
724252
238155
99959
100468
344798
282906
961901
564430
311462
282896
987243
810921
115446
988989
935490
504756
474761
242182
89071
462019
48839
284716
723934
938024
801620
426551
447695
527658
176451
386046
691286
516965
861353
378070
508732
232382
255052
603413
294084
267648
346297
629761
778184
870680
257332
6106
844224
613353
56522
936961
158564
643597
790787
966084
986986
723946
726644
409287
393641
507628
330672
477200
520990
788260
682206
475054
712779
544509
508518
970247
65469
883606
128454
117053
935
882305
904001
267133
570218
830488
185910
446564
160822
235062
975822
593741
312394
291545
493263
176635
110167
993426
256718
539552
41859
561894
760065
243016
535625
963781
761522
965669
75261
242468
320848
407351
529389
734905
519136
629207
462051
283667
580496
573729
251400
781011
704044
72508
254371
595786
618090
940552
116478
765681
826463
504162
646249
330303
429013
581910
916760
278763
150388
107938
968679
465342
527388
358307
540350
551763
240149
741023
932752
102895
381342
52910
235965
782391
711842
359045
693720
830290
653192
849952
328706
421148
731369
606412
157685
772611
752797
523854
605917
881218
397486
373619
184032
166776
877998
922037
983743
983396
333861
708807
126228
513087
110242
720062
410683
278134
315314
461276
814414
594243
395503
584505
184840
529063
124079
294160
839179
900102
193374
640355
68668
430495
609254
335052
394252
90406
879626
355874
765010
51647
550674
38404
415508
275289
452321
687429
452133
187813
981986
694964
831080
945138
585953
72198
156530
987431
382262
217506
333198
970460
237340
292745
247066
247957
442591
778721
21198
10779
333556
395100
185309
482873
446114
235529
409203
316624
30942
559479
614943
902423
43702
102785
889099
654003
291107
131003
200294
830511
776129
263992
333602
592472
74906
925493
629721
470712
348766
906085
858890
650093
616815
318809
192002
494052
280729
584011
986006
356215
138783
333704
495309
923617
906992
450681
584794
182938
774521
685260
628294
334356
421716
740804
189228
83152
753117
333529
242334
98909
251109
564364
89638
991918
128000
232460
886950
100695
11258
327486
772001
268900
617830
760813
683986
751062
600854
419406
207290
610427
599654
938862
238648
122601
7027
700538
370256
433558
414314
710827
267790
351383
816570
478028
539907
315507
417323
988841
197934
910371
638152
349206
96951
379497
957176
291673
919764
981770
756587
53237
698574
148138
124400
541395
28830
890434
967459
734095
251761
625152
590594
836509
717515
685947
95649
575639
812743
921424
128244
743972
487740
823583
95306
771654
491516
396764
121497
130815
66998
977682
794228
724001
106299
507386
325273
358257
37790
292340
237862
488887
792756
489440
936364
9509
281466
291548
756188
801058
529110
995994
976158
118705
293686
449180
463425
119683
48981
474127
786637
876693
789852
876033
220915
835911
885605
20609
529574
553851
385626
931666
552003
203238
48764
983563
49579
637110
549504
245070
783665
470944
674707
487203
185839
478917
324927
198192
176563
887104
909669
262935
502103
104975
887082
553516
103150
209243
791791
579793
313690
474981
925624
932209
933115
449743
547182
394709
829186
88389
25855
656358
709923
214726
343139
348352
416873
886803
368186
157614
134051
85042
126225
641544
842428
702111
323524
998630
520169
623056
491197
748160
472891
683811
930330
193380
953876
829415
496173
607634
823158
103428
580381
314359
759351
428168
231721
727748
115153
170766
255053
224363
838293
808205
69821
469622
772864
592890
536590
703236
289318
356891
213876
237856
157259
856426
684326
645631
900049
874786
470814
686550
661771
532840
78460
968662
588911
662233
468234
493445
836010
84652
286747
470138
758094
266564
766284
469237
167463
669205
792300
331480
254315
251248
771640
142662
915599
830956
365759
254871
768950
1907
736548
69173
448772
182118
898626
693910
978321
787182
608554
671318
91514
716384
236807
184688
463121
704140
256803
647512
443380
301
