800
671738
787449
749820
985148
218861
125987
451848
573543
618968
221916
926641
420926
387275
651792
871882
175596
454866
491361
247665
545745
432507
260521
255465
293395
577990
534235
554902
145932
327785
758855
390804
567841
821757
30012
331891
985266
919560
835591
698259
404589
30759
510234
392857
610173
956632
821960
492939
271840
724258
521389
802190
431767
365281
418923
257593
971254
758642
110159
813269
540763
883191
673809
167155
928827
234311
653434
946794
343128
637365
889632
311148
468687
877116
126157
422917
273677
768836
37118
143279
704866
772243
480647
123412
93806
255123
116372
464737
16183
274427
782794
24642
5597
135133
597835
66624
835301
814796
94424
256181
484401
579560
104850
663016
311312
421256
728089
342153
937394
68610
658773
78858
75700
150297
359955
739863
489498
778820
87239
702580
445978
57687
723248
797426
158293
642513
510553
176782
387681
495361
972731
807078
528257
795605
609472
154137
622838
938496
235938
436090
827118
805383
69810
441839
535643
824489
285685
755116
994911
727337
732649
349384
883555
590521
758181
163257
208775
945861
375966
195249
533812
714073
32645
601044
813837
358575
113678
370452
354563
201177
442700
127019
642183
174407
107512
553652
394139
859382
461073
499687
465474
227189
404957
184623
281878
621141
104269
474026
543416
560621
483646
698364
372641
546247
519580
104208
767575
221995
512737
185772
938940
571013
790907
801456
131265
272181
682956
787499
553719
723124
544331
978394
469062
57182
314056
634622
911414
195040
974924
657177
178667
726718
396254
467781
835758
746113
60578
145712
682789
239164
630045
458935
28773
662714
728724
735966
310238
731910
459409
206186
808181
857431
303495
495259
890927
416789
379085
385930
31816
546572
866502
152858
891172
434220
630754
976542
776029
604154
430845
740679
356475
406936
998501
224328
922369
189867
747257
92104
743780
87726
651692
910211
869719
836051
642665
270078
678081
338961
152913
461093
309776
403471
69599
111235
955495
558123
625837
900380
48563
616679
856912
448746
122011
624816
527069
830195
24022
807245
579279
656899
952662
700705
400897
602123
612130
820828
323221
748886
922817
103620
822839
629476
372050
184475
539708
238949
591033
883694
410340
755795
802548
454714
624062
428204
124619
809339
656619
766539
375974
971858
948346
972578
721272
217426
302771
730326
206489
188007
769007
193527
85682
583011
284068
731419
719121
995430
542015
101974
180061
691882
8810
596055
412579
261481
318509
672866
221646
941995
270128
793637
905590
702319
61087
342650
145295
721141
511462
143480
440194
804966
370267
644982
590296
333025
609532
402846
708627
132963
393933
397737
64151
620818
97124
801276
104517
249190
890176
42655
478441
54197
255699
341910
547785
69529
166240
259934
579614
448192
513279
62725
928479
993551
871550
165798
590328
518260
756002
745920
866714
837575
661643
749043
595372
381723
813493
926422
155423
206183
186714
731639
805407
564044
242165
663344
246181
807683
307810
31074
326377
582565
344994
662609
411189
307349
519994
874524
944789
484941
699258
302039
269162
70660
68827
918215
282206
456569
950338
192441
369778
656223
537057
144255
641588
582821
20221
770632
215052
983649
595914
19227
641524
132056
162034
937136
72840
315692
905140
742891
78067
880163
125673
454518
413961
24592
565090
575737
772019
748256
687086
35321
482629
26243
60920
823434
426604
122356
70732
160562
80003
557735
318906
468764
579588
562447
185811
239926
947931
750665
369809
348519
466518
673704
167315
297136
451065
624029
786437
103582
830127
827011
285598
618409
616987
949893
773123
107053
504651
690349
360329
776066
959310
519177
24151
464506
673308
735291
419178
44086
218740
758942
14387
645093
395331
955089
791579
317914
452672
309345
257190
240457
253525
416727
261109
213343
373815
63194
250342
385339
300502
786563
211478
785228
646000
494780
792902
771648
250899
355483
892550
696469
320417
625023
433336
505469
18769
521766
966985
171488
843983
722347
859855
134056
641039
999448
864365
590750
419639
92676
733768
25680
885098
890775
49892
475886
899570
163689
247066
974261
709385
906697
666232
227587
484228
522266
718645
578184
126429
910295
719567
675997
854875
515702
171779
154351
992992
947883
274088
831508
495503
78467
885289
42174
735768
886193
509341
165517
109665
184422
658757
528126
115282
808793
330081
152705
157117
522918
187759
495145
335401
408274
924929
539133
364090
345837
926458
814955
449982
252240
816037
347804
683798
434054
806961
854435
667903
353479
606413
270670
980924
596640
65564
853343
396450
762542
95061
854165
643775
436808
284666
566947
709864
438653
150451
452994
53534
699635
74439
14370
992156
287790
56054
968187
894784
960305
1461
275267
696915
604351
792198
360056
651447
697530
703156
629212
1132
600621
770600
741697
935743
742181
242027
520890
728975
251257
311673
847921
651709
180011
43134
658391
586223
316263
818736
295862
324993
725032
896648
540130
149642
509114
491422
64270
591750
752346
761504
395002
125669
59321
689582
777738
72431
665183
809941
275378
143186
693997
846503
872206
439050
879419
789876
622350
154475
36640
540711
931535
554830
481359
607166
758852
190550
777566
113703
454419
324318
182691
206580
760060
20353
740087
470971
186100
316101
568796
325773
406288
413028
635131
93649
506973
358969
818373
602236
226316
74628
98556
390958
554314
10905
364554
587884
832110
605099
736079
41846
746956
521649
207096
671173
161318
860531
61194
485795
922306
464371
680447
63078
465367
145146
785351
264266
525345
280190
837999
609450
612244
50413
705695
292443
315053
724248
707011
