800
132408
264442
893211
448674
5859
281422
444753
601315
664849
950255
183484
203352
986039
92287
141016
475907
980692
247292
414605
674516
65438
990890
880106
507288
376525
357518
615936
826064
529027
488982
38494
919580
42198
577558
139428
395478
113916
738733
947398
419836
336914
11782
894623
412485
706313
531834
470959
228692
853677
800467
899571
147402
64211
247468
501024
650870
168031
439220
524347
117480
636143
373841
307799
381987
850280
957665
772076
372912
944987
397659
262545
796111
906003
482196
181271
750665
27901
456286
363073
352033
512692
408011
957411
464552
365161
465871
50838
783536
787372
23875
785621
116888
164953
96774
935543
326982
245985
740222
863241
343988
28916
631228
804295
573217
214728
838269
511735
464423
837001
682829
900579
493164
752029
480519
694769
490802
162066
569911
974112
286986
691111
377312
377313
691110
652532
235289
600784
468491
509366
646098
265741
899045
385339
311476
581947
751220
409318
112039
786901
502565
404576
375981
802792
27452
420188
360491
425841
420652
891972
48968
648339
489353
831173
759278
766132
136532
113140
983726
741622
236918
326043
650496
436493
330184
239717
982055
732674
340175
44449
72883
421827
654725
355574
798624
425380
967122
455396
186332
72886
475354
36338
299942
588866
865903
581882
756370
367907
288871
955725
489
218237
155209
508100
859245
205918
66337
407012
452154
961519
729523
42477
597703
681494
453324
646591
17932
812524
592947
272938
798142
965462
962367
362640
359542
399362
816386
392313
994095
420032
685475
551859
728238
349690
710666
970404
363196
300626
629044
182958
488143
597846
472358
765245
774791
299938
31678
64880
980948
444691
67044
507745
976180
878307
661024
191635
474394
562470
22470
422135
682474
237152
587404
39323
987361
713473
144188
900400
263506
942974
399812
648246
410187
10060
4331
391238
744854
615163
810910
382971
192219
201838
350377
403134
237475
820787
472449
203181
192311
623171
832765
451816
606183
42839
766629
874232
297126
286116
349731
412251
675027
720245
202518
185968
302930
669477
261062
921659
308441
274869
790193
518294
662983
473168
35972
842229
866990
130392
75557
202324
225969
859500
744301
678207
850121
151801
636659
906237
699042
862906
691204
263642
769762
948941
886702
59152
647497
474355
295611
557266
205107
556068
469564
282996
978747
384205
970491
927418
506938
899559
781906
391227
157869
535285
878873
751793
2228
728090
17466
882144
275191
269588
347810
507873
863843
825049
340368
299659
116626
853900
794447
187772
158985
288220
925120
204169
703834
915706
922321
496832
627818
444916
749450
699478
728397
320115
621254
862834
542669
861133
374654
374484
554314
885896
642241
404836
93627
36716
569088
428243
693011
583364
11717
572144
628798
226737
65860
417929
257162
878250
423562
959931
910435
338771
140434
554841
867063
389433
768631
487413
873784
250472
176579
171214
710975
542826
446373
587414
586254
810076
524737
649502
401710
764654
700130
376736
873335
775286
526539
117545
321198
909490
625835
135521
25992
999384
507374
196024
561549
979292
645680
633327
372888
757374
78540
155776
619771
535500
922643
35819
702975
737595
294872
328927
111048
746974
911080
387969
139607
445889
258520
42715
558634
294373
460790
925220
392574
679959
57761
524008
313333
202991
476149
745876
53138
401634
937502
484768
669920
689669
441038
307353
260595
654047
747401
977546
718662
82153
275037
321222
133763
798628
625840
137365
411298
840727
716338
923961
813353
147236
794033
364571
300305
387782
654666
695255
959817
872425
523069
935841
565715
994726
799066
155858
989197
229594
84952
453267
955082
805538
183877
65892
229151
504692
428183
634122
304890
577821
901216
29459
58476
660691
466848
785735
962439
608054
144244
940205
494818
680
58989
938742
207481
224965
715452
792139
255409
126849
116169
218862
154234
980509
453474
493967
957134
470790
781904
889070
772438
412170
90694
276135
263275
772151
854579
22623
588793
254930
872118
126089
992896
98353
108081
776598
656500
258166
12343
17719
54661
489512
109663
300304
27001
921391
822842
90298
71540
185004
862561
996021
532634
737139
142375
798825
466379
778854
372461
711959
164045
285999
865749
957345
807880
906393
509711
84786
213162
702539
554895
163083
948842
733347
979359
818091
499818
712683
97040
179098
543030
829691
669004
863635
101354
418027
115143
20940
349680
62322
622420
766691
150949
511456
158228
537063
134301
893236
889609
840191
997309
351835
428424
252091
109447
479430
216013
218933
490931
472102
414056
619299
94392
393799
616278
490301
259946
829062
319851
874309
987389
662448
174442
756471
630439
625785
564663
948239
691812
482134
771299
844274
190867
981495
454695
3578
789758
11748
823084
47713
300727
779123
286279
416265
214813
486820
470210
54693
540350
69657
540437
857928
542230
90229
223220
182984
959414
694095
744322
687694
341248
890643
965539
49341
717263
842165
364015
59133
627
73299
809474
903459
907033
880039
769663
67914
21349
888790
400321
534282
945143
657867
644744
356256
990163
90806
457353
589942
867637
551993
570584
14422
219070
306635
411350
262996
108713
142948
113464
66251
637478
523089
66415
390847
738389
901479
299321
976866
793504
625364
270340
899122
28661
320593
847482
857983
426847
153588
125230
536970
201152
773217
840417
510153
732845
150432
651312
990728
895782
430283
656478
899881
919856
541278
661946
201612
632977
89009
478317
417737
735720
273217
936354
24346
971174
207146
463314
158486
152045
870001
892075
974744
535875
534269
684252
87678
910194
121062
412415
241677
876032
212518
199716
1000159
