800
15352
543073
653658
781709
497705
89883
649540
187356
333870
304807
9073
581792
553869
343319
482018
104369
844841
327565
92918
714330
275472
2718
96017
110281
434929
951842
732633
896815
638955
469083
671578
208570
150656
626687
350089
1068
770600
324643
268006
361048
962690
535878
97786
228409
150117
453240
591040
515631
963861
628581
42976
898007
729873
646786
120406
630277
24137
384147
282290
273313
813229
77974
12472
164187
660129
200080
479463
270604
245837
927473
624023
18859
62352
289126
402619
165288
372244
966524
384071
153256
266748
165036
247403
279134
687355
445063
622012
181123
801854
728959
477556
788721
58057
684303
408464
810785
789536
371144
254360
242111
262619
642937
436859
970919
745501
428987
548184
681919
326878
114838
94041
623025
746019
419027
11578
677507
808015
531296
308840
555156
8276
890329
929412
190837
681858
632313
534086
860897
27584
268124
409214
602523
855832
952368
94582
353507
915307
316920
111988
468
765190
103676
990364
467037
535117
236881
297009
833562
28628
409856
212028
314446
923981
628886
195461
773503
374363
147464
23038
610414
485381
768
728448
880050
71430
256328
583980
758960
522945
317266
47476
372857
76881
227873
985394
695808
123519
232984
858998
857078
598797
608861
948637
527556
377007
537066
550044
335716
491929
818480
236252
649821
415347
847656
294528
261785
740586
953655
972610
272932
694304
902780
942331
432003
949443
250298
163073
404975
262075
454237
975146
172717
799613
584427
629487
219147
826557
321416
453612
69561
107968
213477
790340
949185
454799
829767
681442
779044
225479
315504
341402
62675
820622
807340
945069
55367
147104
661625
644523
120317
882183
105427
22899
540689
799209
552476
899158
339638
59515
519333
888346
478544
341396
248092
457435
287662
205212
510226
769995
856999
42083
837734
203993
807248
132814
385875
297968
802775
889644
719636
572054
809151
868710
920752
549813
476152
92693
826405
653751
964058
849134
842997
236426
192062
933848
753095
923523
376889
503454
114876
57566
362870
716224
388304
572836
424047
592548
766760
930725
448328
30762
304190
881061
5576
199581
374245
643795
809140
399109
631355
407156
429194
742873
121259
246559
261207
235729
728604
271009
361589
479642
329978
524288
887589
705955
800287
897565
375621
816085
244125
366131
119277
287263
133482
706684
216556
357358
791081
345138
257690
339004
38801
204274
830746
459584
966844
59517
448815
761155
765070
934233
144887
274259
67904
510037
75079
171664
808968
617449
854565
478371
815463
235515
463580
38863
730574
545662
441856
303711
395886
358517
428926
569023
181531
215446
360671
186919
296220
485449
870041
184434
667217
313807
443666
123661
909953
245952
315826
459659
885504
618797
195875
455572
508217
786084
522536
571262
783902
471185
360343
176820
712873
355841
447796
631698
301517
590402
4524
102547
189246
693031
274347
585314
310170
347560
184986
621196
320946
265957
677368
688215
963705
855499
389396
644076
884360
703696
17637
628207
774412
397272
760966
420847
1101
997305
13776
196857
431003
215452
209814
377351
215959
248506
579895
972246
633115
903814
214308
215893
188103
54570
558831
726969
965289
841833
565003
517933
817608
156451
826150
308711
414926
36407
91040
252822
459791
994242
568870
632696
422842
344646
718128
238919
906907
468455
533011
439955
865162
836942
279363
17579
164404
542000
353449
147957
865411
210281
963421
781021
964973
670082
34432
182058
421526
553874
183801
77932
919715
119104
958986
1170
228508
199590
950030
615128
788733
704209
718161
448413
437786
643237
358540
323218
754476
802845
867835
249871
974907
337841
428829
306688
994602
478864
114568
322812
227994
562509
201382
660470
984508
511958
559440
735884
845495
796062
651845
870717
79666
390941
594886
958136
31358
648237
264914
835215
754019
216533
814649
890442
730118
906531
805344
139416
926196
420914
998864
727137
672525
585227
240698
824950
494543
999528
991947
293354
159550
902804
480744
993146
917549
544750
950663
686887
955436
278028
980329
731749
333647
700539
512951
326636
215766
983333
437048
849387
423934
825356
22957
296284
987235
407026
89354
331122
473424
874267
273041
101232
423589
63594
851724
485907
215076
89833
831654
451631
81368
960100
10406
396376
639778
470772
178313
706359
293537
230553
571900
850940
522109
296705
185011
423410
145489
58277
709865
828206
397042
907987
717492
381793
16992
398662
755588
162061
662025
437425
438456
402964
10548
10075
724316
934252
425488
874723
904259
691887
849242
890341
287421
172047
852325
72885
208118
311079
348489
40328
808491
15724
43370
538099
462473
690626
70500
920331
904228
194283
223888
189163
983377
410202
474870
664339
329952
962086
198415
719085
266169
865626
612981
612204
934738
638633
885161
313165
984202
924799
164033
116992
779557
301810
533996
772063
942949
43159
142563
497180
167041
32433
852910
797882
963652
888005
391056
163954
382917
86601
464017
735542
583807
398394
326822
440209
489932
477197
26238
861613
272067
95485
575595
28207
505450
733507
538155
100925
53210
43812
343059
45023
47214
479524
695511
549059
945255
740952
630840
402714
767392
656729
420490
475617
806312
303829
191137
610490
5505
914047
373912
71288
391412
741606
716285
671482
211983
875492
54044
810926
63421
733805
122919
300983
801984
347783
479423
950633
795341
716952
961377
208241
890691
786075
298096
827346
55818
569773
789274
155594
969156
160132
233258
489491
7475
305662
643946
689157
663079
993495
548851
238808
869473
441589
314899
660872
119114
109598
495321
861713
327177
460361
701503
605466
218885
126974
