800
562917
24583
215168
540699
934582
73551
227252
945139
453541
40279
405816
687891
348714
993791
674936
246448
32630
231088
29504
506620
81389
870605
223946
528616
915137
405127
590696
509322
717292
940816
318666
998939
832969
420647
492013
294807
606096
26834
689697
99655
349676
120490
709429
994715
975931
447504
608192
828208
69025
406077
716239
370482
942921
665400
75302
144539
87674
670560
553077
499162
256913
408233
692569
46030
587233
243620
89931
243505
909092
429942
749161
659090
568668
226346
3871
95098
913354
722275
20850
814641
377034
850218
66537
58201
300361
352806
428824
590135
285989
692585
814090
634514
376351
190310
143114
665972
367231
119809
468110
713165
637765
812223
872001
456823
612807
614493
644779
489621
638316
322428
418239
649108
486083
481465
950530
796819
656641
928347
497683
109663
261461
159142
61659
78743
530154
908364
927313
440815
940216
928259
825770
338767
980999
939058
773276
972443
606530
250244
89166
776462
333428
391775
671262
578367
963489
488943
601230
371846
54467
65500
329292
237816
881824
747546
532892
442125
859012
765022
93412
825955
543393
109358
205395
948635
963647
731857
797551
299745
739937
524134
223867
907594
863862
160529
910913
968150
470777
271952
99777
512660
744934
358443
854262
570021
442712
656458
489601
47320
286788
335392
874037
776629
478668
251461
955518
140694
388929
236322
362350
187502
560248
452998
747174
866285
433031
97941
244509
643324
74141
273183
705616
389411
842619
738703
548806
90891
828883
787642
363199
487069
559291
98391
386424
720840
185294
893582
621918
815330
481631
922921
918669
574694
212763
310567
254275
442332
985530
225071
35430
92566
871010
702690
871534
290262
356184
421961
837936
802637
332323
450157
343496
85118
155967
933702
283427
947585
826555
769611
394598
465188
967024
199144
6847
812972
595166
422478
441286
944953
870244
715044
135375
246663
517915
607003
848911
155409
172752
94175
948583
944336
934493
779753
989714
682080
914403
228081
613480
759748
739878
137793
336012
192640
203397
737637
764089
638308
330516
31039
398627
497065
152600
6263
614733
637684
558110
476175
748903
95223
483192
595156
248801
863991
630997
33520
801744
488040
789372
979997
180411
74996
950053
35380
714116
360282
946548
917987
494638
607859
718995
586045
604751
234513
899562
268524
863699
229888
101438
581505
291946
797870
95779
841452
906063
95911
220383
312327
395382
580216
644829
579020
628562
373109
611275
167591
633024
158423
69777
731559
338771
638845
24685
138062
943805
701139
852143
414791
355030
984336
787598
916599
45900
568217
739814
795756
482600
156291
233487
994994
539704
500086
729499
1796
962335
862381
316075
303520
252149
838297
432174
669171
389980
979941
741112
445172
38112
567061
201467
949517
163082
644295
101668
352755
770754
478236
192212
577495
529694
380592
712441
51188
863819
110020
283529
650057
340118
254077
496603
691873
302936
607557
251490
104525
427324
931856
93702
862068
957422
477369
817760
878977
144482
803402
620178
299578
350078
377627
426753
201713
890086
577233
228337
778643
942114
934920
665211
285085
302637
174219
209133
434607
677724
864448
978110
693177
128680
804193
135468
360850
792027
838501
452084
810983
489555
129213
929582
808848
665526
15930
233474
8190
228275
239435
650443
804625
434416
763364
739590
924358
759318
503547
912822
43917
348917
806828
320792
332665
801044
785021
595966
850513
217113
735035
940043
861891
288209
385859
540682
954680
803357
377693
50027
38979
72698
958914
252186
897267
735467
282814
656317
350983
441797
649136
148043
891713
843927
798127
289860
909267
271603
497671
741712
660854
273821
718753
378232
73114
531984
644800
926395
722360
975079
194535
8462
720643
700271
561241
19636
204668
130246
523384
569269
265189
566383
31631
274366
227981
50422
657195
228628
867530
165050
437540
924470
226949
690588
211769
368079
151279
130563
294681
686293
787922
835529
702974
161281
560322
500101
312244
296747
303858
425909
139448
98241
786978
447304
602235
10020
804214
577350
672390
25823
919267
825309
612471
369924
101570
904841
847337
101605
397767
397150
141170
252716
159243
645877
95494
792088
564741
695921
911480
84052
63063
154989
245089
248757
248004
933380
26265
645456
869504
446268
957794
734454
575328
172559
95845
974350
488305
206744
973780
612685
634852
966551
985774
625556
256934
637857
668321
585381
574926
31335
73097
804931
411952
673440
472918
172070
883663
181014
347405
542040
320751
338442
311653
855343
914951
270085
750545
825319
233429
1533
383517
386588
131916
763872
98418
361184
856745
837376
629748
750143
585508
264730
730250
110861
794369
411716
455933
252455
199941
799667
547449
141327
938118
172262
24498
608862
596124
695603
316576
893925
305779
161196
917802
487844
364738
405934
267105
393830
53526
122053
670563
551607
750792
306879
121248
186948
757965
987980
310713
616461
756844
817294
808772
906633
382154
236419
967468
354966
587169
138764
800374
222106
637263
625562
780190
758972
291211
6132
839455
241913
923186
607335
195026
796835
375424
841162
753966
645500
513754
441644
347438
969451
724679
985565
286736
389657
570495
137046
113977
870635
139356
450309
129654
543132
163949
961913
594909
890358
525546
608231
596050
497772
820673
782871
281253
179415
304399
978926
284697
240011
697962
878104
813952
854102
242459
68561
133889
902356
783529
882385
145340
939122
160592
753874
109956
200957
515217
239423
723019
560998
930787
474555
360923
120596
892295
239114
334848
708774
101433
652192
406084
10564
685570
684740
899346
654432
98218
209633
452348
999767
