800
811007
917552
215071
436285
773685
355583
927718
648381
793968
948311
899130
941754
845871
580011
437941
441547
594440
269046
683240
906911
413837
975836
524755
535978
62042
567342
259841
316666
871486
575373
161022
145768
348676
147558
238326
139113
151965
854747
979308
765060
37099
482498
128019
745886
969772
608262
461709
590641
196161
915499
427453
325403
300058
975536
778699
93907
654721
939917
89523
308790
226367
2716
128522
354687
730350
90516
857615
350230
992221
919535
347178
40255
598489
770734
326340
242547
538334
552051
18434
277132
98714
560907
495327
477209
498458
214415
589028
962577
921492
598431
849287
953061
296144
496783
495710
186798
415603
514078
223038
73542
55465
464609
296500
346354
985774
937407
671135
335293
949818
119125
970472
929632
340871
423162
660768
515804
880768
634076
617780
958506
693319
799817
720335
335434
466403
112458
288077
688441
236741
824234
870679
750078
678581
75220
454879
128610
285086
43994
355770
761471
615346
820498
990677
877617
415227
872987
891093
810666
496512
768765
597647
627298
456208
692526
155360
532779
183597
344497
976619
93538
343000
573338
492205
479489
532342
110252
238334
822162
511388
391331
770087
888190
380604
158797
288154
203716
508779
957714
645586
746693
171726
162325
865672
734715
475553
365171
421583
459210
793187
171113
654669
320495
463842
853330
554134
734741
819870
352205
604582
238150
782237
717373
321979
495422
310538
544298
126029
157148
646091
321412
443691
11634
164318
13704
513395
172603
745646
563452
910830
217644
382776
826964
688326
803043
592916
694583
541284
723132
919011
952859
326378
104771
507732
548620
191242
647811
931730
713164
971137
451901
509582
779541
477364
309556
3428
14842
895269
766757
15596
791403
318226
763797
699104
171287
222570
723906
638309
735468
598957
756859
243128
860474
944991
512012
207670
675957
463208
69969
837768
775257
795467
707819
227817
773608
74817
562321
869077
31567
786225
212222
124047
15527
686031
75400
200847
948951
611918
517009
911687
479318
381059
884374
316881
477262
760088
158501
377591
333212
809129
577771
464862
280500
780606
292779
644687
611170
979493
20747
704867
74987
348460
648905
573835
171474
185272
84810
21754
97590
386629
936019
649135
338456
682491
302353
103138
445563
499753
887570
563786
787556
95392
464086
485193
431169
173935
144256
720117
455014
160310
961895
452740
886962
263721
462730
768275
371728
376995
698592
200403
751450
496292
776972
207377
200215
891945
355503
675680
500773
92327
509080
872740
665330
375971
5910
501310
280036
129585
188207
928015
712153
404423
197929
824555
495944
191164
243461
552796
850438
596835
547787
303952
618341
638014
167233
520608
263671
614497
473589
528573
616496
503909
492218
754937
369577
558981
991343
292847
139841
184792
671930
720337
590238
892203
720148
777484
837841
358010
968062
385498
125592
466379
276114
318500
308029
345640
606644
585553
561883
147319
925223
780399
85632
259447
460412
739453
651246
711193
139045
946066
396860
204665
963431
439342
21082
587447
154606
657052
314546
24822
373434
296704
963753
429745
591543
318978
615492
130869
895147
690775
525928
223295
443465
949737
959097
62194
393698
893859
624932
167477
315515
953946
535801
929639
42745
394075
882416
93440
836537
847757
450189
567237
423868
608259
496733
867879
921216
503777
755616
516217
492458
870439
914305
476940
602782
658207
904128
965929
313073
783967
585456
245483
932278
231804
183260
89462
681781
352331
455941
389656
663674
189461
485063
883258
582345
729238
75418
336194
731631
623346
36403
505417
666099
775285
718730
243636
747692
970181
387511
776369
672300
93479
301686
830672
722650
652522
748041
989051
479646
680499
798077
387156
117429
966758
550916
966057
176548
874927
439041
863574
1224
60970
32675
945656
136908
62389
369896
48457
411125
660047
860163
972637
2775
325229
980377
468472
280171
366489
629092
726282
37432
447943
248890
560840
62957
984246
267560
318695
568721
862207
974456
891063
358225
372926
649235
843611
931128
587674
534079
461025
29758
436274
201224
276162
527479
580581
321725
810423
296748
288318
471250
463413
406727
532091
370083
720520
717095
312888
18968
468936
289428
148349
421667
173817
821836
29857
651814
89669
762684
51801
660658
156302
18250
223841
679851
321395
929871
485829
179527
730977
209634
302860
570357
683283
906511
433346
86554
473319
878823
769441
519862
424094
655025
724187
989477
904496
274110
650247
185602
168650
171099
95973
87782
792357
624095
50639
143822
973956
59171
196735
796699
602058
999057
88951
260786
597237
984853
410833
224323
792187
811249
256291
578151
578815
283629
505422
629987
767216
535147
787940
696138
246015
124185
236659
480702
577723
723135
730610
307607
234250
855992
419271
743516
401798
845629
727859
485037
956081
30749
778907
670276
726679
418825
579636
795024
726399
62091
676425
108737
794701
652631
891628
837794
658807
409082
282935
697439
753826
912047
732605
718184
788504
116240
253779
333102
366568
69226
478516
796683
594523
714409
720725
59070
834318
494322
611718
297363
424945
495120
81218
619233
541530
180229
171219
333677
880199
971714
592740
666989
668910
894323
427749
754918
145283
573489
310037
288694
477190
764123
690287
127150
927685
343103
164467
49175
623413
940913
702479
924182
917993
570814
468842
487466
93293
899259
152526
175953
437826
593654
811759
14986
283381
261326
973468
954358
354014
303263
292929
822744
135602
846421
496982
469499
468550
196386
627560
27955
781857
965898
278658
92539
155260
41051
400376
159166
457240
882043
818703
555569
658556
419289
1181
