800
750296
601560
19404
620921
52070
761092
343087
683332
591978
65058
151109
459254
508113
960148
305006
234930
818330
225054
221782
932758
721894
870954
647494
170388
9121
50148
796263
342176
92173
886213
719317
831621
868520
811694
170588
920467
457658
796714
429266
856563
485757
950678
488785
651419
996840
272797
713678
598108
273882
109915
534747
116248
457440
498275
811573
923986
476771
896156
943627
415838
611889
413382
870988
134839
135590
283610
312427
698031
415734
814544
127474
49345
273114
761146
710848
955586
436117
639566
863073
562102
219746
802305
459464
205119
666108
426382
898475
796721
277577
602709
668667
733313
277796
39265
368575
131035
816646
119938
100940
151570
500816
852249
961507
758642
72823
899826
281191
401521
982476
233483
705017
633860
23655
772275
643314
708175
71279
33422
444668
925172
763849
267829
115469
103373
876891
229754
405505
437428
183484
739785
596756
814975
424762
511402
293817
965705
249223
388002
153881
765803
86720
248185
103083
122442
171739
127703
912172
480394
495917
496200
824892
63329
161430
148959
138325
242566
207818
959926
87464
170375
654524
948179
475606
141818
971752
119014
647751
342731
323454
63534
289451
598581
34278
997820
828299
291468
235444
242064
796875
199990
230762
295327
727294
855098
687396
183286
59110
265840
179236
633464
604230
446808
478522
139395
466278
376583
304016
946353
283939
124796
409488
603579
59568
195281
131698
156855
51693
710413
671333
641730
223458
585622
873113
583160
491992
839236
350887
366560
27348
320080
196318
45605
154801
504491
82475
852735
568537
487915
667556
808625
223583
585120
236913
498731
543548
680261
633943
848911
493733
161042
319522
927312
788869
964783
920175
483383
930972
764994
22291
503296
946804
586025
289772
967905
433019
731972
512322
978538
465794
938409
730264
852743
878737
691963
214869
596515
327716
493268
187018
162919
841670
128223
120544
568992
618697
615043
702175
704319
142240
640186
636509
168313
841241
906752
631105
613007
317433
735590
668659
898408
652341
901957
320034
13402
325707
401552
697201
432775
196604
529987
109503
67364
20006
394936
178001
441557
392129
489176
782622
436724
707190
606318
599160
105073
917527
751831
208658
368403
219775
218070
308210
693917
951559
481156
49972
820748
603682
681700
59832
648764
228886
914325
640361
817257
147096
221664
974251
946003
465282
164081
502112
826939
496691
546147
392279
384395
67907
389812
889874
312082
55905
24984
167347
289517
552460
855913
154306
294593
107434
40635
626525
261540
334216
457486
574717
144731
312175
564573
480929
387198
645407
624531
152793
956536
696875
518301
415664
967275
553264
847322
193399
95280
293619
970096
236906
696636
437207
170488
949762
255646
136055
851929
472278
954660
809254
585266
316846
7774
71232
557937
808038
774586
965357
434241
681916
77198
541746
440672
896886
446325
543795
11086
512819
25360
302793
795873
609996
224686
39548
227830
187494
141510
888605
799106
395223
803937
589315
599302
837490
737045
796000
871841
395057
558827
239742
94591
26046
384802
363612
84527
200478
289421
422431
680083
854010
934039
716983
461936
481099
244199
581647
242469
965090
788766
164848
887417
315218
925373
231795
275725
564731
995556
774497
785072
675187
660661
72297
790673
105170
368855
121404
284687
74970
745623
11081
80749
573185
23720
999248
986913
332637
367819
190885
302603
463723
752522
578308
255171
37180
590878
562507
510347
662845
750896
419416
845860
216225
501116
128575
972156
800301
799250
893992
493124
299104
802358
879748
430432
373820
721192
117546
683640
658357
248830
276818
54252
892533
526637
441708
519524
179466
782502
922974
39620
244717
707484
71449
84287
949040
807588
892567
125251
140035
837430
400435
97682
494818
608656
192932
545649
526303
123898
940695
496825
357831
928356
73641
29194
610996
334123
550270
274655
48751
796218
244160
855293
939519
522445
746936
328902
807251
421265
590530
510314
19655
752168
838064
986109
463318
145865
220670
269667
379165
453571
678509
119591
864008
440353
24574
744043
72987
236457
349964
418746
810783
604351
623046
243897
492071
95975
898696
656764
454525
880424
311318
574198
31086
243403
812917
940616
465903
913475
190629
592058
740203
102438
591550
212487
131178
325017
299045
828626
850719
558347
323756
371703
378702
849304
725636
807357
135704
128973
251999
365927
455780
5067
581350
295529
890796
272580
169748
761400
446113
535395
870253
652986
934716
170440
712351
564893
650339
301873
668147
990916
62132
304372
828208
670747
309808
177704
274573
919115
480455
206116
621008
597705
503292
257439
717831
688393
76660
180919
267234
220689
712993
257421
653483
857704
282693
78669
803556
679021
161446
655051
963836
625731
812749
603657
180781
38506
838138
624085
781429
383401
723815
793359
251310
997735
603063
587528
603916
304346
801147
830534
218163
229398
49313
201637
214003
261319
638650
739224
458337
910778
360358
556236
478163
514709
622751
630061
99383
828967
301022
269569
396304
111770
442221
146419
208335
510469
316106
603499
340234
376478
873333
255512
705627
350669
215511
930255
564952
776347
30287
219533
790570
902409
498906
968984
946252
882621
770397
452292
72482
847832
930386
146322
453043
649955
476173
519219
291845
794215
959978
194410
252948
896411
995349
564751
986222
558712
42102
413551
495854
585129
327095
28497
332691
219166
783411
425300
273084
963200
169724
457652
852546
132479
874505
253483
713522
976710
657723
512244
349157
638800
316170
928810
712766
882388
202384
420175
698176
311836
237938
725482
154377
695156
811559
831687
72367
277757
1000003
