800
987354
174457
878250
350523
843433
716359
138984
70917
514281
749930
806010
50678
666006
462091
511976
314525
646508
487380
78505
42996
826322
647464
313750
528683
312595
855171
578816
416845
996935
364528
190365
235473
386000
417761
586717
525440
645120
885230
751771
374781
43736
914669
298926
794294
251883
596650
303712
734438
474018
257347
797942
290692
788888
673827
177902
522891
304613
994969
867975
811879
952952
97108
419130
985401
422558
410813
726086
122055
760671
588977
879017
426883
916039
834394
246506
575990
463874
17193
445011
635721
971169
395249
561661
102640
371961
311779
864003
374068
372906
407394
43481
894939
347133
272450
803957
356149
105767
622946
184939
70790
741674
545635
366870
350347
868187
161540
148338
198699
594750
925788
464967
267515
505869
772851
284736
167278
967000
930684
782938
888024
850374
66419
327800
878877
965113
531855
105619
388090
200848
929509
113422
546863
140870
131993
646183
832008
265015
157569
704394
651591
412163
796248
538944
142320
21323
324123
139396
576305
196313
279491
316022
78891
756636
260320
558697
802401
522640
839375
966615
751356
237308
794584
82036
137016
26965
161382
370591
64559
534208
678243
81397
363456
649909
807536
451328
935068
743743
475518
168653
939693
720287
25420
920411
247586
598161
396797
579119
725723
343398
215701
977221
775214
188496
93392
487456
432916
643644
262431
842947
622260
316058
590336
861688
870729
340472
604472
683981
172914
301900
119536
436127
700182
379856
84649
246606
864753
662856
692190
729552
237568
781727
153909
803553
361093
146479
930657
430872
891191
347040
18839
357461
691914
723880
361578
96279
635094
632560
996741
953962
195943
163863
971525
133757
101664
168207
813873
689745
876108
969189
774038
217358
989571
354079
295363
119472
880821
890686
229470
490526
989334
203747
677410
911963
368230
900942
918518
393237
177627
933569
403434
7771
588462
485571
986128
840172
938815
570432
379381
116523
583334
480846
684091
588590
960279
164426
918292
502389
605681
451873
668957
901367
779043
285547
617109
286808
591867
491825
324792
593912
878861
406223
883068
184997
881212
792949
91559
187888
862504
601607
85131
895069
980084
753892
761951
396916
132082
685572
39356
812788
87982
733371
359729
79847
735444
173722
484483
461201
864447
220980
792708
98946
677150
371902
196558
336587
175109
977744
48925
132109
564558
892680
911046
518701
794345
751374
929176
203939
708423
605489
811534
21298
975327
578608
613421
202994
323868
676438
959296
526985
959075
575036
737262
716728
367556
231666
102837
610641
970492
225017
596677
210118
452901
762215
814075
212509
338747
541357
854008
711233
933259
160374
214878
323250
359162
248741
639335
936411
509679
272065
251937
292676
956894
690413
359690
743390
282674
65040
720132
880252
565078
738003
720116
853217
140641
597576
468413
552052
165340
227816
581972
92944
65264
565429
396416
929720
39665
477374
564081
445479
534721
634753
296442
901318
311842
540906
338859
885367
639388
262842
923663
686030
75655
845571
206015
721952
654454
993039
670369
32179
946560
666849
948993
656341
986988
768851
851977
47944
808568
517150
796576
842906
55046
49464
995421
269396
692388
519896
405031
511624
234870
968597
70635
853389
479426
5164
355000
126600
777048
262752
116986
746080
258780
644668
460369
23059
968754
467060
708109
472807
746436
18154
134280
501240
479858
811148
291424
925104
884183
453338
537808
428310
775797
37637
532715
944637
926268
541171
495412
758364
10812
292384
496476
334590
493924
513886
115801
769104
518454
443132
394975
47576
792585
127109
411005
867141
769850
578784
871959
634977
953328
654549
144572
139682
556811
673967
653923
32992
358057
409596
7751
349218
420820
667505
854300
758289
222731
520490
504044
585550
353388
35664
935699
23135
140155
320276
173395
558852
953105
131799
472021
560680
437859
697196
281341
344051
419374
166581
130472
860476
144188
698154
797765
897180
517270
206072
689293
274462
718791
589125
941728
283538
72456
996242
110334
966337
223949
908090
546142
998138
584043
630423
457454
106059
865252
779140
305064
948683
314577
885308
70734
121492
827946
505505
312834
787535
886453
218585
587076
556968
836105
184595
816392
901728
368638
26408
203571
436032
984372
437020
576818
227307
272764
827459
554871
810701
814502
869888
764561
705264
826215
728937
91623
744749
438119
203078
810769
257471
24677
172344
838228
798963
145544
180727
39095
141691
523587
154164
594374
789987
404003
566941
285795
38683
902712
653183
731587
933746
173406
932549
10316
397028
748775
865566
258634
915338
558630
43325
884488
945967
855322
148794
110097
795011
908470
289110
799363
905769
278985
789979
576524
275819
189455
460194
97668
929421
238867
882478
254823
633279
38527
413046
624685
130091
142018
23360
767944
898927
218140
634217
140986
434277
899785
123201
815952
38749
211144
109651
102654
711916
637190
138690
406616
89310
725868
195214
141291
48646
806018
142390
999030
770551
359422
738424
152712
274571
891437
40820
152055
606112
635773
276527
587130
904355
196965
586482
792484
799940
583473
93842
453566
178313
5933
741835
550271
912958
209389
495622
833194
584394
124856
420154
350724
309790
643791
213230
457137
960838
228957
836636
776555
671458
917628
69234
300573
689774
909345
22066
289122
668028
680422
162553
190741
221444
272307
506716
770260
905554
84999
196462
813270
946653
669096
977054
263334
924600
341477
826877
570236
62049
890309
769886
664182
592823
994958
41238
160312
9993
612211
110435
749341
205898
996827
269225
385752
134624
188106
702359
831084
8475
662318
999283
