800
348793
786652
283323
895389
768535
106608
601146
120560
374621
327090
912391
886169
384215
286803
972516
915778
611365
268348
8453
166625
230267
408551
233758
794346
95875
861467
98903
356885
478109
731714
446109
602503
508230
481448
240530
397472
883030
65106
79524
881056
835363
803641
543931
820598
493572
130914
51340
646439
830960
888987
286155
540695
114244
255571
619069
323768
13219
504279
386603
290764
796343
722149
725362
833624
263190
892014
743928
943399
100929
669741
141881
462263
86086
194783
792447
682501
926149
368606
518320
580592
126479
716190
132993
967116
872170
168450
467785
441350
10801
802588
197424
557551
561752
103232
633414
935591
496846
828931
332720
326951
972603
267989
152764
92906
606761
509496
274262
486009
333182
250268
229524
428434
63847
109849
940
641396
18705
177992
688197
195530
977105
67519
420202
981169
764324
332135
643483
726248
837200
260539
565054
398803
62761
163742
316211
729964
660015
19225
17925
332231
878613
277809
697724
14463
363677
418273
80783
450050
118238
671609
842870
586678
26535
415379
912478
65735
172734
333613
433718
416591
660865
717864
876454
877088
503278
887004
35744
725873
566974
49494
457550
618658
716523
196015
769963
695725
363539
958986
666606
990635
745013
395945
187232
118912
644248
60268
86799
179493
694986
731176
493787
96912
194566
446816
434861
15810
828783
714275
681480
827757
516281
48898
858231
989375
670439
673515
180390
125839
128750
905126
2253
255139
276793
450284
215111
260508
627526
885791
94337
932223
844525
24299
157517
537760
907137
787831
381270
833325
98447
672007
735086
537940
713540
710001
948036
316946
19819
186233
498161
753817
691859
499148
835249
907869
67662
150294
805871
947196
911446
874176
471544
520648
217163
166089
738002
400370
646424
786432
550630
649620
202419
208987
472664
192026
96642
531127
661943
72270
488411
368429
819792
54208
973348
590349
321885
612238
970713
497018
329435
961365
60268
265442
318713
201908
73479
505240
376172
860025
615725
63951
127391
412587
872702
802741
345608
496372
391513
201129
543318
78952
986972
886363
340230
492022
249287
146879
705173
501098
305278
901742
287504
256028
872045
606681
876167
636921
415686
161130
188064
57131
513381
402809
715911
555112
74901
882023
964803
750420
701036
974107
642852
721044
845265
812247
897305
866161
881950
509814
860318
245028
461472
130564
43474
769156
387323
465977
246822
492617
137259
246868
60146
412156
544613
591953
312802
353725
391836
585222
848205
946672
499807
481568
271270
986245
863839
651636
551499
707747
597391
105348
580347
198769
596452
406737
539493
51969
272700
683608
483675
332313
183387
558186
161573
448158
47440
470507
857650
654559
337078
802151
124586
202683
129366
952780
602334
27889
502250
544072
851681
155074
895164
513536
761968
661957
33389
314473
4108
616519
895890
608007
274601
314012
784185
561216
235326
313670
605321
846044
940413
748033
372935
149852
647837
5289
182901
905267
613266
46025
141781
58661
201567
916161
684875
766203
782529
283411
686752
762400
777868
835594
873763
934428
57492
627783
215082
911530
508162
845865
126710
447543
316102
578136
14964
199098
67435
237807
357728
145386
6278
654596
746244
868577
683208
60756
440414
263051
809907
416208
59488
362954
64105
692734
377297
142826
118240
290126
662673
723004
961202
399482
509433
752977
27089
904216
386209
20437
596888
52159
295355
337157
402108
600404
368348
438734
693793
63472
130075
818820
336201
296175
430034
256955
346727
600920
196930
891270
831634
677412
35987
818890
604885
634285
304696
564157
652835
640756
825265
660800
32680
40335
856618
913879
449274
419117
152257
984833
425006
578247
664357
714168
95303
73062
676633
968583
184138
489611
310104
41283
688877
801854
366867
928935
212653
617334
318742
776336
879807
888033
329608
390609
274974
832530
802641
976244
303427
508485
763478
85838
122995
13007
570592
975742
687922
730534
997146
123778
153813
607626
78393
671413
984373
39120
802934
574377
59008
916489
828599
378717
133417
206163
699916
266971
131519
282043
525332
533233
473372
589518
118720
600521
838068
286587
185263
274407
139533
244390
44153
166335
722061
881803
914120
690033
903599
918605
91551
644258
50896
877915
768190
198776
530150
645437
356126
49137
205071
207681
52887
245857
553543
166652
222946
15430
373236
934911
687608
340105
165788
211352
890137
617300
264438
671362
674664
501770
237534
881706
74611
143272
412513
574686
430417
459254
826296
405588
50725
979113
482258
337365
268351
95448
806794
728708
757345
737177
108024
432143
552798
92984
789091
297841
342558
103123
494996
496289
493567
691413
400070
266266
837846
401997
763449
259528
623251
980842
235941
382156
90242
881813
5964
547628
337774
940331
117288
46938
192736
528726
733700
664863
780997
323847
309799
930404
572653
57938
497130
677789
790256
310501
137387
30099
321899
203942
201178
619468
21672
681193
827313
210968
3036
64971
281856
500539
704265
964333
891814
246578
752004
955408
282012
431908
709521
992778
14123
584103
224938
227299
777726
469099
781982
148687
573010
831495
973463
793223
325961
501918
777396
785030
657566
297837
297044
538589
801139
92852
4212
726259
684039
942783
897968
680605
418179
835600
535462
273302
203955
83627
225976
198875
824786
549310
658031
607781
395774
848810
988989
799044
819146
926322
357147
748821
551346
862719
500305
197664
166633
590029
967636
388624
381647
535606
539465
581839
256319
247705
323304
953086
643268
51431
590203
865422
721067
105674
641670
658686
932531
440690
598465
524465
800353
50876
997574
