800
915326
723573
338593
146354
835118
479850
621798
56986
645637
644857
246652
926609
931425
493070
218812
438545
624433
810179
285479
275130
247170
532064
554682
963375
165738
955393
725418
834237
963851
726613
348925
895924
629828
154306
255877
593562
892666
495654
908409
750581
140798
721657
28465
609287
863515
896398
75454
807255
263551
704184
689379
138217
654212
647369
219828
374671
296729
158454
884618
344280
320401
997590
48353
280871
599432
614281
699086
825568
425198
489206
863839
987323
618481
218284
466833
295930
750539
376362
608744
384055
554661
270330
259567
801815
312358
337399
269900
614491
718429
437232
817855
165525
669831
752869
391607
288183
466109
720302
320913
250758
785725
531771
846318
693934
975251
464374
67631
723568
406115
769093
304400
944247
141654
55275
959710
686024
377759
63246
648278
650262
169897
803155
763292
371253
699615
353317
840148
844327
199191
351253
163169
428627
483612
993948
187064
622419
510486
131387
248736
324268
568152
201667
70792
896153
49862
817457
262596
685184
926241
111409
936230
100550
325233
829891
91061
687934
245454
410299
472077
675452
400138
464354
288850
218632
161918
292859
797906
656046
730032
181088
683639
367347
728990
751434
994661
603042
83689
620270
556854
154116
727905
305093
88463
550957
971497
642085
26527
790643
265479
434059
627380
340602
806794
220858
624441
170091
26392
133820
597584
152387
592019
428103
679752
712647
594472
518907
896571
693910
229236
843976
831047
489942
442386
662637
760167
908816
81477
3547
442669
367896
961471
701176
648990
739173
902476
450431
663082
84223
820766
471940
14918
196054
132917
40149
980392
785902
815659
274300
173214
72248
614425
636130
893324
756989
813098
548686
32768
440371
6778
632266
881652
992050
396458
213734
69023
154560
371715
941334
541496
300872
900868
255606
147144
823082
19401
135982
666858
165164
414874
517617
53922
528141
88590
797087
482904
554426
20506
576267
862000
232282
663867
33110
514694
438980
292027
132282
80139
837456
46370
36579
650743
451723
305981
438967
576874
704068
284228
739255
547
36483
484394
14269
660379
597401
810502
685797
335359
992403
812377
132425
310217
950088
644219
590052
363834
68050
936487
45784
811830
92633
763807
55882
464123
127499
347261
456171
360575
864360
282264
993618
201638
129849
546767
842373
931485
24032
37621
560663
107030
100235
178585
589355
17376
471938
899184
176086
625506
298528
560162
617251
146547
421727
715438
121712
251737
77068
258810
702965
577565
248537
150651
119269
265927
975313
220477
464620
769660
371622
243919
260825
834992
219174
737487
720854
554377
851980
447053
22674
510738
113587
50463
959
406168
267622
158273
647607
430437
516754
398502
127226
83222
420061
972767
81682
332699
188431
965479
115607
666763
754414
86089
551439
190754
114665
830382
255213
851544
93610
524039
623226
801630
660750
3283
282513
611000
520497
747661
328708
447602
709922
962422
826845
953536
39798
544442
198014
410870
206712
297602
442666
584160
848126
665621
645852
334911
556823
647659
18965
91233
866848
273808
379764
989851
363574
48753
526973
27366
468869
487751
376316
202196
303935
216349
723842
35757
930665
327615
226766
688874
957263
919297
364040
632525
889624
639273
973542
467419
234868
710202
995057
773687
421105
946334
250914
484253
129773
709551
78758
451255
865126
532066
58433
581407
937389
338960
762190
26866
84665
424482
74981
333645
811928
868313
566101
751079
472705
141752
608592
76939
590724
768014
193894
567152
925730
118948
175786
531319
652345
402751
658929
67968
337944
52754
66104
436456
22961
200323
567397
952483
674284
320856
857894
742515
735256
131774
414134
957635
914492
942326
976638
336738
953868
119516
569624
912991
234871
361301
80942
172029
643613
941525
943169
244051
599070
345483
349254
739395
865934
301161
407786
42772
875460
133651
190583
767855
105490
761827
920399
179827
803470
60823
607892
199669
78991
864408
781994
996823
720372
955239
983380
846147
842142
311206
420795
215365
382525
650177
483981
695427
441992
582007
839554
459737
891142
529481
733946
525461
728394
423997
60355
820684
667196
617551
299446
221463
664785
511797
388992
860206
339676
156686
807422
549278
789054
298022
120002
805546
727225
109288
221939
938108
92451
974881
751633
937862
237366
376301
489045
561210
7748
381696
244278
545634
403400
979091
774600
919580
464855
103656
950463
329270
124597
865276
781266
251810
24387
39369
744955
171414
442966
23669
54810
327235
682532
308506
127033
857903
164504
353587
960235
666865
341381
626015
104333
196297
183606
301525
686062
925785
157731
111781
144267
796484
905089
868711
514739
772514
471089
812290
515593
768093
501592
598810
313704
698795
775182
374295
687649
201320
341039
295567
419487
988750
673872
245455
920684
664084
218252
853195
279692
321441
227260
817375
597191
139500
35652
592961
722117
364978
689994
743494
131857
53650
513410
184909
996224
250312
915109
894924
739179
839748
254272
656501
72215
850982
758441
6340
879414
439641
994316
87720
689542
86665
954915
176715
924632
9474
225924
296384
946283
340455
2324
339336
309815
962507
194201
392833
932229
460015
764846
751788
350459
286873
808143
127257
873334
355213
542804
140465
936784
285610
309051
176416
89665
248548
167774
456861
870561
870938
570115
933207
222283
952596
737874
937342
376798
438490
401121
671211
291741
59635
285611
500588
896438
399801
703392
792176
244832
629525
362326
892491
547997
774557
325277
741927
862751
274055
451248
357448
139911
280328
935366
199290
480584
704141
546952
395929
569258
318421
159198
997826
