20
0
0
0
0
0
2
0
0
0
6
2
9
0
6
0
0
0
16
0
0
0
0
0
10
0
0
0
0
0
0
0
0
0
7
0
0
2
0
0
0
0
0
0
14
8
0
6
0
0
0
0
0
0
3
0
0
0
3
0
0
0
0
0
0
15
0
0
17
1
0
0
0
0
0
0
0
0
0
0
0
0
0
0
4
0
0
1
0
0
0
0
0
0
0
0
0
0
0
13
0
16
0
0
0
0
0
0
0
16
0
16
0
7
0
0
0
0
0
0
0
0
0
0
0
0
0
0
0
0
0
0
0
0
0
0
0
0
0
0
0
19
7
0
0
0
0
19
0
0
0
4
0
0
0
0
0
10
0
3
0
0
0
6
0
0
0
0
0
13
0
0
0
0
0
0
3
0
0
0
0
0
13
0
18
0
0
0
0
9
11
0
0
0
0
0
0
0
0
0
0
0
0
0
0
12
0
0
0
0
5
10
12
0
0
0
0
14
0
0
0
5
0
0
0
0
0
2
0
0
0
0
0
0
15
0
0
0
0
0
0
0
0
0
0
0
4
0
0
16
0
18
0
0
0
0
0
11
0
0
0
5
0
0
0
0
0
0
0
0
0
0
0
0
0
11
0
7
0
0
0
0
0
0
0
0
0
0
0
0
0
0
0
0
0
0
0
11
14
0
0
0
0
0
0
0
0
0
0
0
0
7
0
0
3
0
0
0
1
0
0
8
0
0
0
0
0
8
0
0
0
0
0
0
0
0
0
0
0
0
0
0
0
0
0
0
0
0
0
0
0
0
0
0
0
7
0
5
0
0
0
0
0
0
0
0
0
0
0
0
0
6
0
0
0
19
0
0
0
0
0
0
6
0
0
0
0
0
19
0
0
4
0
0
0
0
0
0
0
0
0
0
3
1
2
3
2
