20
0
0
10
0
0
15
0
0
0
0
0
0
0
0
0
0
0
16
12
0
1
16
0
0
0
0
0
0
0
0
0
0
0
15
0
0
0
0
0
10
0
0
12
13
0
0
0
0
0
0
0
0
0
0
0
0
0
0
0
0
0
0
0
0
0
0
0
0
0
0
0
0
0
0
0
0
0
17
0
0
0
0
0
0
0
0
0
13
0
0
0
0
0
0
0
0
0
0
0
0
0
0
0
0
0
0
10
0
0
0
0
0
0
0
0
0
0
0
0
0
0
0
0
0
0
0
0
19
0
13
7
0
0
5
0
0
0
0
0
0
0
0
9
0
3
0
0
13
0
0
17
0
0
0
0
0
0
0
0
0
0
4
0
0
0
0
0
0
7
0
0
0
0
4
0
0
0
0
0
0
14
0
0
0
0
0
0
0
0
0
0
0
0
0
0
18
7
0
0
0
0
0
0
0
0
11
0
0
0
0
0
0
0
0
8
0
0
0
14
5
0
19
0
9
0
0
8
4
0
0
0
0
17
0
5
7
0
0
0
0
0
0
0
0
0
0
0
0
12
0
0
9
9
0
0
0
0
6
0
0
0
8
0
0
0
0
0
0
0
0
0
0
0
0
0
0
0
0
0
0
0
0
0
0
0
0
0
0
0
0
0
0
0
0
0
0
0
0
0
4
0
0
0
0
0
0
11
0
0
0
0
0
16
0
0
0
0
0
3
0
0
0
0
0
0
15
0
0
0
0
0
0
0
0
0
0
0
2
14
0
0
0
6
9
4
0
0
0
0
0
0
0
0
0
9
0
0
0
0
0
0
17
0
0
0
0
3
0
0
0
0
12
0
0
0
0
0
0
0
7
0
0
7
0
0
0
0
0
0
0
15
0
0
6
0
5
0
0
0
0
0
3
1
2
3
1
