20
0
0
5
0
0
0
0
0
0
0
0
0
13
17
0
0
0
0
0
0
0
0
0
13
0
0
0
0
0
0
0
18
0
10
11
0
0
0
0
11
0
0
0
0
0
0
0
0
0
0
4
8
0
0
0
0
4
13
0
0
0
0
0
0
0
17
0
19
0
0
0
0
0
0
0
0
0
0
0
0
0
0
0
0
0
0
0
0
0
0
0
0
6
0
0
0
0
0
0
0
0
0
15
0
9
0
0
19
0
0
0
0
0
0
0
0
0
15
0
0
0
0
0
0
0
7
0
0
0
16
11
0
2
0
0
0
0
0
5
0
0
0
15
0
0
0
0
0
0
11
0
0
0
0
0
0
4
0
0
0
0
0
0
0
0
12
0
0
1
0
1
0
0
0
0
0
0
12
0
0
14
0
0
0
0
0
0
0
0
11
0
0
3
0
0
0
0
0
0
11
0
8
0
0
14
0
0
0
0
0
0
0
0
0
0
8
0
4
0
0
0
0
4
0
0
0
0
0
0
0
0
0
0
0
0
0
0
0
0
0
0
4
0
0
0
0
0
0
0
0
0
0
0
0
0
0
17
0
0
0
0
0
0
0
0
0
5
4
0
0
0
0
0
0
18
0
0
0
19
0
0
0
0
0
0
6
8
0
0
0
8
0
0
0
0
0
0
0
0
0
18
0
0
0
0
0
0
0
0
13
1
0
0
0
14
0
0
0
0
0
0
0
0
0
0
0
0
0
4
0
0
0
0
0
0
0
9
0
0
0
0
0
4
0
0
0
0
0
9
0
0
0
0
0
0
0
0
0
0
0
15
0
0
0
0
0
0
11
0
0
9
0
0
0
0
0
0
0
0
13
10
15
17
0
0
0
0
0
0
0
0
0
0
0
0
14
0
0
13
0
0
3
1
2
3
1
