10000
3
5
10
13
16
23
26
27
28
28
29
31
32
34
39
41
44
44
45
46
46
51
61
62
63
63
64
66
75
75
78
80
81
83
85
88
88
90
90
94
96
105
106
106
110
111
115
117
120
121
126
128
130
134
141
147
147
147
148
151
156
157
159
165
166
170
174
182
186
190
193
195
196
197
200
201
201
202
204
204
208
210
211
216
220
225
226
229
231
240
243
245
247
256
258
269
270
274
276
276
277
279
280
280
284
284
286
289
300
303
304
309
316
316
317
318
331
337
346
350
355
356
362
365
366
369
372
375
378
381
387
390
392
392
393
394
394
400
406
409
418
418
418
419
427
429
429
433
434
436
437
438
440
440
441
447
448
449
459
465
471
472
473
475
477
482
484
497
498
500
500
500
503
507
512
517
519
520
521
524
529
530
537
539
539
547
551
554
554
557
561
572
574
576
577
581
586
588
590
594
606
608
612
614
614
616
616
619
622
622
623
627
629
630
631
632
635
635
638
648
656
658
660
661
661
661
662
664
672
676
677
683
685
690
700
700
706
709
710
711
716
716
718
725
726
729
735
736
741
744
744
746
748
748
750
750
754
761
766
768
772
773
775
775
775
775
777
780
786
787
789
791
791
795
800
801
802
806
806
808
815
817
820
820
826
831
832
833
836
842
844
846
849
850
852
852
859
859
860
862
863
863
870
870
871
876
885
885
886
886
887
888
893
895
897
899
900
901
903
903
903
911
921
925
929
930
932
933
943
943
946
947
948
955
957
957
962
963
963
963
969
972
973
974
975
977
988
989
990
993
1001
1002
1008
1016
1029
1030
1033
1035
1036
1040
1040
1043
1044
1046
1046
1046
1047
1047
1048
1049
1049
1050
1051
1051
1051
1054
1056
1057
1058
1065
1065
1065
1067
1069
1070
1072
1079
1080
1080
1082
1084
1084
1089
1093
1096
1097
1099
1110
1112
1113
1118
1120
1125
1126
1127
1128
1131
1132
1137
1140
1140
1146
1147
1152
1156
1158
1159
1160
1163
1166
1167
1182
1183
1185
1185
1186
1186
1188
1191
1197
1199
1199
1202
1205
1208
1210
1214
1215
1215
1215
1223
1224
1226
1229
1229
1230
1230
1235
1238
1243
1245
1248
1249
1254
1258
1259
1260
1271
1272
1274
1274
1275
1285
1287
1288
1290
1291
1291
1292
1292
1294
1297
1305
1308
1320
1326
1341
1343
1345
1354
1372
1375
1378
1379
1381
1382
1390
1397
1404
1410
1415
1421
1423
1439
1445
1455
1455
1456
1460
1472
1473
1474
1474
1475
1479
1479
1482
1484
1486
1487
1495
1496
1496
1497
1502
1502
1502
1504
1515
1516
1519
1520
1521
1525
1525
1527
1530
1535
1544
1545
1545
1547
1547
1552
1552
1560
1561
1564
1566
1570
1571
1578
1579
1583
1587
1588
1592
1596
1596
1598
1600
1601
1602
1603
1604
1605
1609
1619
1621
1623
1626
1627
1628
1635
1635
1641
1642
1643
1657
1657
1660
1664
1666
1666
1677
1678
1680
1681
1682
1689
1689
1689
1692
1693
1695
1699
1701
1702
1705
1706
1709
1720
1721
1722
1729
1730
1730
1731
1733
1733
1737
1740
1741
1741
1741
1743
1747
1748
1754
1757
1758
1760
1761
1766
1775
1775
1777
1795
1802
1805
1806
1810
1817
1818
1821
1822
1826
1826
1828
1828
1828
1836
1838
1840
1843
1847
1849
1850
1860
1861
1863
1872
1875
1878
1880
1881
1885
1886
1886
1891
1898
1898
1904
1905
1908
1911
1918
1919
1920
1922
1928
1929
1930
1931
1932
1932
1933
1935
1941
1941
1941
1941
1943
1948
1950
1950
1951
1951
1953
1960
1962
1968
1970
1975
1979
1980
1983
1989
1991
1992
1994
2002
2004
2005
2011
2012
2014
2019
2025
2034
2035
2038
2038
2045
2045
2048
2048
2049
2058
2067
2069
2071
2072
2073
2078
2080
2080
2081
2084
2088
2091
2099
2102
2102
2112
2121
2122
2125
2130
2133
2133
2135
2140
2143
2150
2154
2156
2157
2157
2159
2161
2164
2165
2167
2168
2176
2177
2185
2187
2189
2190
2191
2191
2192
2193
2193
2200
2201
2202
2212
2215
2220
2225
2227
2231
2232
2238
2240
2241
2247
2249
2251
2252
2252
2255
2256
2258
2258
2265
2274
2277
2279
2281
2287
2287
2288
2289
2291
2295
2296
2297
2297
2302
2303
2307
2307
2313
2314
2325
2328
2332
2336
2355
2360
2362
2363
2364
2364
2364
2365
2369
2370
2372
2375
2376
2376
2377
2382
2385
2387
2392
2396
2397
2403
2404
2406
2408
2414
2415
2417
2418
2420
2422
2429
2430
2434
2436
2439
2445
2463
2468
2470
2476
2477
2478
2479
2484
2484
2487
2491
2492
2496
2510
2510
2513
2520
2531
2535
2535
2538
2545
2546
2547
2552
2554
2554
2559
2561
2561
2566
2568
2570
2572
2572
2577
2580
2581
2588
2592
2592
2598
2599
2602
2604
2605
2622
2623
2627
2627
2630
2632
2639
2639
2644
2650
2656
2663
2663
2664
2665
2666
2675
2679
2683
2685
2687
2691
2694
2696
2702
2704
2708
2713
2723
2732
2733
2737
2739
2742
2744
2745
2749
2751
2754
2763
2765
2768
2768
2770
2771
2775
2775
2776
2782
2783
2788
2794
2797
2797
2800
2803
2804
2813
2816
2822
2827
2827
2830
2830
2837
2841
2841
2845
2846
2846
2851
2851
2852
2854
2854
2855
2856
2858
2859
2861
2861
2864
2864
2882
2882
2884
2893
2894
2895
2896
2900
2905
2910
2911
2912
2918
2919
2920
2922
2922
2923
2928
2928
2931
2935
2936
2940
2943
2945
2947
2947
2949
2953
2966
2969
2970
2970
2972
2976
2985
2997
2999
3006
3010
3011
3012
3013
3017
3018
3021
3027
3031
3035
3036
3038
3047
3049
3052
3054
3055
3058
3065
3068
3068
3070
3071
3072
3076
3076
3076
3077
3078
3080
3082
3082
3085
3086
3089
3090
3090
3092
3094
3102
3104
3106
3108
3109
3117
3118
3118
3118
3121
3122
3122
3124
3125
3127
3129
3132
3132
3135
3140
3145
3149
3150
3154
3154
3156
3157
3158
3162
3163
3165
3170
3175
3177
3178
3185
3191
3196
3197
3198
3199
3201
3202
3204
3204
3204
3205
3209
3214
3216
3217
3220
3223
3223
3224
3224
3226
3229
3230
3235
3238
3238
3241
3244
3244
3245
3249
3256
3260
3264
3264
3265
3266
3267
3269
3270
3281
3281
3282
3282
3288
3291
3295
3295
3301
3303
3304
3307
3310
3311
3312
3316
3317
3318
3318
3320
3325
3327
3329
3329
3330
3334
3334
3335
3337
3341
3344
3351
3353
3359
3359
3361
3366
3366
3367
3377
3378
3379
3382
3389
3395
3397
3400
3408
3418
3422
3426
3427
3429
3435
3443
3451
3452
3452
3457
3463
3472
3472
3477
3478
3480
3485
3489
3495
3496
3502
3503
3504
3509
3516
3519
3529
3540
3542
3545
3547
3548
3550
3554
3559
3561
3563
3577
3578
3582
3589
3592
3593
3596
3602
3607
3608
3609
3610
3612
3615
3620
3621
3628
3631
3632
3634
3637
3638
3640
3641
3644
3650
3656
3658
3661
3662
3680
3682
3685
3685
3687
3687
3689
3690
3698
3703
3705
3707
3710
3710
3711
3714
3719
3721
3729
3731
3732
3735
3736
3738
3740
3741
3744
3744
3750
3753
3757
3767
3772
3773
3773
3776
3777
3778
3786
3791
3792
3793
3794
3798
3800
3801
3803
3804
3804
3807
3817
3819
3828
3832
3834
3843
3845
3845
3846
3846
3847
3848
3855
3856
3861
3864
3864
3866
3873
3874
3876
3876
3889
3891
3891
3899
3901
3901
3902
3908
3910
3913
3915
3925
3927
3930
3932
3936
3937
3938
3938
3942
3950
3953
3956
3959
3959
3960
3969
3979
3983
3985
3986
3989
3997
4007
4010
4011
4015
4015
4016
4017
4022
4025
4027
4031
4033
4036
4037
4039
4040
4041
4046
4047
4051
4053
4054
4061
4064
4073
4080
4082
4083
4087
4089
4091
4096
4098
4100
4100
4102
4102
4103
4108
4112
4116
4120
4130
4130
4132
4132
4133
4134
4135
4139
4141
4143
4143
4144
4148
4152
4156
4159
4164
4167
4167
4174
4176
4178
4181
4184
4185
4187
4187
4192
4195
4197
4198
4204
4210
4213
4213
4219
4220
4224
4226
4229
4232
4245
4248
4249
4256
4257
4258
4274
4277
4280
4283
4283
4285
4288
4290
4294
4295
4297
4299
4301
4306
4306
4307
4308
4312
4313
4317
4317
4318
4320
4320
4324
4328
4330
4331
4331
4331
4333
4337
4337
4338
4340
4342
4343
4345
4345
4346
4346
4351
4362
4377
4380
4384
4387
4389
4395
4400
4401
4404
4408
4409
4413
4415
4416
4417
4419
4420
4420
4432
4432
4433
4434
4434
4446
4446
4447
4448
4452
4453
4458
4462
4463
4466
4475
4476
4478
4479
4483
4485
4489
4498
4500
4506
4511
4523
4525
4530
4532
4535
4544
4545
4547
4549
4551
4552
4559
4560
4563
4567
4572
4573
4576
4579
4585
4587
4590
4593
4594
4595
4596
4596
4596
4597
4598
4599
4601
4601
4602
4608
4610
4614
4614
4626
4626
4635
4638
4647
4654
4657
4663
4666
4667
4670
4674
4674
4675
4681
4683
4685
4691
4691
4692
4697
4702
4704
4705
4710
4711
4711
4713
4715
4720
4721
4724
4733
4741
4748
4753
4755
4756
4762
4765
4765
4774
4776
4780
4781
4782
4788
4790
4791
4792
4792
4797
4799
4799
4800
4800
4800
4805
4807
4808
4812
4816
4817
4823
4826
4842
4857
4861
4865
4867
4870
4871
4873
4874
4874
4874
4877
4880
4881
4881
4889
4890
4893
4897
4899
4900
4903
4917
4921
4924
4927
4930
4933
4942
4943
4945
4952
4954
4955
4956
4957
4958
4965
4969
4975
4977
4978
4979
4982
4986
4986
4987
4987
4988
4989
4995
4995
4995
4998
5006
5007
5008
5008
5011
5015
5019
5024
5025
5031
5043
5044
5047
5049
5050
5051
5054
5054
5058
5061
5064
5066
5067
5076
5078
5081
5082
5084
5086
5090
5092
5093
5094
5095
5099
5101
5104
5104
5108
5110
5115
5116
5118
5118
5122
5126
5129
5129
5132
5133
5143
5144
5153
5155
5160
5161
5163
5166
5167
5169
5171
5175
5177
5178
5187
5191
5193
5194
5194
5201
5201
5209
5217
5223
5225
5227
5231
5232
5233
5236
5236
5242
5246
5246
5264
5266
5270
5274
5277
5280
5281
5287
5291
5292
5293
5296
5298
5301
5302
5307
5315
5316
5317
5318
5319
5321
5322
5327
5329
5335
5342
5343
5345
5346
5346
5356
5367
5368
5372
5372
5374
5376
5378
5379
5386
5388
5391
5396
5396
5396
5399
5404
5405
5405
5410
5415
5416
5420
5427
5429
5429
5433
5434
5435
5445
5445
5447
5449
5457
5461
5464
5467
5470
5479
5484
5484
5486
5486
5490
5494
5501
5514
5516
5517
5518
5520
5523
5523
5524
5532
5539
5539
5552
5554
5556
5561
5571
5572
5574
5583
5585
5588
5588
5589
5594
5595
5598
5604
5605
5605
5611
5622
5626
5628
5629
5629
5629
5630
5631
5633
5635
5642
5642
5644
5647
5647
5649
5653
5655
5666
5668
5670
5672
5674
5675
5675
5676
5679
5680
5694
5695
5696
5701
5704
5704
5705
5713
5716
5725
5726
5730
5731
5745
5746
5751
5763
5765
5767
5769
5770
5770
5771
5773
5779
5804
5808
5810
5817
5819
5820
5821
5822
5826
5828
5828
5838
5845
5845
5845
5849
5849
5852
5853
5853
5854
5855
5855
5859
5859
5860
5861
5864
5864
5865
5865
5868
5869
5869
5872
5876
5876
5878
5881
5881
5883
5883
5884
5889
5890
5891
5891
5904
5907
5915
5916
5921
5922
5924
5927
5929
5931
5932
5933
5934
5937
5940
5947
5947
5947
5949
5956
5961
5967
5967
5970
5972
5972
5981
5981
5982
5986
5987
5991
6001
6004
6008
6010
6013
6016
6016
6018
6023
6028
6031
6033
6036
6039
6047
6051
6052
6053
6053
6057
6058
6061
6064
6064
6066
6066
6067
6068
6071
6077
6077
6079
6081
6087
6089
6090
6090
6097
6106
6108
6110
6116
6122
6125
6126
6131
6132
6145
6148
6151
6153
6156
6157
6158
6160
6160
6168
6169
6172
6186
6186
6189
6195
6196
6197
6207
6207
6208
6211
6214
6215
6218
6222
6224
6229
6232
6235
6235
6235
6244
6250
6262
6267
6268
6269
6273
6276
6287
6288
6297
6301
6305
6307
6310
6311
6314
6314
6315
6318
6319
6323
6330
6330
6335
6337
6339
6342
6342
6346
6348
6349
6358
6367
6370
6370
6371
6375
6377
6381
6382
6385
6386
6391
6392
6392
6394
6395
6397
6402
6403
6404
6406
6408
6408
6408
6411
6417
6421
6422
6423
6424
6427
6428
6431
6433
6434
6439
6447
6451
6455
6455
6464
6467
6469
6472
6477
6479
6482
6490
6499
6499
6502
6503
6509
6514
6514
6515
6516
6516
6527
6527
6530
6535
6538
6540
6541
6543
6546
6549
6550
6553
6554
6557
6560
6561
6564
6566
6568
6568
6568
6574
6575
6575
6575
6579
6582
6582
6586
6586
6591
6596
6597
6601
6607
6615
6618
6620
6620
6621
6623
6630
6631
6634
6638
6639
6643
6644
6645
6646
6655
6663
6663
6663
6665
6668
6671
6675
6680
6684
6687
6688
6688
6688
6695
6700
6702
6702
6707
6708
6718
6719
6720
6724
6724
6729
6732
6736
6743
6745
6746
6747
6751
6754
6758
6762
6767
6770
6773
6776
6782
6791
6793
6797
6799
6799
6801
6802
6802
6803
6803
6804
6806
6806
6810
6811
6811
6817
6821
6825
6827
6829
6831
6833
6843
6845
6847
6848
6851
6856
6860
6863
6863
6873
6885
6887
6892
6894
6897
6900
6904
6906
6907
6907
6908
6915
6916
6920
6923
6923
6926
6936
6949
6954
6961
6971
6972
6973
6974
6981
6984
6985
6998
7007
7009
7009
7012
7013
7021
7024
7025
7028
7029
7029
7034
7041
7041
7044
7044
7045
7045
7050
7051
7052
7053
7055
7058
7060
7063
7077
7078
7080
7080
7083
7086
7088
7088
7093
7095
7097
7101
7106
7107
7107
7107
7113
7114
7117
7120
7122
7122
7123
7126
7126
7128
7133
7138
7139
7141
7145
7151
7155
7158
7158
7158
7159
7162
7173
7174
7177
7179
7179
7179
7179
7181
7182
7182
7188
7189
7189
7190
7194
7197
7197
7199
7201
7201
7202
7203
7206
7215
7216
7217
7220
7221
7226
7227
7227
7229
7230
7233
7234
7237
7238
7243
7243
7247
7249
7249
7251
7252
7255
7260
7262
7267
7269
7274
7276
7278
7279
7280
7282
7290
7293
7296
7297
7309
7310
7312
7315
7317
7318
7321
7325
7326
7328
7329
7330
7332
7337
7340
7340
7349
7354
7354
7355
7357
7357
7359
7362
7366
7370
7374
7379
7384
7384
7385
7386
7389
7401
7404
7406
7407
7409
7409
7411
7412
7415
7415
7420
7421
7428
7429
7432
7433
7435
7439
7445
7446
7447
7449
7454
7454
7458
7460
7461
7463
7467
7471
7473
7473
7479
7479
7486
7497
7498
7499
7504
7506
7506
7510
7513
7517
7517
7520
7524
7526
7528
7529
7532
7532
7534
7536
7537
7543
7543
7544
7549
7552
7557
7557
7559
7565
7569
7578
7582
7585
7587
7587
7589
7592
7606
7612
7612
7614
7615
7618
7618
7621
7626
7632
7637
7639
7639
7640
7641
7644
7654
7665
7678
7679
7683
7686
7687
7689
7691
7698
7700
7701
7703
7703
7705
7705
7708
7708
7708
7708
7709
7712
7712
7712
7715
7720
7722
7724
7728
7728
7732
7736
7736
7737
7738
7743
7745
7746
7749
7750
7752
7753
7756
7763
7767
7771
7772
7775
7776
7777
7786
7793
7793
7795
7800
7807
7811
7812
7816
7820
7820
7822
7825
7826
7826
7826
7827
7827
7828
7830
7832
7834
7834
7839
7841
7841
7841
7847
7857
7861
7861
7863
7865
7869
7872
7885
7886
7886
7887
7896
7896
7896
7896
7901
7904
7913
7914
7918
7919
7921
7924
7925
7931
7941
7942
7943
7943
7946
7947
7952
7956
7957
7957
7964
7966
7968
7971
7977
7981
7985
7987
7988
7988
7991
7992
7993
7994
7997
7997
8001
8004
8005
8006
8012
8013
8013
8033
8037
8038
8040
8041
8045
8049
8061
8064
8064
8066
8067
8068
8073
8074
8075
8080
8082
8087
8087
8088
8088
8091
8097
8099
8114
8115
8117
8118
8131
8132
8133
8136
8136
8138
8145
8148
8150
8158
8160
8163
8165
8172
8176
8179
8179
8180
8182
8185
8186
8189
8193
8193
8193
8196
8200
8204
8213
8217
8217
8218
8221
8225
8225
8225
8225
8225
8226
8227
8229
8229
8240
8243
8243
8244
8244
8247
8249
8250
8251
8252
8252
8252
8252
8260
8282
8288
8288
8289
8289
8294
8302
8304
8308
8309
8309
8312
8318
8318
8321
8325
8327
8335
8336
8337
8347
8349
8364
8366
8367
8368
8370
8374
8375
8394
8398
8403
8408
8409
8414
8419
8423
8425
8427
8430
8434
8437
8439
8439
8442
8443
8444
8446
8447
8447
8452
8453
8456
8459
8460
8465
8465
8472
8475
8476
8477
8479
8480
8486
8494
8496
8503
8504
8508
8513
8515
8518
8518
8524
8525
8530
8531
8531
8533
8534
8538
8539
8542
8548
8550
8562
8565
8568
8571
8573
8573
8576
8578
8589
8591
8592
8593
8595
8598
8603
8608
8608
8610
8611
8618
8619
8625
8634
8635
8642
8654
8657
8658
8659
8660
8662
8662
8663
8665
8665
8668
8674
8676
8677
8677
8679
8681
8687
8693
8694
8697
8697
8711
8712
8714
8716
8717
8720
8721
8723
8724
8727
8729
8734
8735
8736
8738
8746
8753
8759
8760
8763
8763
8767
8768
8775
8776
8776
8777
8777
8780
8782
8783
8785
8787
8798
8801
8802
8803
8809
8811
8812
8815
8816
8818
8819
8820
8823
8825
8825
8833
8834
8836
8837
8846
8846
8849
8859
8870
8872
8872
8879
8883
8884
8886
8888
8891
8894
8900
8901
8902
8902
8905
8907
8908
8910
8912
8914
8915
8915
8917
8918
8924
8929
8929
8932
8937
8941
8946
8950
8950
8951
8955
8960
8961
8962
8966
8969
8974
8976
8977
8982
8984
8984
8986
8996
8999
9009
9012
9017
9022
9031
9032
9043
9046
9047
9047
9054
9055
9056
9059
9061
9062
9064
9072
9073
9074
9076
9076
9079
9084
9085
9085
9089
9090
9103
9104
9110
9114
9115
9115
9123
9124
9128
9134
9141
9146
9154
9155
9155
9157
9158
9161
9167
9169
9171
9172
9175
9179
9185
9191
9192
9192
9195
9196
9198
9207
9216
9217
9219
9219
9222
9224
9225
9228
9229
9236
9241
9245
9248
9252
9252
9253
9253
9256
9258
9268
9268
9271
9272
9272
9275
9275
9276
9276
9278
9285
9303
9304
9308
9310
9316
9322
9327
9328
9332
9335
9339
9341
9342
9350
9351
9359
9362
9367
9370
9376
9377
9378
9379
9380
9385
9387
9391
9397
9397
9398
9399
9399
9401
9406
9408
9408
9409
9410
9412
9412
9415
9418
9418
9420
9424
9426
9429
9432
9434
9436
9436
9438
9448
9455
9464
9475
9476
9477
9480
9481
9482
9484
9499
9500
9505
9506
9507
9512
9513
9522
9526
9527
9532
9532
9539
9540
9543
9544
9550
9551
9555
9558
9565
9569
9572
9585
9586
9596
9597
9600
9601
9601
9604
9604
9609
9613
9615
9616
9617
9629
9632
9632
9632
9634
9638
9642
9642
9644
9645
9646
9653
9654
9664
9669
9671
9674
9675
9677
9678
9679
9689
9690
9695
9707
9708
9708
9708
9717
9720
9724
9736
9736
9744
9745
9753
9755
9756
9760
9771
9774
9774
9778
9782
9805
9806
9808
9809
9816
9817
9820
9824
9831
9837
9839
9846
9846
9847
9854
9857
9862
9877
9878
9879
9881
9887
9889
9891
9891
9893
9897
9899
9906
9906
9907
9911
9911
9911
9911
9915
9919
9921
9922
9939
9939
9939
9943
9944
9949
9951
9957
9959
9970
9970
9973
9973
9976
9978
9979
9982
9984
9986
9991
9991
9994
9995
9995
9998
10004
10009
10010
10012
10014
10020
10023
10025
10031
10031
10034
10034
10039
10040
10043
10044
10048
10050
10054
10054
10065
10069
10073
10073
10076
10079
10080
10086
10094
10103
10104
10114
10115
10118
10118
10121
10125
10125
10127
10131
10137
10141
10147
10150
10151
10151
10155
10155
10158
10162
10162
10164
10169
10171
10171
10174
10176
10185
10188
10195
10195
10195
10197
10197
10198
10200
10212
10215
10215
10218
10225
10226
10232
10235
10236
10240
10241
10242
10243
10244
10251
10259
10262
10273
10273
10283
10286
10286
10291
10292
10296
10302
10302
10312
10316
10317
10326
10337
10342
10344
10347
10348
10349
10352
10355
10355
10381
10383
10384
10387
10395
10396
10403
10404
10405
10408
10410
10410
10416
10418
10423
10424
10427
10429
10433
10434
10440
10441
10444
10452
10459
10470
10472
10479
10480
10489
10491
10495
10499
10500
10505
10506
10508
10508
10509
10510
10518
10518
10519
10519
10522
10523
10524
10524
10527
10532
10534
10535
10540
10542
10543
10547
10548
10551
10551
10555
10558
10562
10569
10570
10574
10577
10587
10588
10591
10592
10592
10594
10598
10604
10607
10611
10613
10613
10615
10615
10621
10627
10628
10629
10632
10637
10644
10654
10659
10660
10662
10667
10672
10675
10679
10683
10683
10694
10697
10698
10702
10705
10706
10708
10710
10717
10718
10719
10724
10724
10725
10726
10728
10728
10729
10739
10741
10746
10747
10753
10753
10757
10762
10770
10772
10782
10788
10789
10789
10792
10795
10799
10800
10801
10805
10807
10814
10816
10820
10824
10825
10825
10828
10834
10838
10839
10840
10841
10843
10848
10849
10849
10856
10857
10861
10863
10863
10864
10867
10875
10879
10880
10888
10891
10898
10902
10905
10909
10926
10928
10931
10933
10939
10939
10942
10945
10946
10947
10948
10950
10951
10951
10957
10962
10963
10966
10973
10973
10973
10981
10983
10986
10987
10988
10994
10996
10997
10997
11003
11004
11008
11013
11014
11015
11020
11037
11038
11042
11047
11048
11050
11053
11054
11081
11083
11084
11087
11090
11090
11094
11098
11101
11103
11103
11109
11119
11119
11120
11124
11126
11126
11128
11128
11129
11131
11131
11134
11137
11138
11141
11142
11143
11143
11144
11148
11152
11156
11162
11165
11170
11172
11172
11174
11177
11182
11186
11189
11189
11192
11192
11194
11199
11202
11206
11209
11209
11212
11215
11215
11215
11217
11219
11223
11228
11232
11243
11248
11249
11250
11254
11259
11266
11267
11271
11284
11286
11288
11294
11295
11298
11306
11309
11309
11311
11313
11322
11327
11332
11334
11335
11336
11340
11343
11347
11347
11353
11355
11355
11357
11361
11364
11372
11376
11377
11378
11380
11380
11382
11385
11387
11389
11391
11394
11394
11397
11400
11401
11401
11403
11403
11409
11411
11415
11417
11417
11421
11422
11422
11423
11423
11424
11426
11430
11437
11438
11451
11451
11452
11452
11452
11458
11460
11463
11463
11464
11468
11474
11475
11478
11480
11481
11483
11487
11487
11492
11493
11506
11514
11514
11515
11518
11519
11528
11528
11528
11537
11538
11540
11542
11564
11566
11566
11577
11578
11579
11589
11592
11593
11594
11599
11599
11607
11608
11610
11616
11620
11621
11621
11621
11625
11628
11629
11630
11634
11635
11640
11641
11641
11643
11645
11649
11656
11656
11658
11659
11660
11663
11674
11677
11680
11685
11688
11691
11691
11692
11697
11700
11708
11717
11720
11720
11721
11726
11727
11727
11729
11730
11730
11730
11730
11737
11738
11742
11748
11753
11763
11766
11768
11769
11776
11781
11786
11786
11789
11790
11790
11792
11801
11805
11805
11807
11811
11817
11822
11824
11825
11828
11828
11829
11830
11838
11849
11849
11851
11852
11856
11859
11859
11860
11864
11864
11869
11870
11871
11874
11876
11878
11879
11881
11884
11884
11885
11886
11888
11896
11899
11901
11902
11904
11907
11910
11910
11915
11917
11918
11920
11924
11931
11931
11933
11933
11934
11942
11947
11957
11960
11960
11960
11966
11971
11972
11974
11975
11975
11976
11976
11976
11981
11982
11994
11995
12005
12005
12012
12014
12017
12017
12022
12022
12036
12037
12040
12041
12042
12046
12047
12055
12056
12057
12063
12064
12073
12075
12076
12079
12079
12082
12082
12082
12083
12084
12086
12100
12103
12104
12107
12111
12114
12120
12121
12123
12124
12126
12127
12129
12132
12138
12146
12154
12157
12157
12171
12171
12171
12172
12172
12179
12181
12183
12187
12188
12191
12192
12197
12198
12199
12201
12203
12207
12211
12214
12220
12220
12221
12225
12226
12227
12234
12237
12245
12246
12251
12256
12256
12260
12262
12262
12266
12268
12269
12277
12278
12283
12288
12292
12296
12297
12299
12301
12301
12308
12310
12324
12327
12329
12332
12334
12350
12359
12360
12363
12366
12371
12375
12380
12382
12385
12389
12390
12394
12404
12406
12409
12412
12417
12420
12422
12423
12427
12428
12430
12431
12433
12433
12435
12441
12443
12450
12451
12452
12452
12455
12461
12461
12464
12464
12468
12469
12470
12471
12475
12475
12481
12487
12487
12487
12496
12500
12502
12504
12518
12521
12523
12525
12525
12533
12535
12542
12542
12542
12542
12544
12548
12548
12549
12550
12551
12551
12553
12553
12557
12570
12575
12575
12579
12585
12586
12586
12587
12588
12591
12592
12595
12597
12598
12599
12601
12604
12606
12606
12611
12614
12617
12623
12628
12628
12630
12630
12632
12637
12637
12641
12644
12644
12645
12648
12654
12654
12658
12660
12663
12668
12670
12672
12674
12678
12680
12680
12682
12698
12699
12705
12721
12722
12730
12732
12735
12735
12738
12749
12751
12752
12755
12755
12755
12756
12758
12758
12759
12760
12769
12770
12775
12777
12780
12781
12783
12783
12786
12787
12790
12792
12804
12806
12806
12809
12816
12823
12825
12827
12827
12828
12832
12841
12843
12851
12853
12856
12857
12861
12864
12866
12870
12871
12871
12871
12880
12881
12883
12883
12883
12883
12889
12891
12899
12899
12902
12905
12905
12905
12908
12909
12909
12919
12919
12921
12921
12922
12922
12924
12925
12925
12926
12927
12930
12936
12937
12939
12939
12945
12950
12953
12954
12964
12968
12969
12973
12984
12985
12985
12987
12993
12993
12994
12994
12996
12996
13001
13007
13007
13010
13014
13014
13022
13029
13032
13034
13037
13040
13046
13051
13052
13054
13058
13067
13072
13074
13075
13075
13075
13076
13081
13082
13082
13083
13084
13086
13087
13087
13089
13096
13096
13097
13106
13116
13121
13122
13124
13124
13126
13129
13131
13134
13143
13147
13152
13153
13154
13157
13157
13158
13160
13161
13165
13166
13167
13168
13169
13170
13172
13173
13175
13176
13178
13181
13183
13194
13197
13200
13202
13204
13209
13210
13210
13215
13216
13220
13220
13225
13228
13231
13232
13239
13239
13243
13245
13253
13255
13260
13267
13267
13275
13279
13281
13282
13283
13285
13291
13291
13296
13297
13300
13301
13302
13309
13311
13314
13315
13319
13320
13333
13343
13348
13349
13355
13355
13357
13357
13358
13361
13367
13372
13384
13384
13387
13388
13413
13416
13421
13421
13425
13428
13432
13438
13438
13440
13442
13446
13447
13451
13452
13454
13454
13456
13456
13456
13459
13460
13462
13466
13468
13474
13476
13478
13478
13486
13487
13487
13488
13492
13493
13494
13501
13502
13502
13504
13506
13513
13519
13526
13539
13539
13539
13546
13550
13551
13552
13552
13554
13554
13562
13567
13570
13571
13575
13577
13583
13583
13585
13587
13587
13590
13591
13601
13611
13612
13612
13614
13615
13620
13627
13630
13632
13633
13633
13638
13638
13639
13643
13649
13655
13658
13658
13662
13663
13663
13663
13666
13666
13668
13672
13676
13678
13680
13681
13683
13693
13695
13695
13695
13702
13703
13704
13714
13726
13728
13731
13734
13734
13739
13741
13743
13743
13745
13746
13752
13754
13757
13759
13760
13765
13767
13772
13775
13783
13784
13786
13795
13798
13798
13807
13818
13826
13829
13829
13830
13833
13834
13846
13847
13853
13856
13856
13869
13870
13876
13878
13879
13882
13883
13884
13887
13890
13892
13897
13910
13912
13913
13923
13924
13925
13926
13930
13931
13933
13936
13936
13936
13947
13954
13959
13960
13960
13960
13970
13971
13972
13975
13981
13986
13987
13988
13991
13996
14000
14001
14005
14005
14008
14010
14012
14013
14014
14016
14018
14020
14023
14027
14028
14035
14040
14041
14044
14046
14052
14056
14063
14063
14066
14066
14067
14069
14072
14080
14081
14085
14086
14088
14091
14091
14092
14098
14098
14099
14105
14108
14118
14119
14122
14126
14128
14129
14144
14147
14149
14152
14154
14155
14157
14164
14168
14172
14173
14174
14174
14177
14177
14178
14180
14184
14185
14185
14189
14190
14193
14195
14195
14202
14204
14212
14215
14215
14216
14216
14219
14219
14225
14227
14227
14235
14235
14236
14236
14241
14241
14242
14252
14255
14263
14269
14270
14280
14283
14285
14289
14289
14290
14290
14292
14300
14306
14307
14310
14311
14313
14316
14323
14340
14342
14346
14347
14348
14349
14350
14351
14351
14354
14361
14364
14368
14379
14382
14385
14385
14392
14393
14396
14399
14399
14403
14403
14407
14410
14414
14417
14418
14421
14423
14424
14428
14431
14431
14437
14445
14446
14448
14454
14455
14471
14471
14477
14484
14486
14489
14490
14491
14491
14493
14502
14502
14503
14504
14510
14510
14513
14515
14515
14519
14521
14522
14524
14529
14533
14533
14537
14545
14547
14552
14552
14556
14558
14559
14562
14564
14565
14572
14572
14578
14591
14595
14595
14599
14609
14617
14619
14623
14627
14628
14630
14634
14635
14638
14639
14644
14653
14659
14659
14660
14660
14662
14663
14663
14669
14670
14671
14671
14675
14676
14676
14680
14680
14681
14683
14683
14683
14685
14686
14689
14692
14695
14698
14700
14704
14711
14712
14716
14718
14718
14721
14723
14728
14731
14734
14746
14747
14747
14748
14751
14751
14751
14754
14755
14760
14766
14771
14779
14779
14786
14787
14790
14796
14796
14805
14808
14809
14816
14818
14823
14824
14826
14826
14827
14836
14837
14838
14840
14845
14846
14849
14849
14855
14858
14858
14859
14864
14866
14868
14871
14878
14883
14884
14893
14895
14896
14897
14902
14905
14911
14919
14920
14926
14936
14939
14943
14948
14948
14949
14953
14953
14955
14957
14959
14962
14979
14979
14984
14984
14985
14989
14991
14991
14992
14994
14995
14996
14998
15001
15013
15013
15026
15026
15035
15036
15036
15036
15037
15038
15041
15049
15050
15051
15052
15056
15058
15065
15066
15069
15070
15071
15074
15075
15080
15085
15086
15088
15088
15089
15099
15100
15103
15104
15107
15109
15118
15124
15125
15127
15132
15135
15146
15148
15149
15152
15156
15156
15157
15159
15161
15163
15167
15172
15173
15175
15177
15178
15180
15181
15182
15182
15183
15184
15186
15189
15193
15193
15194
15197
15200
15202
15207
15209
15214
15214
15217
15221
15223
15223
15230
15231
15232
15233
15236
15237
15239
15255
15258
15260
15266
15267
15267
15268
15269
15271
15278
15278
15279
15280
15287
15287
15289
15292
15294
15294
15296
15299
15304
15314
15314
15315
15318
15319
15324
15326
15327
15328
15331
15333
15334
15334
15335
15336
15337
15339
15345
15346
15360
15366
15366
15367
15368
15368
15373
15374
15377
15377
15377
15378
15380
15381
15387
15387
15392
15396
15398
15398
15399
15406
15408
15409
15409
15413
15414
15420
15424
15424
15425
15428
15428
15428
15431
15434
15434
15438
15443
15449
15449
15455
15461
15462
15463
15465
15468
15472
15481
15483
15484
15484
15493
15496
15499
15500
15503
15506
15506
15507
15510
15514
15517
15521
15525
15528
15528
15530
15539
15543
15544
15549
15553
15553
15553
15555
15556
15557
15561
15562
15565
15570
15574
15579
15586
15597
15597
15598
15598
15599
15605
15606
15613
15614
15614
15615
15618
15618
15630
15632
15634
15638
15640
15642
15646
15649
15653
15654
15655
15665
15666
15666
15673
15675
15676
15677
15678
15679
15680
15681
15688
15689
15691
15691
15693
15696
15698
15700
15702
15704
15704
15706
15708
15714
15715
15717
15717
15719
15722
15722
15722
15724
15724
15725
15728
15732
15732
15739
15740
15740
15741
15752
15756
15756
15761
15769
15775
15779
15783
15784
15785
15787
15795
15796
15801
15806
15815
15824
15826
15827
15834
15835
15835
15836
15837
15837
15839
15840
15842
15842
15845
15845
15847
15852
15861
15863
15864
15868
15869
15873
15873
15876
15884
15887
15891
15897
15901
15903
15908
15910
15912
15913
15914
15916
15918
15920
15921
15922
15925
15928
15931
15941
15943
15945
15951
15958
15960
15962
15963
15968
15969
15970
15973
15974
15975
15978
15982
15987
15991
15991
15991
15994
15994
15996
15996
15999
16004
16008
16009
16012
16016
16024
16024
16024
16031
16032
16034
16038
16047
16048
16057
16059
16061
16065
16066
16067
16067
16084
16087
16088
16092
16093
16097
16100
16103
16109
16109
16110
16117
16122
16122
16128
16132
16134
16135
16136
16140
16140
16148
16153
16154
16154
16155
16156
16160
16164
16166
16166
16167
16170
16172
16173
16173
16173
16174
16180
16182
16182
16186
16194
16198
16200
16201
16207
16215
16217
16223
16226
16226
16230
16230
16239
16241
16243
16244
16244
16245
16245
16249
16252
16255
16260
16262
16265
16270
16274
16275
16281
16281
16284
16287
16296
16298
16302
16303
16303
16305
16307
16308
16312
16315
16318
16325
16327
16331
16333
16336
16337
16340
16342
16343
16344
16347
16352
16353
16355
16361
16370
16376
16376
16378
16394
16397
16398
16399
16399
16402
16406
16406
16407
16414
16416
16419
16430
16431
16437
16442
16442
16447
16448
16451
16460
16462
16462
16462
16463
16466
16469
16472
16472
16478
16478
16481
16482
16493
16495
16496
16496
16499
16503
16503
16509
16510
16510
16511
16524
16524
16526
16526
16527
16532
16535
16538
16543
16549
16551
16567
16568
16575
16579
16583
16593
16595
16598
16598
16601
16606
16612
16612
16612
16618
16619
16620
16625
16625
16627
16644
16644
16645
16646
16648
16652
16654
16658
16667
16667
16671
16673
16675
16676
16677
16692
16702
16703
16705
16711
16712
16714
16721
16721
16721
16721
16724
16730
16730
16744
16749
16751
16751
16752
16753
16755
16757
16767
16769
16775
16775
16779
16779
16780
16780
16781
16782
16786
16787
16787
16787
16789
16792
16799
16799
16800
16803
16806
16807
16808
16809
16812
16816
16818
16821
16822
16823
16824
16826
16827
16827
16827
16829
16836
16840
16840
16840
16844
16848
16850
16856
16859
16860
16862
16865
16865
16866
16868
16868
16872
16873
16876
16893
16894
16894
16894
16902
16903
16907
16907
16908
16913
16913
16914
16919
16924
16926
16927
16928
16930
16932
16933
16936
16937
16941
16943
16945
16946
16950
16960
16961
16965
16966
16969
16969
16971
16972
16976
16980
16982
16986
16986
16987
16988
16989
16990
16994
16994
16995
16996
16999
17000
17004
17005
17005
17006
17008
17011
17011
17012
17012
17013
17013
17016
17017
17021
17024
17027
17032
17032
17033
17043
17046
17046
17047
17051
17057
17063
17063
17063
17065
17067
17068
17077
17079
17085
17089
17091
17097
17098
17099
17108
17114
17115
17120
17122
17132
17132
17137
17138
17144
17148
17148
17152
17155
17163
17163
17168
17170
17170
17172
17172
17176
17176
17189
17200
17203
17204
17204
17205
17207
17207
17213
17214
17216
17219
17220
17220
17222
17227
17228
17229
17230
17232
17233
17237
17240
17242
17244
17247
17249
17249
17253
17256
17258
17260
17270
17270
17274
17274
17277
17284
17288
17292
17294
17301
17302
17303
17306
17310
17311
17313
17317
17317
17319
17325
17331
17335
17336
17348
17349
17350
17350
17352
17354
17354
17361
17368
17368
17373
17383
17391
17398
17405
17406
17408
17413
17413
17414
17416
17417
17422
17422
17423
17424
17425
17426
17430
17436
17436
17438
17439
17439
17440
17442
17443
17447
17449
17449
17450
17455
17457
17460
17463
17463
17466
17468
17472
17481
17482
17483
17487
17488
17492
17500
17501
17512
17514
17523
17523
17523
17526
17528
17536
17537
17544
17544
17546
17547
17555
17556
17558
17559
17562
17572
17576
17576
17577
17577
17579
17580
17580
17582
17588
17601
17602
17602
17604
17607
17610
17613
17620
17629
17634
17636
17640
17652
17653
17659
17661
17662
17663
17669
17672
17673
17677
17678
17680
17682
17683
17685
17687
17691
17703
17712
17713
17713
17719
17720
17729
17735
17737
17737
17739
17743
17744
17748
17748
17750
17750
17760
17762
17766
17778
17780
17787
17790
17790
17796
17800
17803
17805
17809
17811
17811
17817
17823
17824
17826
17838
17839
17841
17842
17844
17846
17849
17850
17852
17852
17856
17864
17865
17870
17871
17871
17872
17875
17879
17880
17881
17882
17882
17884
17886
17890
17891
17894
17895
17895
17898
17903
17908
17908
17910
17921
17922
17926
17928
17935
17945
17949
17949
17951
17953
17957
17961
17965
17967
17971
17972
17973
17975
17977
17980
17981
17984
17985
17988
17989
17989
17997
18001
18002
18003
18005
18014
18017
18022
18024
18028
18032
18033
18034
18034
18037
18038
18051
18056
18061
18067
18067
18067
18067
18068
18068
18068
18069
18070
18072
18075
18083
18084
18084
18084
18086
18091
18094
18094
18099
18104
18109
18110
18112
18116
18118
18119
18121
18121
18121
18126
18128
18128
18134
18136
18140
18144
18150
18151
18154
18165
18168
18170
18173
18175
18176
18178
18183
18184
18187
18191
18192
18200
18204
18207
18210
18211
18214
18215
18218
18223
18233
18233
18235
18235
18236
18239
18240
18244
18255
18264
18267
18267
18267
18270
18271
18280
18281
18283
18287
18290
18293
18295
18300
18302
18304
18307
18308
18313
18314
18316
18317
18319
18322
18324
18325
18330
18340
18344
18345
18349
18349
18354
18356
18356
18357
18357
18366
18375
18379
18382
18384
18385
18385
18387
18388
18392
18395
18397
18399
18400
18400
18403
18403
18403
18406
18407
18413
18417
18417
18418
18419
18420
18423
18427
18433
18439
18443
18445
18446
18454
18456
18457
18457
18478
18478
18484
18488
18489
18493
18494
18504
18508
18509
18512
18514
18515
18518
18518
18519
18519
18519
18522
18525
18530
18533
18535
18537
18540
18542
18542
18545
18546
18548
18549
18550
18556
18565
18570
18571
18571
18578
18579
18588
18590
18593
18595
18601
18612
18615
18619
18631
18634
18642
18644
18645
18645
18651
18657
18662
18663
18663
18665
18672
18673
18674
18678
18679
18681
18683
18688
18690
18692
18693
18695
18695
18698
18704
18716
18719
18724
18729
18731
18741
18746
18751
18752
18759
18770
18776
18777
18787
18787
18789
18790
18791
18797
18799
18799
18800
18802
18808
18814
18814
18816
18819
18821
18823
18823
18824
18829
18830
18834
18839
18839
18840
18851
18851
18853
18856
18860
18867
18869
18874
18876
18880
18883
18887
18888
18891
18891
18897
18899
18904
18906
18913
18913
18915
18918
18919
18922
18925
18925
18926
18927
18928
18929
18932
18937
18938
18942
18944
18944
18949
18951
18953
18962
18970
18970
18977
18979
18981
18989
18994
18995
18996
18998
19000
19006
19009
19013
19018
19018
19019
19019
19023
19029
19030
19033
19038
19038
19038
19039
19040
19044
19048
19050
19051
19053
19053
19054
19056
19056
19058
19059
19069
19071
19074
19079
19083
19085
19086
19088
19090
19091
19093
19094
19094
19095
19097
19104
19109
19110
19112
19112
19120
19126
19126
19126
19126
19128
19129
19139
19141
19141
19141
19141
19149
19151
19155
19156
19157
19159
19161
19165
19166
19168
19169
19173
19178
19186
19188
19195
19196
19198
19200
19202
19202
19204
19205
19206
19208
19210
19214
19217
19218
19219
19220
19224
19226
19230
19234
19246
19246
19248
19251
19253
19255
19256
19257
19257
19262
19267
19268
19268
19270
19270
19276
19283
19283
19284
19287
19293
19294
19295
19312
19323
19326
19329
19335
19339
19341
19346
19349
19349
19350
19351
19351
19355
19355
19356
19361
19364
19365
19365
19368
19374
19376
19379
19381
19382
19385
19388
19388
19389
19389
19390
19391
19394
19394
19395
19397
19401
19404
19405
19416
19417
19417
19418
19420
19426
19426
19429
19430
19434
19436
19437
19440
19440
19445
19450
19452
19452
19453
19463
19466
19467
19469
19472
19474
19475
19483
19486
19487
19488
19488
19494
19495
19498
19507
19507
19513
19515
19522
19524
19528
19529
19531
19535
19538
19540
19543
19547
19554
19560
19563
19567
19568
19569
19578
19581
19588
19592
19592
19593
19594
19603
19604
19605
19605
19611
19611
19613
19613
19615
19618
19619
19633
19633
19648
19657
19661
19672
19673
19675
19676
19684
19686
19686
19688
19688
19691
19693
19694
19698
19701
19703
19708
19708
19717
19718
19718
19722
19723
19726
19728
19729
19733
19734
19737
19740
19742
19743
19745
19748
19753
19753
19763
19765
19765
19770
19774
19777
19781
19782
19785
19788
19794
19795
19801
19803
19805
19807
19808
19815
19815
19821
19828
19829
19830
19831
19839
19841
19842
19847
19850
19853
19856
19857
19862
19865
19865
19866
19867
19869
19872
19872
19873
19873
19874
19876
19876
19877
19878
19882
19883
19883
19886
19890
19891
19892
19892
19893
19895
19902
19914
19915
19915
19915
19917
19918
19921
19921
19923
19924
19925
19925
19933
19938
19938
19938
19940
19943
19947
19955
19956
19960
19961
19971
19971
19972
19979
19979
19981
19989
20005
20005
20007
20008
20018
20019
20020
20025
20026
20031
20034
20035
20039
20042
20051
20054
20065
20065
20078
20078
20080
20085
20088
20091
20093
20098
20100
20100
20110
20118
20128
20130
20134
20141
20144
20146
20153
20162
20163
20170
20180
20180
20183
20187
20192
20193
20196
20198
20200
20201
20201
20201
20207
20209
20210
20211
20213
20216
20218
20219
20219
20219
20220
20220
20224
20226
20230
20231
20233
20233
20239
20242
20244
20252
20254
20255
20260
20260
20263
20275
20276
20277
20281
20283
20284
20285
20289
20291
20294
20296
20296
20299
20301
20302
20305
20306
20306
20308
20317
20318
20321
20323
20329
20331
20332
20341
20341
20343
20345
20345
20346
20349
20351
20351
20352
20352
20357
20357
20358
20358
20362
20368
20369
20369
20371
20373
20373
20376
20376
20376
20379
20379
20380
20380
20385
20388
20389
20391
20392
20397
20400
20402
20409
20411
20412
20415
20418
20420
20422
20424
20425
20431
20433
20435
20436
20436
20441
20444
20447
20447
20452
20452
20457
20459
20459
20461
20462
20462
20467
20476
20483
20487
20498
20500
20504
20507
20508
20522
20524
20525
20525
20534
20541
20544
20553
20556
20561
20574
20575
20578
20583
20583
20588
20588
20589
20589
20590
20590
20591
20595
20596
20598
20606
20608
20608
20615
20617
20619
20619
20629
20630
20631
20635
20635
20641
20648
20648
20650
20656
20669
20670
20670
20672
20673
20677
20680
20680
20685
20686
20690
20693
20699
20705
20707
20707
20708
20712
20728
20728
20732
20732
20733
20743
20746
20749
20753
20756
20758
20776
20776
20783
20783
20784
20784
20786
20789
20790
20790
20791
20799
20802
20809
20810
20814
20815
20823
20824
20832
20832
20832
20833
20834
20845
20848
20848
20848
20851
20860
20862
20867
20867
20868
20870
20870
20873
20875
20875
20879
20882
20884
20888
20893
20894
20901
20901
20902
20903
20903
20905
20907
20907
20909
20911
20911
20918
20921
20922
20923
20927
20936
20938
20939
20942
20944
20946
20950
20951
20951
20952
20955
20958
20958
20960
20964
20969
20971
20975
21001
21002
21010
21011
21013
21014
21015
21016
21018
21030
21041
21042
21044
21048
21049
21051
21052
21053
21053
21069
21069
21070
21073
21078
21081
21081
21090
21095
21098
21101
21114
21116
21119
21121
21122
21124
21127
21131
21131
21131
21132
21134
21142
21144
21148
21151
21152
21154
21160
21162
21170
21186
21186
21191
21198
21204
21206
21210
21211
21213
21226
21231
21234
21238
21238
21239
21242
21243
21243
21245
21246
21247
21247
21247
21251
21252
21255
21266
21276
21276
21276
21290
21294
21299
21299
21300
21302
21314
21324
21329
21335
21336
21336
21343
21344
21346
21348
21350
21352
21357
21358
21375
21381
21390
21392
21393
21396
21396
21397
21398
21399
21402
21403
21405
21410
21412
21417
21421
21422
21426
21431
21434
21435
21436
21443
21449
21450
21452
21453
21455
21462
21464
21466
21467
21472
21473
21478
21481
21484
21490
21493
21495
21498
21507
21508
21509
21512
21517
21521
21526
21534
21534
21537
21537
21542
21545
21547
21549
21555
21557
21560
21562
21562
21563
21564
21565
21575
21578
21583
21591
21592
21593
21605
21606
21615
21616
21616
21619
21624
21625
21625
21629
21629
21631
21632
21633
21639
21640
21641
21643
21644
21645
21645
21651
21651
21653
21662
21664
21672
21675
21683
21695
21698
21700
21702
21702
21707
21707
21710
21712
21713
21718
21720
21727
21737
21737
21738
21743
21747
21750
21754
21755
21766
21774
21775
21778
21778
21779
21781
21789
21790
21792
21795
21798
21798
21809
21812
21812
21812
21815
21822
21826
21827
21828
21828
21832
21836
21837
21842
21846
21846
21851
21852
21853
21862
21867
21868
21873
21875
21876
21890
21897
21899
21899
21899
21901
21904
21911
21916
21919
21923
21926
21927
21928
21928
21931
21933
21936
21937
21937
21942
21943
21944
21946
21949
21952
21955
21961
21961
21969
21970
21970
21971
21972
21972
21973
21977
21978
21979
21980
21980
21980
21982
21983
21990
21990
21993
21993
21999
22001
22010
22012
22013
22015
22018
22021
22026
22026
22026
22029
22029
22043
22045
22050
22050
22054
22056
22062
22065
22066
22069
22072
22075
22080
22080
22088
22092
22094
22095
22096
22101
22103
22106
22107
22115
22116
22117
22127
22136
22138
22140
22153
22153
22153
22157
22160
22162
22162
22163
22164
22165
22166
22168
22168
22170
22170
22170
22173
22173
22175
22176
22185
22191
22191
22204
22204
22205
22206
22207
22216
22217
22219
22225
22230
22234
22238
22243
22246
22247
22249
22253
22254
22257
22259
22262
22266
22271
22282
22283
22284
22285
22287
22287
22290
22293
22299
22300
22301
22302
22302
22303
22306
22306
22311
22317
22319
22324
22326
22327
22332
22335
22336
22337
22342
22342
22342
22352
22354
22362
22363
22365
22366
22369
22370
22372
22375
22381
22383
22386
22387
22388
22388
22393
22394
22395
22397
22397
22398
22400
22406
22407
22408
22410
22411
22417
22418
22419
22421
22421
22425
22428
22433
22435
22439
22440
22444
22448
22451
22456
22468
22469
22470
22470
22473
22478
22480
22487
22488
22489
22491
22492
22495
22495
22503
22506
22507
22519
22520
22521
22524
22524
22526
22527
22527
22529
22534
22535
22542
22544
22544
22546
22552
22554
22554
22556
22559
22560
22564
22572
22574
22575
22578
22584
22587
22589
22592
22593
22599
22599
22600
22605
22605
22605
22609
22609
22610
22611
22615
22618
22619
22619
22619
22620
22623
22624
22625
22625
22626
22627
22629
22632
22633
22633
22638
22639
22646
22646
22647
22652
22653
22653
22664
22665
22665
22675
22677
22684
22700
22708
22709
22713
22713
22714
22724
22725
22726
22726
22728
22732
22733
22733
22736
22738
22738
22738
22740
22745
22746
22748
22749
22753
22757
22761
22762
22764
22766
22768
22768
22768
22772
22773
22775
22778
22783
22783
22786
22786
22788
22789
22793
22797
22801
22801
22804
22805
22807
22807
22821
22821
22823
22836
22838
22839
22841
22843
22846
22852
22852
22853
22861
22861
22863
22871
22878
22879
22879
22880
22881
22882
22888
22889
22889
22889
22891
22891
22894
22902
22910
22910
22910
22915
22917
22918
22920
22921
22924
22925
22928
22929
22931
22931
22932
22932
22933
22933
22938
22938
22942
22944
22945
22947
22951
22954
22956
22958
22958
22959
22960
22961
22963
22964
22970
22974
22977
22978
22987
22987
22994
22998
23000
23001
23008
23010
23010
23012
23019
23027
23028
23029
23030
23032
23034
23040
23040
23049
23050
23052
23063
23066
23066
23067
23068
23074
23078
23079
23080
23081
23084
23086
23087
23093
23095
23098
23109
23111
23111
23112
23119
23119
23122
23129
23137
23138
23141
23146
23146
23148
23149
23150
23150
23155
23160
23162
23162
23164
23166
23172
23178
23178
23179
23187
23188
23192
23193
23194
23195
23197
23197
23197
23199
23204
23214
23214
23216
23217
23217
23227
23230
23232
23234
23234
23237
23238
23238
23240
23243
23254
23258
23260
23261
23263
23265
23265
23267
23267
23268
23268
23274
23281
23283
23288
23289
23292
23292
23296
23296
23299
23300
23300
23307
23311
23312
23314
23317
23321
23325
23325
23331
23335
23339
23345
23346
23347
23348
23351
23352
23355
23362
23363
23365
23366
23372
23372
23377
23377
23383
23384
23384
23385
23386
23386
23388
23391
23394
23394
23397
23401
23417
23419
23425
23426
23427
23430
23437
23443
23444
23444
23450
23458
23462
23462
23463
23466
23469
23475
23482
23484
23485
23488
23488
23489
23505
23507
23510
23510
23517
23519
23521
23522
23522
23525
23527
23528
23529
23530
23535
23538
23540
23541
23544
23546
23549
23551
23551
23555
23555
23555
23555
23560
23565
23573
23573
23574
23574
23575
23576
23577
23579
23582
23582
23587
23597
23598
23599
23602
23607
23608
23614
23618
23620
23620
23621
23622
23623
23627
23630
23631
23634
23634
23639
23640
23641
23652
23656
23658
23662
23662
23664
23679
23682
23685
23687
23689
23692
23700
23700
23700
23703
23706
23708
23713
23714
23719
23719
23725
23726
23726
23730
23742
23744
23748
23749
23753
23753
23756
23756
23758
23766
23772
23773
23773
23774
23780
23784
23788
23790
23790
23807
23812
23813
23816
23817
23823
23823
23825
23828
23828
23829
23831
23834
23843
23846
23851
23856
23857
23859
23859
23862
23870
23876
23878
23880
23884
23891
23891
23894
23898
23901
23902
23902
23907
23910
23911
23918
23920
23931
23934
23937
23938
23944
23951
23951
23951
23956
23957
23960
23966
23967
23968
23971
23973
23975
23975
23975
23976
23978
23990
23995
23998
24003
24010
24012
24014
24017
24021
24021
24022
24022
24031
24034
24038
24041
24042
24043
24054
24056
24057
24061
24061
24062
24066
24072
24077
24079
24081
24085
24089
24089
24090
24093
24098
24098
24103
24110
24111
24113
24115
24124
24125
24129
24131
24133
24134
24135
24136
24140
24142
24151
24155
24163
24164
24174
24175
24178
24178
24183
24189
24191
24197
24202
24204
24204
24208
24210
24212
24217
24217
24219
24221
24223
24224
24226
24226
24226
24227
24242
24242
24247
24248
24251
24251
24254
24256
24261
24263
24264
24270
24273
24276
24286
24286
24303
24305
24307
24308
24315
24315
24316
24317
24319
24321
24322
24324
24327
24331
24338
24341
24342
24350
24355
24358
24361
24364
24372
24374
24377
24379
24381
24384
24390
24394
24395
24399
24399
24399
24409
24414
24418
24418
24420
24424
24426
24429
24432
24433
24434
24436
24441
24446
24452
24459
24461
24463
24464
24471
24472
24473
24475
24481
24482
24488
24492
24493
24497
24502
24503
24505
24505
24509
24510
24515
24516
24516
24516
24527
24540
24540
24549
24552
24554
24557
24571
24572
24573
24573
24574
24580
24582
24582
24582
24583
24586
24587
24588
24589
24593
24595
24602
24602
24605
24609
24611
24615
24616
24618
24619
24625
24627
24633
24635
24639
24642
24655
24661
24666
24667
24670
24671
24673
24674
24677
24680
24686
24687
24710
24713
24713
24728
24729
24734
24735
24737
24738
24739
24739
24740
24741
24742
24743
24755
24758
24759
24765
24765
24767
24767
24768
24771
24774
24774
24781
24784
24786
24791
24796
24797
24801
24803
24804
24806
24818
24819
24828
24833
24836
24838
24839
24846
24846
24848
24851
24861
24862
24862
24865
24866
24868
24868
24869
24875
24878
24893
24901
24902
24906
24911
24912
24913
24914
24926
24929
24937
24940
24942
24950
24952
24958
24960
24961
24969
24979
24984
24990
24991
24995
25002
25006
25006
25007
25008
25011
25013
25014
25016
25016
25018
25021
25021
25028
25029
25030
25039
25045
25050
25051
25053
25053
25055
25056
25060
25062
25062
25066
25069
25073
25074
25077
25078
25079
25081
25082
25083
25087
25092
25095
25097
25101
25102
25104
25106
25108
25109
25111
25118
25122
25123
25124
25125
25127
25128
25129
25132
25137
25142
25142
25145
25145
25146
25146
25146
25150
25150
25160
25161
25162
25167
25168
25169
25169
25176
25184
25198
25198
25201
25202
25202
25203
25211
25212
25213
25227
25227
25229
25233
25234
25236
25245
25245
25247
25247
25250
25258
25262
25267
25267
25268
25272
25274
25275
25283
25284
25286
25289
25289
25290
25290
25290
25295
25296
25301
25307
25310
25312
25317
25322
25323
25325
25325
25327
25330
25332
25340
25343
25348
25353
25355
25356
25359
25361
25364
25364
25367
25371
25373
25374
25376
25376
25378
25383
25385
25391
25394
25402
25405
25406
25411
25412
25419
25423
25425
25427
25431
25433
25449
25452
25453
25469
25473
25476
25481
25487
25490
25491
25492
25494
25495
25496
25499
25499
25499
25500
25504
25507
25514
25517
25524
25527
25527
25527
25528
25530
25534
25542
25546
25550
25550
25552
25557
25557
25562
25566
25567
25570
25571
25573
25574
25580
25581
25582
25586
25587
25588
25591
25595
25597
25598
25600
25614
25621
25621
25622
25625
25626
25628
25630
25631
25632
25633
25636
25637
25637
25638
25640
25641
25644
25646
25649
25650
25661
25663
25663
25664
25666
25669
25671
25672
25675
25675
25678
25683
25688
25708
25708
25708
25708
25717
25720
25724
25724
25726
25727
25727
25733
25733
25733
25738
25741
25741
25742
25743
25744
25746
25746
25748
25752
25756
25756
25759
25760
25760
25762
25769
25770
25774
25774
25775
25781
25782
25786
25787
25788
25790
25794
25795
25795
25807
25811
25814
25817
25817
25820
25823
25825
25830
25831
25837
25837
25840
25841
25843
25849
25853
25859
25861
25862
25862
25864
25873
25874
25880
25883
25884
25884
25884
25886
25890
25903
25904
25904
25906
25906
25911
25914
25916
25917
25920
25921
25922
25926
25929
25929
25931
25939
25941
25941
25942
25944
25948
25959
25959
25959
25961
25964
25964
25974
25974
25975
25979
25979
25980
25982
25992
25994
25995
25997
25998
25998
25999
26002
26003
26012
26018
26019
26024
26033
26038
26038
26041
26050
26055
26060
26061
26067
26077
26077
26078
26084
26084
26085
26087
26087
26092
26093
26095
26097
26102
26110
26114
26119
26119
26120
26123
26127
26127
26128
26130
26132
26134
26144
26146
26148
26149
26151
26156
26157
26160
26160
26162
26174
26183
26183
26184
26184
26187
26190
26190
26191
26194
26198
26209
26213
26219
26221
26221
26224
26228
26247
26249
26251
26255
26260
26262
26263
26264
26266
26268
26270
26271
26271
26277
26279
26279
26281
26286
26287
26288
26288
26289
26296
26297
26301
26303
26306
26308
26311
26313
26314
26323
26323
26323
26326
26327
26327
26332
26335
26337
26337
26337
26343
26351
26352
26355
26358
26363
26363
26363
26365
26368
26379
26382
26388
26393
26393
26394
26397
26397
26405
26406
26406
26407
26413
26418
26420
26426
26426
26430
26432
26434
26436
26451
26451
26452
26453
26454
26455
26458
26470
26471
26471
26472
26474
26479
26482
26486
26487
26493
26493
26502
26514
26519
26527
26527
26531
26531
26533
26541
26545
26550
26551
26551
26551
26551
26553
26553
26553
26555
26556
26556
26558
26559
26560
26564
26564
26564
26566
26579
26583
26587
26588
26589
26592
26597
26597
26598
26599
26600
26602
26607
26609
26609
26618
26620
26625
26627
26628
26628
26633
26643
26645
26645
26645
26652
26652
26652
26653
26660
26662
26666
26668
26670
26675
26682
26690
26698
26698
26703
26703
26708
26710
26722
26722
26729
26732
26740
26746
26748
26752
26753
26753
26754
26754
26755
26756
26756
26760
26761
26767
26768
26771
26773
26773
26777
26785
26787
26788
26797
26802
26802
26803
26804
26810
26813
26813
26826
26837
26837
26845
26848
26852
26858
26863
26875
26875
26876
26876
26879
26880
26883
26888
26892
26899
26900
26904
26905
26906
26906
26906
26910
26913
26915
26918
26920
26934
26936
26942
26946
26946
26956
26961
26968
26971
26972
26976
26981
26987
26988
26993
27000
27001
27005
27007
27009
27013
27016
27021
27022
27025
27029
27032
27041
27042
27042
27042
27044
27049
27050
27052
27054
27057
27075
27079
27085
27086
27087
27089
27090
27100
27105
27106
27106
27107
27113
27124
27132
27137
27139
27141
27141
27144
27145
27154
27155
27156
27157
27157
27159
27161
27164
27165
27165
27167
27170
27170
27181
27182
27183
27185
27191
27203
27206
27216
27220
27221
27221
27222
27223
27229
27232
27237
27237
27240
27240
27249
27262
27270
27271
27272
27277
27277
27285
27289
27290
27290
27292
27293
27295
27297
27300
27300
27302
27306
27309
27309
27314
27317
27317
27320
27321
27326
27335
27337
27338
27338
27340
27343
27345
27346
27347
27354
27356
27360
27365
27373
27373
27379
27380
27383
27385
27386
27388
27388
27389
27392
27392
27395
27397
27399
27415
27419
27419
27424
27425
27426
27447
27447
27453
27455
27460
27461
27462
27462
27463
27468
27469
27470
27471
27474
27483
27485
27488
27488
27489
27491
27494
27495
27497
27501
27504
27511
27514
27522
27523
27527
27537
27537
27538
27542
27542
27547
27548
27552
27553
27558
27561
27561
27565
27568
27570
27572
27573
27578
27582
27583
27589
27589
27592
27594
27595
27595
27596
27603
27606
27607
27610
27614
27615
27615
27617
27617
27619
27623
27628
27640
27647
27648
27653
27658
27669
27669
27672
27678
27678
27683
27687
27691
27692
27692
27699
27703
27706
27710
27712
27713
27717
27718
27719
27721
27721
27721
27722
27723
27724
27724
27727
27727
27729
27736
27739
27740
27740
27740
27742
27742
27746
27759
27763
27767
27773
27777
27784
27785
27785
27787
27792
27803
27803
27804
27804
27805
27806
27810
27810
27814
27814
27824
27827
27829
27832
27833
27834
27840
27845
27845
27846
27846
27852
27856
27856
27859
27859
27861
27862
27863
27864
27872
27872
27876
27881
27883
27888
27890
27892
27893
27897
27900
27901
27902
27905
27907
27914
27916
27920
27921
27921
27927
27929
27931
27933
27940
27941
27944
27950
27953
27961
27962
27963
27964
27969
27970
27972
27976
27985
27988
27988
27992
27993
28010
28011
28014
28014
28014
28015
28016
28020
28024
28025
28029
28031
28031
28034
28043
28048
28051
28057
28063
28065
28067
28069
28071
28071
28074
28077
28081
28081
28082
28082
28083
28086
28088
28088
28092
28098
28098
28099
28102
28103
28105
28107
28107
28108
28108
28108
28118
28119
28119
28122
28124
28129
28130
28131
28136
28145
28146
28154
28154
28157
28157
28165
28166
28175
28177
28183
28185
28187
28190
28190
28193
28194
28197
28199
28203
28205
28206
28207
28210
28211
28213
28215
28215
28220
28221
28224
28225
28234
28239
28239
28245
28250
28251
28253
28262
28276
28279
28280
28282
28284
28286
28287
28293
28293
28297
28298
28304
28316
28319
28330
28350
28352
28354
28355
28357
28359
28360
28362
28362
28368
28373
28375
28376
28379
28380
28382
28388
28389
28391
28391
28395
28398
28399
28400
28401
28411
28412
28413
28416
28418
28421
28423
28424
28427
28427
28429
28436
28442
28445
28446
28451
28456
28459
28459
28461
28466
28467
28472
28473
28477
28480
28480
28480
28482
28482
28483
28484
28489
28491
28492
28496
28497
28498
28499
28501
28502
28502
28503
28507
28514
28519
28521
28534
28540
28545
28546
28547
28549
28550
28553
28553
28557
28558
28561
28563
28568
28578
28583
28583
28584
28588
28589
28590
28591
28593
28593
28603
28607
28609
28616
28617
28618
28621
28622
28622
28623
28624
28626
28627
28629
28630
28631
28633
28633
28634
28636
28642
28647
28647
28651
28652
28654
28658
28661
28664
28665
28668
28676
28677
28683
28685
28685
28688
28690
28693
28705
28706
28712
28712
28718
28718
28721
28723
28725
28729
28729
28731
28732
28733
28737
28745
28745
28746
28749
28749
28751
28752
28753
28753
28754
28759
28765
28770
28771
28774
28775
28776
28783
28784
28787
28788
28789
28789
28791
28792
28797
28802
28802
28803
28811
28812
28819
28824
28826
28835
28839
28839
28843
28847
28848
28850
28851
28851
28854
28856
28857
28858
28858
28861
28865
28866
28869
28869
28870
28872
28882
28883
28884
28887
28888
28891
28892
28898
28899
28899
28899
28903
28906
28924
28928
28944
28951
28956
28958
28959
28965
28968
28973
28974
28975
28979
28981
28987
28988
28997
29000
29006
29007
29010
29013
29024
29026
29032
29034
29041
29043
29044
29045
29049
29050
29051
29053
29053
29054
29054
29055
29056
29060
29062
29065
29066
29073
29074
29077
29083
29085
29086
29094
29104
29113
29113
29114
29115
29117
29123
29123
29123
29132
29132
29133
29137
29143
29145
29145
29146
29158
29161
29167
29173
29173
29175
29176
29184
29185
29191
29191
29196
29197
29197
29198
29206
29213
29216
29216
29217
29218
29224
29225
29226
29230
29231
29234
29234
29241
29245
29255
29255
29258
29258
29258
29258
29262
29263
29265
29271
29272
29275
29290
29292
29292
29294
29294
29295
29297
29298
29302
29308
29309
29311
29311
29313
29313
29315
29315
29315
29318
29319
29321
29322
29325
29326
29328
29330
29332
29335
29339
29341
29348
29353
29354
29355
29356
29357
29358
29360
29362
29366
29367
29370
29371
29380
29383
29385
29387
29389
29392
29394
29395
29396
29398
29400
29403
29408
29410
29410
29411
29421
29424
29425
29429
29431
29431
29432
29433
29436
29437
29442
29446
29457
29457
29464
29467
29475
29481
29481
29481
29490
29496
29500
29501
29508
29509
29522
29522
29523
29526
29537
29537
29543
29549
29550
29556
29556
29557
29560
29568
29569
29571
29579
29579
29581
29582
29587
29588
29591
29593
29596
29597
29598
29599
29599
29599
29602
29608
29612
29615
29616
29616
29617
29619
29624
29626
29630
29631
29633
29634
29645
29647
29648
29649
29652
29653
29655
29657
29658
29659
29660
29661
29663
29668
29669
29672
29684
29691
29692
29702
29711
29712
29714
29715
29716
29716
29717
29718
29721
29723
29736
29736
29740
29741
29742
29743
29746
29746
29751
29757
29765
29766
29766
29773
29775
29780
29781
29782
29783
29787
29790
29795
29798
29798
29799
29801
29804
29805
29808
29809
29813
29815
29816
29817
29817
29818
29818
29820
29821
29821
29823
29826
29828
29831
29832
29842
29843
29847
29852
29854
29859
29860
29861
29861
29867
29869
29872
29877
29879
29885
29885
29891
29900
29904
29908
29909
29916
29917
29924
29926
29927
29932
29934
29935
29936
29936
29937
29939
29943
29953
29954
29957
29959
29960
29962
29963
29964
29965
29968
29969
29971
29972
29972
29972
29980
29984
29985
29988
29999
42557
12585
29972
