10000
2
5
6
9
9
10
10
15
26
28
32
36
38
39
39
40
42
43
43
48
52
54
58
64
70
72
74
74
85
85
89
91
92
92
95
95
103
107
107
114
118
123
124
126
128
129
130
131
132
133
137
139
140
141
142
155
157
158
158
163
167
169
170
173
180
180
184
185
187
199
200
201
205
205
209
210
210
211
216
221
222
225
225
231
235
235
237
239
247
252
256
257
257
260
265
265
269
269
271
276
277
277
282
286
287
287
289
298
302
302
302
303
315
318
321
322
332
337
337
346
352
357
358
361
365
368
372
375
375
377
379
380
391
397
400
410
411
413
413
419
421
426
426
430
442
443
451
454
456
460
461
462
466
466
467
469
471
473
475
480
483
488
490
491
491
492
508
508
515
516
519
519
526
532
533
535
539
541
542
542
543
544
544
547
549
557
563
564
566
566
568
576
582
582
583
591
598
604
605
606
607
610
618
623
624
626
627
628
628
628
630
630
632
635
637
648
649
651
652
652
652
653
654
655
655
655
656
661
661
662
664
667
667
670
673
679
679
681
684
684
686
688
690
692
697
698
701
702
706
709
712
723
727
728
729
731
738
740
741
743
750
756
756
758
759
759
760
776
780
782
783
788
790
791
793
795
795
796
801
804
805
806
809
810
812
812
813
816
824
825
825
828
829
830
832
836
843
850
850
856
860
861
866
867
868
871
873
874
875
877
880
882
884
886
886
888
890
907
909
909
917
920
921
922
925
927
930
932
932
932
933
933
937
942
944
946
949
959
959
960
960
961
964
967
969
974
977
978
978
980
983
986
987
989
994
998
1013
1015
1017
1018
1024
1025
1027
1029
1029
1039
1045
1047
1048
1053
1054
1061
1062
1067
1069
1075
1075
1075
1075
1076
1077
1079
1080
1080
1083
1086
1090
1091
1095
1095
1097
1098
1099
1099
1101
1102
1103
1107
1108
1108
1108
1109
1110
1115
1116
1116
1118
1118
1119
1119
1124
1125
1126
1127
1128
1134
1137
1141
1143
1146
1148
1151
1159
1163
1165
1167
1167
1176
1178
1183
1184
1189
1189
1189
1190
1198
1200
1201
1203
1208
1210
1213
1214
1216
1216
1223
1223
1225
1226
1230
1233
1236
1237
1237
1247
1248
1251
1252
1252
1253
1254
1254
1254
1258
1265
1267
1269
1270
1272
1273
1274
1275
1281
1285
1287
1291
1292
1293
1294
1295
1300
1305
1314
1317
1324
1336
1336
1339
1346
1347
1348
1348
1349
1356
1357
1360
1364
1365
1366
1369
1377
1378
1380
1381
1382
1385
1387
1391
1394
1397
1405
1405
1406
1411
1412
1412
1412
1413
1425
1427
1427
1427
1428
1429
1431
1431
1432
1437
1437
1442
1447
1456
1458
1461
1462
1463
1463
1466
1466
1470
1470
1472
1479
1480
1481
1484
1494
1494
1495
1500
1504
1508
1510
1510
1518
1526
1527
1528
1537
1538
1541
1543
1544
1550
1553
1553
1555
1558
1571
1571
1575
1575
1576
1591
1591
1592
1594
1597
1600
1606
1606
1608
1612
1617
1623
1626
1626
1634
1634
1635
1637
1644
1647
1647
1648
1649
1651
1651
1655
1661
1661
1672
1672
1675
1679
1679
1682
1682
1686
1705
1705
1708
1711
1715
1717
1718
1718
1719
1719
1721
1723
1724
1730
1730
1739
1741
1744
1744
1752
1755
1758
1761
1764
1768
1769
1769
1770
1774
1777
1779
1783
1787
1803
1806
1807
1810
1811
1814
1816
1817
1824
1832
1835
1847
1849
1854
1855
1858
1859
1863
1866
1867
1870
1872
1880
1881
1884
1887
1893
1895
1900
1903
1907
1908
1914
1917
1925
1930
1935
1936
1948
1953
1955
1955
1958
1962
1968
1968
1971
1974
1976
1976
1977
1978
1979
1988
1988
1990
1996
1998
2004
2005
2006
2007
2010
2021
2025
2030
2036
2045
2047
2047
2051
2054
2060
2062
2070
2071
2072
2076
2078
2079
2081
2085
2086
2094
2103
2108
2111
2118
2123
2124
2133
2139
2148
2151
2155
2156
2157
2159
2160
2162
2166
2170
2171
2176
2187
2195
2197
2198
2200
2204
2205
2206
2211
2213
2215
2216
2222
2222
2230
2234
2236
2238
2238
2239
2240
2241
2242
2243
2253
2254
2256
2258
2261
2263
2270
2272
2276
2280
2283
2287
2289
2290
2294
2298
2300
2304
2305
2310
2319
2319
2324
2326
2328
2328
2330
2342
2345
2347
2349
2349
2356
2363
2365
2366
2367
2368
2371
2376
2380
2380
2381
2382
2383
2383
2385
2385
2386
2394
2397
2400
2403
2405
2410
2413
2413
2415
2417
2427
2428
2435
2435
2438
2439
2441
2443
2445
2446
2448
2448
2451
2453
2459
2459
2463
2465
2467
2469
2478
2482
2486
2487
2499
2500
2510
2511
2512
2517
2517
2520
2523
2526
2527
2531
2532
2532
2533
2534
2538
2544
2544
2547
2551
2551
2561
2561
2562
2563
2568
2571
2582
2585
2588
2588
2591
2593
2597
2598
2601
2602
2603
2609
2609
2611
2621
2634
2635
2639
2645
2648
2649
2653
2653
2658
2658
2670
2673
2675
2681
2685
2687
2687
2687
2688
2688
2693
2694
2697
2702
2703
2708
2709
2712
2714
2725
2730
2731
2734
2739
2739
2740
2753
2753
2754
2755
2762
2762
2766
2770
2775
2776
2780
2780
2781
2782
2782
2783
2800
2800
2800
2801
2805
2811
2827
2829
2830
2830
2834
2835
2840
2840
2855
2869
2869
2882
2883
2885
2889
2891
2892
2894
2894
2896
2901
2902
2907
2917
2918
2920
2920
2921
2922
2929
2937
2946
2950
2954
2959
2959
2959
2960
2963
2963
2968
2969
2971
2976
2978
2986
2988
2988
2993
2995
2998
3000
3000
3002
3004
3007
3010
3017
3020
3023
3024
3033
3035
3035
3036
3036
3038
3041
3044
3046
3047
3061
3065
3068
3071
3072
3097
3103
3105
3121
3122
3123
3126
3130
3137
3138
3140
3140
3141
3141
3143
3144
3146
3159
3164
3168
3169
3171
3172
3172
3181
3191
3191
3193
3194
3197
3197
3211
3211
3212
3216
3242
3246
3250
3255
3256
3259
3262
3267
3271
3271
3271
3273
3274
3277
3278
3279
3280
3286
3288
3293
3301
3301
3316
3329
3329
3333
3333
3334
3338
3339
3342
3350
3356
3357
3366
3367
3371
3379
3381
3383
3386
3388
3390
3393
3395
3401
3403
3404
3405
3405
3408
3409
3410
3412
3415
3418
3423
3439
3439
3439
3440
3451
3452
3454
3457
3458
3460
3461
3465
3475
3477
3478
3483
3486
3488
3488
3489
3489
3489
3491
3492
3498
3498
3506
3511
3514
3518
3518
3521
3528
3530
3530
3530
3531
3536
3538
3540
3540
3543
3546
3550
3554
3554
3557
3558
3562
3565
3567
3573
3576
3576
3582
3588
3591
3593
3593
3594
3597
3605
3619
3624
3625
3626
3628
3630
3638
3639
3640
3646
3647
3649
3651
3663
3673
3673
3676
3677
3679
3683
3684
3685
3686
3688
3696
3699
3701
3706
3707
3709
3716
3717
3726
3729
3733
3736
3737
3739
3740
3740
3740
3742
3750
3752
3752
3756
3758
3760
3764
3769
3770
3772
3774
3774
3777
3786
3787
3789
3791
3797
3799
3800
3803
3805
3805
3806
3807
3811
3814
3816
3832
3832
3833
3834
3837
3837
3845
3852
3852
3853
3853
3861
3864
3872
3878
3881
3893
3895
3896
3903
3907
3910
3916
3918
3926
3930
3938
3946
3946
3952
3954
3962
3964
3966
3968
3968
3972
3977
3981
3984
4000
4004
4012
4017
4019
4020
4021
4026
4026
4029
4030
4031
4031
4042
4045
4049
4055
4055
4058
4069
4075
4076
4078
4079
4087
4088
4090
4092
4094
4095
4106
4107
4112
4112
4120
4122
4125
4125
4130
4131
4133
4138
4139
4143
4144
4144
4147
4149
4150
4152
4154
4157
4157
4161
4165
4166
4167
4171
4172
4173
4176
4176
4177
4183
4183
4186
4187
4187
4188
4190
4191
4192
4198
4198
4206
4206
4207
4213
4216
4218
4222
4225
4228
4234
4234
4237
4239
4242
4242
4245
4247
4248
4250
4259
4260
4263
4264
4273
4274
4274
4279
4285
4286
4290
4292
4292
4295
4296
4297
4298
4300
4309
4322
4323
4323
4323
4324
4337
4340
4343
4345
4349
4351
4356
4358
4363
4367
4369
4372
4375
4376
4378
4378
4383
4390
4392
4395
4396
4401
4401
4404
4405
4413
4415
4419
4421
4426
4428
4447
4453
4459
4470
4482
4485
4489
4491
4492
4493
4495
4495
4496
4497
4499
4510
4514
4517
4518
4519
4523
4528
4543
4548
4555
4562
4564
4567
4575
4576
4578
4580
4586
4602
4607
4608
4611
4611
4622
4624
4633
4637
4640
4650
4652
4662
4662
4662
4662
4664
4666
4671
4674
4683
4686
4687
4699
4701
4703
4704
4708
4708
4709
4710
4713
4713
4714
4716
4716
4717
4717
4721
4722
4726
4726
4739
4745
4752
4755
4764
4766
4770
4771
4771
4772
4773
4780
4784
4784
4786
4787
4790
4791
4797
4797
4798
4798
4803
4806
4810
4810
4812
4812
4813
4817
4830
4839
4840
4844
4846
4851
4855
4856
4857
4860
4861
4862
4863
4869
4870
4873
4874
4877
4877
4878
4884
4886
4891
4895
4898
4902
4904
4908
4911
4912
4913
4915
4915
4917
4921
4924
4924
4926
4934
4937
4939
4942
4945
4956
4964
4969
4970
4977
4978
4979
4982
4988
4990
4992
4995
4998
4999
5002
5003
5005
5009
5014
5015
5017
5019
5019
5021
5024
5024
5026
5029
5031
5036
5037
5039
5044
5048
5054
5056
5057
5062
5067
5071
5072
5076
5078
5078
5081
5081
5086
5087
5091
5093
5093
5093
5102
5104
5105
5105
5107
5111
5119
5123
5123
5124
5127
5128
5132
5135
5136
5137
5138
5140
5146
5151
5151
5151
5155
5155
5156
5159
5159
5159
5165
5165
5166
5167
5172
5177
5177
5181
5184
5185
5187
5189
5193
5196
5196
5203
5203
5208
5216
5221
5222
5222
5223
5225
5229
5233
5233
5236
5238
5248
5254
5257
5260
5264
5267
5271
5274
5275
5275
5278
5278
5284
5286
5287
5292
5293
5299
5301
5304
5309
5310
5317
5318
5323
5326
5327
5330
5331
5336
5337
5340
5343
5345
5346
5348
5348
5351
5357
5359
5360
5364
5364
5366
5367
5371
5374
5378
5379
5402
5410
5412
5416
5419
5419
5419
5421
5423
5425
5430
5430
5432
5433
5433
5435
5436
5440
5442
5443
5444
5444
5444
5451
5455
5459
5460
5467
5468
5473
5476
5479
5482
5484
5485
5485
5486
5490
5492
5493
5496
5497
5500
5506
5506
5509
5513
5522
5524
5527
5532
5533
5543
5545
5550
5553
5557
5558
5558
5560
5560
5561
5562
5564
5564
5568
5568
5569
5572
5573
5579
5585
5591
5593
5596
5597
5598
5602
5615
5616
5620
5621
5622
5622
5623
5623
5625
5628
5632
5634
5642
5648
5649
5652
5661
5666
5668
5696
5704
5711
5714
5724
5727
5730
5732
5735
5739
5740
5751
5752
5755
5758
5758
5759
5759
5775
5775
5776
5778
5779
5781
5782
5782
5792
5794
5794
5799
5800
5801
5805
5806
5809
5812
5815
5824
5827
5828
5838
5851
5852
5864
5867
5873
5879
5881
5889
5889
5890
5894
5896
5900
5900
5901
5902
5915
5918
5919
5927
5929
5932
5933
5935
5943
5943
5949
5951
5954
5957
5957
5960
5963
5964
5964
5965
5973
5979
5986
5988
5988
5992
5992
5995
5996
5996
5996
5997
5997
6002
6005
6005
6008
6015
6016
6023
6024
6028
6034
6034
6043
6043
6045
6046
6055
6055
6060
6061
6066
6070
6072
6077
6078
6078
6080
6080
6083
6085
6093
6093
6098
6103
6105
6106
6117
6117
6122
6123
6125
6125
6127
6138
6141
6142
6146
6150
6150
6152
6153
6155
6159
6164
6165
6173
6180
6181
6183
6185
6185
6185
6191
6191
6192
6193
6193
6194
6195
6198
6199
6202
6208
6208
6216
6218
6219
6221
6221
6222
6230
6234
6236
6242
6242
6244
6249
6253
6254
6257
6262
6267
6269
6270
6274
6275
6277
6277
6278
6284
6288
6295
6301
6301
6308
6309
6312
6313
6317
6318
6318
6320
6320
6324
6325
6325
6339
6342
6344
6352
6358
6359
6362
6363
6364
6366
6367
6369
6374
6374
6383
6387
6391
6392
6395
6400
6409
6413
6415
6423
6424
6429
6431
6436
6443
6445
6446
6452
6453
6456
6457
6458
6461
6462
6464
6474
6474
6478
6479
6486
6489
6490
6492
6503
6507
6511
6513
6516
6522
6522
6522
6525
6533
6533
6535
6536
6546
6548
6550
6551
6551
6553
6555
6555
6559
6562
6564
6568
6570
6572
6574
6575
6576
6584
6589
6590
6590
6591
6592
6593
6593
6594
6596
6597
6597
6598
6599
6599
6599
6604
6606
6607
6615
6616
6616
6619
6621
6622
6628
6638
6640
6644
6646
6647
6647
6650
6650
6652
6663
6664
6672
6687
6693
6698
6702
6702
6706
6709
6712
6725
6727
6729
6731
6733
6735
6737
6738
6739
6740
6746
6750
6757
6762
6762
6767
6768
6769
6774
6780
6780
6781
6782
6783
6785
6786
6802
6804
6804
6805
6809
6812
6819
6822
6826
6830
6830
6831
6835
6839
6843
6845
6849
6850
6854
6862
6865
6865
6875
6880
6887
6898
6904
6921
6925
6927
6927
6932
6941
6956
6958
6959
6965
6965
6970
6972
6973
6979
6986
6987
6992
6994
6994
6997
6997
7004
7005
7006
7009
7010
7012
7014
7014
7017
7026
7033
7043
7055
7056
7060
7062
7067
7068
7069
7075
7075
7078
7079
7081
7084
7091
7098
7099
7099
7100
7108
7118
7126
7128
7142
7144
7149
7154
7158
7163
7165
7168
7170
7174
7178
7182
7182
7182
7183
7190
7190
7191
7193
7194
7195
7199
7200
7204
7205
7211
7212
7214
7221
7225
7228
7231
7236
7240
7242
7246
7246
7249
7254
7257
7257
7259
7261
7262
7266
7269
7269
7270
7280
7281
7283
7283
7291
7291
7292
7294
7297
7299
7306
7307
7309
7311
7312
7318
7323
7328
7332
7338
7339
7342
7346
7348
7349
7350
7353
7358
7359
7362
7364
7364
7368
7369
7370
7374
7388
7389
7390
7393
7393
7394
7399
7401
7403
7407
7410
7410
7411
7414
7415
7421
7423
7426
7427
7429
7436
7438
7440
7446
7448
7454
7456
7462
7463
7466
7468
7470
7470
7474
7480
7485
7489
7493
7493
7495
7502
7506
7509
7512
7515
7515
7517
7517
7517
7527
7529
7535
7536
7536
7538
7541
7545
7545
7547
7548
7552
7560
7563
7566
7573
7575
7576
7576
7578
7579
7581
7582
7587
7587
7587
7591
7592
7593
7593
7597
7600
7600
7603
7606
7612
7615
7618
7623
7624
7631
7632
7632
7635
7637
7640
7642
7644
7648
7652
7652
7653
7653
7658
7662
7664
7672
7677
7682
7684
7684
7685
7687
7687
7688
7689
7689
7690
7691
7693
7694
7700
7706
7709
7713
7717
7719
7721
7722
7723
7726
7730
7730
7731
7734
7735
7741
7742
7742
7744
7747
7748
7751
7757
7757
7762
7763
7764
7764
7764
7764
7766
7771
7771
7775
7776
7778
7785
7789
7794
7796
7799
7800
7800
7809
7812
7813
7816
7818
7825
7833
7835
7839
7848
7862
7865
7865
7865
7866
7866
7867
7868
7869
7875
7878
7890
7890
7892
7898
7901
7903
7905
7908
7909
7909
7911
7911
7912
7915
7918
7919
7920
7921
7928
7929
7931
7932
7933
7935
7936
7938
7947
7952
7952
7958
7958
7962
7966
7966
7967
7967
7975
7975
7979
7989
7994
7994
7997
8000
8012
8015
8016
8025
8025
8026
8028
8033
8036
8037
8040
8049
8049
8052
8060
8064
8073
8073
8074
8080
8081
8082
8083
8085
8088
8094
8095
8096
8104
8109
8115
8119
8119
8122
8123
8125
8127
8129
8134
8140
8143
8151
8152
8158
8161
8165
8169
8171
8173
8173
8180
8180
8180
8181
8188
8190
8195
8197
8200
8201
8202
8207
8216
8218
8228
8234
8239
8244
8244
8245
8245
8247
8247
8249
8259
8260
8266
8270
8274
8278
8283
8284
8285
8285
8286
8295
8298
8299
8299
8301
8303
8305
8306
8307
8310
8312
8319
8329
8333
8335
8336
8349
8355
8357
8357
8360
8367
8368
8370
8374
8375
8378
8378
8380
8383
8384
8388
8388
8388
8391
8392
8393
8397
8397
8401
8403
8409
8413
8417
8417
8419
8420
8430
8432
8435
8437
8437
8440
8441
8445
8450
8451
8457
8457
8457
8461
8462
8467
8469
8470
8471
8481
8483
8483
8484
8487
8490
8491
8492
8493
8497
8498
8501
8503
8506
8509
8513
8514
8521
8522
8528
8530
8531
8531
8532
8536
8542
8549
8552
8553
8554
8556
8557
8557
8564
8564
8570
8573
8575
8578
8580
8585
8592
8593
8597
8603
8605
8606
8610
8616
8617
8621
8627
8629
8633
8645
8650
8651
8656
8659
8667
8667
8676
8676
8677
8678
8689
8692
8693
8695
8698
8699
8704
8705
8707
8713
8717
8718
8720
8722
8722
8723
8731
8736
8740
8743
8749
8752
8754
8754
8764
8765
8767
8769
8769
8770
8771
8782
8783
8788
8792
8793
8797
8799
8812
8813
8822
8824
8827
8828
8828
8829
8837
8840
8845
8859
8860
8865
8873
8877
8878
8882
8883
8885
8888
8891
8898
8903
8912
8913
8914
8929
8929
8929
8933
8937
8948
8951
8951
8953
8956
8959
8964
8970
8971
8973
8980
8984
8986
8986
8989
8992
8996
9001
9003
9006
9007
9007
9007
9010
9010
9022
9022
9025
9041
9043
9051
9059
9061
9073
9074
9075
9086
9095
9096
9096
9097
9098
9098
9106
9112
9118
9118
9118
9119
9125
9126
9128
9131
9131
9139
9139
9158
9160
9160
9162
9163
9169
9176
9176
9178
9182
9188
9190
9194
9194
9198
9207
9210
9222
9222
9223
9228
9236
9246
9246
9259
9261
9262
9264
9265
9265
9265
9265
9267
9268
9270
9281
9290
9292
9294
9298
9303
9308
9308
9309
9314
9314
9316
9321
9335
9338
9338
9343
9348
9353
9354
9355
9361
9367
9369
9370
9376
9390
9391
9393
9393
9393
9395
9396
9397
9399
9399
9405
9407
9411
9416
9416
9416
9417
9419
9425
9425
9425
9434
9434
9435
9435
9436
9439
9442
9442
9443
9444
9445
9451
9457
9459
9460
9462
9463
9464
9465
9466
9468
9469
9469
9473
9475
9476
9476
9487
9487
9500
9500
9511
9513
9519
9521
9528
9530
9534
9536
9539
9539
9540
9543
9543
9545
9545
9548
9551
9552
9553
9553
9554
9556
9557
9559
9559
9564
9564
9564
9569
9569
9570
9570
9572
9573
9575
9578
9579
9580
9583
9584
9586
9592
9593
9597
9598
9600
9602
9603
9605
9609
9615
9616
9616
9618
9618
9618
9626
9628
9632
9636
9637
9639
9643
9645
9647
9651
9654
9657
9659
9659
9660
9661
9667
9671
9671
9673
9676
9677
9678
9682
9684
9690
9690
9698
9699
9701
9709
9711
9712
9716
9723
9723
9732
9735
9736
9737
9738
9742
9744
9745
9748
9749
9760
9761
9767
9768
9770
9771
9773
9778
9778
9782
9784
9790
9794
9795
9795
9795
9798
9800
9816
9817
9820
9825
9832
9833
9837
9840
9849
9856
9856
9864
9868
9868
9871
9871
9872
9872
9874
9874
9876
9878
9879
9886
9889
9890
9890
9894
9898
9900
9921
9922
9922
9923
9923
9926
9930
9934
9935
9935
9947
9948
9948
9950
9950
9950
9951
9951
9952
9952
9955
9958
9966
9967
9981
9981
9986
9988
9994
9999
9999
10001
10002
10003
10004
10005
10006
10007
10010
10012
10017
10021
10023
10023
10039
10039
10041
10047
10051
10052
10055
10055
10060
10061
10062
10064
10066
10070
10073
10074
10079
10080
10081
10087
10088
10097
10097
10100
10104
10106
10108
10111
10115
10120
10127
10130
10135
10136
10138
10139
10142
10144
10144
10165
10166
10166
10167
10171
10172
10175
10175
10177
10177
10181
10182
10185
10188
10196
10201
10206
10212
10213
10214
10215
10221
10222
10223
10227
10227
10239
10240
10241
10247
10252
10252
10253
10259
10260
10263
10273
10274
10275
10276
10280
10281
10282
10290
10291
10298
10301
10304
10309
10312
10312
10324
10329
10331
10333
10335
10336
10337
10341
10341
10344
10344
10345
10351
10352
10353
10353
10360
10362
10365
10366
10372
10372
10372
10374
10385
10385
10386
10387
10396
10402
10404
10414
10417
10418
10420
10421
10426
10436
10448
10453
10456
10458
10468
10469
10487
10492
10495
10495
10502
10503
10509
10510
10511
10512
10513
10517
10519
10524
10526
10528
10531
10537
10541
10543
10543
10543
10544
10544
10551
10551
10563
10563
10564
10565
10566
10566
10567
10568
10575
10579
10581
10589
10595
10599
10599
10605
10609
10609
10613
10617
10619
10629
10632
10640
10642
10642
10642
10645
10646
10654
10657
10657
10658
10665
10665
10667
10669
10669
10671
10674
10679
10684
10693
10694
10698
10701
10702
10710
10711
10714
10715
10719
10728
10730
10730
10734
10735
10743
10746
10760
10760
10765
10769
10770
10772
10777
10777
10781
10782
10784
10794
10795
10796
10796
10802
10803
10815
10818
10819
10821
10823
10824
10829
10832
10834
10834
10836
10838
10839
10840
10844
10854
10855
10863
10874
10882
10886
10891
10895
10896
10897
10899
10899
10907
10910
10910
10911
10912
10916
10919
10924
10927
10933
10934
10934
10936
10938
10947
10947
10955
10960
10966
10967
10969
10971
10973
10975
10977
10981
10985
10986
10990
10991
10994
11003
11013
11014
11034
11034
11041
11041
11041
11046
11048
11052
11053
11054
11055
11058
11060
11061
11062
11063
11064
11067
11067
11068
11070
11071
11079
11080
11085
11086
11087
11088
11088
11092
11093
11093
11099
11099
11100
11101
11102
11104
11105
11107
11110
11116
11123
11127
11127
11127
11130
11130
11141
11143
11156
11157
11160
11164
11167
11169
11169
11173
11184
11186
11186
11187
11187
11189
11191
11191
11193
11194
11195
11196
11197
11207
11209
11213
11215
11217
11219
11219
11221
11231
11240
11249
11249
11251
11253
11256
11257
11260
11261
11261
11263
11263
11265
11268
11269
11277
11277
11278
11281
11281
11282
11291
11291
11294
11296
11301
11305
11309
11309
11315
11317
11317
11321
11322
11323
11329
11335
11336
11340
11340
11342
11346
11351
11355
11359
11362
11364
11365
11367
11368
11370
11371
11377
11378
11379
11382
11384
11388
11392
11397
11397
11398
11413
11420
11421
11422
11423
11427
11433
11434
11434
11436
11437
11439
11445
11445
11446
11453
11458
11464
11466
11468
11471
11471
11474
11479
11480
11486
11492
11494
11495
11498
11500
11509
11511
11514
11516
11517
11517
11518
11519
11524
11527
11532
11535
11537
11548
11549
11550
11552
11557
11559
11567
11571
11573
11575
11580
11581
11584
11587
11588
11588
11603
11604
11606
11616
11616
11617
11621
11624
11626
11626
11626
11628
11632
11633
11637
11638
11650
11652
11655
11657
11658
11661
11662
11663
11666
11667
11669
11670
11671
11674
11674
11677
11679
11684
11688
11692
11696
11696
11698
11700
11705
11715
11717
11717
11717
11720
11734
11739
11742
11748
11750
11752
11752
11768
11771
11772
11775
11778
11780
11782
11786
11787
11793
11800
11805
11807
11808
11808
11815
11827
11833
11835
11836
11836
11843
11844
11845
11846
11847
11848
11855
11857
11859
11864
11867
11868
11871
11874
11876
11879
11885
11891
11896
11904
11905
11909
11911
11922
11925
11925
11927
11927
11927
11928
11931
11931
11935
11940
11942
11948
11953
11955
11955
11957
11960
11961
11963
11965
11967
11975
11980
11980
11986
11990
11991
11997
12000
12000
12000
12000
12002
12005
12010
12010
12016
12021
12024
12024
12032
12033
12037
12039
12040
12042
12045
12048
12049
12061
12071
12072
12073
12074
12082
12085
12086
12086
12088
12092
12093
12096
12099
12102
12106
12109
12109
12109
12113
12114
12119
12120
12121
12122
12134
12135
12136
12137
12139
12139
12142
12144
12145
12148
12149
12152
12153
12154
12160
12163
12166
12175
12175
12182
12184
12184
12185
12186
12190
12191
12194
12197
12199
12199
12201
12207
12208
12211
12214
12216
12223
12225
12225
12228
12228
12233
12233
12235
12248
12253
12253
12254
12256
12259
12262
12263
12263
12266
12266
12267
12272
12272
12275
12275
12277
12278
12284
12288
12291
12292
12296
12296
12297
12303
12304
12304
12308
12308
12313
12317
12321
12321
12322
12329
12331
12331
12336
12342
12342
12346
12348
12348
12350
12353
12355
12357
12358
12363
12366
12367
12375
12375
12380
12381
12387
12389
12390
12394
12395
12413
12417
12420
12422
12423
12424
12430
12432
12433
12433
12435
12437
12438
12440
12441
12442
12447
12453
12455
12457
12457
12457
12460
12466
12468
12470
12471
12480
12481
12488
12490
12490
12492
12493
12498
12499
12506
12506
12510
12512
12522
12523
12524
12525
12526
12529
12529
12531
12533
12539
12541
12547
12550
12553
12555
12555
12558
12558
12559
12563
12564
12571
12572
12575
12579
12580
12581
12589
12590
12594
12599
12603
12604
12605
12606
12613
12614
12614
12614
12617
12619
12625
12626
12626
12626
12628
12628
12629
12631
12631
12634
12637
12642
12644
12649
12652
12652
12654
12655
12660
12662
12667
12672
12674
12675
12679
12679
12682
12684
12684
12688
12690
12691
12695
12703
12704
12704
12705
12713
12713
12716
12717
12721
12726
12731
12732
12732
12736
12737
12745
12746
12748
12749
12752
12761
12764
12768
12771
12781
12785
12795
12800
12800
12801
12801
12808
12809
12811
12818
12819
12819
12822
12823
12823
12826
12827
12830
12834
12842
12844
12847
12848
12857
12858
12858
12859
12859
12862
12863
12863
12864
12865
12867
12869
12869
12870
12879
12881
12882
12885
12887
12889
12892
12901
12903
12905
12906
12908
12911
12915
12918
12920
12925
12928
12933
12933
12934
12935
12940
12941
12943
12944
12947
12950
12950
12950
12952
12959
12966
12967
12968
12968
12969
12973
12977
12977
12978
12984
12988
12994
12994
13003
13004
13005
13007
13013
13015
13020
13021
13022
13028
13034
13041
13042
13047
13047
13051
13061
13062
13064
13064
13065
13066
13068
13074
13079
13082
13083
13085
13086
13087
13091
13096
13096
13098
13100
13113
13114
13114
13115
13119
13120
13121
13121
13124
13126
13128
13134
13143
13143
13146
13146
13149
13149
13150
13153
13156
13156
13157
13160
13161
13162
13174
13174
13175
13176
13179
13180
13182
13182
13187
13187
13192
13194
13195
13195
13198
13201
13202
13205
13209
13211
13215
13218
13218
13221
13224
13224
13224
13226
13226
13227
13233
13235
13237
13238
13243
13245
13250
13251
13259
13268
13269
13270
13273
13276
13277
13280
13280
13282
13285
13295
13295
13298
13301
13305
13310
13311
13314
13320
13323
13323
13329
13329
13333
13337
13345
13347
13351
13353
13355
13355
13359
13360
13361
13362
13375
13378
13381
13392
13392
13394
13401
13402
13403
13411
13415
13415
13415
13416
13429
13431
13445
13448
13452
13459
13460
13461
13464
13466
13470
13471
13473
13479
13482
13487
13487
13487
13489
13490
13490
13496
13496
13502
13502
13502
13514
13514
13515
13517
13519
13520
13528
13529
13532
13533
13540
13540
13544
13546
13546
13549
13550
13550
13552
13554
13560
13564
13565
13568
13569
13571
13572
13578
13583
13587
13588
13589
13589
13592
13598
13599
13605
13606
13608
13617
13619
13621
13622
13624
13624
13625
13628
13631
13633
13634
13635
13642
13647
13651
13654
13655
13656
13660
13661
13665
13666
13669
13670
13672
13675
13678
13678
13682
13682
13689
13690
13691
13692
13694
13696
13699
13702
13703
13705
13705
13706
13707
13708
13711
13719
13719
13720
13721
13731
13734
13735
13737
13741
13744
13745
13755
13758
13758
13759
13768
13771
13774
13780
13781
13782
13787
13795
13800
13800
13802
13805
13806
13807
13809
13810
13811
13814
13817
13817
13819
13820
13821
13826
13826
13827
13829
13831
13831
13837
13844
13845
13849
13854
13854
13857
13857
13858
13861
13868
13870
13871
13875
13877
13880
13883
13884
13886
13886
13888
13891
13898
13900
13906
13910
13911
13914
13919
13919
13922
13926
13930
13932
13934
13938
13938
13939
13946
13952
13956
13957
13962
13962
13963
13968
13968
13972
13974
13976
13980
13983
13986
13986
13987
13987
13991
13995
13997
14003
14011
14011
14015
14018
14018
14020
14021
14023
14026
14026
14027
14033
14038
14048
14050
14051
14057
14058
14058
14060
14062
14067
14067
14072
14073
14082
14087
14089
14090
14093
14096
14097
14097
14098
14099
14101
14101
14110
14111
14112
14115
14124
14126
14128
14132
14133
14136
14137
14139
14142
14145
14149
14149
14151
14152
14152
14155
14158
14159
14159
14159
14160
14167
14169
14177
14185
14188
14191
14197
14198
14201
14205
14209
14210
14211
14218
14219
14222
14225
14232
14232
14240
14241
14248
14248
14254
14257
14264
14269
14272
14272
14277
14282
14287
14289
14292
14293
14294
14296
14308
14308
14310
14310
14311
14314
14315
14318
14318
14319
14320
14328
14331
14335
14336
14339
14355
14357
14362
14365
14367
14369
14372
14385
14386
14387
14389
14398
14409
14411
14412
14413
14416
14420
14422
14424
14429
14437
14445
14451
14452
14459
14459
14462
14462
14467
14470
14471
14474
14476
14485
14486
14487
14487
14488
14492
14492
14499
14500
14512
14515
14519
14521
14526
14527
14532
14535
14536
14538
14540
14540
14541
14557
14563
14565
14567
14573
14576
14577
14584
14591
14593
14594
14595
14605
14606
14608
14608
14610
14610
14611
14612
14613
14619
14619
14632
14634
14636
14637
14641
14642
14645
14646
14647
14650
14651
14653
14653
14657
14662
14668
14671
14673
14680
14682
14686
14687
14689
14691
14704
14707
14708
14715
14716
14716
14728
14729
14730
14731
14732
14734
14736
14739
14739
14740
14742
14744
14747
14750
14752
14752
14755
14755
14766
14767
14770
14775
14777
14785
14786
14786
14789
14805
14807
14808
14814
14825
14828
14831
14833
14834
14835
14839
14844
14845
14850
14852
14853
14856
14857
14857
14858
14858
14860
14864
14870
14871
14873
14874
14875
14878
14885
14886
14892
14899
14901
14902
14902
14907
14909
14911
14911
14913
14918
14919
14921
14921
14922
14926
14929
14930
14938
14939
14943
14943
14943
14945
14948
14948
14949
14951
14953
14953
14955
14958
14960
14960
14961
14961
14962
14962
14962
14967
14967
14968
14971
14991
14994
14995
14999
15000
15001
15009
15012
15016
15023
15025
15027
15028
15031
15032
15032
15033
15033
15034
15034
15034
15036
15038
15040
15040
15041
15047
15054
15057
15063
15066
15068
15072
15072
15073
15078
15082
15083
15085
15104
15104
15104
15107
15109
15110
15113
15113
15116
15117
15118
15122
15122
15128
15132
15135
15138
15142
15145
15147
15148
15149
15152
15154
15157
15159
15160
15161
15161
15165
15167
15172
15178
15182
15183
15184
15186
15192
15192
15198
15202
15203
15203
15204
15204
15209
15209
15210
15212
15213
15214
15221
15223
15227
15233
15234
15235
15239
15244
15245
15245
15258
15266
15267
15271
15274
15278
15279
15279
15280
15281
15283
15285
15291
15292
15311
15313
15315
15319
15320
15321
15327
15337
15341
15342
15342
15350
15351
15353
15353
15360
15380
15380
15382
15382
15385
15387
15388
15388
15389
15391
15399
15400
15402
15402
15404
15418
15419
15430
15430
15432
15434
15434
15435
15436
15438
15439
15442
15444
15449
15452
15454
15458
15458
15458
15464
15464
15466
15467
15468
15472
15477
15477
15478
15480
15482
15490
15491
15496
15498
15502
15513
15516
15522
15525
15528
15535
15536
15539
15542
15542
15545
15546
15549
15555
15561
15561
15567
15567
15568
15570
15575
15575
15580
15581
15592
15593
15594
15595
15596
15596
15596
15599
15601
15602
15604
15606
15613
15615
15616
15618
15619
15619
15622
15622
15622
15624
15626
15627
15634
15634
15635
15641
15641
15644
15644
15646
15648
15657
15671
15674
15679
15685
15686
15692
15694
15694
15698
15699
15701
15703
15709
15711
15713
15717
15717
15719
15721
15723
15724
15727
15731
15737
15740
15741
15745
15745
15749
15752
15753
15756
15759
15764
15773
15773
15775
15777
15782
15785
15788
15796
15797
15799
15805
15806
15807
15811
15819
15820
15824
15824
15829
15835
15835
15837
15840
15849
15854
15855
15855
15863
15867
15868
15871
15878
15883
15884
15886
15890
15905
15912
15914
15915
15917
15923
15924
15926
15929
15930
15932
15934
15935
15936
15936
15940
15945
15947
15948
15952
15953
15954
15957
15960
15960
15963
15963
15967
15968
15984
15986
15989
15990
15993
15994
15999
16000
16000
16001
16001
16003
16008
16013
16013
16015
16021
16024
16024
16024
16026
16031
16033
16033
16037
16039
16040
16040
16045
16053
16055
16066
16069
16076
16078
16079
16081
16083
16083
16088
16093
16093
16094
16095
16095
16102
16102
16104
16115
16115
16117
16139
16147
16147
16149
16150
16150
16153
16156
16161
16165
16172
16173
16177
16178
16179
16180
16180
16181
16182
16184
16188
16189
16190
16196
16196
16196
16199
16201
16206
16207
16210
16212
16213
16217
16220
16224
16235
16238
16240
16242
16248
16256
16261
16263
16264
16268
16270
16272
16275
16282
16282
16283
16288
16296
16296
16297
16300
16305
16307
16311
16312
16312
16314
16315
16321
16324
16325
16326
16329
16340
16340
16342
16343
16344
16346
16348
16362
16364
16364
16365
16379
16380
16380
16383
16385
16388
16389
16396
16400
16403
16405
16406
16409
16412
16416
16421
16422
16423
16433
16433
16438
16438
16439
16440
16441
16444
16447
16453
16454
16456
16458
16458
16460
16461
16469
16471
16482
16483
16484
16490
16493
16496
16498
16500
16501
16504
16505
16507
16508
16511
16514
16517
16525
16526
16528
16529
16534
16535
16535
16547
16548
16555
16558
16560
16574
16578
16579
16579
16584
16590
16591
16598
16600
16600
16605
16605
16610
16611
16611
16615
16616
16624
16629
16634
16643
16644
16645
16649
16651
16653
16657
16658
16668
16671
16671
16678
16680
16680
16690
16691
16692
16696
16704
16704
16716
16717
16723
16728
16731
16733
16735
16737
16740
16740
16744
16746
16750
16752
16752
16753
16764
16767
16769
16770
16770
16773
16773
16780
16786
16787
16788
16789
16791
16794
16797
16805
16808
16808
16828
16830
16830
16831
16832
16834
16835
16838
16838
16841
16844
16849
16851
16851
16853
16856
16857
16858
16858
16859
16863
16864
16876
16877
16880
16880
16884
16888
16892
16894
16898
16901
16901
16906
16906
16906
16909
16916
16916
16918
16921
16923
16925
16925
16927
16929
16930
16933
16933
16939
16942
16943
16943
16944
16946
16947
16947
16952
16952
16955
16957
16958
16958
16958
16963
16967
16971
16972
16976
16978
16983
16984
16986
16989
16993
16997
16998
17000
17003
17012
17014
17021
17025
17030
17032
17036
17037
17037
17041
17042
17047
17049
17054
17061
17066
17067
17068
17070
17071
17071
17071
17074
17095
17095
17097
17099
17106
17108
17109
17109
17113
17120
17122
17127
17127
17127
17131
17131
17131
17135
17139
17139
17144
17150
17153
17155
17155
17158
17158
17160
17161
17167
17171
17175
17177
17182
17187
17189
17190
17191
17191
17194
17194
17197
17202
17207
17207
17211
17212
17221
17221
17223
17228
17229
17232
17233
17239
17248
17248
17250
17255
17255
17264
17265
17265
17267
17269
17275
17278
17286
17287
17287
17289
17291
17297
17298
17302
17302
17310
17311
17311
17313
17317
17321
17323
17325
17329
17334
17336
17340
17343
17349
17352
17355
17361
17362
17367
17367
17368
17372
17373
17383
17401
17402
17404
17407
17409
17412
17414
17415
17416
17417
17417
17422
17422
17426
17435
17438
17441
17442
17444
17444
17446
17450
17450
17451
17454
17471
17471
17474
17476
17481
17483
17483
17485
17485
17491
17495
17496
17503
17503
17505
17515
17515
17517
17526
17529
17533
17540
17540
17542
17543
17545
17549
17553
17554
17558
17560
17567
17571
17573
17573
17574
17579
17581
17587
17587
17589
17591
17592
17597
17597
17601
17602
17605
17607
17611
17616
17618
17623
17627
17630
17637
17637
17641
17644
17645
17652
17652
17655
17655
17657
17658
17659
17663
17666
17670
17671
17674
17677
17677
17681
17681
17685
17695
17699
17701
17708
17709
17710
17710
17710
17719
17720
17722
17726
17728
17732
17733
17738
17739
17747
17749
17749
17750
17756
17757
17759
17790
17794
17800
17803
17803
17807
17808
17814
17815
17817
17818
17819
17819
17820
17822
17823
17832
17833
17834
17843
17847
17852
17855
17855
17858
17861
17861
17862
17863
17870
17872
17873
17874
17882
17882
17890
17890
17893
17900
17904
17908
17912
17913
17913
17923
17929
17929
17929
17930
17930
17936
17937
17938
17948
17953
17960
17967
17971
17972
17975
17979
17986
17991
17991
17994
17994
17996
17997
18001
18002
18006
18011
18013
18014
18014
18017
18020
18022
18026
18029
18030
18032
18033
18036
18038
18040
18043
18045
18048
18056
18064
18064
18065
18065
18073
18078
18082
18084
18091
18094
18097
18104
18105
18107
18110
18110
18113
18119
18121
18124
18126
18133
18137
18141
18146
18148
18148
18150
18158
18160
18165
18165
18166
18167
18179
18181
18184
18184
18185
18188
18192
18192
18194
18194
18203
18205
18207
18215
18217
18220
18223
18225
18225
18225
18226
18230
18230
18232
18236
18240
18243
18243
18246
18248
18249
18255
18260
18262
18270
18272
18273
18274
18279
18281
18297
18298
18300
18305
18314
18319
18326
18335
18336
18357
18359
18361
18363
18372
18374
18376
18376
18377
18381
18382
18385
18391
18393
18396
18400
18400
18401
18402
18403
18406
18416
18417
18417
18418
18420
18429
18430
18431
18444
18444
18458
18460
18461
18463
18469
18472
18472
18474
18481
18486
18487
18487
18497
18498
18506
18509
18511
18512
18515
18515
18518
18519
18520
18520
18524
18528
18533
18535
18537
18539
18540
18540
18540
18540
18542
18542
18544
18548
18559
18564
18564
18565
18570
18571
18574
18574
18575
18582
18585
18588
18590
18591
18594
18596
18597
18599
18603
18606
18608
18614
18625
18625
18630
18634
18637
18641
18652
18668
18671
18671
18673
18675
18676
18682
18684
18685
18690
18694
18697
18699
18702
18702
18704
18705
18711
18712
18716
18722
18723
18725
18725
18727
18729
18730
18735
18738
18741
18744
18747
18750
18755
18757
18757
18759
18760
18763
18764
18766
18767
18772
18774
18778
18780
18784
18785
18785
18791
18795
18795
18797
18802
18804
18806
18810
18811
18816
18817
18822
18827
18828
18829
18830
18833
18835
18836
18844
18844
18844
18847
18857
18858
18864
18866
18866
18869
18871
18872
18875
18885
18885
18889
18889
18895
18899
18900
18900
18902
18913
18919
18920
18921
18923
18923
18927
18928
18936
18937
18945
18951
18952
18954
18955
18955
18956
18959
18959
18960
18968
18974
18975
18978
18979
18993
18996
19002
19010
19010
19014
19016
19023
19029
19031
19033
19034
19040
19040
19043
19051
19052
19053
19054
19056
19059
19060
19064
19075
19080
19087
19087
19089
19092
19097
19097
19107
19107
19119
19120
19123
19127
19127
19131
19133
19134
19134
19136
19142
19146
19156
19157
19159
19159
19163
19163
19171
19173
19174
19176
19177
19181
19181
19182
19183
19190
19191
19191
19199
19202
19204
19208
19209
19209
19209
19217
19233
19236
19236
19237
19238
19238
19243
19248
19250
19252
19255
19255
19257
19264
19265
19266
19269
19269
19271
19273
19275
19275
19277
19281
19282
19288
19291
19291
19293
19294
19295
19296
19296
19300
19312
19319
19319
19319
19320
19324
19326
19329
19335
19336
19337
19338
19340
19342
19352
19357
19358
19358
19358
19359
19364
19365
19366
19368
19369
19371
19375
19378
19379
19379
19383
19385
19388
19393
19398
19402
19408
19409
19414
19417
19418
19420
19425
19433
19440
19444
19444
19445
19446
19449
19452
19453
19456
19457
19461
19463
19472
19482
19486
19487
19488
19489
19490
19491
19493
19497
19497
19500
19502
19505
19512
19519
19524
19529
19531
19532
19533
19535
19537
19541
19543
19544
19545
19558
19565
19568
19570
19570
19577
19578
19578
19584
19588
19594
19595
19595
19595
19601
19602
19603
19607
19608
19609
19610
19612
19615
19616
19617
19619
19620
19623
19623
19626
19627
19631
19631
19640
19640
19644
19646
19648
19651
19651
19653
19659
19668
19669
19675
19675
19677
19684
19686
19692
19692
19695
19697
19697
19699
19702
19703
19703
19704
19706
19711
19715
19715
19723
19725
19727
19727
19729
19730
19732
19732
19734
19735
19741
19743
19743
19744
19751
19751
19752
19757
19760
19761
19764
19766
19773
19776
19777
19781
19783
19784
19784
19802
19808
19808
19810
19810
19817
19822
19823
19824
19827
19828
19832
19833
19838
19842
19843
19845
19850
19856
19856
19858
19868
19870
19872
19873
19876
19877
19885
19887
19892
19894
19896
19898
19903
19907
19909
19913
19914
19919
19921
19923
19924
19927
19928
19930
19930
19931
19932
19933
19934
19935
19936
19942
19943
19943
19952
19960
19962
19964
19970
19971
19972
19972
19987
19989
19997
19997
20002
20002
20004
20007
20014
20014
20019
20020
20024
20029
20032
20042
20047
20048
20052
20053
20056
20056
20060
20069
20069
20071
20071
20072
20076
20077
20080
20080
20080
20081
20085
20085
20088
20091
20094
20097
20098
20099
20103
20105
20120
20122
20124
20128
20130
20130
20135
20139
20141
20143
20144
20150
20152
20152
20152
20154
20154
20161
20164
20171
20185
20189
20189
20190
20190
20192
20194
20204
20206
20207
20207
20209
20214
20216
20227
20227
20239
20241
20242
20244
20245
20247
20252
20253
20256
20266
20269
20271
20281
20283
20285
20286
20286
20290
20291
20291
20294
20296
20297
20302
20303
20311
20314
20316
20316
20321
20322
20323
20329
20330
20331
20332
20339
20340
20340
20345
20347
20351
20356
20362
20364
20365
20366
20373
20374
20376
20379
20384
20392
20395
20396
20396
20396
20397
20399
20403
20411
20411
20420
20431
20433
20434
20435
20439
20441
20451
20452
20453
20456
20457
20459
20463
20465
20466
20466
20467
20472
20473
20473
20474
20474
20476
20476
20478
20481
20487
20488
20491
20491
20493
20495
20498
20498
20499
20500
20501
20503
20507
20511
20512
20514
20516
20529
20529
20530
20531
20532
20533
20537
20538
20541
20542
20543
20558
20560
20565
20572
20576
20576
20584
20594
20595
20595
20595
20596
20598
20609
20611
20613
20614
20618
20628
20629
20629
20634
20642
20647
20651
20652
20661
20661
20672
20673
20676
20677
20679
20683
20683
20684
20684
20689
20689
20692
20696
20702
20703
20704
20709
20713
20716
20726
20730
20733
20735
20736
20738
20739
20739
20741
20742
20746
20748
20748
20750
20750
20754
20756
20759
20759
20760
20761
20766
20768
20773
20775
20776
20782
20784
20784
20786
20787
20790
20790
20794
20796
20800
20807
20809
20816
20817
20822
20824
20826
20829
20842
20845
20845
20849
20852
20852
20863
20864
20870
20875
20877
20878
20885
20886
20895
20895
20895
20898
20900
20900
20900
20905
20909
20911
20913
20916
20918
20918
20921
20922
20923
20925
20927
20933
20938
20939
20941
20941
20943
20946
20947
20951
20952
20954
20954
20959
20973
20974
20976
20977
20983
20989
20992
20994
20994
20997
20997
21004
21010
21011
21012
21017
21019
21020
21022
21023
21025
21030
21031
21033
21035
21035
21039
21040
21043
21043
21048
21049
21055
21060
21062
21062
21066
21067
21073
21073
21075
21077
21077
21079
21085
21087
21088
21091
21099
21104
21108
21108
21116
21117
21122
21123
21127
21127
21128
21129
21130
21131
21133
21134
21135
21140
21144
21146
21155
21156
21157
21159
21159
21161
21165
21166
21168
21172
21178
21179
21182
21184
21192
21192
21199
21202
21213
21218
21220
21228
21229
21232
21234
21241
21246
21247
21254
21254
21255
21260
21265
21268
21270
21270
21272
21273
21275
21275
21277
21279
21279
21281
21281
21282
21285
21288
21289
21290
21295
21299
21301
21302
21308
21310
21310
21313
21318
21320
21320
21322
21331
21332
21336
21338
21340
21344
21348
21353
21355
21355
21355
21358
21359
21360
21367
21378
21378
21379
21380
21383
21383
21388
21394
21395
21396
21397
21398
21399
21400
21401
21402
21402
21408
21408
21414
21415
21417
21417
21420
21425
21429
21433
21434
21434
21435
21440
21440
21441
21444
21445
21446
21447
21448
21453
21458
21460
21467
21470
21470
21479
21484
21485
21488
21491
21495
21496
21497
21497
21504
21510
21513
21520
21521
21529
21537
21544
21545
21549
21551
21551
21551
21553
21553
21554
21558
21562
21564
21567
21569
21572
21575
21576
21577
21577
21583
21585
21585
21591
21592
21593
21596
21597
21598
21598
21600
21603
21605
21608
21610
21611
21612
21613
21616
21617
21621
21621
21624
21629
21634
21635
21638
21641
21642
21649
21656
21658
21658
21660
21661
21664
21665
21666
21670
21671
21672
21672
21674
21676
21676
21677
21678
21679
21679
21680
21685
21689
21690
21690
21691
21697
21699
21699
21703
21707
21708
21709
21711
21714
21717
21721
21726
21726
21730
21730
21734
21749
21751
21754
21756
21759
21761
21763
21764
21765
21773
21776
21778
21780
21781
21782
21788
21792
21793
21794
21798
21800
21803
21804
21805
21806
21807
21812
21816
21818
21826
21835
21837
21837
21848
21852
21857
21858
21859
21862
21867
21869
21869
21871
21873
21879
21883
21883
21885
21889
21894
21905
21908
21911
21914
21916
21917
21919
21920
21924
21925
21930
21936
21940
21951
21952
21952
21958
21962
21970
21972
21979
21983
21993
21994
22001
22005
22005
22012
22017
22025
22025
22026
22027
22027
22031
22032
22033
22035
22036
22036
22037
22042
22044
22045
22048
22050
22052
22060
22060
22060
22063
22066
22067
22072
22073
22076
22078
22081
22081
22083
22084
22086
22088
22092
22093
22095
22095
22099
22103
22105
22107
22117
22122
22122
22130
22132
22133
22137
22140
22140
22147
22149
22151
22152
22153
22155
22158
22161
22167
22170
22171
22184
22190
22192
22194
22210
22210
22218
22220
22223
22224
22224
22224
22225
22227
22234
22238
22241
22243
22243
22247
22247
22256
22259
22263
22276
22277
22286
22287
22292
22296
22313
22315
22315
22323
22328
22329
22331
22333
22338
22339
22346
22353
22355
22356
22359
22376
22377
22377
22380
22389
22391
22397
22399
22403
22407
22407
22408
22409
22410
22411
22415
22416
22417
22421
22425
22426
22427
22428
22430
22431
22431
22433
22437
22439
22441
22441
22443
22449
22450
22454
22457
22458
22463
22470
22479
22480
22481
22487
22491
22492
22492
22497
22501
22501
22504
22512
22515
22518
22523
22526
22530
22530
22533
22535
22541
22542
22545
22547
22552
22553
22560
22560
22565
22576
22580
22586
22587
22592
22592
22594
22597
22602
22605
22605
22610
22613
22613
22617
22623
22625
22629
22630
22632
22633
22636
22638
22640
22641
22649
22649
22649
22654
22656
22659
22661
22662
22663
22667
22671
22671
22675
22676
22679
22680
22680
22681
22682
22689
22690
22690
22694
22700
22700
22703
22706
22708
22709
22711
22711
22712
22713
22721
22726
22726
22726
22730
22733
22736
22738
22740
22741
22742
22744
22748
22749
22751
22758
22762
22770
22770
22771
22777
22777
22790
22792
22798
22799
22801
22807
22810
22813
22818
22822
22823
22825
22832
22835
22837
22839
22842
22846
22847
22848
22853
22855
22866
22876
22878
22881
22887
22896
22897
22899
22903
22910
22912
22932
22942
22944
22950
22952
22956
22961
22963
22963
22968
22968
22970
22972
22975
22977
22982
22983
22983
22984
22987
22987
22990
22991
22996
22997
23004
23010
23015
23016
23023
23025
23026
23027
23027
23032
23034
23040
23041
23041
23049
23056
23056
23057
23059
23060
23066
23070
23071
23072
23077
23078
23085
23089
23089
23091
23093
23093
23098
23100
23103
23104
23108
23110
23110
23110
23112
23113
23115
23116
23119
23122
23123
23124
23126
23129
23130
23135
23137
23138
23138
23141
23143
23146
23147
23149
23152
23153
23156
23162
23163
23164
23169
23171
23176
23178
23183
23183
23184
23185
23187
23189
23189
23190
23193
23193
23195
23203
23205
23214
23215
23219
23224
23225
23228
23235
23241
23241
23242
23243
23245
23250
23254
23258
23262
23267
23269
23272
23275
23285
23289
23290
23291
23301
23304
23310
23311
23312
23313
23314
23315
23318
23320
23326
23328
23328
23333
23333
23336
23337
23338
23343
23343
23344
23347
23355
23356
23356
23357
23361
23361
23366
23366
23367
23370
23372
23377
23378
23378
23382
23382
23382
23382
23384
23386
23387
23387
23388
23389
23393
23401
23417
23418
23428
23428
23430
23431
23431
23431
23433
23436
23438
23439
23442
23443
23450
23451
23453
23454
23459
23461
23462
23464
23470
23470
23476
23476
23480
23482
23484
23493
23495
23496
23496
23496
23498
23500
23501
23511
23512
23512
23516
23521
23527
23533
23537
23540
23542
23543
23544
23549
23552
23554
23562
23565
23568
23572
23584
23600
23603
23615
23615
23616
23617
23618
23620
23621
23623
23624
23624
23625
23625
23625
23625
23631
23634
23636
23644
23645
23645
23652
23654
23659
23661
23663
23664
23666
23667
23669
23670
23672
23676
23682
23682
23683
23683
23686
23689
23692
23692
23702
23706
23707
23710
23711
23712
23713
23713
23715
23718
23723
23724
23725
23725
23725
23727
23729
23732
23735
23737
23739
23746
23748
23755
23760
23760
23764
23766
23767
23772
23774
23782
23785
23785
23788
23789
23790
23790
23794
23797
23797
23798
23805
23806
23811
23814
23816
23820
23820
23821
23822
23824
23827
23829
23830
23830
23832
23836
23844
23845
23848
23852
23853
23854
23855
23859
23860
23862
23862
23864
23865
23866
23874
23877
23884
23884
23885
23885
23887
23888
23890
23894
23900
23902
23904
23904
23907
23908
23911
23924
23928
23932
23935
23935
23935
23936
23940
23946
23950
23955
23958
23960
23960
23961
23964
23966
23968
23991
23993
23995
23995
23997
24004
24006
24006
24012
24013
24013
24017
24020
24022
24029
24030
24031
24032
24036
24036
24045
24045
24048
24050
24051
24051
24053
24064
24066
24068
24068
24077
24077
24078
24079
24080
24083
24088
24092
24093
24094
24097
24098
24100
24101
24102
24105
24107
24108
24109
24110
24114
24116
24119
24121
24122
24127
24131
24134
24150
24151
24157
24160
24161
24162
24165
24166
24166
24169
24169
24172
24176
24177
24181
24181
24182
24184
24185
24186
24191
24193
24195
24198
24198
24202
24202
24203
24204
24205
24208
24208
24208
24209
24212
24218
24220
24221
24226
24227
24230
24232
24233
24233
24240
24247
24250
24253
24261
24266
24271
24276
24278
24284
24285
24286
24289
24297
24297
24306
24307
24308
24311
24313
24317
24325
24327
24327
24328
24332
24337
24338
24340
24346
24350
24351
24352
24356
24357
24358
24360
24362
24363
24365
24369
24373
24380
24383
24383
24386
24391
24396
24401
24405
24406
24408
24413
24413
24414
24414
24417
24419
24419
24423
24424
24428
24432
24437
24443
24449
24450
24451
24455
24458
24467
24467
24469
24472
24474
24474
24474
24486
24491
24496
24498
24499
24501
24501
24505
24506
24512
24515
24515
24521
24521
24523
24523
24524
24527
24528
24531
24534
24534
24543
24546
24548
24552
24555
24555
24555
24558
24563
24564
24567
24568
24568
24571
24574
24581
24583
24586
24593
24606
24607
24607
24611
24616
24621
24627
24632
24632
24632
24637
24641
24642
24647
24647
24656
24660
24667
24673
24679
24685
24696
24697
24697
24700
24705
24707
24709
24709
24719
24721
24722
24725
24726
24727
24731
24731
24734
24739
24739
24739
24743
24749
24753
24761
24761
24764
24766
24767
24774
24776
24776
24778
24783
24785
24786
24789
24789
24790
24791
24795
24795
24799
24800
24804
24805
24810
24815
24815
24819
24821
24821
24825
24826
24832
24838
24842
24844
24848
24849
24849
24852
24853
24874
24875
24877
24891
24900
24901
24903
24908
24912
24915
24921
24924
24926
24931
24932
24942
24946
24948
24948
24952
24955
24961
24961
24968
24968
24970
24970
24974
24975
24979
24979
24980
24985
24986
24988
24992
24993
24996
24998
24999
25000
25002
25003
25007
25009
25010
25010
25020
25022
25032
25033
25034
25037
25041
25042
25044
25046
25047
25050
25050
25052
25053
25054
25060
25066
25066
25068
25078
25086
25086
25088
25088
25095
25100
25104
25107
25110
25113
25117
25124
25125
25125
25143
25144
25146
25147
25155
25155
25159
25160
25168
25170
25176
25179
25181
25184
25184
25192
25195
25199
25199
25202
25204
25209
25212
25213
25216
25216
25219
25220
25227
25229
25235
25238
25239
25239
25240
25241
25242
25242
25243
25250
25250
25253
25259
25259
25262
25266
25266
25266
25268
25268
25269
25269
25271
25272
25273
25274
25274
25276
25283
25285
25287
25298
25298
25304
25307
25309
25310
25312
25312
25314
25315
25324
25328
25329
25332
25335
25336
25337
25342
25345
25356
25362
25363
25366
25371
25374
25376
25376
25377
25377
25383
25384
25385
25385
25386
25389
25391
25394
25397
25399
25402
25408
25413
25422
25429
25429
25435
25438
25439
25444
25455
25457
25469
25473
25483
25484
25484
25486
25491
25492
25492
25495
25496
25501
25503
25504
25507
25509
25510
25511
25516
25519
25523
25524
25532
25532
25535
25535
25535
25536
25538
25540
25545
25549
25550
25551
25552
25555
25556
25556
25557
25558
25558
25559
25567
25572
25575
25577
25584
25585
25586
25590
25593
25594
25595
25595
25596
25598
25602
25607
25608
25610
25611
25614
25617
25619
25620
25623
25625
25630
25633
25633
25633
25633
25641
25643
25644
25645
25648
25649
25651
25652
25653
25654
25658
25658
25658
25665
25667
25670
25672
25674
25674
25678
25682
25684
25688
25693
25695
25702
25702
25703
25707
25711
25715
25717
25720
25728
25733
25739
25743
25744
25745
25750
25750
25751
25764
25767
25769
25770
25773
25773
25776
25778
25779
25795
25800
25801
25807
25812
25820
25822
25823
25824
25830
25832
25834
25837
25838
25838
25840
25843
25846
25847
25860
25862
25866
25868
25870
25871
25872
25873
25882
25883
25884
25888
25896
25896
25896
25896
25902
25902
25902
25906
25910
25913
25916
25918
25922
25931
25931
25937
25944
25954
25956
25960
25966
25968
25974
25975
25977
25979
25986
25989
25992
25995
25995
25998
26000
26003
26007
26013
26017
26019
26019
26021
26029
26030
26036
26039
26040
26043
26043
26047
26049
26050
26052
26056
26062
26064
26066
26067
26067
26070
26075
26077
26081
26082
26090
26094
26094
26094
26106
26107
26109
26116
26117
26118
26119
26120
26121
26123
26126
26133
26136
26141
26142
26145
26146
26147
26147
26152
26152
26154
26155
26159
26163
26165
26184
26185
26189
26189
26193
26198
26198
26203
26203
26209
26215
26216
26218
26219
26219
26234
26235
26238
26245
26247
26256
26256
26258
26260
26267
26274
26274
26275
26276
26278
26279
26281
26281
26282
26284
26289
26289
26290
26303
26303
26307
26307
26309
26315
26318
26321
26324
26327
26329
26329
26333
26334
26337
26341
26342
26343
26346
26348
26356
26360
26363
26364
26368
26368
26371
26376
26376
26379
26381
26390
26391
26399
26401
26401
26406
26407
26414
26418
26419
26423
26428
26435
26443
26453
26453
26455
26462
26464
26465
26465
26467
26476
26476
26488
26489
26500
26501
26503
26511
26513
26515
26518
26519
26523
26523
26526
26527
26534
26537
26539
26541
26546
26546
26550
26557
26562
26563
26565
26566
26566
26568
26568
26569
26572
26574
26576
26585
26595
26596
26606
26606
26608
26610
26616
26618
26619
26624
26627
26631
26632
26633
26640
26644
26648
26649
26653
26654
26656
26658
26663
26664
26666
26669
26669
26669
26671
26671
26671
26681
26681
26686
26686
26691
26693
26694
26698
26700
26703
26706
26707
26714
26715
26719
26720
26722
26731
26732
26737
26738
26746
26748
26748
26748
26749
26751
26756
26756
26759
26764
26766
26770
26773
26775
26781
26787
26793
26794
26797
26797
26804
26807
26813
26816
26819
26822
26823
26828
26828
26828
26830
26833
26834
26837
26843
26843
26852
26855
26858
26859
26863
26872
26873
26877
26878
26881
26881
26888
26889
26894
26895
26898
26898
26898
26900
26902
26902
26905
26905
26906
26906
26911
26912
26917
26923
26927
26927
26932
26936
26938
26942
26948
26948
26949
26950
26951
26954
26955
26964
26972
26977
26978
26984
26986
26993
26997
26998
27002
27003
27006
27008
27011
27016
27017
27019
27025
27025
27035
27040
27040
27044
27051
27052
27061
27066
27066
27070
27079
27080
27081
27088
27089
27089
27095
27097
27098
27101
27109
27110
27111
27114
27119
27120
27124
27127
27128
27132
27138
27140
27142
27144
27144
27148
27149
27149
27149
27149
27153
27155
27157
27159
27173
27178
27179
27185
27188
27190
27192
27194
27194
27194
27198
27202
27205
27207
27209
27211
27211
27213
27216
27217
27220
27223
27223
27226
27229
27231
27232
27233
27234
27235
27239
27240
27244
27249
27251
27251
27258
27258
27260
27266
27269
27280
27286
27286
27287
27288
27294
27294
27299
27301
27302
27303
27304
27304
27310
27313
27315
27315
27323
27324
27328
27331
27334
27339
27339
27342
27347
27347
27348
27349
27352
27352
27360
27362
27364
27369
27375
27378
27380
27381
27385
27398
27398
27399
27400
27401
27408
27413
27415
27418
27420
27421
27424
27428
27437
27438
27438
27443
27446
27446
27448
27456
27457
27458
27463
27466
27468
27468
27475
27476
27477
27478
27482
27486
27489
27490
27491
27492
27493
27495
27497
27498
27498
27500
27502
27504
27512
27515
27517
27518
27518
27518
27519
27520
27532
27537
27540
27540
27544
27544
27545
27548
27549
27554
27556
27557
27558
27562
27565
27565
27565
27567
27568
27569
27576
27584
27585
27586
27593
27598
27600
27604
27608
27609
27611
27613
27619
27621
27622
27623
27623
27624
27625
27633
27634
27636
27636
27636
27638
27643
27654
27654
27656
27663
27664
27667
27668
27669
27670
27673
27688
27693
27697
27697
27707
27718
27719
27720
27722
27723
27726
27728
27729
27731
27732
27736
27736
27741
27744
27744
27748
27751
27752
27752
27758
27758
27758
27759
27761
27761
27762
27765
27768
27768
27768
27770
27771
27772
27775
27777
27780
27782
27783
27783
27787
27788
27789
27789
27792
27797
27801
27803
27804
27805
27809
27810
27814
27818
27819
27825
27828
27828
27838
27842
27843
27845
27845
27848
27851
27854
27859
27860
27861
27863
27865
27865
27880
27886
27888
27892
27892
27893
27896
27898
27903
27903
27905
27908
27910
27915
27925
27926
27927
27934
27938
27940
27945
27948
27950
27955
27959
27961
27967
27967
27971
27974
27976
27978
27988
27988
27989
27992
27995
27995
27997
27998
28002
28004
28006
28007
28018
28019
28027
28036
28041
28050
28053
28057
28059
28062
28064
28066
28067
28069
28071
28074
28075
28076
28081
28083
28088
28100
28103
28106
28106
28113
28114
28114
28118
28118
28131
28132
28135
28135
28148
28150
28151
28156
28161
28164
28164
28164
28169
28181
28184
28190
28191
28195
28201
28203
28204
28207
28210
28218
28226
28227
28227
28230
28231
28232
28234
28236
28238
28239
28240
28241
28243
28244
28245
28246
28252
28253
28258
28262
28263
28272
28277
28277
28287
28287
28292
28298
28301
28304
28311
28311
28311
28313
28314
28318
28333
28338
28342
28343
28344
28345
28350
28350
28362
28365
28371
28374
28379
28380
28382
28382
28387
28394
28394
28396
28396
28398
28399
28400
28401
28404
28415
28415
28417
28420
28423
28424
28438
28447
28448
28452
28460
28462
28464
28469
28470
28473
28475
28476
28476
28481
28484
28488
28490
28491
28496
28498
28500
28506
28507
28514
28515
28516
28518
28520
28528
28529
28532
28535
28538
28538
28539
28540
28540
28540
28541
28546
28547
28548
28548
28550
28552
28555
28557
28559
28562
28563
28564
28574
28577
28582
28594
28604
28604
28609
28613
28613
28616
28617
28621
28622
28632
28635
28635
28638
28641
28650
28651
28652
28660
28660
28660
28661
28664
28665
28666
28667
28673
28680
28684
28687
28687
28696
28699
28700
28700
28701
28702
28705
28708
28713
28719
28719
28723
28726
28726
28727
28741
28743
28748
28749
28750
28758
28759
28760
28763
28763
28766
28772
28774
28776
28776
28778
28779
28779
28785
28788
28788
28789
28789
28792
28792
28793
28795
28799
28799
28801
28808
28812
28821
28821
28826
28826
28829
28829
28830
28835
28836
28837
28837
28843
28848
28851
28854
28854
28861
28862
28865
28866
28879
28879
28886
28892
28896
28899
28903
28905
28907
28910
28912
28917
28925
28928
28935
28937
28941
28941
28946
28947
28949
28951
28954
28959
28963
28964
28969
28970
28971
28971
28972
28973
28973
28978
28982
28983
28987
28992
28994
28998
28999
29001
29004
29010
29014
29017
29022
29023
29024
29031
29031
29032
29034
29038
29040
29044
29046
29047
29047
29058
29065
29065
29071
29075
29076
29077
29078
29085
29089
29094
29094
29094
29096
29097
29099
29103
29103
29105
29107
29108
29110
29111
29112
29117
29118
29122
29123
29124
29127
29127
29136
29138
29142
29142
29143
29143
29144
29145
29149
29150
29152
29164
29174
29182
29183
29186
29194
29194
29195
29196
29210
29211
29211
29212
29217
29222
29225
29228
29237
29240
29242
29243
29244
29244
29246
29249
29258
29258
29260
29260
29262
29262
29267
29274
29280
29287
29292
29293
29295
29296
29300
29300
29304
29305
29308
29309
29309
29310
29311
29313
29320
29326
29327
29328
29334
29336
29339
29341
29343
29347
29353
29355
29356
29358
29360
29361
29363
29365
29369
29370
29374
29377
29378
29380
29382
29389
29389
29390
29393
29394
29395
29398
29399
29400
29412
29412
29413
29414
29417
29417
29425
29431
29431
29432
29438
29441
29445
29445
29447
29453
29454
29454
29456
29457
29457
29459
29460
29462
29463
29464
29467
29471
29472
29473
29474
29494
29495
29497
29498
29501
29504
29506
29508
29517
29523
29526
29538
29538
29541
29544
29547
29548
29563
29563
29563
29572
29579
29580
29581
29592
29595
29600
29606
29608
29613
29614
29616
29617
29617
29620
29624
29625
29629
29630
29630
29630
29635
29636
29637
29639
29640
29641
29642
29643
29648
29650
29650
29653
29656
29660
29664
29665
29673
29680
29681
29682
29685
29687
29687
29689
29692
29692
29694
29695
29696
29697
29700
29702
29703
29705
29708
29711
29711
29717
29721
29723
29725
29734
29738
29738
29744
29759
29760
29765
29766
29767
29769
29771
29777
29778
29784
29788
29790
29800
29801
29808
29811
29812
29812
29816
29816
29816
29831
29832
29832
29833
29839
29839
29845
29848
29857
29864
29865
29867
29867
29868
29869
29874
29877
29880
29882
29882
29884
29885
29889
29892
29897
29901
29903
29904
29907
29910
29913
29915
29923
29925
29927
29927
29930
29932
29932
29941
29942
29943
29943
29946
29953
29957
29957
29957
29961
29964
29977
29977
29980
29985
29989
29992
29999
15550
5
15545
