10000
4
7
10
10
11
17
27
30
32
33
37
38
48
53
54
56
65
68
70
71
74
77
77
77
78
82
85
86
90
92
92
93
93
97
100
101
104
106
116
119
120
126
129
135
135
137
139
139
142
149
156
159
164
166
168
169
171
184
184
190
194
197
201
205
208
209
210
211
229
235
242
252
254
254
258
260
268
268
274
274
276
279
288
290
292
293
294
296
301
303
309
310
315
316
316
316
318
321
328
332
334
335
336
337
338
348
352
353
357
358
358
361
361
364
366
367
368
371
372
373
379
386
387
394
395
396
396
396
400
401
405
410
416
418
419
419
420
428
430
431
431
436
436
437
439
444
444
466
467
469
472
481
482
482
483
488
497
504
505
507
508
520
528
528
532
532
536
536
546
547
551
554
565
572
579
584
587
592
598
600
601
604
605
607
612
619
622
626
628
628
639
642
644
649
649
651
652
653
656
657
657
663
664
673
674
676
677
679
685
685
692
696
696
704
711
712
713
719
721
723
724
733
734
735
736
737
737
740
740
743
744
744
751
753
760
762
764
768
768
769
769
771
772
774
779
781
781
788
790
791
792
792
793
796
804
808
810
814
815
819
822
824
829
838
838
838
845
849
865
871
881
889
892
896
902
902
908
908
910
910
913
918
919
921
924
926
932
935
935
938
941
947
948
949
951
955
961
964
968
976
993
995
998
1008
1012
1012
1019
1025
1025
1025
1027
1031
1031
1034
1034
1035
1038
1038
1043
1044
1046
1050
1051
1060
1061
1063
1067
1070
1072
1073
1074
1081
1083
1086
1089
1095
1095
1096
1102
1102
1105
1107
1108
1109
1117
1124
1125
1128
1131
1138
1140
1142
1145
1147
1147
1151
1152
1154
1154
1158
1162
1164
1165
1168
1170
1172
1178
1179
1187
1192
1196
1199
1204
1208
1224
1227
1228
1230
1232
1238
1240
1245
1248
1248
1250
1257
1258
1261
1263
1267
1269
1271
1275
1276
1277
1281
1284
1286
1296
1297
1299
1301
1301
1305
1305
1307
1308
1314
1314
1315
1318
1320
1322
1323
1324
1327
1327
1332
1332
1334
1334
1335
1338
1338
1339
1341
1346
1347
1352
1353
1354
1357
1358
1364
1368
1370
1373
1374
1375
1385
1386
1390
1396
1401
1403
1404
1406
1416
1416
1417
1418
1418
1420
1422
1425
1435
1438
1439
1442
1446
1448
1452
1458
1459
1464
1467
1471
1471
1478
1478
1478
1482
1486
1486
1487
1490
1493
1496
1499
1503
1505
1519
1521
1521
1522
1522
1531
1532
1539
1540
1542
1544
1550
1554
1556
1557
1565
1570
1571
1573
1573
1578
1583
1586
1591
1593
1597
1597
1598
1599
1600
1603
1604
1606
1607
1609
1610
1611
1615
1617
1626
1628
1633
1637
1638
1639
1639
1643
1647
1656
1656
1659
1661
1661
1662
1664
1664
1664
1667
1668
1671
1673
1674
1676
1680
1682
1682
1696
1700
1705
1707
1710
1719
1721
1722
1724
1726
1731
1731
1737
1738
1740
1744
1744
1751
1770
1772
1775
1782
1783
1784
1784
1790
1792
1796
1797
1798
1799
1801
1802
1802
1803
1811
1812
1814
1817
1821
1825
1828
1829
1835
1836
1837
1840
1848
1850
1852
1858
1871
1872
1877
1878
1880
1881
1884
1885
1890
1892
1893
1899
1902
1903
1905
1909
1910
1912
1918
1923
1924
1927
1940
1946
1947
1950
1950
1951
1953
1955
1955
1955
1957
1958
1958
1963
1965
1979
1979
1980
1982
1992
1996
2002
2013
2016
2022
2026
2035
2040
2042
2043
2050
2051
2052
2057
2057
2058
2058
2064
2064
2068
2070
2074
2078
2081
2084
2087
2090
2090
2095
2105
2115
2115
2115
2118
2119
2120
2120
2121
2123
2126
2128
2136
2137
2140
2143
2143
2149
2151
2152
2160
2164
2171
2173
2180
2183
2185
2188
2190
2200
2201
2203
2205
2207
2210
2212
2213
2213
2216
2223
2224
2229
2230
2235
2236
2239
2245
2247
2248
2249
2251
2252
2253
2253
2259
2267
2270
2282
2287
2292
2294
2296
2301
2311
2312
2315
2316
2321
2329
2330
2340
2340
2342
2344
2351
2355
2361
2363
2364
2365
2375
2382
2385
2388
2390
2391
2392
2395
2396
2397
2398
2399
2408
2410
2422
2427
2428
2429
2430
2435
2435
2446
2467
2467
2468
2469
2475
2478
2480
2484
2493
2497
2499
2500
2500
2503
2509
2511
2515
2526
2540
2541
2541
2546
2548
2550
2554
2557
2563
2566
2570
2572
2575
2577
2578
2586
2587
2589
2592
2595
2597
2598
2600
2601
2603
2609
2610
2611
2617
2618
2620
2620
2622
2622
2622
2624
2642
2644
2647
2648
2656
2659
2659
2666
2666
2672
2672
2673
2678
2681
2682
2686
2688
2695
2695
2698
2707
2709
2716
2721
2723
2723
2727
2733
2737
2737
2738
2740
2743
2760
2760
2765
2777
2778
2780
2785
2785
2793
2796
2796
2796
2797
2802
2803
2805
2806
2806
2809
2823
2841
2856
2857
2860
2865
2867
2867
2868
2885
2891
2893
2894
2907
2910
2910
2911
2912
2912
2913
2913
2914
2916
2919
2923
2924
2926
2930
2930
2931
2931
2937
2938
2939
2939
2941
2943
2948
2952
2952
2953
2958
2958
2958
2966
2970
2974
2978
2989
2991
2992
2992
2993
2994
2999
3000
3001
3007
3010
3014
3016
3019
3021
3024
3025
3026
3026
3027
3029
3030
3038
3039
3042
3042
3042
3052
3052
3060
3061
3062
3068
3077
3081
3086
3086
3087
3091
3092
3093
3094
3097
3099
3100
3102
3113
3115
3115
3118
3119
3119
3119
3121
3123
3125
3128
3132
3135
3137
3145
3146
3147
3150
3150
3156
3157
3159
3162
3162
3162
3163
3168
3169
3176
3180
3184
3185
3188
3193
3204
3206
3207
3213
3214
3216
3218
3218
3226
3230
3230
3232
3236
3236
3237
3239
3240
3242
3243
3246
3247
3250
3261
3267
3267
3273
3277
3281
3288
3290
3291
3297
3298
3303
3304
3311
3318
3319
3326
3329
3333
3335
3337
3341
3342
3347
3347
3349
3350
3356
3356
3362
3364
3364
3366
3366
3369
3370
3373
3388
3388
3390
3398
3400
3403
3407
3409
3412
3415
3415
3416
3419
3425
3430
3432
3432
3436
3437
3441
3447
3451
3453
3455
3456
3460
3464
3464
3464
3465
3467
3469
3471
3473
3481
3485
3490
3494
3496
3497
3499
3501
3505
3508
3508
3514
3516
3518
3519
3521
3521
3522
3531
3531
3540
3541
3543
3545
3545
3545
3547
3548
3549
3551
3552
3553
3555
3557
3561
3562
3566
3571
3579
3579
3580
3581
3581
3591
3594
3596
3596
3603
3609
3613
3615
3620
3623
3624
3628
3636
3647
3647
3648
3650
3650
3657
3661
3665
3673
3676
3681
3684
3686
3691
3693
3693
3699
3700
3704
3705
3705
3706
3706
3707
3707
3710
3715
3719
3719
3724
3726
3728
3732
3737
3741
3742
3751
3752
3752
3753
3753
3755
3756
3756
3760
3762
3764
3765
3767
3768
3776
3780
3784
3785
3786
3787
3788
3791
3792
3792
3794
3795
3796
3797
3798
3800
3802
3802
3805
3807
3808
3812
3815
3817
3817
3818
3819
3820
3824
3830
3831
3832
3833
3833
3837
3837
3839
3841
3844
3846
3848
3849
3853
3854
3854
3857
3860
3865
3872
3873
3875
3875
3880
3882
3888
3889
3893
3893
3893
3900
3901
3903
3912
3914
3915
3923
3924
3926
3928
3928
3929
3932
3933
3935
3936
3949
3951
3951
3953
3954
3955
3962
3966
3967
3974
3978
3981
3985
3986
3992
3992
3993
3994
4000
4003
4004
4005
4006
4011
4012
4014
4015
4017
4017
4024
4025
4026
4029
4029
4031
4041
4041
4041
4041
4047
4049
4049
4056
4057
4059
4064
4065
4066
4068
4069
4073
4076
4084
4084
4091
4092
4093
4093
4097
4099
4101
4105
4114
4117
4120
4122
4122
4137
4139
4139
4140
4140
4143
4145
4148
4151
4151
4153
4164
4165
4166
4180
4181
4184
4186
4187
4193
4195
4201
4205
4207
4208
4208
4208
4209
4210
4211
4211
4213
4214
4220
4225
4227
4236
4247
4248
4248
4262
4265
4268
4269
4269
4273
4273
4274
4274
4276
4279
4280
4283
4284
4291
4293
4298
4303
4303
4308
4312
4312
4312
4319
4328
4330
4335
4337
4338
4339
4342
4344
4348
4357
4357
4358
4361
4362
4362
4365
4366
4372
4372
4375
4379
4380
4391
4392
4394
4397
4413
4415
4420
4421
4421
4421
4422
4422
4431
4435
4440
4440
4441
4451
4456
4465
4476
4477
4477
4479
4480
4483
4490
4490
4503
4508
4508
4517
4517
4522
4522
4527
4534
4535
4535
4536
4536
4536
4539
4543
4544
4546
4547
4547
4552
4555
4555
4557
4559
4559
4561
4561
4562
4563
4570
4580
4582
4585
4585
4587
4590
4592
4598
4615
4626
4627
4628
4631
4636
4640
4641
4644
4646
4652
4668
4669
4671
4676
4683
4683
4696
4699
4699
4701
4704
4705
4707
4710
4711
4715
4717
4718
4722
4730
4730
4732
4733
4735
4736
4740
4748
4750
4752
4755
4756
4757
4757
4759
4765
4765
4766
4767
4770
4770
4770
4772
4774
4781
4782
4783
4785
4787
4792
4793
4793
4796
4796
4803
4804
4807
4810
4812
4816
4818
4818
4823
4828
4828
4830
4830
4838
4849
4850
4851
4854
4857
4865
4867
4867
4869
4872
4876
4877
4879
4880
4881
4883
4885
4885
4886
4886
4886
4893
4894
4898
4915
4916
4917
4923
4924
4926
4926
4926
4928
4932
4938
4938
4939
4940
4941
4941
4952
4955
4956
4963
4965
4966
4968
4968
4969
4970
4974
4979
4981
4982
4983
4985
4993
4996
5002
5007
5007
5014
5015
5016
5016
5023
5024
5025
5026
5027
5030
5033
5035
5041
5041
5046
5047
5049
5052
5059
5059
5064
5065
5068
5069
5070
5075
5076
5082
5085
5086
5092
5104
5105
5110
5114
5119
5127
5133
5139
5145
5150
5150
5156
5159
5162
5164
5168
5169
5175
5176
5176
5179
5180
5182
5183
5184
5186
5190
5190
5191
5197
5200
5200
5201
5204
5206
5207
5209
5211
5213
5217
5228
5228
5231
5232
5240
5240
5241
5247
5247
5250
5250
5250
5251
5256
5257
5265
5276
5276
5278
5278
5281
5286
5288
5289
5289
5290
5294
5295
5297
5301
5302
5303
5306
5308
5315
5319
5322
5323
5324
5335
5335
5340
5342
5346
5349
5354
5357
5361
5361
5363
5375
5376
5377
5380
5389
5390
5401
5401
5402
5405
5406
5408
5412
5419
5424
5425
5425
5428
5428
5429
5438
5440
5444
5448
5452
5452
5454
5455
5457
5464
5468
5474
5476
5479
5481
5485
5488
5490
5492
5492
5493
5503
5506
5507
5514
5515
5515
5516
5518
5527
5533
5535
5536
5540
5540
5541
5541
5545
5545
5549
5550
5553
5554
5558
5560
5563
5569
5571
5573
5575
5576
5578
5580
5581
5582
5583
5584
5584
5589
5592
5603
5611
5612
5615
5616
5624
5626
5626
5627
5630
5639
5645
5645
5651
5657
5664
5666
5667
5672
5675
5681
5683
5683
5686
5686
5687
5689
5698
5701
5702
5707
5708
5709
5709
5710
5711
5711
5717
5722
5724
5724
5724
5728
5733
5735
5736
5739
5747
5747
5752
5754
5755
5761
5769
5769
5773
5778
5781
5781
5782
5786
5788
5792
5796
5797
5800
5800
5803
5805
5818
5819
5820
5821
5823
5830
5833
5836
5837
5838
5844
5849
5851
5860
5864
5865
5882
5885
5886
5888
5891
5892
5895
5895
5899
5907
5910
5911
5912
5914
5915
5916
5917
5917
5918
5923
5929
5932
5937
5938
5938
5940
5944
5947
5955
5955
5955
5957
5957
5962
5966
5967
5967
5973
5982
5992
5994
5996
6003
6003
6005
6007
6011
6013
6013
6015
6020
6021
6021
6023
6024
6027
6029
6030
6038
6045
6045
6060
6062
6062
6066
6067
6071
6077
6084
6086
6087
6088
6095
6099
6105
6107
6108
6112
6112
6114
6114
6120
6122
6130
6132
6133
6134
6134
6138
6141
6141
6141
6149
6150
6161
6165
6165
6168
6169
6169
6170
6172
6173
6173
6175
6176
6181
6181
6188
6194
6197
6200
6202
6204
6209
6211
6214
6217
6223
6227
6228
6233
6235
6237
6242
6242
6244
6245
6246
6254
6262
6267
6267
6272
6273
6273
6274
6277
6285
6288
6292
6293
6298
6305
6306
6308
6321
6325
6326
6330
6330
6333
6334
6334
6335
6337
6338
6340
6351
6351
6352
6353
6356
6360
6363
6367
6371
6372
6373
6377
6378
6379
6382
6384
6384
6387
6389
6392
6400
6403
6417
6418
6419
6424
6425
6427
6429
6430
6430
6438
6440
6448
6457
6466
6470
6471
6473
6474
6474
6480
6481
6484
6489
6492
6500
6501
6503
6506
6506
6514
6518
6522
6523
6524
6525
6525
6533
6536
6550
6551
6551
6555
6556
6560
6572
6572
6572
6574
6579
6580
6585
6586
6586
6589
6590
6596
6597
6605
6607
6617
6618
6619
6625
6628
6632
6643
6644
6646
6655
6659
6664
6665
6666
6669
6673
6673
6678
6679
6679
6679
6680
6681
6682
6689
6689
6690
6691
6697
6697
6697
6698
6702
6706
6714
6722
6724
6729
6734
6735
6736
6738
6738
6738
6740
6743
6746
6752
6753
6754
6758
6763
6767
6768
6769
6770
6775
6775
6780
6781
6781
6782
6784
6788
6788
6788
6788
6788
6792
6796
6799
6801
6804
6806
6815
6816
6829
6829
6830
6835
6836
6839
6842
6844
6846
6847
6851
6853
6860
6861
6865
6866
6866
6867
6874
6875
6876
6879
6880
6890
6892
6895
6896
6902
6906
6908
6909
6911
6912
6914
6916
6916
6925
6933
6936
6938
6938
6940
6942
6942
6942
6952
6957
6968
6970
6970
6972
6983
6985
6986
6989
6992
6996
6997
6998
6998
6998
6998
6999
7001
7005
7006
7007
7010
7012
7013
7014
7015
7017
7017
7019
7020
7020
7022
7022
7025
7027
7030
7035
7042
7042
7046
7049
7052
7054
7056
7056
7059
7059
7060
7062
7065
7066
7069
7071
7079
7081
7083
7084
7084
7093
7102
7104
7105
7116
7118
7119
7121
7127
7135
7137
7142
7144
7144
7148
7153
7158
7159
7161
7165
7181
7181
7184
7185
7185
7191
7193
7196
7196
7204
7210
7210
7211
7211
7214
7215
7216
7219
7223
7229
7242
7250
7251
7256
7261
7261
7268
7269
7272
7273
7283
7283
7284
7287
7287
7288
7294
7299
7302
7305
7309
7315
7322
7323
7323
7325
7336
7336
7340
7345
7348
7351
7354
7358
7360
7360
7364
7367
7367
7367
7371
7372
7375
7385
7386
7387
7390
7392
7392
7392
7400
7402
7404
7414
7415
7416
7416
7426
7433
7438
7439
7441
7441
7442
7450
7454
7458
7459
7459
7460
7465
7468
7473
7475
7476
7480
7482
7486
7492
7494
7499
7501
7503
7508
7509
7514
7520
7523
7528
7529
7531
7535
7541
7542
7545
7546
7546
7548
7549
7552
7561
7562
7563
7566
7571
7572
7575
7577
7577
7579
7579
7580
7582
7582
7584
7586
7586
7588
7593
7599
7604
7606
7611
7613
7613
7622
7623
7626
7628
7633
7634
7636
7637
7648
7656
7662
7663
7669
7670
7672
7672
7674
7676
7678
7687
7689
7689
7701
7703
7707
7708
7713
7713
7713
7715
7716
7718
7720
7720
7724
7732
7733
7733
7734
7738
7738
7739
7741
7741
7742
7745
7749
7753
7756
7756
7756
7757
7758
7759
7763
7769
7770
7775
7781
7784
7785
7790
7794
7794
7798
7800
7802
7807
7814
7817
7818
7822
7827
7830
7830
7832
7833
7838
7838
7842
7842
7843
7843
7847
7850
7853
7853
7857
7860
7860
7866
7867
7870
7875
7883
7886
7890
7890
7891
7900
7903
7907
7911
7914
7914
7922
7923
7927
7930
7933
7935
7937
7945
7946
7947
7947
7948
7950
7951
7954
7960
7965
7967
7971
7972
7974
7983
7983
7987
7988
7991
7994
7996
7999
8001
8002
8007
8011
8013
8013
8013
8020
8020
8022
8025
8034
8035
8037
8038
8038
8039
8041
8043
8045
8045
8053
8054
8056
8061
8063
8063
8063
8070
8070
8071
8072
8074
8075
8075
8077
8078
8081
8083
8087
8092
8092
8096
8102
8103
8103
8108
8108
8114
8119
8124
8128
8130
8134
8136
8138
8140
8141
8148
8149
8150
8158
8159
8161
8164
8166
8171
8175
8180
8180
8185
8186
8187
8195
8198
8208
8210
8212
8212
8220
8220
8221
8223
8224
8226
8229
8231
8231
8232
8232
8234
8241
8242
8246
8252
8253
8256
8256
8258
8258
8262
8264
8265
8271
8271
8272
8273
8277
8279
8288
8292
8296
8297
8298
8298
8301
8301
8304
8311
8314
8320
8323
8324
8328
8329
8330
8330
8330
8334
8341
8342
8346
8351
8353
8360
8363
8367
8368
8370
8371
8371
8373
8376
8378
8378
8379
8381
8382
8383
8390
8391
8394
8395
8399
8401
8403
8412
8420
8421
8422
8422
8429
8430
8438
8440
8441
8441
8445
8450
8455
8455
8456
8457
8458
8463
8463
8464
8468
8469
8470
8471
8473
8480
8480
8480
8484
8486
8486
8487
8490
8493
8501
8505
8518
8533
8533
8539
8539
8539
8540
8545
8550
8551
8552
8555
8555
8556
8558
8558
8559
8560
8570
8573
8573
8577
8580
8580
8590
8592
8592
8600
8605
8607
8611
8614
8616
8616
8622
8622
8626
8633
8633
8636
8640
8644
8646
8647
8647
8654
8660
8661
8663
8671
8671
8674
8675
8686
8687
8691
8691
8693
8693
8697
8697
8698
8698
8705
8708
8708
8711
8716
8716
8717
8721
8721
8723
8724
8726
8727
8729
8734
8739
8739
8740
8741
8744
8746
8747
8754
8756
8757
8759
8772
8776
8780
8781
8784
8786
8787
8791
8792
8796
8796
8798
8799
8811
8812
8820
8821
8823
8829
8829
8833
8837
8841
8842
8854
8856
8864
8864
8872
8874
8876
8877
8878
8880
8884
8885
8885
8889
8893
8893
8900
8904
8909
8917
8917
8922
8924
8931
8934
8941
8942
8942
8943
8949
8954
8958
8967
8972
8977
8979
8984
8984
8989
8991
8995
8998
9000
9002
9003
9004
9006
9006
9007
9007
9008
9019
9020
9021
9026
9029
9030
9030
9031
9033
9041
9043
9049
9055
9063
9065
9067
9070
9073
9081
9086
9091
9095
9097
9103
9105
9106
9115
9122
9123
9128
9129
9132
9135
9138
9139
9140
9143
9146
9151
9153
9155
9156
9158
9162
9163
9171
9173
9174
9179
9179
9182
9184
9184
9185
9192
9195
9201
9207
9210
9215
9221
9221
9222
9224
9227
9228
9231
9247
9254
9259
9262
9268
9276
9277
9279
9280
9281
9283
9291
9292
9293
9299
9301
9301
9303
9303
9304
9307
9307
9309
9309
9313
9316
9316
9318
9327
9331
9331
9338
9340
9345
9345
9349
9350
9352
9355
9357
9360
9368
9369
9370
9372
9373
9374
9375
9377
9377
9385
9397
9399
9403
9404
9407
9412
9417
9418
9419
9421
9422
9423
9438
9440
9441
9442
9443
9445
9453
9456
9460
9462
9462
9464
9472
9475
9479
9480
9486
9486
9488
9493
9499
9501
9502
9504
9508
9511
9513
9514
9541
9542
9544
9552
9555
9557
9559
9560
9561
9561
9566
9566
9567
9568
9587
9587
9587
9589
9596
9597
9600
9600
9602
9603
9605
9607
9612
9618
9619
9620
9627
9629
9630
9631
9639
9642
9643
9645
9645
9653
9658
9660
9663
9666
9666
9675
9675
9676
9676
9676
9677
9682
9682
9683
9688
9690
9695
9698
9703
9707
9710
9717
9718
9720
9721
9727
9728
9730
9730
9732
9733
9735
9737
9737
9737
9740
9740
9744
9744
9746
9752
9755
9756
9757
9758
9761
9770
9776
9778
9780
9790
9795
9796
9798
9803
9803
9810
9812
9813
9813
9816
9825
9828
9829
9830
9842
9844
9851
9857
9861
9861
9863
9864
9865
9868
9869
9870
9872
9875
9881
9884
9886
9893
9896
9896
9904
9909
9910
9910
9911
9915
9918
9920
9923
9925
9928
9930
9931
9934
9936
9940
9945
9948
9949
9950
9950
9952
9959
9963
9967
9972
9976
9981
9983
9983
9983
9984
9985
9990
9991
9994
9996
10008
10012
10017
10018
10019
10024
10027
10032
10039
10041
10064
10064
10065
10068
10071
10072
10073
10078
10088
10090
10095
10097
10100
10102
10103
10107
10107
10108
10109
10110
10115
10120
10123
10124
10128
10135
10137
10139
10144
10146
10153
10160
10163
10163
10165
10172
10172
10176
10178
10186
10189
10190
10196
10199
10205
10206
10207
10209
10220
10220
10223
10233
10234
10244
10247
10249
10249
10251
10255
10258
10258
10260
10262
10264
10265
10265
10265
10268
10274
10276
10276
10277
10278
10281
10284
10286
10287
10291
10291
10295
10296
10302
10312
10312
10319
10323
10327
10329
10333
10334
10343
10343
10348
10351
10353
10355
10356
10359
10373
10373
10377
10377
10380
10381
10392
10392
10397
10400
10406
10410
10412
10414
10418
10424
10424
10429
10431
10439
10443
10443
10444
10444
10446
10454
10455
10462
10463
10464
10468
10468
10469
10469
10469
10474
10475
10481
10485
10486
10499
10500
10500
10504
10510
10511
10513
10516
10518
10527
10528
10528
10530
10530
10531
10531
10538
10542
10544
10544
10545
10548
10549
10550
10550
10556
10563
10565
10565
10574
10578
10583
10585
10590
10594
10594
10597
10602
10602
10608
10609
10610
10615
10616
10617
10618
10620
10635
10635
10639
10639
10643
10645
10646
10648
10648
10652
10654
10659
10661
10662
10670
10675
10679
10683
10684
10686
10691
10693
10701
10701
10701
10706
10706
10710
10719
10720
10720
10720
10722
10728
10733
10736
10739
10740
10746
10753
10755
10756
10756
10757
10758
10760
10763
10763
10765
10765
10765
10769
10774
10780
10783
10786
10786
10786
10791
10793
10794
10794
10795
10796
10798
10802
10802
10803
10804
10813
10816
10817
10823
10824
10825
10830
10831
10835
10838
10853
10856
10857
10858
10861
10863
10870
10877
10880
10881
10884
10885
10886
10890
10891
10896
10897
10899
10905
10909
10915
10919
10920
10920
10926
10927
10929
10931
10932
10933
10933
10935
10937
10938
10944
10946
10946
10952
10960
10964
10967
10975
10980
10988
10993
10993
10998
11003
11004
11006
11008
11011
11018
11019
11030
11032
11036
11039
11043
11044
11045
11045
11047
11047
11047
11053
11054
11059
11060
11060
11065
11071
11074
11080
11081
11083
11085
11085
11085
11087
11088
11089
11090
11090
11091
11093
11095
11103
11108
11109
11109
11109
11112
11115
11119
11119
11130
11142
11147
11152
11152
11152
11155
11156
11160
11168
11172
11173
11174
11181
11181
11187
11189
11190
11195
11195
11198
11199
11207
11208
11208
11222
11227
11228
11231
11234
11240
11242
11243
11243
11247
11250
11250
11252
11252
11254
11264
11269
11272
11274
11280
11280
11281
11284
11288
11288
11290
11296
11297
11297
11300
11300
11303
11304
11307
11309
11312
11314
11316
11326
11326
11338
11338
11338
11341
11342
11342
11344
11345
11347
11349
11350
11351
11352
11353
11360
11361
11363
11365
11365
11368
11370
11373
11373
11375
11378
11385
11386
11389
11393
11394
11403
11407
11410
11421
11425
11430
11434
11435
11436
11438
11442
11444
11445
11445
11446
11449
11453
11456
11458
11458
11460
11461
11464
11465
11465
11466
11467
11474
11478
11480
11481
11483
11484
11486
11486
11500
11501
11503
11503
11505
11506
11510
11511
11514
11517
11519
11519
11533
11537
11537
11539
11540
11541
11543
11543
11545
11545
11548
11549
11549
11551
11556
11557
11562
11564
11568
11569
11570
11571
11571
11573
11574
11579
11588
11598
11607
11611
11611
11612
11613
11614
11616
11625
11628
11629
11629
11631
11632
11636
11640
11645
11648
11650
11651
11652
11657
11663
11665
11666
11668
11669
11670
11675
11681
11686
11693
11693
11693
11700
11704
11707
11710
11712
11722
11726
11726
11728
11735
11738
11741
11741
11751
11755
11755
11761
11762
11767
11768
11770
11772
11785
11787
11788
11789
11793
11801
11802
11806
11809
11813
11819
11821
11823
11827
11830
11834
11835
11838
11840
11843
11843
11852
11853
11854
11856
11859
11859
11860
11861
11864
11866
11874
11876
11879
11884
11886
11889
11890
11891
11891
11892
11892
11895
11898
11900
11903
11906
11909
11911
11912
11914
11916
11921
11928
11931
11936
11939
11944
11945
11945
11946
11948
11950
11952
11958
11959
11963
11964
11968
11969
11970
11970
11971
11971
11971
11973
11975
11976
11983
11986
11987
11995
11997
11999
12000
12001
12002
12007
12009
12010
12010
12022
12031
12037
12037
12062
12065
12070
12072
12085
12090
12095
12095
12098
12100
12105
12112
12120
12127
12131
12136
12137
12139
12142
12143
12153
12157
12157
12163
12166
12166
12166
12167
12170
12170
12171
12174
12174
12186
12187
12190
12194
12197
12201
12204
12205
12207
12207
12210
12213
12215
12216
12219
12224
12225
12232
12235
12239
12245
12251
12252
12252
12253
12259
12259
12260
12265
12268
12270
12273
12277
12280
12285
12285
12293
12293
12293
12295
12298
12300
12301
12304
12308
12308
12315
12330
12335
12336
12339
12340
12346
12346
12355
12357
12365
12366
12370
12372
12379
12380
12380
12386
12387
12388
12390
12390
12391
12392
12393
12397
12400
12404
12406
12410
12410
12418
12419
12423
12423
12424
12429
12433
12435
12441
12445
12457
12463
12463
12468
12475
12476
12477
12479
12484
12487
12501
12502
12506
12510
12513
12515
12516
12517
12519
12521
12521
12522
12522
12523
12524
12527
12533
12533
12535
12536
12537
12538
12546
12547
12547
12548
12550
12555
12557
12560
12560
12562
12562
12562
12564
12565
12565
12566
12567
12568
12570
12571
12573
12583
12583
12585
12585
12588
12589
12591
12592
12598
12600
12600
12603
12607
12615
12618
12624
12627
12630
12630
12632
12634
12639
12641
12643
12648
12650
12652
12657
12661
12670
12677
12678
12682
12683
12684
12695
12697
12704
12707
12711
12721
12723
12729
12730
12730
12738
12738
12738
12739
12739
12743
12745
12749
12750
12751
12753
12754
12758
12760
12763
12769
12774
12788
12790
12793
12798
12804
12805
12806
12810
12822
12827
12829
12831
12832
12832
12835
12837
12843
12846
12846
12847
12848
12849
12866
12870
12873
12874
12874
12879
12884
12884
12885
12886
12891
12901
12905
12909
12912
12914
12915
12918
12920
12921
12921
12922
12924
12927
12928
12929
12929
12930
12930
12933
12939
12944
12945
12946
12950
12960
12962
12966
12971
12972
12973
12976
12976
12978
12979
12984
12986
12989
12997
13003
13005
13005
13005
13015
13016
13017
13021
13022
13030
13030
13035
13037
13038
13040
13047
13056
13057
13060
13068
13080
13082
13082
13084
13085
13086
13091
13094
13099
13104
13106
13110
13110
13112
13118
13118
13121
13123
13124
13125
13126
13130
13130
13131
13133
13135
13136
13138
13141
13149
13151
13153
13158
13161
13161
13162
13165
13173
13176
13180
13188
13196
13197
13200
13205
13205
13206
13215
13217
13219
13219
13219
13222
13223
13230
13239
13248
13250
13253
13256
13258
13262
13265
13265
13266
13267
13268
13271
13271
13274
13274
13276
13277
13286
13291
13291
13293
13299
13307
13317
13317
13318
13322
13322
13325
13326
13338
13340
13343
13349
13357
13364
13368
13368
13371
13371
13372
13377
13377
13382
13385
13385
13386
13390
13392
13393
13395
13395
13396
13401
13405
13405
13406
13410
13414
13415
13418
13421
13421
13422
13423
13430
13441
13443
13447
13448
13451
13452
13454
13456
13461
13463
13469
13475
13475
13480
13485
13491
13495
13496
13506
13507
13508
13510
13511
13511
13514
13516
13517
13520
13520
13522
13526
13530
13534
13536
13545
13552
13554
13555
13564
13566
13569
13574
13578
13579
13581
13583
13585
13598
13602
13602
13603
13604
13604
13607
13608
13610
13614
13615
13622
13626
13627
13629
13631
13640
13643
13645
13646
13651
13655
13655
13658
13664
13664
13666
13672
13673
13674
13674
13675
13675
13678
13679
13681
13684
13684
13685
13694
13709
13716
13725
13726
13726
13726
13729
13730
13731
13736
13740
13743
13743
13743
13744
13745
13745
13745
13751
13759
13760
13766
13770
13774
13782
13787
13790
13790
13791
13797
13804
13807
13808
13810
13813
13818
13818
13818
13819
13820
13822
13823
13832
13842
13842
13842
13850
13852
13853
13855
13856
13857
13860
13867
13871
13877
13884
13884
13889
13891
13893
13893
13899
13902
13910
13918
13922
13923
13927
13931
13932
13933
13937
13938
13939
13939
13943
13949
13951
13958
13972
13973
13973
13978
13980
13981
13982
13982
13984
13987
13991
13994
13994
14001
14006
14007
14008
14010
14011
14012
14016
14019
14019
14034
14035
14036
14036
14042
14042
14043
14044
14049
14051
14057
14059
14064
14069
14071
14074
14074
14075
14076
14077
14085
14085
14087
14092
14097
14100
14100
14102
14104
14107
14109
14109
14109
14111
14113
14116
14116
14117
14119
14119
14128
14130
14132
14134
14135
14142
14148
14149
14151
14151
14157
14157
14159
14164
14166
14166
14166
14169
14178
14179
14185
14192
14193
14195
14197
14207
14211
14213
14214
14215
14215
14215
14218
14220
14220
14221
14230
14233
14240
14241
14241
14243
14246
14254
14255
14256
14257
14260
14261
14262
14264
14264
14273
14274
14275
14286
14290
14291
14293
14295
14296
14297
14301
14303
14309
14310
14313
14320
14328
14329
14332
14337
14338
14338
14340
14340
14344
14345
14347
14348
14356
14356
14360
14361
14370
14373
14382
14384
14385
14388
14389
14391
14394
14401
14402
14407
14407
14409
14411
14414
14416
14417
14419
14421
14424
14425
14429
14432
14440
14443
14448
14450
14452
14454
14457
14459
14461
14467
14468
14473
14473
14474
14477
14479
14489
14489
14492
14492
14494
14499
14502
14502
14504
14506
14510
14516
14521
14526
14536
14540
14544
14545
14545
14546
14551
14556
14557
14558
14558
14559
14561
14566
14570
14573
14576
14579
14580
14583
14583
14587
14592
14594
14594
14597
14598
14600
14606
14615
14616
14618
14619
14621
14622
14631
14637
14639
14641
14648
14649
14653
14653
14655
14657
14657
14660
14660
14669
14670
14672
14675
14682
14688
14689
14691
14695
14698
14702
14703
14707
14707
14708
14710
14715
14720
14722
14724
14731
14738
14738
14740
14744
14745
14751
14754
14754
14757
14760
14765
14766
14768
14773
14775
14778
14779
14781
14786
14787
14791
14791
14792
14793
14798
14799
14800
14801
14802
14806
14807
14814
14815
14816
14816
14819
14822
14826
14836
14840
14841
14841
14842
14849
14853
14853
14858
14860
14860
14861
14862
14870
14873
14874
14875
14878
14880
14884
14888
14891
14892
14894
14900
14900
14901
14902
14909
14910
14920
14920
14920
14923
14924
14927
14927
14928
14934
14936
14936
14941
14944
14945
14949
14952
14952
14961
14970
14970
14973
14974
14979
14981
14982
14984
14986
14986
14987
14991
14996
14997
14997
14998
15006
15009
15010
15012
15014
15014
15024
15026
15028
15030
15032
15035
15037
15048
15049
15050
15056
15056
15057
15065
15068
15070
15073
15076
15077
15079
15080
15082
15082
15084
15093
15094
15095
15099
15104
15111
15114
15117
15118
15122
15126
15137
15138
15142
15143
15143
15144
15152
15153
15155
15157
15159
15162
15163
15168
15168
15169
15177
15181
15182
15182
15184
15188
15189
15194
15197
15198
15199
15204
15206
15207
15207
15212
15213
15215
15217
15219
15221
15222
15225
15228
15231
15231
15236
15241
15241
15247
15248
15251
15254
15255
15265
15265
15268
15274
15278
15279
15282
15288
15289
15302
15304
15307
15310
15310
15311
15311
15316
15317
15320
15321
15322
15322
15330
15332
15333
15336
15337
15341
15344
15355
15356
15373
15374
15376
15382
15382
15383
15384
15384
15385
15386
15387
15391
15393
15396
15397
15415
15417
15417
15419
15420
15424
15427
15432
15435
15437
15442
15443
15449
15450
15473
15476
15476
15480
15481
15485
15489
15489
15492
15493
15504
15507
15511
15514
15515
15522
15523
15523
15525
15525
15526
15528
15529
15531
15531
15534
15534
15534
15536
15538
15539
15540
15544
15554
15561
15562
15564
15573
15577
15578
15584
15591
15597
15598
15600
15604
15606
15606
15609
15612
15617
15619
15628
15628
15632
15633
15635
15637
15641
15647
15648
15651
15652
15652
15654
15656
15662
15667
15670
15676
15676
15684
15684
15686
15690
15693
15699
15700
15702
15703
15704
15705
15722
15725
15726
15726
15731
15734
15737
15740
15743
15752
15756
15762
15764
15767
15770
15771
15773
15779
15783
15784
15785
15785
15787
15789
15791
15792
15794
15797
15802
15804
15807
15807
15808
15809
15813
15820
15832
15834
15838
15841
15849
15849
15856
15857
15859
15861
15872
15872
15875
15881
15882
15883
15885
15886
15887
15892
15893
15896
15903
15910
15911
15912
15914
15915
15919
15926
15926
15928
15934
15935
15935
15939
15942
15943
15944
15946
15948
15948
15949
15951
15952
15954
15954
15959
15968
15968
15972
15972
15979
15979
15980
15983
15984
15986
15986
15990
15991
15995
15996
15998
16001
16002
16003
16004
16004
16011
16013
16014
16014
16015
16018
16025
16027
16028
16031
16031
16036
16036
16042
16049
16051
16051
16054
16054
16067
16074
16077
16079
16081
16081
16093
16095
16110
16116
16131
16132
16133
16134
16145
16146
16152
16153
16158
16159
16164
16167
16167
16168
16168
16177
16182
16184
16184
16189
16189
16197
16207
16208
16213
16217
16219
16219
16222
16223
16226
16226
16228
16232
16235
16236
16242
16245
16245
16245
16253
16256
16256
16257
16264
16266
16270
16270
16272
16275
16276
16281
16283
16287
16292
16296
16298
16299
16299
16303
16305
16312
16312
16315
16316
16322
16324
16325
16328
16331
16332
16338
16346
16354
16358
16367
16370
16372
16379
16379
16379
16380
16381
16386
16388
16391
16400
16401
16401
16403
16410
16415
16415
16416
16422
16440
16446
16458
16461
16463
16466
16470
16470
16473
16473
16474
16476
16479
16484
16489
16492
16494
16499
16500
16502
16504
16506
16507
16514
16515
16517
16518
16520
16522
16525
16542
16545
16549
16549
16555
16557
16558
16562
16564
16565
16566
16571
16573
16575
16580
16581
16582
16587
16592
16594
16595
16596
16598
16600
16605
16606
16619
16620
16623
16623
16631
16632
16632
16635
16636
16638
16644
16645
16648
16663
16667
16670
16675
16686
16687
16692
16693
16695
16699
16700
16701
16703
16703
16717
16719
16720
16720
16720
16721
16721
16721
16728
16729
16731
16740
16745
16746
16747
16748
16748
16749
16756
16760
16760
16761
16761
16761
16763
16763
16766
16767
16768
16769
16769
16771
16771
16771
16772
16774
16781
16782
16791
16794
16794
16796
16797
16797
16800
16805
16809
16809
16810
16810
16813
16820
16821
16822
16828
16831
16834
16840
16842
16843
16844
16845
16846
16847
16856
16859
16862
16866
16870
16876
16876
16879
16880
16881
16882
16883
16885
16886
16889
16889
16890
16892
16893
16899
16902
16904
16918
16920
16922
16923
16923
16926
16934
16934
16935
16936
16939
16942
16945
16948
16949
16950
16956
16958
16963
16966
16966
16971
16980
16983
16986
16988
16988
16991
16992
16996
16997
17006
17007
17009
17009
17010
17012
17013
17017
17018
17028
17030
17035
17036
17040
17041
17045
17045
17047
17047
17048
17054
17059
17061
17065
17066
17069
17070
17077
17077
17084
17087
17088
17091
17096
17097
17099
17099
17101
17102
17104
17106
17109
17115
17117
17119
17123
17127
17128
17128
17134
17135
17135
17136
17140
17142
17143
17143
17146
17153
17156
17156
17157
17159
17167
17171
17180
17182
17194
17197
17201
17201
17205
17214
17225
17233
17235
17237
17237
17245
17246
17250
17256
17257
17258
17258
17263
17263
17272
17272
17274
17276
17277
17278
17280
17282
17282
17283
17284
17290
17291
17297
17297
17298
17298
17300
17304
17305
17312
17313
17314
17320
17324
17324
17327
17329
17333
17336
17339
17340
17342
17343
17344
17344
17345
17348
17350
17353
17355
17357
17358
17359
17359
17362
17367
17369
17372
17378
17380
17382
17385
17389
17391
17400
17403
17404
17411
17416
17421
17426
17427
17427
17443
17451
17452
17456
17459
17462
17464
17467
17468
17470
17471
17471
17473
17476
17483
17483
17487
17491
17492
17492
17493
17495
17500
17504
17504
17505
17506
17512
17524
17536
17536
17539
17547
17547
17550
17552
17556
17557
17558
17559
17560
17565
17568
17568
17571
17572
17572
17574
17575
17579
17584
17584
17588
17593
17597
17599
17601
17605
17605
17616
17618
17620
17625
17626
17627
17628
17632
17634
17639
17641
17644
17644
17647
17652
17653
17658
17664
17667
17671
17671
17672
17675
17676
17679
17684
17685
17686
17688
17689
17689
17692
17696
17696
17696
17700
17700
17700
17710
17713
17714
17717
17720
17722
17723
17725
17726
17726
17734
17738
17739
17743
17745
17745
17751
17757
17758
17759
17760
17765
17768
17768
17773
17774
17778
17783
17783
17784
17785
17790
17794
17798
17799
17799
17806
17807
17811
17813
17816
17817
17827
17830
17831
17832
17833
17836
17837
17839
17840
17847
17850
17851
17852
17856
17858
17859
17859
17863
17864
17866
17872
17874
17875
17879
17879
17884
17884
17886
17888
17892
17892
17892
17899
17901
17902
17904
17904
17905
17910
17911
17914
17914
17919
17921
17923
17925
17928
17932
17934
17934
17935
17936
17936
17941
17944
17944
17945
17948
17950
17950
17953
17954
17958
17959
17962
17964
17964
17966
17966
17971
17976
17977
17980
17980
17981
17983
17984
17986
17989
17991
17995
17997
18003
18003
18003
18005
18006
18010
18012
18014
18021
18024
18025
18029
18030
18035
18039
18039
18040
18044
18046
18046
18052
18054
18056
18057
18058
18068
18076
18087
18087
18089
18092
18093
18096
18096
18097
18100
18101
18104
18106
18108
18112
18115
18116
18118
18118
18118
18119
18123
18131
18137
18141
18143
18145
18148
18153
18156
18160
18163
18168
18174
18176
18178
18178
18179
18180
18181
18182
18183
18184
18186
18186
18187
18188
18195
18195
18198
18203
18205
18212
18214
18214
18215
18215
18216
18219
18221
18228
18231
18233
18237
18241
18241
18243
18243
18245
18260
18264
18265
18268
18269
18274
18279
18281
18283
18283
18285
18285
18286
18289
18301
18307
18310
18311
18313
18318
18318
18329
18331
18334
18338
18341
18341
18341
18345
18345
18346
18347
18354
18356
18359
18360
18363
18376
18389
18389
18389
18391
18393
18401
18405
18415
18421
18422
18423
18423
18427
18430
18432
18433
18433
18439
18440
18442
18447
18449
18450
18456
18458
18465
18465
18467
18474
18482
18483
18485
18493
18493
18494
18495
18501
18502
18506
18509
18512
18513
18515
18527
18528
18531
18532
18534
18535
18537
18537
18538
18545
18546
18548
18549
18552
18562
18565
18567
18572
18572
18572
18578
18579
18580
18584
18585
18587
18589
18594
18594
18595
18602
18611
18613
18617
18617
18618
18619
18619
18619
18620
18620
18624
18632
18634
18635
18635
18637
18639
18641
18643
18644
18649
18650
18654
18660
18664
18672
18673
18675
18682
18686
18687
18693
18693
18693
18696
18701
18705
18709
18712
18715
18716
18720
18720
18723
18724
18725
18727
18728
18732
18734
18737
18739
18739
18740
18741
18744
18745
18748
18749
18749
18751
18753
18753
18758
18763
18763
18764
18769
18775
18775
18780
18782
18784
18785
18785
18790
18792
18795
18804
18805
18811
18816
18817
18818
18820
18823
18826
18826
18828
18828
18829
18833
18834
18835
18840
18841
18844
18844
18848
18849
18854
18856
18857
18857
18861
18861
18869
18869
18870
18874
18874
18874
18877
18877
18878
18879
18880
18880
18881
18885
18889
18895
18901
18903
18903
18910
18913
18914
18919
18922
18928
18932
18933
18933
18936
18941
18945
18946
18946
18948
18955
18955
18955
18962
18963
18963
18971
18972
18972
18974
18975
18979
18992
18992
18993
18994
18996
18998
19005
19006
19008
19008
19012
19017
19020
19023
19024
19032
19033
19033
19034
19036
19041
19041
19048
19054
19056
19057
19059
19061
19064
19066
19066
19067
19068
19069
19070
19072
19075
19078
19078
19079
19079
19085
19092
19095
19095
19096
19096
19097
19106
19107
19111
19111
19111
19112
19115
19117
19118
19121
19134
19134
19136
19142
19144
19144
19145
19148
19154
19156
19157
19159
19160
19165
19169
19170
19181
19182
19186
19187
19188
19189
19193
19198
19206
19209
19210
19216
19222
19222
19223
19230
19233
19235
19235
19239
19244
19246
19246
19247
19258
19264
19270
19277
19278
19282
19282
19282
19283
19284
19285
19285
19286
19289
19293
19293
19295
19304
19304
19309
19318
19326
19330
19334
19339
19340
19341
19345
19346
19350
19354
19359
19359
19360
19360
19363
19368
19369
19375
19378
19378
19379
19382
19386
19388
19390
19392
19398
19400
19403
19403
19404
19405
19408
19414
19421
19422
19423
19429
19432
19435
19440
19441
19447
19448
19449
19454
19456
19459
19459
19466
19467
19471
19472
19480
19482
19484
19487
19487
19487
19492
19492
19500
19501
19507
19511
19511
19518
19522
19527
19531
19534
19534
19539
19541
19544
19544
19546
19554
19554
19570
19570
19571
19572
19578
19581
19584
19584
19592
19606
19610
19613
19618
19619
19619
19620
19621
19622
19628
19629
19631
19631
19634
19638
19642
19647
19650
19657
19659
19660
19669
19669
19671
19687
19692
19695
19697
19697
19699
19699
19702
19707
19711
19719
19721
19723
19724
19724
19724
19725
19727
19731
19735
19741
19742
19743
19743
19743
19745
19752
19755
19757
19769
19772
19773
19774
19783
19785
19786
19790
19792
19798
19804
19805
19808
19812
19813
19821
19822
19823
19824
19824
19827
19828
19832
19833
19835
19838
19847
19847
19850
19851
19851
19857
19860
19863
19865
19869
19871
19873
19876
19876
19879
19886
19887
19888
19890
19903
19911
19912
19914
19914
19918
19919
19922
19923
19925
19927
19933
19935
19937
19942
19946
19953
19956
19956
19966
19967
19968
19970
19975
19975
19976
19982
19985
19985
19994
19996
19998
20009
20009
20010
20010
20013
20017
20020
20027
20030
20036
20039
20041
20045
20050
20058
20063
20064
20065
20066
20068
20069
20071
20080
20085
20097
20102
20103
20104
20108
20113
20113
20119
20121
20122
20124
20124
20126
20133
20135
20137
20145
20148
20150
20153
20154
20154
20156
20158
20158
20161
20162
20163
20165
20172
20173
20175
20182
20185
20197
20199
20207
20208
20209
20213
20214
20217
20219
20220
20221
20222
20223
20225
20227
20227
20227
20228
20238
20240
20244
20250
20251
20261
20266
20273
20277
20277
20289
20294
20295
20298
20303
20304
20305
20308
20313
20313
20316
20318
20321
20324
20326
20326
20328
20334
20337
20339
20340
20341
20341
20341
20344
20347
20348
20348
20353
20355
20357
20359
20360
20362
20363
20363
20364
20368
20373
20374
20375
20377
20380
20385
20386
20387
20388
20388
20390
20391
20407
20409
20409
20411
20413
20415
20416
20417
20418
20423
20424
20427
20427
20430
20431
20433
20436
20436
20442
20444
20448
20449
20454
20454
20455
20461
20462
20463
20466
20471
20483
20488
20489
20491
20498
20500
20505
20517
20520
20520
20527
20529
20531
20534
20537
20538
20539
20543
20547
20547
20547
20549
20551
20551
20553
20562
20565
20566
20570
20576
20577
20578
20581
20585
20585
20586
20587
20591
20594
20595
20604
20605
20605
20611
20612
20615
20618
20621
20622
20628
20629
20629
20631
20636
20643
20650
20655
20657
20660
20664
20669
20671
20674
20676
20676
20678
20679
20683
20684
20685
20687
20688
20689
20692
20692
20693
20695
20710
20711
20713
20713
20716
20718
20720
20723
20723
20724
20726
20732
20733
20733
20734
20748
20750
20751
20752
20753
20755
20756
20757
20759
20763
20766
20767
20773
20774
20776
20783
20785
20790
20796
20799
20808
20813
20813
20816
20817
20822
20825
20834
20842
20843
20846
20848
20848
20848
20851
20853
20859
20861
20861
20862
20864
20866
20870
20881
20884
20890
20893
20894
20894
20903
20903
20904
20909
20912
20916
20921
20921
20921
20929
20930
20930
20931
20933
20938
20943
20943
20950
20960
20964
20967
20970
20978
20979
20979
20995
20997
21000
21006
21006
21008
21023
21024
21025
21027
21028
21031
21032
21038
21039
21040
21042
21047
21048
21049
21059
21062
21064
21064
21070
21072
21074
21076
21076
21085
21085
21089
21096
21098
21098
21100
21103
21103
21105
21106
21106
21107
21110
21124
21125
21125
21126
21126
21138
21146
21149
21150
21153
21154
21156
21159
21159
21161
21167
21174
21176
21177
21177
21185
21189
21190
21194
21198
21205
21207
21214
21214
21216
21220
21236
21238
21239
21241
21243
21244
21245
21249
21250
21257
21262
21266
21269
21275
21276
21279
21281
21286
21286
21288
21290
21291
21294
21297
21297
21304
21305
21305
21307
21312
21319
21319
21321
21322
21332
21334
21342
21343
21345
21347
21348
21349
21363
21364
21365
21365
21370
21370
21371
21371
21372
21377
21379
21383
21383
21384
21384
21386
21387
21390
21391
21395
21395
21397
21399
21400
21403
21404
21406
21408
21408
21410
21412
21412
21413
21428
21428
21429
21430
21431
21435
21436
21441
21442
21445
21448
21449
21451
21452
21455
21457
21459
21466
21466
21470
21472
21474
21485
21487
21497
21499
21499
21506
21513
21513
21513
21523
21524
21535
21537
21557
21561
21564
21567
21570
21572
21574
21574
21574
21579
21584
21585
21588
21591
21595
21599
21606
21610
21617
21618
21620
21621
21622
21623
21625
21629
21632
21637
21641
21642
21643
21644
21646
21647
21648
21649
21651
21658
21665
21667
21674
21680
21682
21683
21687
21690
21691
21693
21694
21703
21703
21704
21724
21733
21734
21734
21735
21736
21738
21739
21741
21745
21750
21750
21753
21753
21755
21757
21758
21758
21758
21759
21764
21770
21772
21775
21778
21783
21787
21789
21791
21794
21797
21799
21800
21802
21810
21816
21818
21825
21829
21829
21833
21834
21836
21846
21847
21848
21849
21849
21850
21856
21865
21866
21868
21872
21876
21876
21877
21878
21878
21878
21881
21882
21884
21886
21886
21888
21890
21890
21895
21897
21900
21903
21906
21906
21906
21907
21908
21915
21924
21927
21935
21939
21944
21944
21944
21949
21950
21957
21961
21962
21963
21967
21969
21970
21973
21973
21980
21985
21988
21989
21991
21995
22003
22006
22009
22011
22022
22023
22024
22031
22031
22034
22041
22045
22049
22059
22061
22066
22073
22074
22080
22085
22092
22096
22099
22108
22110
22113
22114
22114
22120
22122
22122
22125
22125
22127
22131
22134
22135
22137
22138
22140
22142
22144
22146
22147
22149
22150
22153
22153
22158
22164
22169
22170
22171
22171
22173
22173
22179
22179
22186
22188
22188
22188
22190
22192
22194
22195
22196
22201
22213
22218
22222
22225
22229
22234
22234
22236
22241
22243
22243
22245
22255
22256
22256
22259
22259
22265
22268
22273
22276
22280
22281
22283
22291
22294
22295
22296
22305
22307
22321
22326
22327
22327
22331
22334
22339
22343
22344
22347
22349
22350
22351
22354
22354
22356
22359
22361
22364
22366
22369
22369
22369
22371
22373
22373
22375
22379
22380
22383
22386
22387
22389
22394
22395
22397
22399
22406
22407
22410
22414
22415
22416
22418
22419
22428
22430
22432
22435
22437
22439
22444
22448
22451
22452
22452
22457
22459
22459
22460
22461
22462
22464
22465
22471
22474
22478
22480
22483
22487
22491
22501
22504
22509
22512
22516
22517
22520
22524
22530
22531
22534
22534
22534
22538
22545
22550
22556
22557
22557
22558
22563
22564
22565
22565
22576
22577
22579
22580
22580
22591
22593
22594
22595
22598
22602
22608
22618
22620
22622
22622
22625
22628
22633
22636
22642
22644
22649
22653
22659
22659
22664
22664
22665
22672
22674
22675
22676
22684
22685
22696
22697
22697
22699
22700
22703
22711
22713
22717
22719
22720
22721
22722
22725
22726
22729
22730
22732
22736
22738
22742
22746
22759
22764
22770
22778
22778
22778
22781
22782
22785
22785
22795
22796
22796
22798
22798
22799
22800
22806
22807
22814
22816
22817
22818
22819
22827
22828
22832
22836
22843
22852
22855
22860
22867
22872
22874
22876
22878
22879
22884
22887
22891
22898
22900
22901
22902
22906
22909
22910
22917
22917
22917
22918
22918
22918
22922
22922
22922
22925
22925
22927
22930
22932
22933
22935
22936
22936
22938
22941
22944
22948
22955
22956
22959
22975
22976
22980
22984
22989
22989
23003
23008
23010
23013
23016
23018
23018
23023
23024
23025
23027
23029
23032
23039
23039
23042
23043
23047
23047
23047
23047
23049
23065
23067
23068
23068
23073
23077
23078
23084
23085
23088
23091
23093
23095
23096
23098
23110
23113
23114
23116
23117
23122
23125
23132
23135
23139
23144
23145
23147
23148
23151
23152
23153
23156
23160
23166
23167
23172
23173
23173
23177
23178
23179
23183
23189
23191
23194
23200
23203
23207
23208
23213
23217
23217
23217
23217
23220
23222
23224
23227
23228
23237
23238
23243
23244
23250
23254
23258
23262
23271
23273
23274
23294
23295
23295
23298
23300
23302
23305
23311
23313
23314
23320
23322
23323
23327
23328
23329
23330
23330
23337
23337
23339
23339
23340
23344
23345
23348
23348
23349
23349
23349
23351
23353
23354
23355
23356
23356
23356
23369
23370
23372
23372
23374
23375
23376
23379
23379
23381
23381
23382
23384
23390
23399
23400
23400
23403
23418
23419
23420
23421
23422
23424
23426
23427
23427
23434
23434
23443
23460
23460
23463
23466
23473
23475
23477
23478
23479
23482
23482
23482
23495
23499
23504
23510
23511
23527
23542
23545
23546
23549
23551
23551
23554
23555
23559
23561
23562
23562
23563
23564
23565
23568
23571
23579
23580
23581
23583
23583
23584
23587
23588
23588
23589
23590
23590
23591
23593
23598
23602
23606
23610
23610
23610
23622
23632
23633
23634
23634
23641
23642
23651
23653
23653
23654
23658
23659
23663
23664
23665
23670
23673
23675
23679
23680
23681
23681
23685
23690
23691
23691
23692
23698
23702
23702
23702
23702
23703
23711
23711
23713
23716
23717
23722
23728
23728
23733
23739
23740
23742
23743
23750
23752
23759
23759
23763
23766
23767
23771
23772
23772
23774
23774
23774
23776
23776
23776
23777
23782
23784
23785
23788
23797
23798
23799
23799
23801
23805
23807
23809
23810
23813
23819
23820
23822
23823
23827
23831
23836
23838
23840
23840
23842
23847
23848
23849
23853
23864
23866
23869
23871
23879
23886
23887
23891
23893
23893
23895
23896
23900
23906
23909
23912
23915
23929
23935
23935
23936
23937
23937
23948
23957
23960
23961
23963
23965
23966
23966
23970
23972
23976
23981
23983
23983
23985
23988
23991
24006
24008
24010
24012
24015
24015
24016
24023
24024
24028
24036
24039
24040
24041
24044
24046
24050
24052
24057
24058
24074
24074
24075
24078
24084
24088
24090
24107
24109
24110
24117
24121
24131
24132
24132
24135
24136
24137
24139
24139
24140
24142
24147
24148
24149
24151
24156
24157
24163
24164
24183
24185
24188
24191
24201
24204
24209
24211
24211
24211
24213
24213
24215
24216
24225
24226
24234
24235
24238
24241
24241
24246
24248
24250
24250
24253
24254
24257
24261
24267
24281
24284
24286
24288
24296
24297
24302
24302
24303
24307
24311
24312
24313
24315
24319
24321
24322
24323
24333
24334
24338
24342
24342
24348
24349
24353
24353
24371
24373
24375
24377
24382
24385
24386
24387
24394
24395
24395
24396
24398
24403
24403
24405
24409
24414
24416
24423
24429
24441
24443
24443
24445
24455
24455
24463
24463
24464
24465
24468
24471
24476
24498
24499
24504
24506
24508
24508
24509
24510
24511
24515
24521
24524
24525
24527
24529
24530
24530
24531
24532
24534
24536
24539
24542
24543
24549
24554
24559
24561
24562
24562
24563
24567
24567
24571
24571
24572
24574
24575
24577
24579
24581
24582
24590
24593
24595
24596
24596
24603
24604
24610
24624
24629
24632
24633
24634
24635
24636
24637
24637
24637
24639
24644
24644
24646
24648
24655
24665
24668
24669
24670
24671
24672
24673
24681
24682
24683
24694
24694
24696
24698
24699
24699
24702
24702
24703
24706
24714
24714
24715
24717
24720
24723
24728
24731
24732
24740
24747
24748
24749
24750
24755
24755
24757
24760
24761
24766
24766
24771
24772
24774
24776
24776
24779
24780
24784
24796
24796
24801
24809
24816
24818
24820
24824
24831
24834
24836
24840
24840
24842
24843
24848
24849
24851
24852
24856
24857
24858
24861
24866
24872
24873
24873
24877
24893
24893
24897
24898
24899
24899
24901
24912
24929
24934
24937
24939
24945
24949
24956
24964
24971
24973
24974
24977
24979
24980
24996
24997
25003
25003
25005
25016
25017
25019
25023
25025
25028
25029
25030
25034
25036
25046
25049
25050
25052
25057
25062
25062
25068
25070
25072
25073
25073
25074
25076
25076
25078
25083
25083
25094
25100
25106
25113
25115
25116
25118
25119
25120
25121
25126
25130
25134
25135
25137
25142
25146
25147
25151
25151
25153
25153
25161
25168
25169
25171
25174
25176
25182
25183
25185
25187
25189
25195
25195
25199
25199
25202
25203
25213
25221
25224
25225
25225
25226
25229
25231
25233
25233
25234
25244
25245
25245
25245
25253
25255
25256
25260
25267
25273
25278
25278
25280
25285
25285
25295
25297
25301
25302
25307
25308
25308
25309
25313
25317
25324
25326
25329
25332
25334
25337
25337
25348
25354
25360
25365
25368
25371
25376
25383
25386
25387
25392
25396
25397
25398
25412
25414
25415
25422
25430
25435
25435
25437
25443
25444
25445
25448
25448
25455
25459
25461
25469
25469
25480
25482
25485
25487
25489
25489
25492
25496
25497
25499
25502
25510
25513
25517
25518
25527
25534
25537
25539
25539
25546
25549
25570
25570
25570
25573
25574
25578
25579
25581
25587
25590
25591
25596
25604
25608
25610
25611
25612
25612
25615
25618
25618
25620
25622
25628
25629
25633
25634
25635
25636
25641
25648
25652
25656
25658
25660
25668
25669
25672
25673
25677
25677
25677
25682
25684
25687
25690
25694
25695
25699
25707
25714
25715
25719
25720
25721
25725
25729
25730
25731
25731
25735
25737
25740
25742
25749
25750
25753
25756
25762
25763
25773
25773
25775
25783
25789
25790
25794
25806
25812
25813
25813
25817
25823
25827
25836
25838
25849
25849
25856
25859
25866
25869
25870
25871
25872
25873
25878
25885
25887
25893
25895
25901
25908
25909
25910
25916
25916
25920
25924
25931
25941
25941
25943
25944
25945
25946
25947
25950
25955
25959
25959
25963
25964
25972
25973
25980
25982
25983
25983
26003
26006
26008
26009
26016
26019
26023
26024
26029
26029
26030
26037
26042
26043
26044
26051
26053
26054
26056
26058
26059
26061
26064
26067
26076
26084
26085
26088
26095
26096
26099
26103
26124
26131
26140
26140
26145
26149
26149
26156
26156
26159
26160
26161
26164
26168
26170
26179
26180
26195
26195
26196
26198
26202
26204
26210
26210
26211
26211
26212
26215
26223
26229
26230
26243
26246
26247
26248
26250
26250
26254
26259
26260
26261
26264
26264
26269
26271
26272
26272
26275
26277
26279
26286
26287
26290
26292
26293
26296
26301
26307
26311
26315
26317
26317
26332
26333
26335
26338
26341
26342
26342
26349
26350
26354
26355
26366
26366
26367
26368
26370
26371
26374
26379
26380
26382
26384
26389
26396
26396
26401
26403
26403
26404
26404
26404
26406
26407
26408
26409
26415
26418
26418
26421
26430
26431
26437
26440
26440
26442
26444
26450
26452
26453
26458
26459
26464
26466
26471
26471
26481
26482
26484
26484
26485
26489
26492
26494
26497
26498
26498
26499
26505
26506
26508
26508
26509
26511
26518
26518
26520
26520
26521
26530
26532
26534
26538
26539
26539
26545
26546
26548
26549
26550
26568
26570
26571
26573
26573
26573
26575
26583
26584
26584
26594
26602
26606
26609
26615
26620
26625
26625
26632
26632
26632
26636
26637
26641
26648
26650
26652
26653
26653
26659
26659
26659
26660
26661
26662
26663
26669
26674
26676
26683
26688
26691
26694
26698
26703
26706
26714
26715
26722
26723
26727
26730
26732
26744
26750
26751
26752
26752
26753
26755
26760
26763
26766
26770
26779
26780
26786
26790
26791
26792
26793
26794
26794
26798
26799
26801
26801
26802
26804
26804
26805
26810
26812
26823
26828
26833
26836
26842
26845
26845
26845
26846
26849
26855
26858
26861
26863
26865
26870
26870
26871
26873
26873
26876
26881
26883
26885
26892
26892
26897
26899
26900
26905
26908
26910
26913
26914
26917
26925
26925
26926
26926
26926
26926
26928
26928
26937
26941
26951
26953
26954
26959
26962
26964
26970
26971
26972
26976
26979
26982
26983
26984
26999
27000
27001
27002
27006
27007
27008
27012
27013
27014
27015
27016
27016
27018
27025
27026
27031
27036
27047
27048
27050
27053
27056
27060
27070
27076
27076
27077
27089
27090
27093
27093
27094
27095
27102
27105
27105
27105
27110
27112
27119
27125
27127
27128
27132
27138
27138
27139
27144
27147
27155
27156
27157
27157
27159
27160
27169
27174
27176
27176
27180
27187
27189
27195
27196
27198
27199
27208
27211
27211
27213
27215
27216
27216
27218
27221
27225
27229
27229
27230
27231
27232
27237
27238
27245
27247
27247
27248
27257
27258
27262
27266
27267
27270
27272
27274
27275
27277
27280
27282
27283
27283
27291
27291
27297
27303
27307
27307
27310
27319
27331
27332
27335
27336
27339
27342
27348
27362
27369
27371
27372
27378
27378
27379
27381
27386
27389
27396
27400
27401
27403
27403
27407
27407
27409
27409
27415
27435
27439
27444
27447
27447
27449
27450
27453
27453
27454
27454
27454
27470
27471
27472
27477
27478
27481
27482
27484
27485
27487
27489
27491
27492
27502
27503
27506
27508
27509
27509
27515
27517
27520
27520
27521
27526
27532
27533
27535
27538
27539
27540
27542
27542
27546
27548
27556
27558
27563
27563
27564
27567
27568
27568
27583
27584
27588
27588
27589
27592
27596
27600
27601
27604
27605
27608
27608
27612
27617
27619
27623
27629
27630
27631
27631
27632
27636
27643
27648
27650
27651
27652
27653
27654
27656
27656
27657
27657
27660
27664
27669
27670
27671
27672
27676
27678
27678
27683
27685
27687
27689
27689
27694
27696
27699
27701
27702
27703
27704
27711
27712
27723
27725
27725
27729
27738
27741
27743
27745
27748
27749
27753
27754
27757
27761
27765
27771
27773
27779
27784
27787
27787
27791
27793
27794
27795
27796
27800
27800
27801
27804
27805
27806
27808
27810
27814
27815
27815
27816
27819
27820
27821
27822
27826
27827
27831
27843
27843
27846
27846
27851
27853
27857
27858
27861
27864
27866
27867
27868
27869
27870
27873
27875
27878
27881
27883
27885
27886
27887
27890
27900
27902
27904
27904
27905
27911
27912
27915
27915
27917
27917
27918
27919
27927
27931
27931
27932
27933
27933
27934
27934
27935
27937
27941
27944
27945
27949
27951
27970
27980
27985
27988
27989
27989
27990
27996
27997
27999
28000
28008
28016
28016
28017
28021
28022
28023
28031
28033
28036
28043
28044
28047
28047
28048
28048
28062
28062
28066
28068
28072
28072
28079
28083
28085
28086
28088
28093
28102
28106
28107
28110
28117
28130
28131
28146
28150
28152
28153
28154
28157
28163
28167
28169
28171
28171
28173
28173
28194
28194
28199
28205
28208
28211
28214
28215
28216
28217
28218
28231
28231
28235
28238
28245
28247
28250
28258
28258
28263
28273
28277
28279
28289
28295
28298
28298
28300
28303
28306
28306
28308
28310
28315
28320
28324
28325
28327
28328
28332
28332
28335
28336
28339
28342
28343
28344
28346
28350
28354
28357
28361
28361
28362
28363
28369
28377
28379
28381
28387
28395
28398
28401
28403
28404
28407
28410
28411
28411
28412
28412
28422
28423
28432
28434
28436
28440
28444
28445
28454
28455
28456
28456
28466
28467
28470
28474
28475
28483
28487
28488
28493
28494
28495
28495
28496
28497
28498
28499
28504
28505
28508
28515
28519
28520
28525
28534
28534
28534
28537
28537
28539
28550
28550
28561
28563
28564
28568
28574
28580
28589
28594
28600
28601
28602
28605
28606
28609
28612
28617
28618
28619
28623
28623
28628
28633
28634
28635
28637
28638
28644
28646
28647
28649
28652
28656
28665
28667
28670
28673
28673
28674
28678
28681
28684
28689
28691
28692
28701
28704
28709
28713
28715
28716
28719
28719
28721
28723
28723
28733
28736
28739
28742
28749
28751
28755
28758
28763
28765
28766
28766
28766
28770
28770
28775
28782
28787
28788
28794
28795
28798
28799
28803
28803
28804
28812
28813
28815
28815
28817
28820
28822
28822
28827
28832
28835
28836
28837
28847
28849
28850
28850
28857
28861
28861
28862
28863
28863
28865
28866
28869
28870
28871
28872
28876
28881
28881
28886
28891
28893
28894
28896
28902
28907
28911
28914
28919
28920
28921
28921
28921
28923
28924
28924
28926
28929
28929
28929
28930
28932
28933
28933
28936
28937
28940
28942
28953
28955
28960
28960
28961
28966
28967
28968
28968
28980
28988
28989
28990
28999
29001
29002
29003
29012
29013
29020
29026
29028
29030
29032
29033
29034
29035
29040
29041
29045
29046
29046
29059
29063
29066
29069
29072
29073
29075
29078
29078
29078
29084
29086
29090
29092
29094
29094
29094
29094
29095
29100
29102
29110
29119
29122
29128
29131
29131
29134
29138
29148
29148
29150
29152
29154
29156
29156
29158
29158
29159
29160
29161
29162
29166
29167
29169
29172
29173
29178
29178
29183
29187
29192
29194
29196
29198
29210
29211
29213
29216
29219
29220
29222
29222
29226
29229
29231
29237
29242
29243
29244
29247
29248
29252
29253
29258
29262
29265
29267
29268
29271
29274
29280
29282
29285
29287
29290
29291
29299
29299
29309
29311
29327
29328
29332
29334
29340
29341
29342
29342
29345
29345
29346
29348
29351
29361
29365
29368
29378
29378
29381
29381
29382
29385
29391
29396
29399
29410
29411
29411
29415
29420
29424
29427
29431
29434
29435
29435
29444
29446
29448
29453
29458
29459
29461
29469
29471
29473
29477
29479
29485
29486
29489
29489
29492
29500
29500
29500
29501
29502
29506
29507
29511
29516
29534
29535
29542
29545
29547
29550
29551
29552
29555
29561
29565
29566
29567
29570
29572
29576
29582
29582
29584
29584
29585
29586
29590
29594
29594
29598
29600
29601
29602
29607
29607
29614
29625
29625
29628
29629
29632
29635
29638
29638
29640
29642
29642
29642
29645
29648
29651
29653
29662
29664
29665
29668
29677
29681
29682
29682
29682
29683
29683
29687
29687
29691
29692
29700
29706
29714
29721
29721
29722
29733
29741
29742
29743
29743
29745
29751
29752
29758
29758
29758
29760
29761
29769
29770
29773
29776
29779
29782
29782
29783
29788
29790
29795
29796
29796
29801
29803
29806
29814
29818
29827
29828
29830
29831
29832
29832
29841
29843
29843
29846
29848
29857
29863
29864
29865
29869
29878
29879
29880
29888
29889
29889
29890
29892
29898
29900
29901
29904
29906
29911
29912
29915
29917
29921
29927
29935
29941
29945
29946
29949
29951
29962
29963
29965
29967
29969
29977
29979
29989
29991
36463
6474
29989
