10000
0
3
3
7
10
14
21
24
27
29
33
35
35
39
39
44
46
52
54
60
63
63
64
75
76
76
80
82
83
84
85
89
95
96
98
99
101
101
107
109
110
111
122
129
130
131
132
132
136
140
140
142
144
145
145
147
148
154
159
160
166
168
169
170
179
182
182
186
190
193
197
197
199
205
208
211
217
221
224
224
225
227
227
231
233
234
240
242
243
244
261
262
267
269
273
280
280
285
287
293
301
301
304
307
309
317
319
319
321
321
325
326
331
337
339
342
347
354
356
362
362
366
367
368
370
370
372
375
375
377
378
393
396
403
404
405
407
408
410
418
419
423
424
425
426
431
438
444
445
446
447
449
451
456
458
460
462
462
464
465
474
478
479
488
489
490
490
491
494
497
499
501
505
507
508
509
514
515
518
524
524
534
535
540
543
545
545
547
547
550
555
556
562
563
564
576
580
580
592
597
601
603
618
619
620
620
629
629
629
632
632
639
640
643
654
660
661
665
669
671
677
680
683
688
689
691
693
695
696
699
702
702
703
712
713
713
720
720
724
734
734
743
753
758
761
769
777
783
783
785
789
792
794
796
797
798
801
803
804
805
805
808
812
812
823
825
829
830
830
833
837
840
841
846
847
849
849
855
856
857
863
865
867
873
875
875
882
884
886
887
887
888
891
894
899
903
908
909
912
912
916
917
917
918
923
923
926
926
927
933
934
935
936
938
943
945
948
950
952
954
958
959
968
972
979
984
985
986
990
991
998
999
1000
1003
1006
1006
1007
1008
1009
1013
1015
1016
1017
1019
1021
1023
1024
1024
1026
1033
1042
1043
1043
1044
1047
1051
1054
1056
1057
1057
1058
1061
1086
1098
1101
1106
1110
1111
1111
1115
1117
1118
1127
1132
1139
1141
1144
1149
1150
1151
1158
1159
1170
1174
1175
1180
1192
1194
1201
1205
1206
1211
1213
1213
1225
1234
1238
1241
1241
1241
1246
1249
1251
1254
1256
1261
1267
1268
1269
1274
1292
1298
1301
1303
1306
1311
1312
1313
1315
1316
1324
1326
1331
1331
1336
1336
1341
1345
1347
1349
1357
1357
1364
1366
1371
1373
1374
1375
1378
1385
1390
1392
1394
1395
1395
1396
1396
1397
1400
1401
1410
1410
1413
1423
1426
1428
1434
1443
1449
1453
1454
1454
1455
1457
1457
1458
1458
1460
1461
1466
1467
1468
1469
1469
1469
1471
1471
1474
1477
1478
1479
1482
1486
1487
1488
1488
1490
1491
1493
1494
1498
1502
1504
1504
1509
1511
1512
1516
1519
1520
1521
1522
1522
1535
1537
1540
1543
1545
1548
1550
1553
1563
1572
1581
1582
1585
1585
1593
1598
1603
1603
1605
1610
1610
1612
1615
1616
1616
1621
1622
1632
1637
1637
1644
1648
1650
1653
1654
1655
1660
1661
1664
1664
1666
1667
1668
1668
1672
1677
1680
1681
1690
1694
1697
1697
1698
1701
1707
1708
1709
1713
1719
1719
1726
1738
1739
1739
1740
1743
1743
1745
1746
1753
1754
1757
1759
1766
1778
1781
1787
1788
1798
1800
1800
1802
1807
1808
1808
1808
1811
1813
1813
1815
1815
1822
1824
1825
1825
1831
1836
1842
1842
1843
1843
1850
1854
1856
1861
1864
1865
1865
1866
1874
1875
1878
1881
1885
1885
1893
1894
1895
1897
1898
1898
1903
1905
1907
1921
1921
1935
1939
1939
1940
1944
1946
1948
1949
1952
1958
1958
1958
1959
1969
1971
1972
1972
1973
1974
1975
1979
1985
1991
1993
1996
1997
2000
2003
2005
2009
2009
2011
2011
2011
2014
2015
2017
2019
2023
2028
2030
2037
2044
2044
2048
2049
2057
2058
2060
2065
2066
2067
2071
2071
2077
2079
2085
2093
2098
2102
2105
2107
2108
2116
2116
2117
2119
2121
2121
2126
2126
2130
2134
2139
2143
2144
2146
2148
2152
2153
2154
2157
2158
2160
2160
2167
2167
2167
2168
2178
2179
2182
2190
2202
2202
2205
2207
2210
2212
2212
2215
2227
2227
2230
2234
2236
2237
2241
2255
2260
2265
2265
2268
2269
2269
2271
2277
2279
2282
2285
2289
2295
2299
2300
2301
2306
2308
2314
2315
2316
2318
2325
2329
2334
2341
2344
2344
2346
2347
2351
2354
2357
2358
2361
2361
2362
2362
2366
2368
2368
2370
2371
2373
2376
2377
2381
2381
2385
2386
2395
2398
2402
2406
2412
2412
2413
2414
2415
2416
2416
2417
2421
2422
2425
2426
2429
2433
2435
2435
2436
2436
2437
2439
2446
2454
2455
2457
2458
2462
2463
2463
2465
2476
2487
2493
2494
2495
2507
2510
2510
2511
2515
2517
2518
2522
2526
2528
2531
2532
2533
2537
2540
2542
2543
2544
2548
2554
2555
2558
2558
2564
2566
2569
2571
2572
2581
2584
2585
2588
2588
2589
2590
2592
2592
2594
2597
2601
2603
2605
2610
2617
2618
2619
2619
2624
2625
2627
2632
2632
2637
2641
2642
2650
2650
2651
2660
2665
2668
2669
2670
2675
2675
2681
2688
2701
2702
2702
2708
2708
2709
2712
2714
2719
2721
2723
2724
2724
2728
2733
2739
2744
2746
2747
2747
2750
2761
2765
2767
2769
2771
2772
2776
2787
2790
2793
2795
2800
2806
2808
2812
2815
2815
2820
2825
2825
2825
2827
2829
2831
2831
2836
2840
2841
2841
2842
2843
2843
2844
2849
2850
2852
2854
2862
2863
2866
2871
2876
2888
2889
2896
2897
2899
2903
2912
2915
2924
2932
2935
2941
2942
2943
2948
2953
2954
2961
2961
2962
2963
2968
2968
2972
2978
2979
2987
2987
2988
2991
2993
2998
2998
3000
3001
3007
3008
3009
3011
3013
3013
3019
3021
3022
3025
3027
3031
3037
3037
3041
3045
3045
3048
3051
3055
3057
3057
3058
3063
3063
3066
3073
3073
3078
3083
3084
3085
3089
3093
3094
3095
3098
3100
3102
3106
3109
3109
3110
3112
3112
3114
3116
3118
3119
3121
3131
3131
3134
3137
3146
3147
3157
3158
3160
3163
3164
3165
3171
3173
3174
3174
3179
3179
3184
3185
3186
3189
3194
3196
3197
3197
3211
3213
3215
3217
3221
3229
3238
3241
3242
3245
3245
3248
3248
3250
3256
3258
3261
3261
3262
3265
3266
3267
3271
3274
3276
3282
3284
3284
3286
3286
3290
3296
3304
3306
3310
3313
3316
3320
3323
3324
3325
3328
3331
3336
3342
3348
3353
3353
3354
3359
3359
3363
3364
3366
3367
3371
3372
3373
3373
3375
3376
3382
3385
3385
3386
3389
3393
3393
3394
3397
3398
3398
3404
3407
3408
3410
3411
3414
3423
3427
3429
3431
3434
3434
3437
3439
3440
3440
3451
3451
3451
3452
3453
3453
3455
3465
3466
3468
3473
3474
3474
3478
3479
3480
3481
3488
3490
3495
3499
3501
3505
3522
3526
3532
3533
3538
3542
3542
3544
3545
3552
3554
3554
3555
3555
3557
3561
3568
3578
3583
3587
3589
3590
3599
3606
3609
3614
3616
3617
3618
3619
3620
3625
3632
3633
3639
3639
3640
3640
3642
3643
3644
3649
3650
3650
3651
3652
3656
3671
3672
3676
3682
3683
3686
3687
3688
3695
3699
3701
3702
3702
3704
3706
3707
3711
3713
3715
3719
3721
3721
3722
3726
3740
3742
3743
3743
3752
3756
3766
3767
3767
3770
3773
3773
3782
3785
3787
3788
3789
3792
3793
3793
3806
3819
3819
3823
3828
3828
3832
3835
3835
3842
3845
3855
3858
3861
3861
3862
3869
3870
3871
3873
3873
3873
3875
3879
3885
3890
3892
3902
3911
3911
3917
3920
3920
3922
3925
3933
3935
3936
3944
3946
3949
3951
3951
3953
3957
3957
3958
3960
3963
3964
3967
3968
3969
3975
3976
3977
3977
3980
3980
3981
3996
4000
4006
4007
4009
4014
4016
4019
4023
4026
4028
4029
4032
4034
4038
4040
4058
4067
4075
4075
4075
4076
4078
4080
4081
4082
4083
4086
4088
4091
4093
4094
4095
4097
4097
4098
4101
4104
4110
4112
4114
4115
4127
4128
4129
4130
4133
4135
4139
4143
4143
4143
4144
4144
4150
4151
4151
4158
4162
4163
4167
4168
4171
4171
4172
4175
4176
4183
4183
4183
4189
4189
4196
4202
4207
4214
4215
4222
4224
4225
4231
4234
4234
4236
4236
4237
4244
4250
4253
4254
4257
4258
4263
4263
4264
4265
4267
4274
4275
4275
4279
4281
4282
4282
4288
4293
4295
4295
4297
4300
4304
4307
4310
4311
4314
4314
4318
4319
4320
4320
4322
4323
4323
4325
4326
4327
4328
4330
4332
4334
4335
4337
4339
4339
4341
4342
4347
4347
4351
4352
4352
4355
4356
4372
4378
4380
4381
4385
4386
4389
4395
4395
4403
4404
4404
4406
4406
4407
4408
4408
4410
4411
4413
4417
4417
4418
4419
4424
4425
4426
4428
4430
4430
4432
4434
4434
4435
4439
4446
4452
4453
4457
4458
4460
4462
4464
4466
4470
4471
4471
4479
4483
4486
4486
4489
4492
4493
4494
4499
4499
4502
4504
4506
4508
4510
4516
4517
4523
4534
4537
4540
4545
4547
4548
4551
4551
4555
4558
4560
4563
4565
4565
4568
4569
4569
4572
4576
4576
4582
4584
4592
4594
4595
4597
4597
4599
4599
4599
4600
4600
4608
4609
4612
4614
4615
4618
4619
4623
4626
4632
4633
4635
4638
4638
4644
4645
4647
4648
4648
4651
4654
4655
4659
4667
4669
4670
4670
4673
4676
4679
4684
4687
4687
4693
4694
4696
4698
4699
4707
4710
4720
4723
4725
4728
4731
4732
4732
4732
4732
4734
4735
4735
4735
4736
4740
4740
4744
4745
4748
4750
4751
4755
4761
4768
4769
4771
4772
4775
4775
4777
4779
4779
4783
4785
4785
4786
4793
4802
4805
4810
4810
4811
4816
4817
4819
4823
4827
4830
4837
4838
4840
4843
4845
4846
4846
4848
4857
4860
4861
4864
4867
4869
4870
4871
4881
4882
4885
4886
4893
4896
4896
4896
4898
4909
4910
4913
4914
4923
4923
4924
4932
4936
4937
4938
4939
4939
4940
4940
4942
4946
4946
4955
4959
4959
4961
4968
4970
4977
4980
4982
4983
4986
4987
4990
5006
5017
5018
5024
5031
5036
5037
5039
5039
5048
5048
5053
5057
5061
5062
5066
5072
5080
5084
5085
5087
5089
5089
5090
5091
5091
5093
5093
5096
5108
5109
5112
5118
5119
5121
5132
5137
5146
5155
5160
5168
5170
5170
5171
5172
5173
5178
5179
5179
5180
5180
5185
5192
5194
5200
5200
5202
5203
5218
5225
5232
5234
5234
5236
5240
5244
5244
5244
5254
5258
5263
5266
5266
5271
5271
5272
5273
5281
5281
5282
5283
5286
5286
5290
5290
5291
5297
5299
5300
5302
5304
5305
5306
5306
5316
5318
5323
5326
5326
5327
5330
5335
5346
5348
5348
5352
5356
5357
5357
5358
5362
5363
5366
5369
5374
5377
5379
5385
5385
5386
5388
5390
5398
5398
5409
5409
5412
5413
5424
5425
5425
5426
5428
5430
5431
5431
5439
5439
5441
5449
5455
5456
5458
5465
5470
5470
5484
5489
5497
5497
5499
5507
5510
5512
5518
5521
5531
5536
5539
5539
5542
5545
5545
5552
5553
5556
5558
5559
5561
5562
5567
5570
5570
5572
5575
5577
5581
5581
5585
5587
5593
5596
5600
5603
5604
5605
5607
5610
5613
5614
5620
5624
5629
5632
5636
5637
5639
5648
5650
5665
5670
5673
5675
5677
5680
5680
5684
5689
5691
5692
5695
5696
5698
5701
5704
5704
5706
5707
5711
5716
5720
5722
5722
5724
5727
5733
5734
5734
5737
5742
5745
5746
5749
5750
5752
5757
5757
5764
5773
5776
5778
5782
5782
5785
5786
5787
5791
5792
5793
5793
5796
5796
5800
5800
5802
5813
5818
5819
5824
5827
5827
5829
5830
5834
5842
5843
5847
5855
5861
5869
5872
5877
5879
5881
5884
5885
5886
5889
5894
5894
5897
5902
5904
5910
5910
5912
5917
5920
5924
5926
5926
5927
5927
5928
5931
5931
5937
5937
5951
5952
5965
5978
5981
5984
5986
5987
5992
5997
6002
6006
6007
6008
6010
6012
6014
6020
6021
6028
6028
6030
6031
6038
6041
6044
6044
6045
6047
6049
6054
6063
6063
6064
6067
6068
6080
6084
6085
6089
6093
6093
6100
6108
6109
6110
6112
6127
6128
6128
6129
6134
6136
6141
6147
6151
6151
6152
6152
6157
6159
6160
6161
6161
6163
6165
6167
6170
6171
6175
6183
6183
6186
6194
6195
6196
6199
6199
6200
6202
6208
6210
6212
6212
6212
6215
6227
6235
6238
6239
6240
6245
6245
6252
6255
6257
6260
6262
6267
6269
6272
6280
6281
6295
6296
6297
6300
6305
6308
6308
6308
6313
6318
6318
6320
6337
6342
6349
6351
6355
6356
6357
6361
6362
6363
6370
6372
6372
6382
6387
6388
6390
6391
6397
6397
6397
6398
6400
6402
6403
6408
6412
6413
6422
6424
6428
6428
6431
6441
6443
6445
6451
6453
6453
6454
6455
6455
6456
6459
6462
6465
6466
6468
6475
6476
6482
6488
6491
6495
6496
6501
6504
6504
6505
6507
6515
6526
6528
6532
6536
6539
6541
6542
6545
6548
6550
6557
6559
6559
6561
6561
6565
6569
6569
6572
6574
6576
6579
6587
6588
6590
6599
6602
6613
6622
6622
6623
6625
6627
6629
6640
6642
6644
6649
6652
6653
6658
6659
6663
6663
6665
6670
6673
6674
6678
6682
6682
6685
6695
6696
6698
6699
6703
6707
6709
6709
6709
6711
6713
6714
6715
6715
6719
6720
6725
6728
6732
6735
6744
6748
6749
6749
6756
6760
6760
6764
6765
6769
6773
6781
6781
6781
6782
6793
6794
6795
6797
6811
6813
6816
6818
6819
6827
6829
6830
6838
6839
6841
6842
6847
6853
6854
6859
6859
6863
6865
6870
6875
6878
6882
6885
6885
6889
6897
6900
6903
6905
6908
6911
6913
6915
6916
6923
6925
6927
6937
6942
6946
6955
6957
6964
6967
6977
6980
6981
6981
6982
6982
6984
6985
6985
6987
6987
6992
6994
6995
6995
6996
6999
6999
7002
7002
7005
7006
7006
7008
7008
7008
7009
7009
7012
7018
7024
7024
7027
7029
7036
7039
7040
7041
7043
7043
7044
7044
7050
7051
7071
7073
7075
7082
7090
7090
7094
7095
7097
7099
7099
7100
7101
7103
7108
7121
7124
7127
7133
7143
7146
7149
7149
7150
7150
7152
7157
7157
7164
7164
7164
7164
7165
7166
7166
7169
7170
7177
7177
7178
7180
7183
7188
7189
7192
7193
7197
7209
7211
7211
7213
7215
7219
7220
7222
7222
7225
7229
7229
7233
7234
7237
7237
7242
7245
7249
7251
7251
7253
7253
7254
7258
7258
7259
7260
7264
7268
7272
7277
7281
7282
7290
7293
7293
7300
7306
7306
7312
7314
7320
7328
7331
7333
7337
7343
7344
7353
7356
7360
7361
7365
7367
7370
7373
7377
7386
7386
7388
7389
7390
7395
7401
7405
7406
7407
7409
7411
7413
7414
7417
7421
7427
7432
7435
7442
7442
7443
7444
7444
7445
7446
7446
7467
7468
7468
7470
7470
7471
7474
7477
7479
7481
7487
7489
7490
7490
7491
7491
7493
7495
7499
7500
7503
7504
7505
7506
7510
7511
7523
7525
7528
7529
7545
7550
7551
7552
7561
7567
7567
7567
7574
7574
7575
7581
7583
7583
7586
7588
7589
7589
7598
7598
7600
7601
7605
7618
7619
7621
7621
7623
7642
7644
7646
7648
7656
7656
7657
7658
7660
7662
7665
7667
7668
7670
7671
7673
7673
7680
7684
7686
7689
7690
7691
7691
7695
7696
7697
7699
7701
7702
7705
7706
7707
7709
7710
7713
7716
7717
7719
7719
7720
7724
7735
7736
7739
7740
7746
7752
7765
7765
7767
7768
7772
7772
7772
7773
7779
7779
7781
7783
7783
7783
7789
7789
7790
7791
7798
7800
7801
7807
7821
7822
7824
7824
7824
7824
7825
7827
7828
7830
7833
7844
7847
7850
7855
7856
7858
7859
7861
7864
7868
7877
7886
7888
7890
7894
7896
7897
7900
7910
7912
7914
7916
7919
7919
7921
7926
7929
7930
7932
7942
7946
7949
7952
7953
7960
7962
7963
7966
7974
7978
7980
7981
7983
7984
7990
7991
7991
7993
7993
7998
8003
8005
8005
8005
8007
8007
8011
8030
8030
8033
8033
8036
8052
8057
8061
8061
8064
8069
8072
8072
8072
8077
8080
8086
8092
8094
8099
8101
8109
8110
8112
8112
8119
8121
8124
8124
8136
8140
8141
8142
8144
8146
8148
8152
8153
8153
8153
8155
8156
8156
8161
8169
8177
8178
8187
8187
8190
8191
8196
8196
8197
8198
8200
8201
8202
8203
8203
8204
8218
8223
8223
8230
8232
8238
8246
8246
8246
8247
8248
8248
8248
8250
8252
8253
8266
8270
8272
8276
8277
8281
8283
8290
8293
8294
8296
8297
8303
8306
8314
8319
8320
8331
8336
8337
8338
8338
8343
8345
8355
8355
8359
8364
8368
8369
8370
8371
8372
8375
8376
8378
8381
8386
8387
8389
8390
8392
8392
8394
8396
8396
8397
8397
8402
8403
8405
8408
8409
8410
8414
8415
8415
8419
8421
8422
8429
8433
8433
8434
8439
8440
8443
8444
8446
8452
8453
8458
8460
8462
8465
8466
8468
8470
8475
8477
8480
8482
8486
8487
8492
8493
8496
8511
8516
8521
8523
8523
8527
8531
8531
8533
8533
8540
8542
8557
8559
8564
8572
8573
8578
8580
8580
8582
8582
8582
8582
8587
8591
8598
8602
8604
8611
8612
8615
8618
8626
8631
8634
8634
8636
8636
8639
8647
8653
8653
8653
8655
8655
8656
8659
8667
8669
8669
8670
8671
8671
8672
8672
8675
8676
8677
8677
8679
8682
8683
8686
8688
8690
8691
8694
8701
8701
8702
8715
8719
8720
8722
8724
8726
8728
8730
8734
8737
8739
8745
8746
8752
8753
8759
8760
8767
8769
8769
8769
8770
8774
8774
8780
8782
8782
8787
8805
8808
8829
8830
8834
8839
8841
8843
8846
8848
8855
8856
8866
8866
8869
8872
8874
8877
8887
8888
8913
8917
8921
8921
8924
8925
8926
8929
8930
8931
8931
8936
8938
8943
8950
8952
8955
8957
8957
8958
8960
8961
8963
8964
8964
8964
8965
8966
8969
8971
8974
8978
8981
8982
8984
8989
8991
9000
9002
9003
9007
9008
9008
9009
9017
9023
9025
9027
9027
9028
9031
9034
9039
9048
9051
9055
9057
9064
9071
9083
9083
9087
9090
9094
9101
9102
9103
9104
9106
9107
9107
9109
9112
9113
9117
9117
9118
9124
9128
9130
9131
9137
9140
9141
9147
9149
9154
9155
9156
9158
9161
9168
9172
9172
9185
9185
9187
9193
9197
9198
9198
9209
9213
9217
9220
9223
9224
9226
9227
9227
9232
9234
9236
9238
9238
9246
9248
9253
9254
9254
9256
9257
9261
9262
9262
9263
9266
9267
9268
9274
9278
9280
9281
9283
9290
9296
9298
9309
9313
9314
9318
9334
9338
9339
9344
9346
9357
9361
9361
9362
9371
9373
9374
9377
9380
9382
9382
9382
9384
9385
9390
9394
9395
9399
9400
9405
9409
9409
9412
9416
9422
9427
9430
9431
9432
9432
9438
9439
9445
9447
9448
9455
9457
9459
9461
9463
9464
9465
9466
9468
9472
9473
9474
9474
9475
9475
9480
9481
9481
9485
9488
9494
9495
9498
9498
9499
9499
9502
9507
9513
9515
9518
9519
9520
9526
9526
9536
9536
9539
9541
9556
9558
9567
9569
9580
9581
9584
9588
9589
9589
9592
9597
9602
9603
9607
9608
9620
9626
9626
9628
9629
9630
9638
9638
9644
9654
9656
9657
9660
9662
9663
9668
9675
9679
9683
9687
9689
9690
9692
9692
9694
9698
9701
9702
9705
9714
9719
9720
9720
9720
9727
9728
9731
9733
9740
9742
9743
9753
9758
9759
9763
9763
9769
9769
9770
9771
9772
9776
9777
9782
9783
9784
9785
9788
9789
9792
9793
9801
9804
9809
9810
9815
9827
9829
9839
9845
9845
9848
9852
9853
9856
9859
9861
9864
9865
9868
9870
9870
9871
9873
9873
9877
9883
9888
9890
9900
9901
9905
9906
9918
9918
9920
9922
9923
9923
9925
9928
9929
9930
9931
9933
9946
9947
9949
9958
9959
9964
9964
9965
9967
9968
9974
9974
9975
9976
9977
9979
9979
9980
9982
9983
9992
10001
10004
10005
10005
10009
10019
10021
10025
10026
10029
10030
10031
10031
10033
10038
10041
10042
10043
10050
10058
10064
10066
10069
10071
10071
10083
10086
10088
10088
10091
10094
10095
10097
10102
10108
10110
10112
10118
10120
10123
10137
10140
10142
10142
10147
10149
10156
10159
10160
10162
10172
10173
10184
10189
10190
10191
10194
10197
10200
10200
10201
10202
10207
10209
10216
10218
10221
10224
10224
10228
10229
10229
10235
10242
10245
10248
10250
10250
10255
10255
10259
10264
10265
10269
10274
10276
10278
10279
10282
10283
10286
10287
10293
10295
10295
10296
10297
10306
10308
10318
10319
10319
10320
10320
10322
10325
10332
10344
10344
10347
10347
10351
10351
10353
10354
10361
10368
10369
10370
10373
10377
10379
10380
10383
10386
10387
10387
10388
10391
10391
10394
10396
10400
10403
10403
10403
10407
10408
10409
10410
10412
10418
10419
10427
10427
10428
10431
10432
10437
10438
10442
10443
10443
10444
10445
10449
10452
10458
10460
10462
10462
10464
10467
10467
10475
10484
10485
10488
10491
10493
10501
10503
10506
10506
10507
10508
10509
10515
10517
10521
10522
10523
10526
10526
10535
10538
10540
10542
10543
10545
10550
10554
10557
10558
10561
10562
10567
10568
10568
10571
10578
10579
10585
10587
10588
10589
10593
10602
10603
10603
10604
10608
10611
10618
10619
10625
10625
10627
10629
10629
10634
10634
10638
10639
10641
10643
10651
10653
10653
10656
10656
10658
10659
10660
10662
10664
10667
10668
10674
10676
10678
10681
10687
10688
10691
10696
10705
10707
10709
10710
10714
10718
10718
10719
10723
10737
10738
10739
10743
10746
10750
10752
10754
10756
10757
10758
10758
10761
10766
10767
10767
10771
10772
10774
10777
10778
10787
10788
10791
10797
10797
10799
10801
10801
10802
10803
10807
10810
10815
10819
10819
10820
10820
10821
10823
10825
10828
10832
10834
10835
10837
10837
10847
10848
10850
10851
10858
10859
10860
10864
10869
10876
10876
10879
10881
10881
10881
10884
10895
10898
10899
10900
10900
10901
10907
10907
10919
10924
10927
10928
10928
10929
10931
10937
10938
10938
10942
10943
10945
10946
10947
10949
10951
10951
10959
10964
10966
10966
10969
10972
10973
10973
10977
10979
10981
10984
10984
10987
10990
10991
10995
10999
11005
11005
11008
11009
11015
11017
11024
11026
11030
11033
11036
11037
11038
11040
11041
11042
11042
11044
11047
11047
11049
11052
11054
11061
11064
11069
11069
11070
11071
11072
11072
11076
11077
11077
11081
11092
11093
11099
11101
11103
11103
11105
11106
11107
11112
11113
11114
11115
11125
11127
11131
11132
11135
11147
11147
11152
11153
11154
11155
11156
11157
11157
11159
11161
11174
11175
11179
11181
11182
11185
11187
11188
11192
11196
11197
11199
11199
11200
11200
11202
11202
11203
11210
11211
11214
11217
11219
11225
11227
11230
11230
11230
11233
11235
11238
11240
11241
11243
11245
11249
11250
11251
11253
11258
11259
11261
11267
11268
11275
11277
11277
11282
11284
11290
11295
11300
11313
11317
11322
11326
11326
11332
11335
11338
11339
11346
11349
11357
11364
11366
11368
11382
11384
11385
11388
11388
11391
11392
11393
11395
11396
11398
11398
11399
11401
11408
11410
11411
11412
11413
11416
11420
11423
11423
11426
11426
11426
11433
11433
11434
11435
11439
11440
11440
11442
11447
11450
11455
11460
11462
11463
11468
11470
11472
11477
11478
11481
11482
11485
11487
11490
11491
11496
11497
11500
11503
11504
11507
11508
11512
11517
11520
11521
11527
11529
11532
11534
11535
11537
11540
11540
11544
11547
11547
11550
11550
11550
11556
11556
11559
11568
11569
11570
11571
11574
11578
11579
11582
11584
11589
11590
11594
11597
11598
11601
11611
11618
11620
11625
11628
11629
11633
11639
11639
11649
11650
11650
11651
11654
11656
11656
11659
11661
11664
11671
11674
11675
11686
11687
11690
11693
11702
11702
11705
11705
11708
11710
11711
11714
11715
11718
11718
11719
11723
11726
11727
11738
11738
11742
11747
11749
11749
11750
11753
11753
11754
11756
11756
11766
11769
11770
11772
11778
11779
11780
11794
11795
11798
11799
11801
11803
11807
11808
11809
11810
11819
11830
11833
11835
11838
11842
11842
11843
11845
11848
11851
11852
11856
11858
11864
11864
11871
11875
11875
11876
11878
11880
11881
11881
11883
11885
11889
11891
11891
11894
11899
11905
11929
11929
11929
11933
11935
11942
11945
11949
11950
11953
11956
11957
11963
11963
11964
11972
11974
11975
11978
11980
11981
11988
11990
11993
12004
12004
12007
12012
12015
12015
12015
12016
12018
12020
12022
12024
12027
12036
12039
12040
12040
12040
12042
12048
12053
12053
12054
12056
12058
12058
12062
12066
12068
12074
12077
12079
12084
12085
12090
12091
12091
12099
12101
12113
12114
12118
12121
12123
12127
12130
12133
12137
12141
12143
12145
12147
12147
12149
12150
12152
12154
12156
12156
12157
12157
12158
12164
12166
12168
12172
12183
12184
12186
12199
12230
12237
12239
12241
12243
12246
12251
12258
12259
12261
12265
12265
12266
12281
12285
12285
12286
12288
12293
12296
12297
12303
12303
12306
12306
12310
12327
12329
12330
12337
12343
12347
12351
12354
12356
12357
12357
12360
12360
12362
12364
12366
12367
12369
12377
12381
12391
12392
12393
12393
12404
12410
12417
12418
12424
12433
12433
12434
12435
12435
12436
12438
12439
12443
12444
12448
12464
12467
12473
12473
12477
12480
12480
12481
12481
12491
12497
12500
12500
12503
12507
12509
12510
12512
12513
12514
12519
12519
12520
12521
12523
12527
12531
12534
12541
12545
12551
12552
12555
12563
12566
12568
12569
12571
12573
12573
12574
12576
12583
12583
12583
12592
12598
12598
12600
12602
12608
12625
12632
12634
12635
12635
12638
12643
12644
12648
12651
12662
12667
12667
12671
12671
12675
12681
12683
12688
12688
12694
12695
12695
12697
12701
12703
12703
12707
12709
12710
12714
12714
12716
12716
12721
12722
12723
12724
12731
12732
12733
12744
12745
12747
12756
12759
12761
12763
12767
12777
12778
12780
12780
12782
12788
12794
12799
12799
12804
12809
12813
12815
12816
12817
12821
12822
12829
12833
12834
12836
12840
12845
12849
12852
12852
12852
12857
12857
12861
12868
12876
12879
12879
12890
12898
12902
12906
12909
12910
12911
12924
12933
12934
12934
12936
12941
12942
12942
12951
12955
12960
12962
12971
12982
12983
12987
12988
12992
12997
12998
12999
13004
13005
13007
13008
13021
13028
13030
13037
13041
13042
13042
13044
13047
13056
13057
13062
13065
13065
13075
13079
13084
13088
13089
13091
13094
13094
13095
13095
13102
13103
13104
13104
13107
13113
13115
13118
13122
13129
13130
13134
13136
13137
13139
13142
13143
13144
13148
13149
13150
13156
13157
13158
13163
13163
13166
13166
13168
13176
13176
13179
13179
13179
13179
13181
13189
13196
13201
13203
13205
13206
13210
13213
13214
13223
13225
13226
13227
13227
13235
13237
13240
13242
13242
13255
13262
13264
13265
13271
13271
13272
13274
13277
13280
13281
13286
13291
13292
13293
13297
13298
13305
13309
13310
13313
13322
13326
13331
13336
13341
13341
13342
13345
13346
13347
13350
13352
13352
13362
13364
13369
13372
13379
13383
13386
13386
13387
13387
13390
13391
13398
13400
13402
13404
13407
13409
13409
13412
13414
13416
13418
13422
13427
13428
13428
13432
13432
13437
13438
13439
13440
13445
13449
13450
13451
13451
13454
13462
13464
13476
13476
13479
13480
13480
13485
13486
13487
13487
13487
13488
13488
13492
13498
13500
13501
13501
13503
13505
13510
13513
13513
13513
13519
13520
13521
13523
13524
13527
13531
13532
13533
13534
13535
13544
13555
13558
13562
13562
13565
13566
13568
13571
13574
13575
13578
13583
13583
13590
13592
13595
13597
13598
13607
13611
13611
13614
13614
13614
13618
13618
13622
13628
13628
13636
13638
13638
13639
13639
13649
13651
13654
13655
13655
13657
13658
13658
13658
13665
13670
13670
13678
13686
13692
13697
13700
13701
13705
13706
13708
13717
13719
13719
13722
13724
13734
13738
13742
13750
13762
13764
13772
13776
13781
13781
13785
13789
13789
13789
13789
13790
13792
13793
13794
13797
13801
13803
13811
13814
13817
13818
13822
13822
13824
13837
13838
13839
13840
13847
13853
13853
13856
13858
13859
13861
13871
13878
13878
13883
13889
13892
13892
13896
13901
13902
13904
13904
13905
13908
13910
13911
13916
13918
13923
13924
13925
13925
13931
13943
13945
13949
13952
13956
13958
13958
13960
13961
13966
13969
13971
13972
13974
13976
13978
13981
13984
13992
14002
14008
14015
14016
14017
14018
14020
14020
14024
14025
14028
14029
14030
14044
14044
14045
14049
14053
14059
14065
14068
14068
14074
14079
14082
14088
14097
14098
14098
14102
14103
14105
14114
14117
14117
14123
14131
14132
14132
14133
14135
14141
14143
14143
14146
14147
14148
14152
14154
14155
14157
14157
14159
14159
14162
14165
14177
14179
14182
14189
14195
14200
14201
14203
14205
14207
14210
14225
14229
14231
14233
14238
14238
14242
14247
14248
14249
14251
14255
14256
14257
14258
14260
14263
14267
14278
14280
14284
14285
14286
14292
14294
14297
14304
14311
14315
14319
14326
14326
14328
14331
14333
14333
14333
14336
14337
14346
14346
14347
14351
14351
14353
14353
14354
14357
14363
14363
14374
14376
14379
14383
14388
14388
14388
14389
14395
14396
14398
14408
14410
14419
14421
14423
14428
14433
14437
14441
14442
14444
14462
14463
14465
14468
14476
14480
14481
14486
14486
14487
14488
14492
14504
14504
14505
14506
14507
14508
14509
14514
14518
14519
14525
14526
14533
14533
14534
14538
14546
14547
14559
14568
14569
14574
14579
14581
14585
14587
14594
14596
14597
14599
14601
14601
14603
14606
14606
14607
14610
14622
14630
14637
14637
14639
14642
14644
14650
14665
14669
14676
14678
14683
14684
14684
14696
14696
14696
14697
14700
14702
14704
14713
14714
14714
14718
14719
14721
14721
14726
14726
14727
14734
14736
14736
14737
14744
14746
14746
14748
14756
14757
14765
14769
14771
14772
14774
14775
14777
14778
14784
14787
14787
14788
14798
14804
14804
14804
14811
14812
14815
14817
14820
14826
14836
14837
14838
14840
14841
14842
14856
14860
14861
14870
14873
14874
14876
14877
14884
14889
14895
14897
14898
14899
14900
14901
14907
14908
14908
14908
14912
14912
14914
14915
14917
14922
14922
14924
14928
14929
14929
14933
14935
14937
14937
14939
14941
14941
14945
14947
14950
14951
14954
14955
14957
14961
14963
14963
14975
14975
14975
14976
14986
14988
14998
14999
15001
15009
15016
15016
15019
15021
15024
15028
15033
15036
15038
15039
15044
15046
15048
15048
15051
15051
15052
15057
15058
15058
15059
15059
15061
15068
15069
15076
15081
15083
15093
15093
15094
15096
15097
15099
15109
15109
15110
15115
15118
15119
15120
15124
15124
15130
15131
15137
15138
15146
15147
15148
15150
15153
15159
15159
15159
15167
15167
15168
15176
15179
15181
15182
15188
15189
15192
15197
15202
15205
15213
15219
15221
15224
15228
15229
15229
15230
15234
15243
15253
15256
15259
15262
15263
15270
15277
15278
15284
15287
15297
15297
15303
15307
15311
15313
15318
15318
15319
15328
15329
15338
15339
15340
15343
15344
15350
15352
15355
15364
15365
15366
15372
15376
15386
15389
15392
15401
15401
15403
15404
15405
15410
15413
15413
15414
15416
15417
15424
15425
15426
15427
15428
15428
15428
15429
15432
15432
15445
15447
15449
15450
15451
15452
15452
15457
15458
15459
15463
15465
15467
15467
15469
15470
15472
15472
15472
15473
15477
15477
15478
15480
15481
15484
15486
15491
15491
15492
15498
15502
15503
15503
15503
15503
15504
15504
15506
15513
15514
15519
15523
15524
15524
15530
15531
15537
15543
15544
15545
15546
15547
15548
15549
15554
15557
15567
15569
15576
15577
15579
15580
15583
15584
15586
15586
15589
15591
15597
15599
15599
15605
15608
15612
15612
15614
15616
15618
15618
15622
15625
15625
15625
15627
15627
15632
15635
15636
15637
15637
15638
15639
15640
15644
15646
15649
15653
15658
15665
15667
15670
15673
15674
15678
15689
15689
15691
15692
15693
15695
15696
15699
15701
15704
15705
15710
15711
15712
15712
15720
15722
15724
15727
15728
15729
15731
15732
15732
15733
15733
15733
15737
15741
15748
15748
15749
15755
15756
15761
15763
15764
15770
15772
15774
15780
15780
15788
15791
15792
15795
15798
15801
15802
15803
15807
15808
15812
15818
15821
15824
15828
15829
15830
15832
15837
15850
15852
15855
15855
15855
15859
15865
15867
15872
15873
15880
15883
15884
15887
15888
15893
15895
15896
15897
15900
15902
15903
15903
15904
15909
15914
15917
15924
15930
15935
15935
15935
15938
15938
15942
15950
15950
15954
15959
15967
15970
15974
15982
15984
15986
15987
15990
16003
16005
16008
16009
16014
16015
16016
16018
16024
16029
16037
16046
16047
16063
16070
16072
16075
16082
16083
16089
16093
16102
16106
16116
16121
16124
16125
16127
16129
16131
16136
16137
16138
16141
16143
16144
16144
16147
16150
16152
16154
16158
16159
16159
16165
16168
16171
16171
16172
16173
16173
16178
16184
16188
16189
16191
16194
16196
16197
16197
16199
16200
16204
16205
16205
16206
16207
16209
16214
16214
16215
16215
16216
16218
16220
16229
16230
16237
16237
16239
16241
16246
16248
16250
16257
16258
16261
16263
16267
16270
16274
16275
16275
16282
16283
16284
16292
16294
16299
16307
16311
16311
16312
16317
16317
16318
16328
16331
16333
16343
16344
16344
16345
16346
16349
16350
16352
16358
16371
16376
16383
16385
16386
16390
16391
16392
16392
16392
16397
16398
16401
16406
16408
16408
16409
16415
16417
16417
16422
16425
16429
16430
16432
16438
16441
16446
16451
16453
16459
16464
16469
16470
16470
16472
16473
16477
16483
16483
16488
16491
16493
16494
16494
16501
16503
16508
16508
16509
16509
16510
16511
16516
16529
16535
16536
16536
16552
16557
16557
16562
16573
16573
16579
16580
16582
16584
16586
16588
16592
16595
16599
16599
16599
16609
16611
16612
16613
16613
16614
16615
16623
16625
16626
16627
16629
16631
16632
16633
16635
16636
16636
16640
16644
16648
16656
16660
16662
16663
16667
16677
16679
16681
16684
16684
16694
16694
16695
16696
16699
16701
16703
16704
16707
16712
16714
16715
16724
16725
16727
16731
16731
16736
16739
16739
16745
16746
16751
16753
16753
16755
16758
16765
16767
16769
16770
16771
16774
16774
16775
16776
16777
16782
16782
16788
16791
16795
16798
16799
16800
16802
16803
16809
16810
16811
16811
16812
16813
16818
16820
16820
16822
16830
16830
16833
16838
16839
16839
16842
16843
16846
16847
16848
16849
16850
16852
16853
16854
16855
16857
16858
16859
16860
16860
16860
16872
16877
16881
16883
16884
16889
16895
16900
16903
16904
16904
16907
16913
16919
16924
16926
16933
16935
16940
16942
16943
16947
16950
16954
16961
16966
16968
16975
16981
16982
16985
16987
16989
16992
16998
17004
17006
17014
17017
17034
17036
17038
17039
17039
17042
17049
17049
17051
17055
17058
17061
17072
17078
17083
17083
17089
17096
17096
17099
17102
17107
17109
17112
17113
17130
17131
17133
17134
17146
17148
17150
17151
17153
17154
17158
17159
17160
17167
17169
17174
17179
17179
17179
17180
17184
17185
17190
17196
17199
17200
17214
17215
17215
17222
17230
17230
17233
17234
17236
17240
17247
17249
17249
17252
17254
17254
17255
17258
17261
17262
17263
17263
17264
17267
17270
17270
17271
17271
17272
17272
17277
17278
17283
17286
17287
17289
17290
17296
17298
17301
17303
17303
17304
17308
17308
17311
17312
17313
17313
17318
17319
17323
17323
17327
17342
17342
17348
17350
17350
17356
17358
17361
17363
17363
17365
17366
17372
17379
17380
17389
17391
17394
17398
17399
17400
17400
17403
17404
17408
17412
17412
17412
17413
17415
17416
17416
17417
17418
17420
17423
17433
17438
17439
17441
17441
17441
17442
17448
17448
17449
17463
17464
17465
17466
17468
17469
17470
17470
17471
17474
17478
17483
17486
17489
17490
17494
17499
17502
17502
17502
17504
17507
17518
17519
17527
17528
17528
17533
17540
17543
17553
17558
17562
17565
17568
17574
17578
17578
17580
17585
17587
17589
17590
17595
17595
17608
17609
17611
17612
17613
17617
17619
17619
17620
17625
17631
17640
17644
17648
17654
17655
17655
17656
17671
17671
17675
17680
17683
17684
17684
17696
17700
17710
17710
17711
17714
17721
17731
17732
17738
17746
17748
17748
17749
17752
17755
17762
17763
17765
17768
17773
17776
17777
17781
17782
17789
17791
17802
17805
17808
17809
17810
17811
17814
17816
17818
17820
17821
17822
17823
17825
17826
17827
17829
17830
17830
17837
17838
17841
17842
17847
17848
17850
17854
17858
17860
17862
17862
17870
17871
17877
17878
17879
17881
17881
17887
17890
17893
17898
17900
17903
17906
17906
17918
17922
17923
17923
17924
17924
17929
17929
17931
17932
17932
17936
17937
17938
17939
17943
17951
17953
17954
17959
17965
17971
17973
17977
17982
17984
17986
17987
17989
17993
17997
17998
18002
18007
18011
18013
18019
18019
18024
18029
18035
18035
18041
18042
18042
18045
18046
18049
18052
18053
18058
18060
18061
18065
18065
18068
18073
18073
18075
18075
18079
18081
18087
18089
18091
18094
18100
18109
18110
18111
18112
18124
18125
18126
18126
18128
18139
18140
18142
18143
18143
18146
18148
18148
18152
18154
18162
18165
18165
18165
18173
18176
18177
18179
18184
18190
18191
18197
18202
18208
18212
18212
18213
18216
18217
18225
18232
18237
18237
18247
18249
18250
18251
18253
18255
18256
18260
18262
18264
18268
18279
18280
18282
18284
18285
18289
18295
18295
18297
18298
18301
18309
18309
18313
18314
18324
18330
18333
18335
18337
18339
18339
18341
18342
18344
18346
18346
18349
18361
18363
18366
18368
18369
18371
18372
18373
18380
18381
18390
18397
18403
18408
18413
18416
18422
18423
18423
18427
18429
18432
18433
18434
18438
18441
18443
18447
18450
18456
18457
18458
18460
18474
18474
18478
18482
18485
18485
18488
18488
18491
18492
18492
18492
18500
18500
18502
18510
18510
18515
18518
18519
18519
18524
18528
18529
18529
18532
18533
18535
18536
18539
18539
18541
18547
18548
18549
18556
18556
18557
18560
18563
18568
18569
18570
18571
18575
18579
18581
18589
18595
18599
18605
18608
18613
18615
18617
18620
18628
18633
18633
18634
18635
18635
18636
18636
18637
18640
18643
18644
18647
18651
18652
18653
18656
18658
18659
18660
18665
18669
18672
18673
18683
18686
18687
18690
18701
18703
18703
18708
18711
18715
18717
18717
18719
18721
18721
18725
18731
18732
18733
18734
18737
18738
18739
18750
18751
18753
18754
18762
18762
18764
18770
18773
18784
18790
18795
18795
18795
18801
18809
18810
18813
18818
18819
18822
18822
18824
18824
18827
18829
18830
18831
18835
18836
18838
18838
18842
18845
18845
18845
18846
18847
18851
18851
18853
18856
18861
18862
18865
18867
18868
18870
18872
18872
18873
18874
18875
18875
18878
18881
18882
18884
18886
18887
18889
18893
18894
18896
18905
18910
18937
18937
18938
18939
18941
18944
18944
18947
18951
18951
18959
18960
18965
18970
18976
18977
18987
18994
19001
19004
19005
19007
19007
19008
19010
19014
19017
19018
19023
19028
19030
19034
19038
19041
19044
19046
19046
19047
19048
19048
19048
19049
19050
19050
19051
19052
19056
19057
19058
19060
19066
19072
19073
19074
19074
19082
19083
19086
19091
19096
19099
19099
19105
19109
19112
19114
19116
19116
19121
19127
19129
19131
19133
19140
19146
19147
19151
19151
19154
19157
19158
19158
19165
19166
19168
19174
19175
19182
19188
19188
19189
19189
19190
19193
19193
19199
19201
19202
19204
19205
19205
19209
19211
19212
19214
19214
19218
19221
19226
19234
19240
19241
19244
19245
19251
19256
19256
19259
19261
19273
19274
19275
19278
19279
19282
19290
19293
19296
19297
19299
19304
19311
19323
19325
19325
19331
19331
19332
19333
19333
19335
19337
19338
19339
19341
19342
19354
19354
19360
19362
19362
19366
19369
19375
19379
19380
19382
19385
19388
19390
19390
19396
19396
19404
19411
19412
19414
19416
19417
19420
19424
19425
19425
19427
19429
19432
19432
19432
19435
19439
19440
19449
19460
19475
19477
19479
19479
19490
19492
19495
19495
19500
19501
19503
19503
19504
19505
19509
19517
19517
19517
19517
19518
19525
19526
19527
19530
19532
19542
19544
19544
19552
19552
19552
19552
19556
19559
19560
19562
19564
19574
19577
19582
19586
19586
19591
19600
19602
19602
19604
19605
19606
19610
19610
19619
19622
19628
19630
19632
19633
19646
19649
19650
19653
19658
19665
19666
19667
19667
19677
19681
19683
19687
19707
19723
19727
19727
19728
19732
19733
19740
19742
19745
19748
19750
19750
19751
19760
19763
19767
19768
19770
19777
19777
19783
19787
19789
19794
19802
19804
19804
19808
19809
19809
19811
19813
19816
19822
19824
19825
19827
19827
19828
19828
19828
19830
19834
19836
19839
19840
19841
19841
19841
19842
19842
19847
19852
19854
19857
19861
19861
19865
19869
19874
19878
19882
19885
19888
19888
19889
19892
19892
19892
19895
19898
19911
19914
19916
19924
19925
19926
19932
19933
19938
19940
19940
19941
19941
19943
19945
19945
19945
19946
19950
19952
19953
19963
19968
19969
19973
19973
19973
19977
19982
19983
19985
19995
19995
19997
19998
19999
20000
20005
20006
20006
20011
20013
20017
20025
20026
20026
20029
20033
20035
20036
20040
20045
20050
20053
20058
20060
20067
20075
20079
20081
20081
20082
20086
20088
20089
20092
20092
20096
20096
20097
20098
20099
20100
20108
20109
20111
20125
20125
20127
20128
20133
20133
20139
20141
20149
20150
20151
20151
20152
20157
20161
20162
20162
20162
20163
20165
20167
20167
20168
20170
20171
20172
20179
20184
20189
20194
20196
20197
20198
20201
20208
20210
20220
20223
20223
20224
20227
20227
20233
20235
20238
20241
20244
20244
20245
20248
20254
20257
20258
20261
20265
20265
20266
20267
20268
20269
20272
20275
20279
20281
20292
20298
20302
20303
20303
20307
20307
20313
20319
20320
20324
20325
20327
20328
20329
20330
20332
20333
20334
20335
20339
20340
20341
20343
20344
20347
20348
20348
20354
20363
20365
20369
20371
20371
20371
20372
20378
20378
20379
20381
20385
20387
20389
20394
20396
20397
20404
20405
20409
20411
20412
20415
20416
20418
20419
20426
20426
20431
20433
20435
20436
20438
20441
20443
20450
20452
20463
20466
20467
20471
20475
20487
20492
20500
20500
20506
20507
20509
20523
20526
20530
20535
20536
20545
20548
20549
20550
20551
20558
20560
20560
20560
20564
20569
20576
20577
20578
20580
20583
20584
20587
20600
20601
20604
20605
20607
20610
20611
20614
20619
20622
20629
20629
20634
20639
20640
20642
20644
20648
20649
20656
20663
20664
20668
20674
20676
20685
20687
20688
20690
20692
20697
20702
20706
20716
20716
20718
20721
20721
20721
20724
20727
20729
20729
20730
20730
20730
20739
20741
20752
20757
20765
20766
20768
20770
20773
20775
20775
20780
20780
20781
20784
20786
20786
20787
20787
20788
20793
20795
20798
20799
20800
20804
20805
20806
20812
20815
20818
20824
20828
20831
20837
20838
20840
20843
20844
20851
20855
20855
20856
20859
20861
20863
20863
20865
20868
20869
20871
20872
20873
20878
20879
20879
20880
20883
20894
20895
20900
20905
20906
20911
20913
20914
20915
20916
20917
20927
20928
20930
20930
20939
20945
20946
20946
20954
20960
20963
20970
20976
20980
20990
20993
21006
21018
21020
21020
21023
21029
21031
21039
21040
21042
21045
21046
21052
21058
21060
21066
21072
21072
21072
21079
21081
21082
21087
21088
21088
21094
21103
21104
21107
21108
21109
21111
21117
21127
21132
21132
21140
21142
21146
21148
21148
21150
21150
21156
21168
21171
21179
21179
21182
21185
21190
21192
21193
21194
21200
21201
21201
21203
21207
21209
21212
21219
21220
21220
21228
21229
21233
21240
21243
21245
21247
21254
21262
21263
21266
21267
21280
21284
21291
21297
21298
21299
21299
21301
21303
21305
21306
21308
21311
21311
21311
21311
21313
21314
21318
21324
21328
21329
21338
21346
21348
21349
21353
21354
21358
21361
21365
21370
21374
21375
21378
21379
21379
21382
21382
21386
21392
21394
21396
21398
21400
21403
21406
21412
21414
21415
21419
21420
21424
21426
21428
21430
21432
21433
21438
21439
21440
21443
21444
21447
21450
21457
21458
21461
21461
21465
21467
21471
21471
21472
21474
21474
21475
21477
21478
21479
21479
21481
21483
21486
21490
21492
21503
21505
21508
21508
21513
21515
21517
21520
21523
21523
21523
21524
21527
21529
21530
21534
21538
21539
21540
21542
21548
21553
21554
21554
21554
21555
21560
21562
21563
21564
21564
21564
21565
21571
21575
21581
21585
21588
21591
21594
21596
21596
21599
21600
21602
21603
21608
21611
21612
21613
21617
21619
21624
21630
21633
21634
21634
21634
21634
21646
21648
21651
21653
21658
21660
21660
21666
21667
21668
21671
21672
21672
21673
21674
21678
21681
21685
21688
21692
21695
21696
21696
21702
21704
21707
21711
21714
21715
21716
21716
21720
21727
21729
21734
21741
21744
21745
21746
21746
21747
21748
21759
21761
21770
21771
21773
21776
21777
21779
21780
21781
21782
21784
21787
21799
21801
21805
21807
21810
21812
21816
21816
21822
21834
21834
21838
21839
21841
21853
21855
21855
21856
21858
21858
21859
21863
21870
21873
21878
21885
21887
21889
21897
21900
21902
21905
21909
21915
21924
21928
21929
21929
21933
21934
21938
21938
21940
21944
21945
21950
21951
21951
21952
21954
21956
21958
21961
21962
21969
21971
21975
21975
21976
21976
21986
21988
21988
21989
21989
21992
21992
21998
21998
22004
22006
22010
22014
22014
22021
22025
22028
22033
22036
22039
22044
22053
22053
22055
22056
22056
22058
22062
22062
22067
22070
22073
22075
22077
22077
22077
22078
22091
22093
22096
22100
22101
22104
22106
22107
22117
22117
22131
22133
22137
22138
22140
22141
22141
22146
22148
22150
22153
22159
22167
22172
22175
22177
22177
22181
22182
22183
22193
22193
22202
22202
22209
22211
22211
22212
22215
22216
22218
22220
22224
22224
22225
22226
22227
22234
22236
22237
22237
22240
22243
22245
22247
22248
22257
22258
22258
22259
22259
22269
22274
22275
22276
22281
22282
22288
22292
22294
22304
22306
22312
22312
22317
22318
22320
22324
22328
22331
22332
22343
22350
22353
22354
22355
22356
22357
22358
22359
22362
22365
22366
22367
22376
22378
22381
22381
22382
22389
22390
22400
22401
22403
22406
22407
22416
22418
22418
22420
22422
22423
22426
22428
22430
22432
22432
22434
22437
22438
22443
22444
22450
22459
22462
22463
22466
22468
22468
22472
22474
22476
22477
22483
22483
22494
22497
22502
22502
22506
22509
22512
22520
22522
22522
22527
22531
22533
22535
22537
22537
22539
22540
22548
22549
22550
22550
22553
22557
22559
22571
22571
22576
22577
22584
22586
22592
22592
22592
22597
22598
22604
22604
22609
22609
22610
22614
22616
22621
22621
22622
22626
22637
22640
22640
22642
22645
22649
22660
22660
22660
22661
22665
22674
22680
22681
22684
22687
22689
22692
22702
22702
22709
22710
22710
22710
22711
22712
22712
22712
22722
22722
22722
22730
22732
22732
22732
22733
22734
22738
22739
22739
22745
22750
22754
22759
22763
22767
22770
22770
22774
22774
22794
22796
22798
22799
22803
22804
22806
22807
22812
22812
22824
22826
22830
22831
22838
22840
22846
22849
22850
22857
22860
22860
22863
22864
22871
22874
22874
22880
22885
22887
22890
22901
22903
22905
22911
22914
22916
22924
22931
22937
22939
22945
22953
22964
22966
22966
22972
22975
22985
22986
23002
23005
23007
23009
23010
23012
23013
23013
23014
23015
23018
23019
23021
23025
23025
23029
23030
23032
23035
23036
23041
23041
23045
23049
23056
23056
23058
23058
23062
23064
23064
23066
23071
23072
23079
23081
23087
23091
23092
23094
23094
23095
23102
23103
23106
23107
23107
23108
23111
23112
23112
23113
23117
23120
23131
23133
23134
23139
23143
23144
23144
23144
23146
23147
23147
23148
23160
23161
23165
23165
23169
23172
23179
23184
23188
23189
23191
23193
23194
23199
23205
23210
23210
23214
23214
23216
23216
23218
23218
23222
23228
23232
23235
23236
23236
23241
23241
23243
23245
23246
23247
23248
23251
23256
23258
23262
23263
23266
23268
23274
23280
23283
23289
23289
23291
23292
23297
23300
23304
23304
23306
23310
23311
23316
23321
23327
23328
23329
23339
23343
23348
23353
23356
23356
23358
23366
23367
23370
23371
23374
23374
23375
23375
23377
23378
23382
23386
23388
23390
23391
23401
23402
23405
23405
23406
23407
23408
23410
23417
23419
23419
23421
23435
23435
23436
23440
23447
23450
23452
23455
23456
23458
23459
23462
23463
23467
23468
23468
23470
23471
23473
23473
23474
23475
23477
23480
23484
23490
23490
23490
23492
23494
23496
23497
23505
23508
23508
23513
23513
23518
23521
23521
23523
23525
23527
23530
23534
23537
23538
23540
23543
23545
23551
23552
23552
23552
23554
23556
23556
23560
23561
23566
23567
23592
23595
23596
23601
23602
23604
23609
23611
23612
23615
23616
23625
23630
23631
23633
23635
23639
23645
23648
23656
23660
23661
23662
23662
23674
23674
23677
23677
23680
23683
23684
23686
23686
23688
23690
23692
23692
23697
23702
23702
23706
23709
23717
23718
23724
23726
23726
23729
23739
23739
23740
23744
23746
23746
23747
23747
23749
23751
23752
23754
23759
23760
23761
23763
23768
23768
23775
23781
23783
23785
23791
23793
23802
23806
23806
23808
23811
23812
23815
23815
23821
23822
23834
23841
23842
23843
23847
23849
23858
23859
23859
23862
23864
23864
23865
23865
23867
23870
23870
23871
23880
23881
23881
23884
23884
23885
23891
23895
23896
23898
23898
23901
23907
23912
23917
23920
23921
23923
23927
23931
23933
23934
23935
23939
23943
23944
23946
23949
23954
23960
23962
23965
23966
23975
23975
23978
23980
23984
23985
23986
23988
23992
23999
23999
24000
24004
24007
24010
24017
24018
24018
24022
24022
24024
24031
24033
24036
24039
24047
24053
24055
24055
24059
24061
24062
24063
24064
24067
24068
24069
24076
24080
24080
24082
24085
24085
24086
24089
24091
24098
24103
24107
24115
24117
24118
24123
24139
24141
24143
24145
24145
24146
24146
24147
24155
24158
24159
24164
24166
24172
24175
24188
24191
24201
24208
24211
24211
24212
24218
24218
24220
24220
24222
24225
24230
24232
24234
24249
24252
24268
24271
24273
24284
24284
24285
24286
24286
24288
24298
24302
24314
24315
24324
24331
24336
24336
24345
24349
24351
24356
24362
24367
24367
24370
24370
24371
24382
24382
24390
24396
24397
24398
24403
24403
24403
24407
24408
24413
24417
24419
24419
24428
24430
24440
24447
24455
24455
24456
24456
24460
24466
24471
24473
24474
24475
24476
24478
24480
24485
24489
24491
24492
24494
24499
24499
24500
24504
24514
24515
24516
24518
24519
24526
24527
24529
24532
24540
24541
24544
24549
24549
24554
24568
24568
24572
24576
24580
24584
24586
24592
24592
24593
24595
24601
24603
24608
24610
24611
24614
24616
24623
24623
24624
24626
24627
24628
24629
24631
24634
24637
24638
24644
24644
24648
24651
24655
24656
24657
24659
24663
24664
24669
24671
24671
24684
24685
24687
24706
24707
24710
24711
24714
24715
24719
24720
24721
24723
24723
24728
24728
24730
24733
24735
24736
24736
24745
24746
24748
24749
24750
24752
24752
24755
24762
24765
24773
24787
24790
24794
24798
24799
24800
24800
24802
24807
24807
24809
24810
24810
24812
24815
24816
24817
24818
24819
24828
24833
24833
24833
24835
24835
24841
24841
24844
24851
24856
24856
24860
24862
24862
24864
24864
24867
24868
24869
24875
24880
24881
24884
24884
24897
24908
24910
24915
24916
24917
24920
24924
24930
24945
24946
24956
24959
24960
24961
24962
24964
24967
24976
24978
24992
24999
25007
25008
25011
25013
25015
25015
25016
25016
25017
25018
25021
25025
25026
25026
25033
25033
25033
25035
25036
25038
25040
25049
25051
25054
25055
25057
25068
25069
25070
25070
25076
25079
25079
25081
25087
25089
25089
25092
25093
25100
25102
25109
25111
25112
25114
25115
25128
25128
25132
25135
25136
25139
25141
25142
25143
25150
25151
25152
25162
25163
25169
25174
25180
25187
25187
25192
25192
25192
25195
25199
25200
25201
25203
25204
25205
25206
25208
25211
25211
25219
25220
25222
25223
25226
25227
25228
25228
25232
25235
25236
25237
25241
25249
25254
25257
25257
25261
25264
25268
25274
25275
25276
25276
25276
25281
25282
25284
25286
25290
25290
25291
25298
25310
25316
25316
25316
25329
25331
25332
25332
25332
25338
25338
25345
25346
25347
25349
25351
25351
25358
25360
25361
25363
25363
25367
25369
25374
25382
25383
25384
25386
25387
25398
25401
25412
25417
25418
25419
25425
25427
25439
25445
25447
25455
25455
25457
25459
25459
25461
25462
25467
25468
25472
25477
25486
25488
25493
25496
25504
25508
25510
25511
25513
25516
25518
25519
25520
25522
25524
25534
25539
25540
25540
25541
25542
25547
25553
25557
25557
25562
25563
25565
25568
25570
25571
25572
25574
25576
25577
25580
25583
25584
25587
25593
25595
25604
25605
25607
25609
25612
25616
25618
25623
25624
25625
25627
25631
25634
25634
25637
25639
25640
25641
25646
25655
25661
25663
25664
25665
25668
25669
25670
25674
25680
25680
25686
25699
25703
25703
25706
25706
25709
25709
25722
25725
25733
25737
25739
25744
25749
25758
25759
25759
25762
25762
25765
25766
25770
25770
25774
25774
25783
25786
25794
25806
25808
25812
25813
25819
25820
25820
25820
25823
25828
25828
25828
25832
25837
25837
25840
25842
25844
25851
25855
25857
25861
25861
25861
25863
25865
25868
25874
25887
25889
25892
25893
25894
25895
25897
25900
25901
25907
25912
25913
25914
25914
25915
25917
25917
25926
25931
25931
25934
25937
25937
25941
25953
25954
25956
25956
25956
25958
25959
25961
25961
25966
25971
25980
25980
25982
25983
25984
25984
25987
25988
25989
25991
25991
25996
25997
25998
26005
26006
26006
26009
26010
26010
26016
26022
26025
26026
26027
26028
26034
26040
26044
26059
26059
26062
26064
26064
26065
26066
26068
26073
26074
26075
26080
26081
26087
26093
26093
26094
26096
26096
26098
26098
26106
26108
26109
26113
26113
26122
26123
26124
26126
26127
26128
26133
26133
26136
26138
26146
26148
26152
26163
26165
26177
26183
26185
26190
26192
26196
26197
26197
26199
26208
26211
26211
26214
26218
26224
26225
26227
26231
26233
26240
26240
26244
26252
26255
26256
26256
26257
26257
26257
26265
26267
26271
26273
26275
26279
26285
26290
26292
26293
26294
26295
26298
26298
26302
26304
26313
26313
26315
26315
26318
26322
26322
26322
26323
26324
26325
26330
26332
26334
26337
26356
26361
26369
26372
26372
26378
26378
26385
26386
26390
26393
26401
26404
26406
26407
26411
26416
26416
26420
26426
26428
26431
26435
26438
26439
26449
26454
26455
26457
26458
26466
26473
26473
26476
26478
26483
26490
26505
26505
26506
26512
26517
26521
26530
26531
26533
26535
26536
26548
26553
26556
26557
26565
26565
26566
26567
26569
26570
26573
26573
26579
26583
26585
26588
26589
26591
26592
26597
26598
26599
26602
26603
26606
26608
26616
26626
26628
26631
26632
26635
26636
26636
26640
26641
26646
26647
26649
26649
26654
26655
26660
26675
26676
26678
26683
26684
26684
26685
26686
26686
26690
26692
26698
26706
26708
26709
26711
26714
26714
26715
26717
26717
26718
26727
26735
26737
26738
26739
26739
26743
26746
26748
26749
26751
26751
26752
26754
26756
26759
26763
26767
26773
26780
26780
26782
26786
26788
26788
26791
26793
26796
26796
26796
26797
26799
26799
26808
26814
26814
26815
26818
26826
26832
26834
26844
26844
26848
26849
26852
26852
26854
26859
26872
26875
26879
26880
26883
26883
26887
26888
26892
26893
26895
26896
26898
26901
26902
26903
26905
26909
26909
26910
26910
26916
26917
26923
26925
26925
26926
26930
26931
26932
26932
26933
26935
26936
26940
26943
26945
26948
26954
26955
26955
26958
26958
26960
26964
26969
26971
26975
26976
26977
26977
26982
26990
26997
27000
27001
27005
27006
27006
27006
27011
27013
27020
27022
27022
27023
27026
27030
27030
27034
27036
27038
27038
27039
27042
27045
27048
27051
27057
27059
27066
27070
27070
27074
27080
27081
27087
27088
27093
27101
27103
27108
27110
27111
27119
27120
27122
27126
27129
27132
27135
27139
27144
27145
27146
27156
27160
27161
27169
27171
27171
27176
27177
27177
27179
27179
27184
27184
27190
27190
27194
27197
27197
27197
27202
27204
27214
27220
27221
27228
27228
27229
27231
27236
27237
27250
27250
27251
27253
27259
27260
27260
27262
27272
27273
27274
27288
27290
27292
27293
27295
27301
27303
27304
27304
27306
27307
27323
27325
27327
27334
27335
27340
27340
27344
27345
27346
27346
27349
27349
27352
27357
27360
27360
27362
27366
27370
27373
27373
27378
27381
27384
27386
27391
27395
27396
27397
27399
27406
27407
27410
27417
27417
27417
27418
27421
27421
27421
27424
27424
27425
27425
27426
27431
27434
27437
27441
27443
27443
27444
27445
27446
27447
27452
27454
27458
27461
27461
27461
27462
27468
27468
27469
27473
27476
27483
27483
27490
27495
27508
27513
27519
27520
27522
27526
27528
27536
27538
27541
27553
27558
27563
27569
27570
27571
27574
27575
27579
27580
27580
27583
27584
27593
27605
27607
27607
27608
27611
27611
27612
27613
27617
27623
27624
27628
27635
27643
27645
27648
27654
27655
27659
27665
27667
27667
27668
27674
27677
27686
27691
27692
27693
27700
27702
27708
27721
27728
27730
27731
27732
27732
27738
27740
27741
27742
27743
27745
27746
27747
27749
27749
27753
27753
27758
27758
27764
27772
27776
27778
27779
27780
27784
27787
27790
27790
27792
27796
27798
27798
27800
27803
27806
27806
27811
27812
27812
27813
27817
27823
27824
27827
27833
27834
27836
27842
27847
27850
27853
27857
27869
27871
27872
27873
27877
27877
27883
27885
27889
27903
27912
27920
27920
27923
27931
27934
27937
27947
27949
27952
27956
27963
27964
27964
27968
27969
27970
27970
27971
27974
27978
27987
27987
27996
27997
28002
28004
28006
28007
28008
28012
28019
28022
28023
28026
28030
28031
28032
28032
28033
28036
28039
28044
28052
28071
28073
28075
28077
28081
28083
28084
28086
28086
28093
28094
28104
28104
28106
28107
28110
28111
28113
28114
28116
28117
28134
28135
28136
28137
28138
28139
28140
28146
28149
28154
28158
28160
28163
28166
28171
28178
28181
28184
28187
28187
28189
28190
28193
28199
28202
28203
28204
28209
28209
28209
28212
28220
28230
28236
28238
28238
28242
28244
28244
28246
28253
28257
28260
28261
28267
28270
28275
28283
28287
28289
28292
28293
28299
28300
28302
28304
28305
28306
28309
28312
28314
28314
28318
28320
28321
28322
28323
28338
28339
28341
28342
28343
28345
28345
28347
28356
28357
28360
28361
28372
28373
28380
28389
28390
28399
28400
28400
28402
28402
28405
28406
28413
28414
28427
28441
28444
28445
28446
28455
28458
28462
28463
28466
28468
28472
28474
28475
28476
28481
28481
28483
28486
28486
28486
28487
28489
28490
28495
28500
28502
28502
28504
28509
28511
28516
28521
28526
28526
28527
28531
28535
28536
28536
28540
28541
28549
28549
28552
28555
28557
28560
28560
28563
28564
28567
28568
28580
28580
28581
28583
28590
28591
28595
28599
28601
28605
28607
28609
28611
28611
28616
28616
28619
28619
28620
28622
28624
28624
28627
28629
28630
28636
28636
28637
28644
28645
28648
28648
28650
28652
28657
28664
28665
28674
28678
28680
28683
28688
28690
28693
28694
28699
28702
28703
28706
28707
28713
28713
28717
28722
28725
28725
28729
28736
28740
28742
28748
28748
28753
28755
28756
28758
28761
28764
28768
28769
28773
28773
28773
28788
28788
28788
28789
28800
28800
28804
28806
28807
28808
28813
28814
28815
28817
28818
28822
28823
28823
28826
28826
28834
28838
28839
28840
28847
28847
28851
28853
28856
28858
28864
28865
28867
28870
28871
28872
28876
28876
28878
28882
28889
28892
28900
28916
28918
28918
28923
28928
28930
28933
28934
28949
28956
28956
28956
28961
28968
28973
28974
28975
28978
28980
28983
28992
28996
29007
29008
29010
29015
29015
29017
29024
29024
29032
29038
29041
29046
29048
29050
29054
29054
29055
29055
29058
29059
29064
29068
29070
29072
29073
29079
29083
29083
29087
29089
29089
29093
29098
29103
29104
29106
29108
29109
29111
29111
29112
29115
29117
29119
29129
29132
29132
29140
29140
29147
29151
29152
29154
29155
29159
29164
29170
29175
29177
29177
29179
29179
29179
29184
29185
29189
29190
29193
29200
29203
29207
29208
29215
29218
29221
29224
29226
29230
29241
29241
29246
29246
29249
29254
29259
29260
29263
29269
29272
29283
29283
29286
29289
29299
29301
29304
29307
29308
29317
29320
29328
29335
29336
29337
29340
29347
29348
29349
29350
29352
29359
29368
29368
29371
29373
29377
29378
29383
29386
29387
29390
29397
29402
29405
29405
29409
29410
29411
29411
29420
29424
29429
29429
29437
29441
29450
29455
29456
29456
29456
29456
29461
29461
29467
29473
29475
29477
29478
29479
29485
29487
29487
29488
29488
29490
29490
29496
29496
29504
29505
29507
29507
29510
29513
29516
29518
29520
29523
29526
29530
29530
29537
29537
29541
29542
29542
29544
29550
29557
29557
29560
29562
29569
29570
29581
29585
29587
29589
29595
29596
29598
29603
29607
29608
29608
29610
29611
29620
29623
29623
29624
29625
29626
29629
29636
29636
29636
29639
29648
29650
29653
29656
29658
29659
29660
29668
29669
29671
29675
29676
29679
29679
29681
29682
29685
29688
29690
29695
29696
29700
29702
29703
29704
29708
29711
29712
29713
29715
29716
29727
29730
29734
29740
29740
29747
29748
29750
29751
29751
29756
29764
29767
29769
29782
29782
29785
29794
29795
29801
29802
29809
29809
29810
29816
29817
29818
29820
29825
29825
29830
29830
29832
29832
29840
29843
29850
29850
29852
29854
29855
29856
29858
29860
29867
29871
29877
29877
29883
29890
29890
29895
29896
29902
29903
29903
29904
29906
29908
29909
29910
29911
29913
29916
29921
29924
29925
29926
29929
29936
29937
29938
29940
29942
29946
29950
29956
29959
29960
29960
29963
29966
29971
29972
29980
29982
29993
29994
29998
4517
0
4517
