10000
0
7
11
13
14
15
16
23
25
25
32
32
32
35
36
39
42
43
46
47
49
49
51
56
56
56
56
63
67
69
74
86
89
95
97
107
110
112
115
122
124
126
126
127
130
134
135
135
138
143
144
144
146
149
152
153
153
155
155
157
158
164
169
172
183
184
185
190
201
202
204
205
205
206
208
214
218
220
222
226
226
227
238
241
242
247
249
250
253
254
254
255
255
260
270
271
273
275
276
278
279
280
286
293
293
295
304
307
307
308
310
310
312
313
317
318
319
319
320
323
323
330
332
333
334
338
341
342
342
345
345
352
353
357
358
360
361
362
363
365
365
365
367
372
375
377
377
377
378
379
382
383
384
391
391
393
398
404
410
411
411
412
413
420
422
430
433
436
439
440
442
446
452
454
465
469
470
479
483
489
492
498
498
499
499
499
502
504
504
505
506
509
513
515
518
524
524
530
533
538
541
546
547
554
555
555
558
560
562
563
564
566
570
572
576
577
582
591
593
593
596
596
598
600
602
606
607
609
614
618
619
623
625
628
630
631
632
634
639
645
646
650
651
652
662
666
670
678
688
689
689
692
694
697
699
700
701
714
714
716
717
718
721
724
725
733
735
736
736
736
739
741
749
749
756
759
760
770
776
788
791
798
806
806
813
817
818
823
824
831
836
840
841
842
842
843
849
854
858
868
868
869
877
877
880
883
884
885
886
887
888
891
896
897
897
905
907
920
920
920
920
924
927
928
931
937
955
955
955
957
959
964
967
969
971
973
977
979
981
985
985
988
993
1002
1004
1004
1009
1011
1015
1016
1019
1021
1024
1025
1027
1028
1031
1049
1049
1050
1054
1059
1060
1066
1067
1067
1067
1070
1072
1072
1074
1079
1082
1082
1082
1090
1097
1097
1098
1100
1100
1107
1107
1107
1111
1111
1111
1116
1117
1118
1118
1119
1123
1127
1136
1141
1142
1144
1146
1147
1157
1157
1163
1165
1166
1168
1170
1172
1174
1174
1176
1177
1178
1183
1183
1185
1190
1191
1200
1201
1203
1206
1212
1213
1215
1217
1218
1220
1230
1235
1241
1242
1243
1247
1253
1256
1258
1259
1260
1260
1272
1274
1278
1280
1282
1282
1284
1293
1295
1297
1299
1307
1307
1309
1316
1319
1327
1328
1330
1333
1335
1337
1350
1351
1352
1358
1364
1364
1384
1386
1388
1393
1418
1420
1422
1422
1423
1426
1428
1429
1430
1430
1432
1433
1434
1435
1436
1436
1437
1443
1447
1449
1454
1458
1461
1462
1464
1466
1469
1469
1472
1473
1478
1479
1492
1496
1499
1501
1505
1505
1507
1507
1509
1509
1510
1510
1524
1529
1529
1529
1530
1534
1538
1538
1541
1543
1545
1546
1548
1548
1550
1552
1555
1556
1557
1557
1558
1560
1562
1564
1565
1568
1572
1588
1589
1590
1593
1594
1596
1613
1613
1623
1623
1627
1627
1632
1633
1634
1634
1640
1642
1647
1655
1657
1658
1664
1676
1676
1677
1680
1681
1682
1683
1696
1702
1703
1708
1716
1717
1719
1719
1719
1721
1727
1728
1732
1734
1735
1744
1746
1753
1758
1758
1760
1761
1762
1763
1764
1768
1771
1772
1774
1780
1784
1786
1787
1788
1795
1795
1798
1807
1808
1809
1809
1810
1810
1810
1810
1811
1813
1817
1819
1820
1820
1823
1829
1831
1834
1836
1847
1849
1853
1854
1856
1857
1858
1859
1862
1864
1864
1868
1877
1878
1879
1880
1882
1883
1891
1892
1897
1900
1901
1902
1904
1904
1907
1909
1919
1924
1926
1931
1931
1932
1933
1933
1934
1938
1939
1941
1946
1949
1952
1958
1959
1959
1961
1963
1967
1971
1971
1978
1987
1987
1991
1998
1998
2000
2001
2003
2006
2006
2008
2008
2009
2012
2012
2017
2017
2023
2024
2024
2027
2037
2038
2040
2040
2045
2051
2054
2054
2057
2058
2059
2059
2062
2063
2064
2067
2069
2077
2084
2086
2088
2090
2092
2098
2101
2102
2104
2107
2108
2109
2110
2111
2117
2125
2128
2130
2131
2132
2140
2140
2143
2143
2148
2166
2169
2173
2173
2175
2178
2180
2187
2192
2196
2202
2202
2202
2203
2209
2211
2212
2213
2217
2219
2227
2229
2229
2231
2231
2244
2248
2252
2254
2263
2265
2269
2272
2276
2287
2289
2296
2300
2300
2304
2308
2309
2309
2310
2330
2331
2331
2331
2332
2335
2337
2337
2340
2342
2346
2357
2358
2360
2368
2373
2375
2375
2378
2378
2382
2389
2400
2409
2414
2417
2422
2424
2425
2425
2427
2430
2436
2436
2438
2442
2448
2454
2456
2456
2457
2459
2461
2465
2476
2477
2477
2482
2485
2486
2492
2492
2496
2501
2503
2504
2507
2510
2513
2514
2525
2525
2526
2533
2536
2537
2538
2543
2546
2546
2551
2560
2561
2565
2565
2570
2574
2594
2595
2600
2603
2606
2606
2606
2610
2611
2613
2615
2616
2630
2636
2639
2640
2641
2646
2648
2650
2653
2666
2668
2669
2670
2670
2671
2672
2674
2677
2682
2684
2685
2686
2688
2688
2694
2703
2707
2708
2715
2718
2720
2722
2728
2740
2747
2749
2750
2756
2758
2759
2766
2766
2772
2776
2778
2780
2780
2783
2787
2788
2795
2800
2801
2803
2804
2805
2811
2814
2816
2816
2819
2820
2830
2831
2835
2836
2837
2841
2851
2852
2857
2867
2869
2869
2873
2879
2879
2880
2882
2884
2886
2887
2889
2895
2900
2903
2904
2910
2911
2918
2920
2921
2923
2925
2925
2925
2930
2930
2930
2942
2942
2944
2948
2955
2959
2962
2964
2968
2969
2971
2981
2981
2984
2988
2990
2992
2993
2993
3002
3003
3003
3003
3004
3008
3009
3011
3011
3015
3019
3020
3020
3021
3029
3029
3033
3036
3042
3047
3050
3053
3054
3056
3057
3058
3059
3060
3063
3068
3069
3073
3074
3082
3094
3099
3099
3103
3104
3105
3106
3112
3115
3115
3117
3120
3123
3123
3126
3127
3131
3133
3134
3134
3134
3135
3135
3141
3141
3142
3153
3156
3157
3157
3159
3160
3170
3171
3173
3174
3174
3179
3181
3184
3188
3188
3190
3192
3195
3200
3201
3203
3205
3206
3207
3207
3208
3208
3211
3215
3221
3225
3228
3236
3237
3238
3244
3247
3248
3253
3254
3255
3258
3258
3262
3262
3265
3267
3267
3269
3272
3273
3280
3282
3284
3290
3296
3298
3299
3304
3310
3312
3313
3314
3321
3331
3333
3335
3336
3340
3343
3343
3349
3351
3351
3353
3355
3357
3364
3366
3367
3372
3373
3377
3378
3381
3384
3390
3394
3396
3396
3399
3406
3412
3413
3414
3416
3423
3428
3428
3437
3441
3442
3447
3452
3452
3458
3459
3461
3467
3471
3473
3481
3482
3485
3490
3494
3494
3497
3497
3503
3503
3509
3511
3517
3519
3519
3522
3529
3529
3529
3534
3540
3542
3547
3551
3553
3555
3555
3558
3559
3561
3570
3575
3576
3577
3578
3581
3584
3584
3584
3585
3588
3589
3591
3593
3594
3594
3596
3603
3603
3606
3608
3609
3617
3625
3630
3633
3635
3636
3637
3639
3639
3639
3643
3645
3646
3651
3651
3652
3652
3655
3657
3659
3664
3665
3667
3673
3674
3674
3675
3678
3685
3686
3688
3690
3690
3690
3693
3693
3694
3696
3699
3705
3712
3714
3717
3726
3730
3731
3732
3734
3734
3735
3742
3743
3746
3750
3753
3761
3765
3773
3775
3783
3788
3795
3799
3804
3806
3808
3811
3811
3814
3817
3821
3825
3831
3832
3833
3834
3836
3837
3837
3839
3844
3848
3848
3850
3854
3860
3862
3866
3870
3875
3878
3887
3894
3896
3900
3901
3906
3906
3907
3908
3914
3918
3925
3928
3928
3934
3935
3938
3942
3942
3942
3943
3944
3945
3954
3956
3958
3958
3958
3958
3967
3980
3980
3982
3984
3986
3988
3988
3991
3991
3993
3994
3994
3995
3999
4000
4002
4003
4014
4019
4029
4031
4033
4033
4036
4044
4045
4045
4050
4050
4053
4056
4059
4060
4061
4062
4063
4064
4065
4066
4068
4069
4072
4072
4073
4076
4078
4078
4081
4085
4087
4088
4089
4090
4092
4093
4094
4096
4099
4116
4120
4120
4121
4122
4126
4128
4133
4136
4137
4140
4141
4144
4144
4145
4146
4147
4149
4152
4153
4153
4155
4156
4157
4161
4162
4163
4165
4171
4173
4175
4176
4182
4182
4188
4191
4193
4195
4198
4200
4200
4212
4212
4212
4213
4213
4217
4219
4220
4224
4225
4225
4226
4229
4231
4234
4234
4234
4235
4236
4237
4240
4241
4252
4253
4254
4263
4264
4267
4270
4287
4287
4291
4298
4299
4301
4303
4309
4310
4315
4315
4324
4325
4326
4337
4346
4348
4350
4351
4354
4361
4361
4361
4362
4362
4365
4367
4368
4369
4370
4372
4377
4383
4385
4391
4394
4397
4403
4403
4404
4408
4415
4418
4418
4418
4421
4422
4423
4425
4426
4427
4432
4439
4441
4450
4451
4456
4457
4458
4459
4459
4464
4464
4467
4469
4472
4473
4474
4478
4483
4483
4485
4491
4491
4508
4512
4512
4514
4515
4519
4522
4524
4529
4532
4546
4550
4553
4559
4577
4577
4579
4583
4585
4591
4591
4595
4598
4602
4604
4609
4625
4628
4628
4633
4637
4638
4638
4639
4639
4642
4644
4647
4650
4655
4656
4656
4656
4657
4661
4664
4670
4670
4674
4676
4680
4683
4687
4687
4687
4687
4689
4689
4691
4695
4698
4700
4702
4703
4704
4707
4712
4712
4713
4716
4717
4722
4722
4723
4729
4736
4738
4738
4739
4746
4747
4747
4751
4753
4756
4762
4763
4766
4766
4779
4780
4780
4782
4782
4784
4784
4785
4791
4794
4800
4802
4808
4808
4808
4814
4816
4817
4818
4821
4824
4826
4826
4829
4838
4841
4841
4847
4852
4861
4866
4867
4869
4871
4874
4881
4884
4885
4885
4893
4894
4897
4912
4914
4917
4919
4921
4922
4923
4924
4925
4929
4930
4932
4932
4933
4938
4938
4939
4940
4944
4946
4957
4962
4962
4963
4966
4968
4971
4974
4984
4987
4988
4993
4995
4996
5003
5004
5007
5009
5012
5019
5025
5028
5029
5033
5034
5040
5043
5046
5047
5047
5049
5050
5051
5053
5054
5054
5055
5057
5063
5064
5068
5072
5075
5078
5084
5086
5086
5087
5088
5091
5092
5094
5095
5098
5104
5107
5109
5112
5113
5113
5120
5121
5124
5125
5126
5126
5135
5136
5145
5146
5147
5148
5149
5151
5159
5163
5164
5166
5171
5176
5182
5189
5191
5193
5194
5195
5200
5201
5203
5205
5208
5208
5211
5212
5212
5221
5223
5224
5229
5235
5239
5242
5245
5254
5255
5256
5257
5264
5265
5271
5271
5271
5274
5278
5283
5292
5297
5300
5300
5304
5304
5306
5309
5312
5313
5317
5324
5324
5331
5332
5333
5334
5337
5337
5343
5345
5355
5363
5364
5364
5364
5366
5367
5370
5370
5371
5371
5374
5376
5379
5380
5382
5390
5391
5391
5393
5397
5397
5400
5402
5407
5416
5416
5416
5419
5420
5421
5425
5429
5431
5436
5448
5453
5459
5460
5464
5465
5470
5471
5473
5473
5474
5475
5479
5482
5487
5488
5493
5494
5503
5503
5504
5507
5507
5507
5511
5513
5523
5523
5526
5548
5550
5551
5551
5555
5556
5557
5561
5566
5568
5569
5570
5571
5575
5579
5589
5593
5594
5597
5597
5598
5606
5610
5610
5611
5618
5621
5626
5629
5629
5630
5631
5632
5634
5634
5639
5640
5640
5642
5642
5643
5647
5653
5656
5658
5660
5661
5662
5664
5666
5668
5670
5673
5673
5679
5683
5685
5693
5696
5700
5700
5701
5701
5701
5708
5709
5711
5712
5713
5714
5717
5719
5721
5728
5728
5730
5732
5733
5735
5742
5750
5751
5753
5753
5760
5762
5767
5767
5767
5774
5775
5777
5777
5780
5781
5784
5800
5801
5802
5815
5819
5821
5824
5824
5825
5826
5831
5833
5833
5836
5839
5840
5841
5842
5844
5845
5847
5850
5851
5851
5856
5857
5859
5862
5863
5863
5865
5872
5874
5876
5876
5876
5885
5886
5887
5887
5893
5894
5895
5899
5904
5905
5908
5908
5910
5915
5921
5921
5923
5924
5924
5925
5927
5928
5929
5934
5936
5937
5940
5946
5946
5953
5956
5957
5962
5966
5966
5967
5973
5973
5975
5976
5979
5985
5985
5994
5995
5998
6008
6012
6014
6025
6028
6029
6032
6033
6035
6036
6037
6041
6047
6048
6050
6057
6064
6072
6074
6077
6079
6086
6088
6091
6094
6096
6097
6103
6104
6107
6115
6119
6126
6129
6133
6134
6136
6140
6143
6146
6146
6152
6152
6152
6156
6156
6158
6160
6163
6166
6170
6172
6175
6181
6182
6186
6189
6190
6191
6199
6211
6217
6231
6236
6238
6240
6240
6242
6243
6243
6245
6246
6251
6255
6258
6261
6269
6271
6272
6273
6279
6283
6286
6292
6292
6294
6298
6298
6299
6303
6303
6316
6319
6327
6330
6332
6332
6344
6346
6346
6348
6353
6354
6356
6360
6360
6363
6363
6364
6364
6366
6368
6369
6372
6375
6375
6376
6387
6388
6389
6392
6392
6392
6395
6396
6396
6396
6399
6402
6411
6412
6421
6422
6425
6427
6428
6437
6446
6449
6449
6452
6457
6457
6457
6457
6465
6469
6474
6476
6477
6477
6481
6483
6485
6485
6486
6486
6487
6495
6495
6515
6515
6521
6521
6524
6535
6538
6539
6543
6549
6550
6562
6563
6564
6569
6571
6572
6576
6593
6597
6597
6598
6600
6602
6602
6602
6604
6605
6605
6605
6607
6612
6612
6614
6614
6614
6620
6621
6641
6651
6657
6661
6662
6663
6665
6666
6668
6671
6688
6701
6702
6704
6707
6708
6715
6720
6720
6721
6722
6722
6723
6728
6729
6730
6730
6730
6733
6735
6736
6739
6746
6752
6754
6757
6757
6757
6759
6760
6766
6772
6778
6778
6782
6783
6784
6785
6789
6791
6804
6805
6809
6810
6812
6814
6818
6825
6826
6828
6834
6843
6843
6848
6852
6866
6867
6874
6874
6880
6884
6885
6892
6893
6894
6895
6906
6907
6909
6911
6916
6917
6918
6927
6930
6931
6935
6937
6938
6940
6950
6952
6953
6954
6954
6955
6955
6956
6960
6963
6969
6970
6971
6973
6974
6975
6982
6982
6982
6985
6987
6987
6992
6993
6994
6995
6996
6998
6999
7002
7003
7007
7015
7016
7019
7019
7025
7038
7039
7042
7045
7045
7051
7057
7061
7065
7066
7066
7068
7071
7071
7073
7078
7081
7083
7092
7097
7097
7098
7109
7113
7117
7118
7121
7123
7131
7132
7132
7133
7133
7135
7140
7143
7143
7144
7152
7152
7159
7162
7164
7166
7167
7169
7171
7172
7176
7178
7179
7186
7187
7190
7193
7196
7197
7202
7204
7206
7208
7216
7216
7216
7218
7230
7238
7240
7242
7242
7251
7261
7261
7265
7266
7267
7268
7271
7274
7274
7276
7277
7278
7287
7287
7289
7292
7295
7297
7298
7299
7299
7300
7306
7306
7308
7312
7313
7316
7316
7319
7322
7322
7334
7336
7336
7338
7340
7350
7363
7363
7363
7363
7366
7366
7370
7372
7376
7382
7382
7384
7384
7385
7392
7399
7402
7404
7406
7407
7408
7412
7412
7422
7423
7425
7432
7432
7433
7434
7436
7449
7453
7453
7455
7461
7473
7476
7477
7487
7488
7488
7490
7491
7492
7492
7493
7494
7499
7501
7509
7510
7511
7513
7514
7514
7515
7524
7536
7540
7546
7552
7558
7559
7560
7566
7569
7574
7576
7583
7585
7587
7588
7589
7589
7594
7596
7597
7599
7599
7599
7601
7610
7613
7616
7618
7622
7623
7627
7627
7630
7634
7635
7637
7642
7644
7650
7658
7661
7666
7667
7668
7674
7676
7681
7686
7686
7687
7693
7697
7698
7700
7700
7701
7701
7708
7712
7713
7714
7714
7715
7721
7723
7727
7727
7728
7734
7741
7747
7751
7759
7766
7774
7776
7786
7787
7788
7791
7792
7794
7794
7796
7798
7801
7803
7811
7811
7812
7813
7818
7819
7821
7822
7825
7827
7832
7833
7834
7834
7839
7840
7847
7852
7852
7856
7856
7857
7861
7864
7868
7871
7872
7874
7877
7877
7881
7885
7885
7889
7890
7890
7894
7896
7902
7903
7908
7908
7908
7911
7912
7922
7922
7924
7927
7933
7934
7935
7935
7940
7942
7942
7943
7949
7951
7953
7953
7954
7955
7964
7964
7964
7969
7974
7977
7978
7979
7979
7982
7988
7996
8005
8007
8007
8007
8008
8014
8021
8022
8025
8029
8031
8032
8034
8039
8043
8044
8045
8047
8047
8048
8048
8048
8050
8055
8060
8061
8062
8067
8073
8077
8077
8078
8083
8083
8084
8085
8089
8097
8099
8100
8101
8113
8113
8114
8116
8118
8119
8120
8121
8122
8126
8127
8131
8143
8143
8149
8150
8151
8152
8153
8153
8154
8157
8160
8162
8165
8167
8167
8167
8169
8169
8177
8178
8184
8185
8187
8190
8200
8206
8207
8210
8212
8215
8236
8236
8239
8244
8247
8248
8250
8251
8252
8253
8256
8257
8259
8261
8263
8267
8273
8278
8280
8286
8296
8301
8302
8309
8310
8314
8316
8319
8325
8328
8328
8329
8330
8335
8338
8339
8346
8346
8364
8366
8368
8369
8372
8378
8380
8383
8387
8391
8394
8396
8397
8398
8409
8412
8412
8413
8418
8418
8421
8423
8425
8428
8435
8435
8439
8453
8454
8455
8464
8467
8468
8469
8470
8476
8476
8477
8482
8489
8497
8497
8501
8504
8505
8510
8513
8513
8514
8514
8515
8520
8522
8523
8524
8530
8536
8539
8543
8544
8546
8552
8558
8561
8566
8567
8568
8573
8578
8578
8578
8581
8587
8588
8591
8594
8596
8596
8603
8604
8611
8618
8618
8623
8624
8628
8630
8633
8634
8637
8638
8639
8648
8653
8656
8660
8660
8672
8676
8690
8697
8698
8700
8700
8706
8715
8722
8727
8740
8742
8755
8757
8757
8764
8769
8771
8774
8775
8776
8784
8786
8793
8802
8804
8807
8813
8814
8817
8818
8828
8828
8830
8832
8834
8835
8837
8853
8858
8859
8859
8860
8862
8864
8869
8871
8872
8873
8874
8874
8878
8878
8880
8881
8885
8894
8895
8897
8898
8898
8898
8899
8907
8907
8912
8913
8917
8923
8925
8925
8930
8931
8934
8937
8938
8947
8953
8956
8957
8960
8960
8962
8963
8964
8964
8965
8975
8975
8976
8978
8979
8980
8988
8990
8995
8998
9008
9009
9020
9023
9031
9031
9041
9043
9049
9054
9060
9065
9069
9072
9074
9079
9079
9086
9089
9091
9092
9093
9095
9096
9098
9106
9110
9111
9117
9120
9121
9122
9124
9126
9127
9127
9128
9133
9137
9138
9138
9139
9139
9141
9143
9143
9144
9148
9150
9150
9151
9163
9167
9170
9171
9177
9179
9181
9184
9192
9193
9193
9198
9200
9201
9201
9203
9208
9209
9212
9212
9212
9218
9218
9220
9224
9227
9228
9233
9236
9237
9242
9247
9248
9257
9266
9266
9268
9269
9270
9275
9284
9289
9290
9291
9291
9292
9299
9301
9304
9316
9316
9316
9318
9323
9324
9328
9328
9329
9332
9339
9342
9344
9345
9346
9351
9361
9363
9363
9364
9364
9365
9366
9367
9368
9368
9368
9369
9371
9371
9372
9373
9375
9376
9378
9379
9379
9381
9382
9384
9386
9390
9392
9393
9396
9398
9407
9413
9416
9423
9430
9430
9435
9444
9450
9454
9460
9465
9468
9482
9484
9491
9492
9495
9496
9517
9518
9520
9523
9527
9527
9540
9543
9550
9550
9553
9554
9557
9558
9563
9568
9575
9577
9578
9579
9580
9586
9591
9592
9592
9595
9597
9609
9609
9617
9623
9626
9627
9627
9632
9634
9634
9647
9647
9653
9656
9663
9664
9664
9676
9678
9679
9687
9689
9690
9694
9695
9697
9701
9702
9702
9703
9706
9708
9708
9710
9711
9713
9726
9728
9735
9741
9742
9744
9746
9748
9761
9767
9778
9779
9794
9801
9802
9808
9808
9808
9809
9815
9818
9818
9821
9832
9841
9847
9848
9848
9849
9857
9862
9865
9866
9868
9869
9869
9878
9880
9885
9886
9888
9889
9895
9903
9904
9906
9908
9909
9911
9912
9915
9916
9920
9923
9924
9926
9930
9934
9939
9941
9941
9942
9949
9949
9949
9950
9950
9953
9958
9960
9961
9965
9967
9973
9974
9975
9975
9982
9993
10008
10010
10011
10015
10024
10030
10030
10036
10050
10055
10057
10058
10061
10067
10068
10070
10071
10076
10076
10086
10086
10088
10095
10104
10109
10113
10113
10114
10115
10117
10122
10125
10125
10127
10130
10131
10133
10134
10135
10136
10136
10142
10143
10143
10150
10151
10153
10154
10155
10157
10159
10162
10162
10163
10164
10174
10176
10178
10180
10180
10181
10182
10184
10193
10202
10202
10204
10205
10212
10214
10221
10222
10226
10228
10231
10236
10237
10238
10239
10241
10241
10242
10243
10247
10253
10253
10254
10260
10260
10264
10266
10275
10276
10285
10286
10290
10290
10293
10294
10294
10296
10297
10298
10299
10300
10303
10307
10327
10328
10331
10338
10341
10348
10351
10355
10357
10358
10362
10362
10362
10370
10376
10379
10380
10383
10383
10389
10401
10406
10408
10409
10413
10423
10429
10430
10435
10435
10443
10457
10460
10461
10466
10469
10469
10470
10476
10476
10481
10482
10488
10491
10493
10493
10494
10494
10497
10499
10502
10502
10504
10506
10509
10510
10510
10518
10522
10533
10533
10535
10537
10537
10541
10542
10546
10547
10548
10552
10558
10561
10570
10571
10573
10576
10578
10578
10579
10579
10579
10582
10591
10594
10594
10598
10598
10603
10604
10604
10614
10615
10621
10624
10625
10629
10629
10631
10635
10637
10638
10644
10644
10652
10658
10662
10662
10664
10669
10671
10673
10674
10678
10680
10681
10684
10685
10692
10703
10704
10705
10709
10710
10714
10716
10735
10736
10738
10744
10750
10752
10755
10756
10763
10769
10777
10783
10783
10783
10784
10784
10791
10794
10795
10797
10797
10801
10802
10808
10812
10815
10815
10819
10820
10821
10826
10826
10827
10832
10837
10851
10852
10854
10855
10860
10870
10870
10871
10871
10878
10884
10886
10887
10888
10892
10893
10897
10900
10901
10903
10904
10918
10925
10927
10930
10930
10936
10937
10942
10942
10944
10951
10952
10953
10957
10961
10967
10973
10975
10988
10998
10999
10999
11003
11006
11013
11017
11017
11019
11019
11023
11025
11026
11026
11028
11035
11036
11037
11037
11039
11040
11040
11041
11043
11044
11044
11047
11052
11055
11059
11060
11062
11062
11062
11063
11063
11064
11067
11074
11083
11084
11095
11096
11103
11106
11106
11112
11113
11116
11123
11123
11126
11129
11131
11133
11139
11139
11147
11152
11154
11155
11158
11158
11159
11163
11169
11173
11176
11177
11178
11192
11193
11201
11207
11208
11209
11209
11217
11224
11229
11232
11241
11244
11245
11245
11246
11251
11255
11258
11259
11263
11264
11265
11267
11277
11278
11282
11293
11295
11295
11301
11303
11305
11305
11308
11309
11310
11310
11313
11322
11325
11327
11330
11331
11331
11331
11332
11334
11334
11335
11337
11346
11355
11357
11358
11362
11363
11365
11367
11378
11378
11380
11380
11382
11382
11387
11388
11393
11397
11410
11411
11413
11415
11416
11419
11421
11421
11425
11428
11428
11430
11441
11442
11450
11451
11451
11452
11459
11461
11466
11468
11475
11477
11479
11482
11483
11485
11485
11486
11487
11488
11492
11493
11494
11497
11505
11505
11508
11508
11509
11510
11515
11516
11520
11523
11526
11527
11527
11528
11528
11530
11530
11532
11536
11537
11543
11545
11548
11554
11556
11559
11559
11563
11563
11566
11566
11567
11572
11578
11579
11580
11584
11589
11591
11600
11600
11606
11609
11613
11615
11617
11618
11627
11635
11639
11641
11644
11652
11653
11655
11658
11658
11658
11660
11672
11673
11675
11676
11687
11688
11689
11689
11690
11691
11699
11701
11704
11704
11705
11706
11716
11717
11720
11725
11725
11733
11734
11735
11736
11746
11750
11754
11756
11757
11760
11762
11767
11772
11778
11779
11781
11784
11785
11786
11790
11794
11799
11804
11806
11806
11808
11808
11809
11810
11812
11817
11820
11823
11827
11831
11834
11835
11838
11839
11842
11844
11844
11851
11854
11857
11859
11861
11861
11867
11871
11873
11874
11874
11876
11877
11881
11886
11890
11897
11901
11901
11904
11904
11911
11911
11915
11918
11921
11921
11922
11922
11925
11928
11934
11939
11946
11948
11950
11952
11954
11956
11956
11956
11957
11957
11967
11970
11973
11974
11977
11980
11982
11982
11985
11988
11988
11999
12001
12002
12005
12009
12014
12014
12018
12018
12021
12023
12025
12029
12034
12041
12044
12047
12048
12052
12054
12056
12060
12062
12065
12065
12066
12074
12083
12083
12090
12092
12103
12106
12115
12120
12120
12122
12122
12124
12124
12128
12128
12130
12130
12134
12137
12139
12140
12146
12147
12149
12154
12162
12162
12162
12163
12163
12169
12170
12174
12176
12177
12179
12179
12179
12180
12199
12210
12213
12214
12215
12217
12220
12221
12223
12223
12223
12224
12226
12230
12230
12232
12232
12240
12240
12242
12243
12243
12245
12247
12247
12248
12250
12253
12255
12261
12267
12269
12270
12274
12275
12275
12277
12277
12281
12288
12289
12292
12293
12294
12294
12301
12302
12306
12308
12311
12318
12324
12324
12325
12325
12329
12336
12339
12341
12342
12344
12351
12358
12359
12361
12366
12367
12369
12370
12374
12378
12379
12380
12381
12383
12384
12384
12386
12388
12388
12398
12398
12400
12415
12417
12420
12421
12424
12428
12430
12432
12434
12440
12442
12442
12448
12452
12460
12462
12464
12467
12474
12475
12476
12478
12487
12498
12500
12500
12501
12504
12505
12506
12507
12520
12520
12520
12522
12527
12529
12536
12537
12537
12540
12542
12548
12552
12553
12558
12560
12565
12578
12578
12580
12580
12582
12584
12584
12588
12590
12599
12599
12602
12604
12606
12608
12609
12615
12623
12629
12629
12630
12636
12638
12640
12641
12649
12660
12660
12671
12678
12681
12689
12692
12693
12693
12697
12698
12699
12702
12704
12706
12717
12719
12720
12720
12721
12721
12726
12727
12728
12729
12732
12736
12738
12738
12739
12740
12752
12753
12756
12763
12766
12766
12766
12770
12777
12778
12783
12791
12792
12792
12794
12801
12803
12807
12808
12810
12812
12813
12813
12829
12831
12832
12834
12834
12835
12841
12842
12844
12857
12860
12868
12869
12875
12876
12883
12887
12890
12896
12899
12900
12902
12903
12904
12906
12909
12911
12914
12924
12925
12928
12931
12935
12939
12939
12946
12948
12949
12949
12955
12957
12958
12958
12959
12964
12968
12968
12975
12977
12977
12978
12979
12981
12983
12986
12987
12989
12989
12992
12996
13002
13003
13004
13006
13009
13009
13010
13013
13020
13023
13027
13034
13034
13041
13043
13043
13044
13046
13049
13052
13053
13053
13064
13072
13079
13085
13086
13088
13092
13093
13098
13105
13106
13112
13120
13120
13123
13124
13126
13130
13131
13132
13137
13137
13139
13140
13141
13143
13148
13155
13160
13163
13163
13170
13171
13171
13177
13180
13185
13187
13190
13194
13195
13197
13201
13203
13210
13211
13212
13213
13215
13216
13217
13219
13220
13221
13224
13226
13232
13233
13244
13246
13248
13248
13249
13253
13255
13267
13269
13271
13273
13277
13278
13283
13292
13292
13295
13298
13300
13300
13301
13308
13309
13314
13317
13318
13318
13321
13322
13324
13329
13333
13336
13338
13345
13352
13354
13358
13360
13363
13364
13370
13371
13374
13376
13377
13377
13377
13378
13379
13388
13390
13392
13395
13400
13402
13413
13414
13419
13420
13422
13423
13427
13429
13430
13431
13434
13436
13437
13440
13446
13454
13454
13460
13463
13466
13472
13472
13482
13487
13487
13492
13494
13496
13500
13500
13504
13509
13513
13522
13523
13524
13524
13526
13530
13531
13536
13544
13550
13552
13555
13560
13561
13561
13562
13566
13566
13571
13572
13575
13580
13580
13582
13582
13590
13591
13592
13594
13598
13607
13609
13609
13609
13613
13614
13619
13619
13629
13631
13631
13633
13634
13634
13645
13654
13656
13661
13661
13663
13669
13675
13677
13680
13686
13692
13699
13705
13707
13709
13712
13715
13723
13725
13730
13730
13743
13746
13748
13750
13751
13762
13765
13772
13772
13784
13788
13789
13795
13798
13802
13803
13806
13810
13812
13816
13816
13817
13818
13822
13834
13838
13840
13844
13845
13850
13854
13859
13863
13866
13869
13870
13872
13876
13880
13880
13889
13899
13901
13906
13909
13909
13911
13931
13932
13938
13938
13940
13948
13952
13953
13961
13961
13961
13963
13964
13965
13967
13971
13975
13977
13979
13981
13984
14001
14005
14005
14006
14007
14007
14007
14010
14011
14013
14014
14017
14019
14019
14023
14026
14030
14033
14034
14035
14036
14036
14040
14040
14043
14050
14050
14053
14054
14056
14066
14068
14078
14079
14082
14083
14089
14091
14093
14096
14100
14101
14106
14110
14111
14122
14127
14128
14129
14132
14132
14134
14136
14137
14138
14141
14145
14147
14150
14152
14153
14162
14164
14167
14173
14174
14181
14184
14187
14187
14188
14190
14190
14190
14193
14195
14202
14204
14205
14205
14205
14209
14209
14210
14220
14228
14230
14233
14234
14239
14241
14241
14241
14244
14244
14252
14253
14254
14261
14271
14275
14277
14277
14278
14280
14281
14290
14293
14293
14294
14296
14301
14308
14324
14328
14328
14328
14331
14340
14341
14341
14344
14348
14348
14349
14352
14354
14355
14358
14361
14363
14364
14366
14367
14368
14369
14371
14372
14375
14381
14383
14383
14384
14386
14390
14393
14394
14394
14395
14398
14400
14402
14402
14409
14410
14413
14413
14416
14418
14421
14427
14427
14431
14432
14432
14432
14433
14436
14448
14450
14450
14451
14454
14469
14474
14475
14478
14484
14485
14485
14487
14487
14491
14491
14495
14495
14498
14500
14502
14502
14505
14506
14507
14508
14509
14509
14513
14515
14520
14521
14522
14525
14526
14527
14530
14533
14536
14538
14538
14540
14546
14548
14552
14555
14558
14559
14561
14562
14563
14571
14571
14572
14579
14585
14589
14594
14594
14598
14598
14600
14601
14603
14604
14623
14624
14624
14626
14629
14631
14634
14639
14644
14649
14651
14651
14656
14657
14658
14658
14661
14662
14664
14667
14681
14691
14691
14695
14697
14698
14700
14706
14707
14713
14714
14720
14735
14741
14744
14745
14745
14748
14749
14750
14752
14752
14755
14759
14761
14764
14765
14765
14766
14770
14770
14771
14772
14782
14787
14789
14789
14791
14791
14798
14804
14805
14806
14810
14823
14824
14829
14833
14833
14841
14841
14842
14843
14851
14853
14856
14858
14859
14878
14884
14884
14886
14888
14889
14889
14891
14895
14896
14898
14907
14912
14913
14915
14915
14920
14924
14924
14925
14931
14931
14935
14941
14943
14954
14955
14956
14957
14958
14958
14962
14966
14970
14975
14984
14985
14990
14992
14992
14992
14993
14995
15002
15005
15006
15007
15008
15008
15009
15020
15023
15025
15026
15038
15039
15045
15047
15049
15051
15053
15057
15059
15059
15060
15062
15071
15080
15085
15089
15090
15091
15096
15102
15108
15112
15116
15117
15117
15120
15124
15126
15135
15138
15140
15145
15151
15152
15153
15154
15159
15165
15171
15172
15173
15185
15186
15193
15193
15197
15200
15202
15210
15214
15222
15230
15231
15233
15235
15239
15241
15241
15251
15251
15258
15261
15262
15263
15269
15273
15281
15281
15281
15282
15282
15283
15284
15284
15294
15295
15300
15302
15307
15309
15311
15312
15314
15317
15319
15319
15326
15327
15328
15331
15332
15336
15336
15341
15342
15346
15347
15350
15354
15355
15356
15360
15362
15363
15364
15383
15387
15393
15394
15398
15402
15409
15411
15412
15413
15416
15419
15424
15425
15427
15428
15428
15428
15430
15430
15437
15447
15451
15455
15457
15457
15461
15462
15463
15466
15467
15470
15472
15473
15477
15477
15486
15486
15488
15489
15489
15492
15496
15504
15507
15507
15507
15508
15510
15510
15511
15511
15513
15514
15515
15517
15522
15526
15526
15530
15533
15538
15538
15539
15539
15541
15544
15548
15554
15557
15571
15573
15576
15581
15581
15581
15582
15583
15585
15586
15591
15592
15596
15597
15607
15613
15614
15615
15618
15618
15618
15621
15622
15623
15633
15635
15635
15637
15642
15649
15651
15654
15657
15667
15668
15668
15670
15677
15677
15680
15681
15684
15687
15687
15689
15691
15696
15703
15708
15708
15710
15715
15715
15727
15731
15740
15746
15756
15760
15762
15766
15769
15771
15775
15778
15783
15785
15786
15788
15788
15790
15792
15792
15799
15799
15806
15806
15809
15809
15818
15821
15822
15823
15829
15833
15839
15841
15842
15844
15846
15854
15854
15860
15861
15862
15863
15864
15864
15868
15874
15877
15878
15879
15890
15891
15892
15901
15904
15906
15908
15910
15920
15920
15922
15926
15934
15936
15939
15940
15943
15946
15954
15954
15955
15959
15960
15966
15967
15967
15969
15972
15974
15974
15974
15987
15988
16000
16003
16004
16005
16007
16009
16012
16012
16014
16017
16019
16020
16020
16020
16024
16028
16034
16036
16041
16044
16047
16049
16051
16052
16054
16061
16061
16062
16062
16063
16074
16074
16076
16079
16081
16090
16091
16093
16097
16098
16101
16105
16107
16111
16113
16118
16119
16135
16139
16141
16146
16152
16153
16154
16157
16165
16165
16166
16174
16177
16185
16185
16191
16195
16202
16202
16205
16210
16222
16222
16229
16231
16234
16238
16238
16241
16242
16244
16250
16255
16259
16260
16263
16264
16265
16265
16268
16271
16272
16272
16274
16275
16277
16280
16282
16288
16289
16297
16300
16309
16310
16311
16311
16312
16319
16320
16321
16323
16325
16328
16332
16335
16336
16341
16342
16346
16353
16354
16356
16359
16360
16362
16367
16367
16372
16378
16381
16389
16391
16396
16405
16406
16406
16406
16407
16410
16422
16423
16427
16436
16436
16436
16447
16447
16452
16455
16456
16460
16460
16461
16461
16462
16464
16470
16476
16478
16482
16486
16488
16490
16491
16494
16498
16498
16503
16504
16504
16513
16522
16524
16531
16531
16533
16539
16539
16543
16544
16547
16547
16551
16567
16568
16568
16571
16571
16578
16588
16593
16593
16595
16599
16602
16605
16607
16611
16613
16614
16616
16616
16627
16633
16633
16634
16640
16642
16647
16647
16649
16650
16652
16655
16660
16662
16662
16665
16671
16672
16679
16679
16679
16681
16681
16682
16683
16693
16701
16702
16707
16723
16725
16728
16732
16733
16733
16733
16740
16743
16743
16746
16748
16749
16751
16760
16766
16767
16770
16776
16785
16786
16786
16789
16793
16799
16803
16812
16814
16815
16817
16818
16826
16831
16841
16842
16842
16847
16850
16851
16856
16858
16859
16860
16861
16862
16864
16865
16869
16871
16876
16877
16892
16894
16900
16902
16904
16908
16910
16911
16915
16917
16919
16921
16923
16924
16928
16928
16931
16934
16946
16946
16949
16950
16951
16952
16956
16972
16973
16973
16984
16986
16986
16987
16987
16993
16995
16999
17000
17000
17001
17007
17011
17013
17014
17019
17021
17023
17026
17027
17027
17028
17031
17039
17042
17043
17044
17046
17049
17051
17062
17062
17067
17068
17069
17073
17079
17083
17085
17086
17088
17091
17092
17101
17105
17106
17108
17111
17117
17122
17125
17129
17138
17138
17142
17145
17152
17152
17154
17154
17158
17160
17173
17174
17176
17183
17184
17186
17187
17193
17194
17195
17197
17198
17198
17199
17199
17202
17202
17207
17209
17210
17214
17217
17224
17227
17234
17239
17242
17245
17245
17247
17247
17257
17257
17262
17262
17270
17271
17277
17280
17280
17280
17282
17282
17283
17288
17291
17295
17296
17297
17298
17298
17298
17300
17305
17307
17309
17315
17316
17322
17324
17329
17335
17337
17337
17338
17340
17340
17344
17345
17350
17350
17351
17353
17355
17367
17370
17379
17380
17380
17384
17389
17390
17392
17398
17404
17409
17410
17412
17413
17415
17419
17428
17429
17429
17430
17432
17433
17434
17440
17441
17447
17449
17452
17452
17453
17454
17455
17462
17465
17465
17468
17469
17474
17479
17481
17483
17484
17484
17486
17486
17489
17492
17496
17498
17500
17507
17513
17515
17525
17531
17533
17536
17539
17543
17543
17554
17554
17558
17560
17565
17566
17567
17572
17580
17581
17585
17586
17589
17590
17590
17591
17597
17598
17598
17599
17600
17601
17605
17606
17607
17609
17610
17612
17617
17622
17624
17629
17635
17640
17645
17646
17655
17657
17658
17659
17671
17673
17673
17673
17674
17676
17679
17679
17682
17689
17690
17691
17692
17693
17693
17701
17704
17706
17709
17712
17714
17716
17718
17718
17733
17739
17740
17742
17743
17744
17749
17750
17751
17752
17752
17760
17760
17762
17765
17767
17767
17768
17770
17779
17779
17780
17781
17781
17792
17793
17795
17799
17808
17810
17813
17815
17818
17819
17825
17832
17836
17840
17845
17847
17848
17854
17858
17858
17865
17865
17867
17872
17873
17875
17876
17876
17878
17883
17883
17884
17888
17888
17891
17893
17894
17894
17896
17898
17898
17899
17904
17907
17910
17912
17913
17918
17921
17925
17926
17930
17930
17930
17935
17938
17938
17941
17942
17943
17944
17949
17952
17952
17961
17963
17964
17967
17968
17974
17977
17979
17979
17984
17986
17987
17988
17990
17994
17995
17996
18003
18004
18005
18012
18018
18018
18020
18020
18022
18025
18030
18033
18036
18044
18044
18044
18056
18062
18063
18076
18079
18086
18088
18089
18089
18090
18098
18099
18101
18103
18104
18108
18113
18119
18122
18132
18132
18134
18137
18139
18144
18146
18162
18163
18168
18171
18172
18190
18192
18193
18198
18199
18204
18208
18211
18211
18218
18218
18222
18223
18227
18228
18231
18239
18240
18244
18246
18246
18247
18248
18248
18249
18254
18254
18255
18257
18261
18263
18263
18271
18278
18280
18280
18285
18289
18290
18291
18293
18301
18304
18306
18307
18312
18320
18320
18321
18325
18332
18333
18337
18338
18338
18339
18343
18344
18351
18351
18351
18355
18356
18359
18360
18360
18361
18371
18374
18376
18380
18383
18384
18390
18391
18392
18396
18397
18399
18402
18405
18406
18406
18413
18415
18419
18423
18426
18429
18435
18437
18443
18443
18447
18451
18454
18454
18456
18458
18466
18477
18477
18478
18479
18480
18484
18485
18497
18503
18503
18504
18508
18509
18519
18522
18524
18528
18532
18533
18535
18536
18538
18538
18538
18540
18542
18543
18543
18544
18550
18550
18551
18556
18557
18559
18560
18565
18566
18572
18578
18580
18584
18588
18589
18596
18602
18617
18619
18624
18625
18627
18629
18633
18644
18645
18645
18650
18654
18665
18672
18675
18680
18685
18685
18686
18687
18695
18696
18697
18700
18705
18708
18714
18719
18719
18728
18731
18733
18738
18741
18741
18745
18747
18752
18756
18756
18757
18766
18766
18767
18768
18778
18781
18781
18782
18788
18789
18796
18804
18805
18808
18813
18816
18833
18834
18835
18838
18847
18848
18854
18855
18855
18855
18855
18860
18865
18865
18866
18868
18870
18872
18873
18881
18889
18896
18909
18912
18913
18915
18915
18928
18933
18934
18935
18935
18943
18945
18950
18951
18951
18952
18952
18962
18963
18967
18968
18969
18971
18976
18978
18982
18984
18991
18995
18997
19006
19007
19008
19008
19010
19014
19018
19019
19019
19020
19022
19027
19031
19034
19034
19041
19042
19051
19051
19056
19057
19060
19066
19076
19079
19080
19081
19083
19090
19092
19094
19100
19104
19112
19118
19118
19119
19121
19122
19125
19125
19126
19127
19131
19133
19134
19138
19141
19143
19143
19143
19144
19144
19147
19151
19153
19154
19158
19164
19165
19167
19173
19181
19182
19182
19183
19186
19186
19191
19195
19203
19206
19211
19211
19218
19220
19223
19227
19228
19229
19230
19233
19234
19241
19243
19245
19246
19246
19250
19258
19260
19260
19261
19262
19264
19266
19270
19276
19282
19289
19293
19298
19298
19301
19307
19307
19309
19313
19317
19319
19321
19324
19327
19328
19331
19331
19333
19335
19337
19343
19344
19344
19347
19348
19349
19350
19351
19352
19352
19355
19357
19365
19365
19369
19370
19370
19371
19376
19376
19380
19383
19383
19385
19394
19397
19402
19403
19405
19406
19413
19415
19429
19431
19440
19440
19447
19452
19452
19459
19465
19467
19468
19469
19483
19483
19484
19487
19488
19491
19492
19493
19493
19496
19499
19499
19504
19505
19505
19512
19516
19519
19525
19531
19533
19539
19541
19542
19544
19545
19547
19549
19553
19559
19560
19563
19576
19580
19584
19587
19587
19588
19591
19592
19595
19596
19596
19597
19597
19600
19600
19605
19605
19609
19610
19614
19615
19615
19616
19618
19619
19629
19632
19634
19634
19635
19635
19638
19639
19639
19644
19651
19653
19657
19658
19661
19663
19664
19667
19668
19672
19675
19675
19676
19678
19678
19692
19692
19701
19702
19717
19717
19721
19724
19728
19733
19734
19734
19736
19737
19737
19738
19739
19740
19747
19748
19750
19752
19753
19753
19756
19757
19759
19771
19772
19774
19783
19783
19784
19785
19786
19786
19790
19792
19792
19794
19796
19799
19802
19808
19813
19813
19813
19814
19822
19822
19823
19823
19823
19826
19830
19832
19833
19834
19838
19840
19845
19846
19848
19855
19858
19862
19869
19877
19878
19885
19885
19886
19887
19887
19888
19888
19888
19891
19891
19893
19896
19899
19901
19903
19904
19905
19909
19913
19918
19928
19934
19935
19937
19940
19942
19945
19947
19947
19950
19951
19954
19957
19959
19962
19967
19967
19967
19970
19972
19974
19975
19976
19981
19985
19987
19988
19988
19989
19992
19994
19997
20003
20005
20005
20006
20021
20024
20035
20039
20040
20048
20049
20054
20059
20063
20064
20071
20073
20088
20091
20091
20092
20098
20099
20100
20101
20102
20102
20105
20105
20108
20108
20109
20109
20109
20114
20114
20114
20116
20118
20119
20126
20129
20130
20131
20131
20135
20139
20142
20143
20150
20152
20153
20153
20154
20160
20162
20163
20166
20171
20177
20179
20182
20183
20184
20186
20190
20190
20191
20193
20209
20213
20214
20221
20227
20227
20231
20234
20236
20238
20238
20239
20248
20248
20249
20252
20256
20257
20259
20260
20262
20264
20270
20276
20278
20279
20279
20284
20286
20292
20296
20298
20299
20300
20301
20306
20307
20308
20313
20314
20314
20316
20318
20322
20327
20328
20328
20329
20343
20344
20348
20349
20351
20353
20358
20360
20361
20372
20373
20376
20380
20386
20391
20393
20394
20397
20398
20399
20401
20401
20408
20410
20410
20412
20413
20429
20429
20433
20434
20439
20442
20443
20444
20445
20445
20458
20459
20461
20462
20464
20465
20467
20469
20470
20473
20476
20478
20478
20479
20481
20486
20488
20490
20493
20498
20501
20503
20503
20505
20506
20507
20507
20508
20512
20512
20516
20522
20522
20523
20526
20527
20527
20531
20546
20548
20550
20559
20562
20568
20569
20569
20573
20577
20577
20577
20579
20579
20585
20606
20608
20608
20609
20613
20618
20620
20622
20625
20625
20631
20635
20636
20636
20640
20644
20646
20648
20650
20654
20658
20660
20665
20668
20671
20674
20675
20682
20685
20688
20692
20696
20698
20701
20702
20704
20705
20709
20712
20718
20719
20719
20719
20728
20732
20733
20738
20749
20754
20763
20764
20765
20771
20772
20772
20783
20784
20786
20790
20791
20795
20797
20798
20801
20802
20804
20807
20808
20827
20827
20830
20832
20833
20838
20840
20840
20841
20846
20847
20852
20853
20853
20859
20860
20861
20861
20865
20866
20867
20869
20880
20882
20892
20896
20900
20903
20909
20911
20912
20913
20923
20923
20924
20925
20930
20931
20935
20935
20937
20939
20939
20946
20950
20951
20954
20962
20971
20973
20975
20981
20981
20983
20986
20989
20989
20993
20996
20997
21001
21005
21006
21011
21015
21015
21018
21023
21023
21035
21035
21043
21050
21052
21054
21055
21055
21060
21067
21071
21072
21077
21084
21085
21087
21094
21104
21108
21108
21111
21115
21117
21123
21124
21130
21133
21134
21135
21135
21140
21144
21144
21145
21146
21148
21151
21152
21154
21155
21160
21163
21163
21174
21181
21183
21183
21183
21189
21191
21198
21199
21206
21206
21209
21212
21212
21213
21214
21217
21229
21236
21238
21239
21242
21248
21253
21256
21257
21258
21261
21264
21266
21266
21269
21269
21272
21273
21278
21280
21280
21292
21292
21296
21307
21309
21311
21312
21313
21320
21322
21325
21326
21329
21335
21339
21343
21343
21345
21345
21350
21357
21360
21361
21362
21375
21376
21376
21386
21387
21391
21392
21397
21398
21402
21404
21408
21409
21409
21411
21412
21414
21415
21418
21421
21421
21434
21445
21461
21461
21462
21463
21463
21464
21465
21470
21475
21477
21478
21479
21493
21495
21495
21501
21504
21506
21507
21517
21518
21520
21524
21531
21534
21536
21536
21540
21540
21542
21548
21551
21551
21552
21556
21558
21558
21558
21562
21570
21572
21573
21577
21579
21588
21596
21597
21600
21603
21607
21612
21616
21618
21619
21632
21633
21634
21635
21638
21642
21643
21645
21648
21649
21649
21652
21653
21660
21664
21664
21664
21666
21671
21674
21677
21684
21688
21692
21693
21694
21696
21697
21703
21705
21705
21707
21708
21709
21712
21714
21723
21729
21735
21735
21735
21738
21739
21744
21745
21746
21748
21748
21754
21754
21755
21755
21768
21771
21777
21782
21786
21787
21790
21790
21792
21794
21797
21799
21801
21803
21803
21810
21812
21815
21817
21818
21818
21821
21823
21825
21827
21830
21831
21837
21848
21851
21855
21855
21856
21856
21856
21857
21858
21862
21863
21869
21881
21883
21884
21888
21892
21899
21900
21905
21907
21907
21911
21914
21917
21920
21926
21933
21939
21943
21948
21949
21950
21952
21952
21953
21955
21955
21960
21963
21965
21966
21967
21967
21975
21975
21976
21980
21980
21987
21990
21992
21992
22000
22008
22015
22018
22023
22024
22027
22027
22030
22032
22045
22047
22048
22049
22056
22057
22070
22071
22071
22073
22076
22078
22080
22084
22085
22089
22089
22091
22094
22094
22095
22095
22096
22103
22106
22106
22109
22111
22113
22114
22116
22116
22117
22122
22128
22131
22137
22143
22143
22145
22145
22146
22147
22148
22152
22152
22156
22157
22157
22162
22167
22171
22171
22171
22172
22174
22174
22174
22180
22180
22181
22182
22183
22187
22189
22190
22193
22194
22198
22198
22199
22203
22208
22209
22216
22216
22217
22217
22218
22226
22227
22228
22236
22238
22239
22242
22242
22244
22250
22252
22256
22260
22263
22265
22268
22268
22270
22271
22273
22280
22280
22280
22281
22288
22293
22293
22294
22300
22308
22310
22313
22313
22318
22322
22323
22327
22327
22331
22336
22338
22344
22348
22352
22364
22367
22367
22372
22372
22381
22383
22384
22385
22385
22389
22397
22401
22405
22408
22412
22413
22417
22417
22421
22421
22422
22424
22425
22428
22430
22434
22434
22436
22439
22440
22441
22442
22443
22444
22445
22448
22448
22449
22455
22457
22458
22461
22462
22468
22476
22476
22477
22481
22484
22486
22490
22495
22497
22499
22508
22508
22517
22527
22534
22537
22542
22543
22545
22548
22552
22553
22553
22554
22554
22554
22559
22562
22564
22567
22568
22571
22571
22573
22575
22576
22577
22580
22587
22600
22601
22606
22615
22616
22618
22618
22620
22623
22623
22626
22637
22641
22642
22648
22654
22655
22663
22667
22669
22670
22671
22673
22677
22680
22681
22681
22687
22689
22692
22692
22697
22699
22710
22719
22720
22720
22721
22724
22730
22732
22736
22741
22749
22750
22751
22761
22761
22767
22767
22769
22784
22784
22785
22787
22792
22795
22796
22799
22800
22801
22804
22804
22804
22809
22809
22814
22818
22821
22826
22826
22826
22826
22831
22839
22840
22854
22861
22862
22864
22864
22866
22871
22872
22875
22876
22879
22891
22904
22907
22909
22911
22911
22914
22915
22917
22918
22921
22925
22926
22927
22935
22935
22938
22940
22942
22947
22951
22951
22952
22958
22960
22964
22965
22966
22968
22973
22975
22975
22977
22978
22980
22980
22982
22984
22985
22986
22987
22991
22996
22997
22997
23000
23001
23004
23009
23010
23018
23020
23022
23023
23024
23024
23041
23041
23043
23049
23049
23054
23054
23055
23055
23060
23067
23069
23070
23070
23071
23071
23077
23077
23077
23081
23086
23087
23091
23091
23094
23098
23101
23102
23103
23104
23117
23122
23126
23128
23131
23134
23134
23134
23139
23142
23142
23145
23146
23149
23154
23156
23157
23162
23169
23169
23172
23174
23177
23178
23183
23185
23196
23197
23198
23198
23200
23203
23214
23215
23217
23219
23223
23232
23238
23248
23249
23251
23252
23254
23260
23262
23264
23265
23265
23273
23273
23275
23275
23276
23277
23281
23282
23284
23285
23292
23304
23307
23308
23310
23314
23318
23323
23324
23324
23330
23331
23332
23339
23339
23342
23345
23345
23347
23348
23350
23352
23353
23354
23358
23363
23363
23366
23366
23368
23369
23377
23380
23381
23381
23386
23393
23394
23397
23397
23402
23405
23405
23409
23412
23413
23413
23413
23417
23417
23418
23419
23421
23444
23445
23448
23452
23453
23454
23455
23456
23462
23467
23475
23475
23478
23481
23484
23486
23486
23487
23491
23491
23493
23497
23497
23500
23501
23506
23507
23512
23514
23516
23525
23525
23526
23526
23528
23529
23530
23540
23542
23543
23545
23548
23549
23549
23550
23550
23551
23554
23556
23564
23565
23568
23572
23577
23577
23578
23580
23581
23583
23586
23589
23589
23591
23593
23593
23593
23599
23604
23605
23610
23611
23614
23619
23621
23635
23639
23645
23651
23651
23651
23658
23660
23664
23670
23673
23676
23683
23685
23685
23687
23690
23693
23693
23694
23696
23699
23702
23703
23704
23705
23713
23724
23730
23737
23738
23739
23740
23744
23745
23745
23751
23753
23754
23755
23756
23757
23758
23758
23766
23767
23767
23771
23772
23773
23777
23778
23780
23781
23784
23794
23794
23797
23797
23799
23801
23806
23813
23814
23816
23818
23819
23820
23822
23824
23830
23831
23831
23833
23834
23834
23834
23838
23857
23863
23866
23866
23866
23886
23889
23890
23892
23898
23903
23906
23908
23912
23912
23913
23916
23918
23919
23931
23932
23933
23933
23934
23936
23942
23944
23944
23951
23953
23955
23958
23965
23965
23971
23973
23974
23974
23981
23985
23987
23992
24007
24016
24021
24022
24026
24031
24038
24047
24054
24064
24068
24068
24075
24079
24079
24079
24081
24082
24085
24086
24087
24091
24093
24094
24096
24099
24102
24111
24118
24121
24127
24128
24130
24137
24138
24139
24144
24145
24151
24154
24166
24167
24167
24168
24174
24182
24188
24192
24193
24199
24201
24203
24206
24206
24208
24211
24213
24215
24215
24227
24230
24234
24243
24247
24254
24257
24258
24261
24271
24277
24288
24289
24290
24292
24297
24299
24304
24307
24314
24318
24326
24329
24342
24342
24343
24352
24352
24353
24353
24356
24356
24359
24359
24362
24363
24365
24367
24368
24375
24382
24383
24386
24387
24390
24392
24395
24395
24413
24414
24415
24417
24422
24422
24424
24431
24433
24433
24435
24436
24438
24440
24442
24445
24446
24446
24448
24457
24458
24460
24461
24462
24467
24467
24477
24479
24482
24484
24485
24486
24498
24503
24504
24504
24513
24513
24514
24514
24514
24515
24516
24523
24524
24532
24534
24537
24537
24539
24541
24551
24554
24558
24558
24562
24562
24565
24566
24567
24569
24574
24575
24575
24576
24577
24578
24578
24579
24582
24585
24587
24588
24590
24592
24597
24601
24607
24610
24616
24621
24621
24622
24624
24626
24628
24628
24632
24633
24638
24641
24644
24644
24644
24647
24647
24648
24649
24651
24658
24659
24668
24673
24675
24679
24682
24695
24700
24700
24700
24703
24705
24705
24712
24717
24723
24724
24726
24734
24737
24738
24740
24741
24751
24751
24753
24756
24760
24761
24765
24770
24771
24771
24778
24780
24783
24785
24786
24788
24788
24790
24791
24798
24798
24799
24800
24803
24804
24806
24807
24809
24817
24817
24820
24828
24829
24833
24834
24836
24839
24840
24847
24848
24859
24860
24861
24863
24865
24871
24874
24875
24875
24885
24894
24896
24901
24901
24905
24905
24905
24906
24918
24926
24930
24931
24934
24936
24938
24938
24943
24943
24945
24952
24955
24956
24962
24965
24968
24973
24975
24983
24984
24991
24991
24992
24996
24997
24997
25006
25006
25010
25011
25014
25015
25015
25015
25018
25021
25026
25027
25027
25030
25034
25035
25036
25037
25047
25048
25058
25062
25068
25070
25071
25071
25071
25073
25074
25078
25079
25083
25087
25094
25097
25107
25108
25111
25112
25119
25122
25123
25126
25126
25129
25130
25130
25131
25137
25142
25144
25147
25147
25148
25159
25165
25168
25174
25182
25183
25184
25194
25196
25200
25206
25216
25219
25219
25220
25224
25224
25226
25228
25229
25229
25231
25234
25235
25242
25243
25245
25251
25254
25258
25258
25263
25271
25272
25275
25280
25283
25283
25283
25287
25295
25300
25302
25304
25306
25309
25313
25319
25323
25327
25332
25337
25339
25342
25347
25349
25350
25351
25354
25356
25363
25369
25372
25379
25380
25384
25385
25391
25396
25399
25400
25403
25403
25404
25409
25410
25411
25413
25415
25419
25421
25425
25428
25428
25434
25436
25437
25440
25447
25449
25453
25463
25467
25469
25472
25476
25484
25488
25490
25497
25498
25509
25510
25512
25512
25520
25522
25523
25525
25525
25526
25528
25529
25534
25535
25535
25536
25537
25537
25539
25540
25545
25546
25558
25560
25562
25566
25573
25573
25595
25604
25606
25607
25613
25615
25618
25626
25629
25632
25633
25637
25639
25639
25639
25644
25650
25651
25654
25655
25659
25665
25673
25675
25676
25676
25677
25677
25679
25686
25686
25686
25687
25691
25693
25697
25699
25706
25709
25714
25715
25717
25720
25724
25725
25725
25731
25731
25737
25738
25741
25742
25742
25743
25744
25748
25754
25754
25755
25761
25764
25769
25773
25774
25776
25779
25780
25788
25790
25792
25796
25798
25802
25807
25807
25815
25821
25828
25833
25833
25836
25837
25837
25838
25840
25841
25843
25847
25852
25853
25855
25857
25859
25862
25865
25866
25870
25879
25880
25888
25889
25891
25894
25899
25899
25900
25901
25903
25905
25911
25911
25911
25917
25918
25919
25920
25928
25928
25934
25937
25939
25939
25948
25950
25956
25956
25957
25966
25966
25967
25970
25974
25978
25981
25983
25986
25990
25991
25997
26002
26002
26004
26004
26005
26006
26011
26022
26023
26025
26032
26034
26036
26037
26038
26042
26048
26055
26060
26061
26065
26066
26072
26073
26079
26081
26086
26087
26094
26096
26097
26102
26104
26106
26113
26114
26115
26116
26117
26120
26120
26126
26129
26129
26131
26132
26133
26133
26134
26139
26140
26147
26148
26148
26150
26150
26151
26156
26156
26157
26165
26165
26167
26168
26172
26176
26180
26180
26182
26183
26183
26184
26186
26186
26189
26194
26198
26198
26198
26201
26202
26213
26216
26219
26221
26226
26232
26233
26234
26236
26238
26246
26247
26249
26249
26251
26253
26254
26259
26260
26264
26267
26267
26268
26274
26277
26277
26284
26290
26294
26298
26300
26303
26304
26307
26314
26319
26322
26326
26326
26331
26331
26334
26339
26342
26344
26346
26346
26355
26355
26358
26361
26364
26366
26368
26369
26369
26370
26373
26373
26375
26375
26380
26381
26384
26386
26386
26389
26391
26395
26396
26400
26401
26403
26403
26408
26410
26414
26415
26428
26432
26435
26436
26440
26445
26447
26447
26450
26453
26456
26458
26468
26468
26471
26473
26480
26481
26494
26507
26512
26512
26513
26515
26523
26524
26528
26529
26531
26531
26532
26533
26534
26535
26539
26544
26544
26545
26547
26547
26548
26554
26555
26562
26565
26568
26574
26575
26576
26579
26580
26583
26584
26585
26585
26586
26587
26588
26592
26596
26597
26599
26605
26606
26618
26620
26621
26623
26623
26627
26639
26646
26646
26647
26649
26650
26653
26654
26654
26657
26659
26660
26661
26669
26672
26674
26676
26677
26677
26683
26687
26691
26703
26706
26707
26708
26708
26709
26709
26712
26713
26714
26715
26720
26721
26728
26731
26731
26734
26737
26741
26741
26743
26744
26746
26746
26746
26747
26750
26751
26760
26765
26767
26767
26771
26773
26776
26778
26780
26791
26801
26801
26802
26808
26810
26811
26813
26816
26821
26824
26824
26826
26826
26826
26829
26832
26833
26836
26839
26849
26850
26852
26852
26855
26855
26857
26857
26858
26859
26867
26869
26870
26873
26875
26877
26884
26890
26893
26894
26898
26902
26902
26903
26909
26916
26918
26920
26921
26922
26923
26923
26923
26925
26930
26938
26939
26940
26945
26949
26956
26957
26961
26961
26961
26968
26971
26974
26975
26978
26978
26979
26980
26981
26981
26983
26984
26988
27001
27002
27004
27007
27010
27013
27013
27014
27015
27021
27024
27026
27027
27028
27029
27033
27035
27037
27045
27045
27046
27047
27050
27051
27053
27058
27061
27063
27076
27081
27084
27084
27086
27090
27091
27091
27091
27094
27099
27104
27106
27107
27108
27109
27112
27114
27125
27126
27128
27129
27131
27134
27135
27142
27143
27149
27150
27155
27158
27161
27164
27166
27166
27168
27183
27185
27186
27188
27189
27201
27206
27218
27222
27227
27227
27228
27233
27234
27237
27240
27242
27247
27256
27263
27268
27276
27277
27281
27287
27291
27291
27292
27293
27298
27299
27300
27311
27322
27322
27325
27326
27327
27331
27334
27335
27337
27339
27341
27344
27349
27352
27358
27359
27362
27362
27366
27367
27368
27374
27380
27381
27383
27386
27387
27392
27394
27394
27395
27403
27404
27408
27409
27411
27417
27420
27423
27424
27424
27431
27440
27441
27446
27447
27449
27450
27454
27456
27460
27461
27467
27467
27470
27470
27470
27474
27477
27477
27478
27479
27480
27487
27488
27494
27495
27501
27501
27503
27506
27508
27509
27510
27520
27521
27522
27525
27526
27534
27538
27543
27545
27545
27545
27551
27551
27553
27558
27562
27565
27566
27567
27569
27572
27573
27577
27581
27584
27585
27586
27590
27590
27590
27592
27593
27594
27597
27598
27598
27598
27599
27600
27600
27603
27610
27613
27613
27618
27620
27623
27629
27631
27631
27631
27645
27649
27655
27655
27663
27665
27669
27670
27671
27673
27676
27679
27685
27691
27696
27700
27700
27700
27705
27713
27717
27718
27719
27720
27721
27725
27726
27726
27728
27728
27731
27731
27734
27734
27734
27739
27741
27743
27743
27744
27746
27747
27750
27753
27759
27760
27763
27765
27765
27768
27784
27789
27791
27797
27798
27802
27805
27807
27811
27812
27813
27821
27821
27824
27826
27829
27830
27831
27833
27842
27842
27844
27844
27844
27851
27853
27855
27856
27857
27857
27860
27861
27862
27864
27865
27865
27866
27867
27867
27871
27875
27878
27885
27891
27895
27895
27898
27902
27909
27915
27920
27922
27923
27927
27931
27933
27936
27938
27943
27944
27948
27949
27951
27952
27952
27960
27960
27964
27970
27979
27982
27983
27987
27987
27987
27989
27991
27993
27995
27998
28006
28007
28008
28012
28019
28022
28026
28028
28044
28048
28050
28051
28055
28058
28060
28062
28064
28065
28065
28066
28067
28080
28081
28081
28094
28120
28121
28125
28130
28142
28151
28153
28153
28153
28154
28156
28160
28163
28165
28166
28166
28166
28171
28176
28176
28178
28179
28180
28190
28190
28191
28192
28194
28196
28200
28203
28206
28208
28208
28210
28212
28217
28218
28224
28230
28231
28236
28244
28246
28252
28261
28261
28262
28263
28270
28271
28272
28279
28280
28283
28286
28289
28289
28292
28292
28295
28296
28296
28297
28302
28303
28303
28306
28309
28313
28316
28316
28320
28320
28325
28326
28327
28329
28333
28334
28335
28335
28342
28345
28352
28359
28360
28361
28361
28364
28365
28369
28369
28372
28374
28380
28383
28384
28395
28402
28408
28412
28413
28418
28418
28422
28424
28429
28432
28436
28447
28448
28449
28452
28456
28457
28458
28462
28462
28463
28463
28466
28466
28469
28469
28470
28479
28481
28484
28485
28487
28494
28495
28499
28507
28507
28507
28511
28512
28515
28516
28518
28519
28520
28524
28526
28529
28531
28532
28536
28538
28543
28552
28554
28556
28562
28565
28566
28577
28584
28586
28587
28588
28591
28592
28594
28610
28617
28619
28623
28626
28628
28631
28634
28646
28647
28648
28653
28660
28661
28662
28664
28671
28675
28676
28678
28678
28682
28688
28689
28689
28690
28692
28692
28693
28695
28697
28700
28701
28701
28706
28711
28711
28711
28712
28715
28715
28720
28721
28727
28730
28741
28743
28751
28752
28755
28756
28758
28759
28760
28763
28770
28774
28775
28776
28778
28781
28782
28783
28785
28787
28793
28794
28795
28798
28799
28806
28815
28815
28824
28824
28826
28827
28830
28830
28835
28843
28844
28853
28854
28855
28855
28859
28860
28863
28865
28877
28886
28888
28889
28890
28892
28893
28898
28904
28910
28910
28910
28911
28914
28915
28916
28916
28918
28926
28927
28928
28933
28938
28939
28940
28943
28943
28950
28950
28951
28953
28956
28958
28961
28967
28970
28971
28980
28985
28987
28989
28992
28993
28995
28996
28997
29000
29000
29003
29004
29007
29007
29009
29014
29018
29018
29023
29023
29025
29025
29026
29043
29044
29044
29049
29051
29052
29060
29064
29066
29070
29071
29072
29077
29080
29082
29086
29087
29087
29092
29098
29099
29101
29102
29102
29114
29117
29117
29123
29126
29129
29130
29134
29136
29140
29152
29160
29164
29166
29168
29175
29177
29178
29185
29188
29193
29194
29197
29198
29200
29219
29221
29221
29223
29234
29237
29237
29237
29237
29249
29255
29258
29259
29260
29263
29270
29271
29272
29276
29276
29277
29285
29289
29293
29293
29307
29307
29308
29309
29313
29313
29314
29314
29316
29316
29317
29317
29324
29328
29334
29338
29341
29345
29351
29356
29358
29359
29363
29371
29375
29377
29382
29384
29385
29392
29400
29400
29401
29407
29408
29409
29419
29422
29423
29425
29426
29428
29433
29433
29434
29436
29438
29439
29442
29446
29454
29460
29467
29468
29478
29485
29485
29488
29495
29498
29499
29500
29500
29500
29501
29503
29504
29504
29510
29510
29512
29522
29524
29524
29526
29530
29530
29534
29535
29543
29544
29544
29546
29546
29547
29551
29555
29558
29564
29566
29571
29572
29574
29575
29583
29597
29599
29609
29613
29613
29614
29618
29619
29626
29628
29637
29639
29641
29642
29645
29652
29653
29654
29656
29658
29658
29660
29663
29668
29673
29678
29679
29682
29696
29696
29697
29702
29711
29712
29713
29714
29721
29733
29735
29737
29739
29743
29746
29747
29757
29765
29766
29770
29772
29774
29775
29775
29777
29777
29780
29794
29795
29795
29801
29804
29811
29812
29815
29816
29816
29828
29835
29836
29838
29839
29840
29845
29847
29851
29855
29856
29861
29867
29876
29877
29880
29882
29891
29894
29901
29902
29907
29912
29912
29917
29919
29929
29929
29929
29932
29937
29937
29942
29951
29961
29962
29965
29967
29970
29973
29973
29976
29976
29977
29978
29987
29992
29992
29994
29999
29375
0
29375
