10000
1
3
4
8
13
18
20
27
27
33
37
41
47
52
55
61
71
71
72
79
90
94
95
101
102
103
107
117
120
123
123
125
126
126
128
136
138
147
150
151
152
166
167
169
172
172
173
191
191
198
199
209
209
212
213
214
217
219
221
225
226
226
228
233
238
239
241
246
247
248
252
256
256
259
259
261
269
269
270
274
280
280
281
289
290
294
294
299
301
314
317
322
322
327
334
342
344
345
347
348
357
360
362
365
367
369
375
375
375
375
380
381
383
383
388
389
392
393
394
395
398
401
410
417
424
424
430
430
433
440
444
453
458
464
465
467
470
473
475
476
476
476
480
481
483
489
489
491
504
507
508
509
511
515
520
524
530
532
535
539
540
544
548
550
551
558
565
571
576
578
582
584
589
590
590
599
602
604
609
609
617
619
622
623
629
630
630
630
631
631
640
643
648
654
673
677
683
687
687
693
693
694
698
700
701
702
703
704
707
710
712
714
715
715
718
722
726
741
743
746
746
750
765
773
785
785
806
810
811
812
814
815
818
818
818
820
820
821
824
827
832
833
836
836
840
843
850
857
859
864
870
874
875
876
881
894
896
896
896
897
903
909
914
922
924
925
938
938
942
955
961
969
971
973
974
977
996
999
1001
1001
1005
1007
1019
1021
1023
1025
1025
1027
1028
1032
1035
1037
1037
1038
1044
1046
1048
1051
1055
1057
1061
1075
1083
1087
1095
1096
1105
1113
1116
1122
1126
1128
1128
1131
1132
1134
1144
1145
1152
1153
1161
1168
1169
1172
1177
1178
1182
1183
1183
1185
1186
1188
1189
1192
1193
1193
1196
1198
1202
1204
1208
1208
1208
1210
1212
1216
1219
1220
1220
1222
1223
1224
1227
1231
1231
1231
1232
1233
1234
1234
1234
1235
1235
1237
1240
1255
1259
1262
1263
1267
1268
1271
1273
1278
1281
1282
1285
1289
1293
1294
1299
1302
1310
1311
1314
1318
1324
1327
1331
1335
1336
1337
1341
1344
1345
1347
1348
1354
1355
1357
1360
1361
1363
1364
1366
1373
1374
1375
1375
1384
1389
1391
1392
1395
1403
1404
1410
1412
1412
1414
1416
1417
1425
1430
1433
1434
1435
1442
1446
1448
1448
1450
1456
1457
1461
1464
1464
1465
1470
1471
1474
1475
1475
1478
1479
1484
1486
1488
1488
1490
1490
1493
1493
1496
1500
1502
1503
1511
1513
1516
1517
1519
1521
1529
1533
1535
1536
1546
1547
1548
1548
1550
1550
1555
1562
1567
1568
1568
1578
1586
1591
1591
1595
1596
1599
1600
1602
1606
1609
1614
1617
1621
1621
1625
1625
1630
1638
1644
1651
1652
1653
1661
1664
1665
1672
1674
1675
1676
1687
1691
1692
1698
1699
1701
1701
1701
1702
1703
1703
1705
1711
1711
1712
1713
1717
1720
1724
1728
1729
1730
1737
1748
1755
1758
1772
1772
1774
1775
1779
1782
1782
1788
1799
1801
1802
1813
1814
1823
1824
1828
1829
1830
1830
1838
1842
1846
1847
1854
1867
1870
1873
1877
1877
1879
1879
1885
1886
1889
1891
1898
1901
1904
1910
1913
1919
1921
1923
1923
1927
1928
1929
1932
1935
1936
1950
1954
1955
1958
1960
1960
1964
1964
1975
1983
1984
1988
1996
1998
2006
2006
2010
2011
2017
2023
2026
2032
2033
2046
2048
2049
2052
2074
2079
2090
2091
2091
2091
2093
2101
2102
2103
2108
2109
2112
2114
2117
2121
2123
2124
2133
2140
2140
2140
2144
2147
2149
2152
2154
2155
2164
2166
2166
2167
2169
2169
2176
2178
2179
2190
2190
2192
2196
2197
2198
2201
2201
2212
2214
2220
2221
2221
2222
2241
2241
2245
2251
2253
2258
2264
2269
2269
2270
2274
2277
2280
2281
2283
2283
2284
2289
2291
2295
2299
2305
2309
2313
2319
2321
2324
2331
2331
2332
2333
2338
2339
2342
2348
2351
2353
2355
2361
2362
2362
2369
2372
2374
2377
2378
2378
2382
2387
2388
2392
2392
2396
2406
2411
2412
2412
2413
2417
2422
2423
2427
2436
2436
2437
2443
2443
2450
2452
2463
2465
2473
2477
2477
2479
2479
2484
2485
2487
2490
2494
2494
2498
2501
2502
2507
2509
2511
2515
2517
2520
2520
2527
2529
2529
2530
2531
2537
2537
2537
2544
2546
2551
2553
2561
2564
2565
2568
2575
2577
2583
2585
2585
2589
2594
2598
2601
2606
2607
2609
2613
2620
2623
2625
2628
2629
2638
2638
2647
2647
2652
2654
2655
2657
2661
2667
2668
2670
2674
2675
2679
2679
2680
2683
2698
2701
2701
2704
2707
2707
2712
2719
2724
2726
2728
2730
2730
2730
2731
2731
2731
2739
2740
2741
2743
2752
2753
2756
2758
2759
2762
2765
2780
2789
2790
2793
2794
2798
2801
2804
2804
2804
2805
2806
2810
2813
2818
2831
2831
2833
2835
2837
2846
2849
2850
2860
2875
2882
2883
2884
2887
2893
2896
2898
2904
2908
2910
2911
2915
2916
2925
2925
2927
2927
2933
2942
2945
2947
2949
2951
2951
2952
2961
2963
2969
2972
2973
2983
2984
2985
2988
2989
2989
2990
2992
2998
3001
3002
3004
3008
3012
3015
3015
3017
3018
3018
3019
3027
3035
3036
3038
3040
3042
3043
3048
3049
3053
3054
3061
3061
3062
3067
3073
3088
3091
3093
3094
3094
3098
3100
3102
3104
3106
3107
3107
3111
3112
3113
3113
3113
3115
3118
3123
3126
3135
3139
3144
3147
3151
3153
3156
3157
3160
3160
3161
3163
3164
3165
3169
3172
3179
3183
3184
3187
3193
3198
3201
3201
3205
3211
3215
3220
3225
3228
3229
3230
3233
3237
3243
3249
3252
3255
3260
3261
3262
3262
3266
3266
3267
3268
3270
3272
3275
3277
3285
3287
3289
3292
3292
3294
3295
3296
3297
3298
3298
3300
3304
3305
3307
3308
3310
3317
3321
3321
3323
3324
3324
3326
3330
3345
3346
3347
3351
3354
3356
3357
3363
3364
3366
3368
3368
3369
3379
3379
3380
3388
3390
3392
3397
3399
3401
3403
3411
3417
3418
3421
3424
3424
3426
3427
3430
3440
3444
3445
3445
3446
3449
3454
3454
3455
3458
3465
3467
3467
3469
3471
3472
3472
3474
3474
3474
3475
3475
3478
3480
3483
3483
3486
3487
3489
3489
3491
3493
3495
3497
3500
3505
3508
3516
3517
3519
3522
3523
3525
3525
3529
3533
3534
3537
3538
3545
3545
3551
3556
3557
3558
3560
3563
3571
3582
3587
3589
3593
3593
3594
3595
3595
3600
3608
3608
3616
3617
3619
3619
3621
3624
3624
3624
3629
3636
3637
3646
3650
3651
3651
3653
3657
3664
3665
3666
3666
3667
3668
3671
3674
3678
3680
3684
3687
3692
3696
3698
3699
3699
3703
3704
3705
3706
3707
3707
3707
3708
3711
3714
3714
3716
3722
3729
3730
3733
3737
3738
3748
3751
3753
3757
3772
3775
3778
3779
3782
3783
3787
3787
3789
3791
3795
3797
3800
3803
3805
3807
3807
3809
3814
3818
3818
3822
3825
3825
3829
3830
3831
3832
3834
3836
3837
3846
3847
3852
3855
3855
3856
3857
3858
3859
3863
3864
3866
3878
3879
3881
3882
3885
3886
3892
3893
3893
3894
3895
3897
3903
3903
3904
3918
3921
3935
3936
3937
3944
3949
3955
3956
3960
3964
3965
3965
3969
3970
3973
3974
3977
3978
3980
3985
3989
3989
3991
3995
3996
3998
4002
4004
4004
4010
4013
4020
4022
4028
4034
4035
4040
4045
4050
4051
4054
4054
4059
4065
4066
4067
4071
4073
4077
4082
4083
4084
4084
4088
4092
4096
4097
4097
4100
4100
4101
4107
4107
4111
4115
4119
4120
4122
4122
4124
4128
4130
4132
4134
4139
4142
4147
4154
4164
4165
4166
4167
4168
4169
4173
4174
4177
4184
4185
4189
4195
4198
4203
4214
4216
4219
4224
4225
4228
4231
4231
4231
4234
4237
4247
4248
4248
4256
4260
4263
4263
4269
4269
4273
4274
4275
4275
4276
4282
4290
4290
4290
4291
4293
4298
4304
4312
4313
4313
4314
4318
4332
4334
4335
4337
4340
4341
4346
4349
4355
4358
4359
4363
4366
4367
4371
4372
4376
4382
4387
4390
4390
4392
4396
4396
4398
4405
4406
4407
4408
4410
4412
4413
4414
4422
4422
4426
4430
4434
4435
4436
4438
4443
4443
4449
4450
4455
4455
4455
4456
4461
4468
4469
4478
4483
4489
4490
4491
4493
4500
4500
4502
4502
4503
4505
4506
4509
4512
4520
4520
4521
4523
4524
4525
4525
4539
4540
4542
4542
4545
4546
4546
4551
4555
4556
4556
4563
4563
4571
4577
4577
4582
4587
4593
4595
4605
4605
4606
4612
4614
4621
4622
4625
4630
4633
4636
4637
4642
4642
4644
4644
4645
4648
4653
4659
4668
4668
4670
4672
4675
4677
4680
4681
4692
4694
4694
4699
4700
4704
4712
4714
4715
4721
4724
4724
4727
4729
4740
4742
4744
4760
4760
4767
4768
4770
4777
4781
4784
4784
4786
4787
4788
4789
4794
4796
4807
4808
4813
4814
4817
4835
4835
4836
4843
4845
4849
4851
4852
4858
4861
4865
4865
4866
4867
4874
4875
4875
4880
4880
4881
4882
4882
4883
4887
4891
4894
4899
4899
4903
4903
4905
4907
4921
4922
4925
4926
4928
4930
4934
4935
4936
4936
4941
4943
4946
4946
4949
4952
4957
4961
4963
4964
4969
4971
4974
4979
4981
4982
4983
4984
4984
4985
4986
4991
4999
5000
5002
5002
5004
5009
5009
5012
5015
5017
5018
5021
5024
5028
5028
5029
5034
5035
5037
5038
5039
5039
5039
5044
5045
5050
5056
5062
5063
5067
5067
5084
5086
5087
5087
5089
5091
5092
5095
5097
5107
5111
5115
5117
5117
5122
5123
5125
5125
5136
5137
5139
5143
5150
5151
5155
5156
5159
5161
5161
5164
5166
5173
5179
5180
5183
5184
5188
5191
5193
5196
5206
5209
5212
5218
5221
5223
5225
5226
5237
5238
5241
5249
5251
5251
5254
5256
5256
5259
5259
5276
5276
5283
5285
5286
5287
5295
5300
5302
5307
5308
5312
5316
5320
5321
5328
5329
5330
5331
5337
5339
5340
5342
5344
5345
5347
5348
5349
5354
5357
5359
5360
5360
5372
5375
5379
5382
5383
5385
5397
5401
5401
5409
5410
5410
5411
5412
5417
5423
5424
5429
5430
5430
5434
5436
5437
5439
5440
5440
5445
5446
5451
5451
5456
5456
5457
5463
5467
5467
5469
5473
5480
5482
5482
5482
5486
5486
5487
5488
5491
5491
5493
5498
5503
5509
5510
5513
5514
5517
5517
5518
5519
5522
5534
5537
5538
5539
5548
5549
5552
5554
5560
5561
5563
5569
5571
5574
5588
5591
5591
5599
5601
5604
5607
5616
5617
5619
5621
5622
5622
5623
5627
5631
5632
5634
5642
5644
5645
5647
5648
5648
5652
5662
5662
5662
5666
5666
5672
5673
5677
5677
5681
5683
5688
5692
5693
5702
5716
5723
5723
5725
5732
5734
5736
5739
5741
5742
5744
5744
5746
5748
5749
5758
5762
5765
5765
5769
5778
5782
5782
5783
5784
5787
5794
5795
5796
5807
5816
5818
5829
5830
5832
5832
5837
5839
5843
5845
5859
5865
5867
5873
5875
5876
5878
5880
5880
5883
5889
5894
5895
5895
5898
5900
5902
5903
5913
5914
5918
5925
5925
5926
5926
5928
5928
5930
5933
5934
5934
5936
5938
5946
5949
5949
5950
5952
5958
5963
5963
5966
5967
5968
5971
5973
5974
5974
5975
5976
5980
5984
5990
5991
5992
5992
5995
5997
5998
6000
6003
6004
6004
6010
6015
6015
6019
6020
6026
6030
6032
6040
6040
6041
6041
6041
6044
6048
6048
6054
6061
6062
6068
6071
6076
6076
6079
6081
6082
6085
6088
6090
6091
6093
6094
6095
6118
6120
6120
6125
6128
6133
6134
6135
6136
6136
6144
6146
6146
6147
6150
6150
6151
6154
6155
6166
6167
6172
6175
6176
6177
6180
6187
6190
6193
6193
6197
6199
6202
6203
6206
6212
6213
6218
6225
6232
6233
6234
6244
6247
6256
6260
6265
6270
6270
6272
6272
6276
6279
6280
6284
6290
6292
6293
6296
6304
6307
6307
6308
6311
6322
6323
6325
6326
6328
6330
6331
6332
6333
6335
6335
6336
6340
6341
6344
6347
6349
6350
6357
6358
6358
6361
6364
6372
6372
6376
6378
6378
6379
6380
6382
6384
6386
6386
6389
6389
6390
6395
6400
6401
6402
6402
6415
6423
6425
6426
6427
6428
6433
6435
6436
6438
6441
6441
6450
6454
6454
6455
6458
6461
6471
6473
6477
6477
6480
6481
6487
6491
6496
6498
6500
6501
6507
6507
6510
6514
6523
6525
6525
6530
6530
6531
6532
6532
6542
6546
6552
6555
6557
6561
6564
6565
6567
6567
6569
6571
6574
6581
6581
6582
6590
6591
6592
6596
6607
6607
6616
6616
6616
6617
6626
6627
6634
6636
6637
6641
6644
6649
6651
6652
6652
6653
6655
6656
6660
6671
6671
6672
6679
6689
6691
6692
6693
6698
6701
6709
6715
6717
6722
6725
6735
6740
6747
6748
6756
6758
6758
6762
6762
6765
6768
6771
6771
6772
6775
6775
6780
6781
6783
6784
6786
6787
6790
6790
6798
6802
6803
6805
6807
6807
6812
6812
6814
6815
6816
6817
6823
6823
6823
6829
6832
6832
6835
6838
6840
6843
6843
6845
6849
6849
6852
6852
6855
6861
6863
6867
6868
6869
6871
6874
6875
6875
6877
6878
6881
6881
6886
6891
6893
6895
6897
6899
6906
6907
6908
6908
6910
6911
6912
6917
6921
6924
6924
6926
6927
6931
6934
6935
6941
6941
6948
6949
6950
6953
6954
6964
6964
6964
6967
6970
6983
6984
6987
6989
6993
6994
6996
6997
7005
7007
7017
7018
7023
7024
7029
7031
7032
7035
7037
7040
7042
7043
7044
7048
7053
7058
7064
7066
7068
7075
7076
7076
7077
7081
7085
7088
7089
7089
7092
7093
7096
7100
7100
7104
7108
7112
7115
7119
7121
7122
7122
7122
7132
7141
7141
7151
7153
7167
7169
7172
7172
7175
7180
7180
7182
7182
7188
7192
7193
7195
7198
7198
7209
7212
7214
7216
7224
7228
7231
7232
7234
7234
7234
7239
7246
7251
7253
7253
7254
7254
7259
7260
7261
7262
7272
7275
7281
7282
7283
7284
7285
7291
7291
7292
7307
7308
7310
7311
7311
7312
7316
7323
7326
7326
7326
7328
7330
7332
7333
7338
7339
7347
7348
7351
7351
7355
7359
7365
7366
7367
7369
7369
7369
7373
7374
7374
7375
7376
7378
7384
7386
7388
7392
7401
7401
7405
7409
7410
7418
7418
7421
7421
7427
7430
7431
7433
7439
7444
7449
7452
7452
7453
7456
7463
7470
7473
7474
7474
7476
7477
7482
7484
7491
7495
7497
7498
7500
7502
7505
7506
7508
7508
7511
7511
7516
7522
7526
7526
7532
7532
7538
7538
7539
7541
7548
7548
7550
7550
7553
7553
7555
7557
7557
7565
7571
7575
7576
7579
7580
7581
7581
7585
7589
7618
7625
7627
7635
7636
7639
7639
7643
7647
7654
7664
7666
7667
7668
7671
7673
7675
7684
7688
7688
7689
7691
7694
7701
7703
7707
7715
7724
7724
7724
7728
7729
7731
7738
7743
7749
7757
7760
7761
7763
7773
7776
7777
7777
7779
7779
7783
7788
7789
7794
7811
7817
7818
7825
7826
7828
7833
7834
7837
7840
7842
7845
7855
7855
7855
7855
7857
7857
7860
7861
7866
7867
7870
7875
7875
7879
7879
7890
7895
7900
7911
7911
7913
7915
7917
7919
7922
7926
7929
7930
7932
7938
7939
7946
7947
7958
7959
7960
7961
7969
7975
7977
7977
7986
7989
7989
7990
7992
7992
7993
7995
7995
8007
8009
8009
8009
8020
8026
8032
8037
8047
8049
8054
8055
8065
8069
8070
8076
8078
8078
8082
8082
8089
8090
8090
8092
8099
8103
8104
8107
8111
8113
8116
8127
8127
8127
8127
8132
8133
8136
8138
8145
8148
8150
8152
8161
8162
8162
8167
8167
8171
8173
8174
8175
8177
8180
8182
8183
8183
8186
8188
8192
8194
8194
8195
8197
8197
8198
8198
8206
8207
8208
8209
8211
8212
8213
8218
8222
8223
8224
8231
8232
8233
8237
8239
8240
8240
8243
8246
8252
8256
8258
8258
8262
8263
8266
8268
8268
8269
8271
8274
8277
8279
8280
8280
8288
8292
8293
8293
8296
8298
8298
8305
8307
8307
8309
8311
8312
8315
8318
8322
8327
8328
8336
8339
8339
8339
8341
8354
8355
8359
8360
8364
8365
8369
8369
8377
8380
8381
8384
8385
8389
8392
8393
8400
8400
8410
8415
8421
8422
8429
8435
8435
8437
8437
8441
8441
8443
8445
8446
8447
8449
8453
8455
8457
8459
8461
8462
8462
8469
8471
8471
8473
8483
8485
8486
8486
8487
8495
8499
8500
8503
8505
8506
8510
8516
8530
8536
8537
8538
8539
8542
8543
8549
8549
8550
8554
8554
8564
8573
8574
8577
8577
8578
8579
8592
8593
8595
8596
8599
8603
8606
8611
8612
8615
8616
8618
8619
8620
8623
8631
8632
8633
8634
8636
8639
8645
8648
8651
8651
8653
8655
8657
8658
8669
8675
8677
8681
8686
8687
8689
8691
8691
8702
8702
8702
8705
8712
8712
8712
8718
8722
8728
8732
8740
8743
8743
8745
8746
8746
8747
8750
8750
8758
8760
8765
8766
8766
8768
8769
8770
8771
8772
8781
8782
8783
8786
8787
8795
8797
8799
8799
8803
8805
8807
8807
8813
8814
8822
8825
8826
8828
8829
8830
8831
8833
8842
8842
8844
8847
8848
8853
8854
8866
8871
8872
8877
8879
8879
8883
8895
8896
8902
8903
8908
8912
8912
8912
8915
8925
8925
8931
8934
8936
8945
8949
8953
8958
8959
8960
8961
8961
8967
8968
8969
8970
8972
8978
8980
8981
8986
8986
8988
8988
8988
8995
8999
8999
9001
9001
9006
9023
9023
9023
9033
9037
9039
9045
9050
9053
9054
9055
9065
9070
9073
9083
9085
9089
9098
9102
9104
9104
9104
9105
9106
9112
9114
9116
9118
9120
9120
9121
9122
9124
9129
9136
9137
9145
9147
9151
9152
9153
9153
9155
9159
9159
9162
9163
9163
9170
9184
9185
9186
9194
9196
9200
9201
9205
9205
9209
9212
9213
9217
9217
9217
9217
9223
9224
9230
9231
9237
9240
9242
9244
9245
9250
9252
9252
9257
9258
9260
9264
9264
9266
9267
9268
9270
9275
9282
9283
9284
9286
9291
9303
9304
9304
9307
9310
9312
9314
9315
9319
9321
9329
9332
9340
9345
9351
9353
9353
9354
9355
9358
9362
9364
9365
9365
9366
9368
9370
9375
9382
9384
9385
9399
9400
9402
9407
9408
9412
9422
9427
9427
9443
9444
9444
9451
9452
9453
9455
9463
9464
9466
9466
9473
9475
9481
9481
9501
9501
9507
9509
9512
9513
9514
9516
9516
9517
9519
9520
9520
9523
9525
9526
9527
9530
9531
9533
9536
9537
9540
9543
9547
9549
9552
9552
9557
9561
9563
9564
9568
9570
9570
9570
9572
9575
9586
9588
9589
9594
9595
9597
9604
9605
9605
9612
9613
9618
9619
9620
9632
9641
9643
9645
9647
9649
9651
9658
9661
9667
9678
9682
9683
9686
9687
9687
9689
9690
9690
9694
9698
9698
9700
9701
9706
9707
9713
9719
9720
9725
9725
9726
9726
9729
9731
9731
9736
9743
9750
9752
9753
9757
9758
9760
9761
9762
9762
9763
9770
9778
9779
9780
9780
9781
9781
9782
9784
9787
9788
9791
9801
9804
9804
9807
9810
9813
9815
9818
9830
9830
9834
9836
9837
9837
9839
9842
9845
9846
9851
9866
9872
9872
9879
9891
9892
9893
9898
9898
9906
9909
9910
9923
9928
9928
9930
9936
9939
9946
9956
9958
9961
9962
9978
9978
9980
9980
9981
9986
9987
9988
9989
9994
9994
9995
10007
10016
10017
10026
10028
10028
10029
10030
10032
10033
10040
10040
10040
10040
10046
10046
10051
10051
10051
10055
10057
10058
10060
10062
10063
10064
10064
10065
10075
10076
10081
10083
10090
10095
10105
10112
10113
10115
10118
10121
10122
10126
10134
10139
10140
10140
10145
10145
10150
10151
10158
10160
10160
10162
10168
10168
10172
10173
10176
10180
10184
10185
10188
10192
10198
10200
10203
10203
10207
10213
10217
10218
10222
10223
10227
10227
10232
10233
10234
10234
10235
10236
10242
10251
10252
10252
10253
10255
10255
10257
10260
10260
10261
10262
10264
10268
10269
10271
10277
10278
10284
10285
10288
10288
10303
10303
10304
10307
10310
10314
10315
10317
10319
10325
10327
10330
10334
10335
10340
10342
10346
10349
10350
10359
10361
10361
10365
10375
10383
10385
10390
10391
10392
10394
10395
10397
10400
10405
10409
10414
10421
10423
10427
10430
10431
10432
10433
10437
10437
10440
10441
10443
10443
10443
10445
10446
10451
10453
10460
10462
10466
10472
10475
10476
10477
10478
10481
10483
10485
10492
10498
10500
10505
10511
10511
10516
10524
10532
10534
10535
10535
10541
10542
10542
10544
10545
10548
10550
10553
10554
10556
10559
10560
10561
10573
10575
10576
10577
10578
10578
10578
10579
10584
10588
10591
10592
10593
10597
10601
10603
10605
10606
10609
10610
10611
10613
10614
10621
10623
10624
10625
10628
10629
10630
10633
10639
10644
10648
10650
10652
10653
10653
10655
10663
10670
10673
10677
10680
10684
10686
10688
10694
10695
10696
10696
10698
10700
10701
10703
10707
10708
10710
10713
10715
10717
10722
10724
10725
10726
10730
10733
10734
10736
10736
10739
10742
10746
10746
10753
10758
10758
10761
10762
10764
10764
10764
10765
10772
10777
10778
10778
10780
10784
10792
10793
10794
10797
10798
10803
10805
10805
10806
10808
10817
10817
10819
10819
10821
10822
10825
10830
10831
10832
10832
10836
10836
10841
10845
10845
10848
10848
10849
10851
10852
10852
10852
10855
10860
10862
10865
10869
10870
10876
10880
10882
10882
10883
10889
10892
10897
10898
10899
10902
10902
10905
10906
10908
10916
10922
10925
10937
10943
10944
10945
10949
10950
10952
10954
10954
10958
10958
10963
10964
10966
10970
10972
10974
10980
10981
10988
10989
10991
10992
10996
10997
11005
11007
11008
11011
11019
11021
11022
11024
11024
11024
11025
11025
11027
11030
11035
11035
11035
11035
11040
11045
11051
11057
11062
11068
11075
11077
11078
11082
11084
11085
11091
11092
11096
11098
11102
11110
11114
11116
11117
11123
11128
11132
11137
11138
11138
11140
11141
11144
11147
11147
11151
11152
11153
11154
11154
11154
11154
11155
11158
11162
11163
11165
11170
11172
11182
11191
11192
11199
11201
11202
11204
11208
11212
11212
11215
11216
11220
11227
11229
11230
11234
11234
11236
11238
11238
11243
11244
11248
11249
11252
11254
11254
11254
11261
11264
11269
11278
11280
11286
11291
11291
11296
11298
11299
11301
11303
11305
11311
11312
11320
11324
11326
11329
11330
11341
11345
11346
11350
11351
11357
11363
11364
11366
11372
11375
11376
11376
11379
11379
11382
11388
11397
11400
11403
11404
11412
11415
11416
11420
11422
11422
11426
11428
11431
11433
11436
11437
11441
11447
11448
11449
11450
11452
11454
11456
11460
11461
11464
11469
11472
11479
11487
11490
11492
11492
11499
11505
11506
11508
11509
11512
11512
11512
11515
11516
11516
11534
11535
11535
11536
11540
11543
11545
11554
11556
11556
11557
11557
11559
11567
11567
11568
11571
11572
11575
11576
11578
11579
11579
11580
11580
11582
11582
11587
11588
11589
11590
11591
11594
11595
11597
11598
11600
11601
11602
11605
11605
11608
11608
11614
11618
11622
11626
11627
11627
11633
11635
11639
11642
11642
11644
11646
11647
11649
11649
11656
11656
11657
11658
11663
11669
11671
11674
11676
11686
11688
11696
11697
11698
11699
11702
11702
11706
11709
11714
11715
11718
11718
11722
11722
11722
11723
11727
11727
11735
11736
11738
11738
11739
11746
11750
11752
11756
11757
11758
11759
11765
11765
11766
11770
11773
11782
11784
11786
11789
11792
11796
11799
11800
11801
11801
11808
11808
11810
11814
11815
11815
11815
11817
11818
11825
11826
11826
11827
11833
11834
11836
11840
11851
11853
11857
11859
11859
11869
11872
11874
11876
11876
11876
11878
11881
11883
11883
11893
11894
11895
11898
11899
11901
11902
11903
11912
11912
11917
11919
11921
11923
11923
11928
11928
11929
11935
11936
11936
11937
11942
11942
11945
11946
11947
11949
11950
11954
11955
11960
11960
11970
11971
11973
11975
11976
11977
11984
11987
12000
12001
12008
12011
12014
12014
12017
12028
12032
12035
12037
12038
12040
12047
12048
12048
12053
12055
12055
12060
12060
12067
12071
12076
12078
12079
12081
12104
12106
12106
12107
12108
12110
12112
12118
12125
12132
12134
12140
12144
12144
12146
12147
12149
12151
12153
12154
12157
12163
12163
12170
12171
12173
12173
12176
12178
12183
12184
12185
12187
12189
12204
12204
12205
12207
12210
12210
12216
12222
12223
12225
12225
12231
12242
12242
12250
12250
12253
12258
12263
12272
12284
12286
12288
12296
12301
12303
12305
12310
12311
12313
12314
12315
12316
12320
12323
12326
12329
12331
12334
12340
12342
12344
12346
12348
12350
12352
12357
12358
12361
12363
12365
12366
12366
12379
12380
12381
12381
12383
12383
12388
12388
12389
12391
12397
12402
12403
12403
12404
12404
12406
12414
12416
12416
12419
12421
12430
12435
12446
12447
12450
12451
12452
12452
12456
12461
12462
12472
12475
12477
12477
12478
12479
12479
12480
12491
12493
12495
12505
12508
12511
12517
12518
12518
12520
12521
12521
12524
12524
12528
12530
12531
12543
12550
12553
12554
12554
12557
12557
12557
12562
12562
12567
12569
12573
12574
12580
12584
12586
12587
12589
12592
12598
12598
12599
12603
12608
12608
12609
12612
12614
12616
12616
12617
12619
12619
12621
12624
12629
12632
12633
12645
12645
12651
12653
12656
12657
12659
12660
12666
12671
12675
12677
12677
12680
12685
12687
12687
12688
12698
12699
12704
12707
12720
12723
12724
12724
12727
12727
12730
12733
12733
12734
12736
12736
12740
12743
12750
12753
12756
12760
12762
12762
12764
12771
12775
12781
12783
12811
12812
12812
12824
12826
12828
12828
12837
12838
12849
12851
12851
12857
12860
12862
12866
12866
12870
12873
12876
12880
12882
12884
12887
12889
12892
12896
12896
12897
12903
12903
12909
12911
12914
12924
12926
12927
12932
12938
12938
12940
12945
12945
12947
12949
12950
12954
12954
12958
12962
12963
12963
12964
12974
12975
12982
12986
12991
12994
13003
13004
13004
13007
13021
13021
13025
13026
13045
13047
13051
13051
13051
13052
13054
13057
13062
13063
13064
13067
13071
13072
13081
13082
13085
13095
13095
13097
13099
13099
13099
13100
13100
13104
13108
13111
13116
13119
13122
13124
13126
13126
13127
13130
13134
13134
13136
13137
13142
13148
13148
13148
13149
13150
13151
13152
13156
13164
13165
13167
13168
13171
13171
13174
13180
13182
13192
13193
13202
13202
13203
13203
13213
13214
13219
13220
13221
13233
13233
13240
13247
13251
13252
13255
13258
13258
13259
13260
13264
13275
13279
13280
13281
13283
13287
13292
13293
13295
13296
13301
13301
13306
13306
13308
13309
13316
13327
13327
13338
13338
13340
13348
13351
13353
13354
13356
13356
13358
13359
13364
13365
13366
13370
13371
13373
13373
13377
13386
13386
13390
13392
13397
13398
13402
13402
13403
13407
13411
13411
13415
13427
13431
13436
13440
13443
13449
13451
13456
13457
13458
13458
13461
13464
13469
13474
13476
13479
13479
13482
13483
13484
13487
13489
13501
13502
13503
13504
13509
13524
13537
13543
13547
13552
13553
13556
13562
13562
13568
13572
13573
13573
13574
13576
13580
13583
13584
13586
13598
13608
13609
13610
13616
13621
13623
13625
13633
13636
13642
13644
13644
13647
13656
13657
13660
13662
13674
13674
13677
13677
13683
13684
13686
13690
13693
13695
13699
13700
13702
13708
13718
13724
13724
13725
13727
13728
13729
13731
13735
13737
13737
13738
13748
13750
13753
13756
13756
13758
13759
13761
13762
13764
13770
13772
13772
13774
13778
13778
13779
13780
13781
13784
13784
13791
13791
13794
13796
13798
13799
13800
13801
13802
13803
13803
13807
13807
13808
13812
13814
13815
13816
13820
13821
13823
13825
13828
13829
13830
13833
13836
13836
13836
13839
13843
13855
13863
13876
13879
13881
13882
13885
13887
13890
13891
13892
13896
13896
13898
13906
13907
13910
13918
13920
13920
13925
13927
13927
13931
13945
13945
13949
13957
13957
13958
13963
13970
13970
13971
13974
13976
13979
13981
13990
13992
13992
13996
13998
14000
14004
14006
14006
14007
14009
14009
14010
14017
14020
14028
14029
14030
14031
14033
14035
14036
14038
14038
14039
14041
14047
14051
14051
14053
14054
14061
14063
14065
14070
14076
14085
14086
14088
14092
14093
14097
14097
14098
14101
14102
14110
14110
14112
14113
14115
14118
14122
14127
14129
14136
14137
14139
14141
14147
14150
14156
14160
14162
14163
14164
14170
14178
14179
14179
14183
14184
14185
14188
14194
14205
14211
14211
14212
14213
14215
14217
14225
14231
14231
14234
14234
14234
14236
14237
14242
14247
14247
14248
14248
14248
14254
14254
14255
14274
14275
14276
14277
14279
14280
14285
14287
14290
14293
14300
14300
14301
14302
14303
14305
14314
14316
14316
14324
14333
14338
14341
14345
14345
14347
14356
14359
14362
14362
14372
14377
14383
14384
14390
14400
14401
14402
14402
14408
14410
14412
14437
14440
14441
14443
14443
14449
14450
14459
14471
14474
14476
14477
14483
14486
14488
14490
14494
14497
14501
14507
14518
14518
14519
14522
14526
14526
14528
14528
14529
14531
14533
14533
14546
14551
14552
14557
14558
14562
14564
14566
14567
14572
14580
14589
14589
14590
14592
14595
14597
14597
14605
14608
14611
14614
14616
14623
14625
14625
14634
14635
14644
14648
14650
14651
14653
14656
14656
14659
14662
14667
14673
14678
14685
14689
14690
14695
14695
14698
14700
14703
14705
14713
14713
14716
14716
14716
14717
14721
14725
14725
14736
14736
14739
14743
14745
14747
14747
14750
14754
14762
14765
14767
14768
14772
14777
14782
14786
14788
14789
14789
14801
14801
14805
14807
14811
14814
14820
14822
14828
14833
14838
14839
14840
14844
14846
14850
14856
14861
14868
14869
14871
14872
14875
14876
14876
14878
14880
14884
14889
14891
14892
14896
14902
14902
14904
14911
14911
14923
14928
14933
14935
14936
14937
14937
14939
14939
14942
14956
14956
14957
14957
14957
14958
14960
14962
14962
14965
14967
14967
14971
14977
14981
14985
14986
14992
14995
15005
15006
15008
15010
15014
15017
15021
15024
15024
15037
15049
15050
15051
15053
15059
15059
15061
15061
15062
15069
15076
15078
15078
15081
15082
15084
15089
15090
15092
15093
15094
15096
15100
15105
15107
15110
15112
15115
15118
15119
15120
15120
15122
15123
15124
15124
15130
15131
15132
15138
15141
15143
15146
15150
15154
15156
15156
15157
15160
15163
15167
15171
15171
15176
15176
15179
15181
15181
15182
15190
15192
15202
15202
15203
15207
15220
15230
15236
15247
15249
15253
15261
15262
15264
15265
15268
15269
15271
15276
15282
15293
15294
15299
15300
15305
15305
15308
15313
15314
15316
15317
15323
15323
15327
15329
15333
15335
15335
15341
15344
15346
15347
15349
15351
15359
15360
15361
15362
15367
15372
15373
15382
15389
15390
15392
15395
15395
15402
15413
15429
15429
15433
15436
15437
15439
15441
15442
15445
15449
15458
15462
15462
15464
15465
15469
15470
15471
15471
15481
15487
15488
15488
15492
15494
15498
15498
15501
15501
15503
15503
15505
15512
15515
15518
15520
15522
15524
15527
15528
15528
15534
15536
15537
15541
15543
15543
15547
15549
15553
15554
15555
15556
15559
15561
15561
15580
15581
15584
15585
15591
15593
15595
15598
15598
15606
15606
15613
15622
15625
15629
15631
15634
15634
15635
15635
15640
15642
15644
15645
15645
15645
15647
15648
15660
15661
15671
15674
15681
15682
15683
15683
15693
15700
15701
15706
15710
15718
15723
15726
15726
15726
15727
15729
15733
15734
15734
15739
15742
15742
15743
15743
15747
15749
15750
15751
15752
15754
15756
15760
15761
15764
15767
15772
15774
15775
15777
15784
15786
15787
15788
15789
15794
15801
15803
15809
15816
15817
15822
15823
15827
15828
15830
15831
15832
15834
15837
15838
15838
15839
15844
15845
15848
15848
15850
15852
15856
15857
15858
15860
15868
15875
15881
15883
15883
15885
15895
15897
15903
15905
15905
15908
15913
15917
15923
15923
15924
15934
15934
15935
15942
15943
15944
15946
15948
15949
15952
15958
15959
15961
15963
15964
15966
15968
15968
15972
15974
15975
15977
15980
15983
15990
15990
16003
16010
16014
16014
16015
16026
16027
16030
16034
16042
16044
16049
16050
16051
16052
16052
16053
16055
16057
16058
16063
16063
16064
16065
16076
16081
16081
16084
16088
16094
16094
16095
16095
16100
16108
16110
16111
16115
16115
16115
16119
16121
16122
16125
16129
16130
16136
16140
16140
16140
16140
16143
16146
16148
16157
16161
16161
16162
16164
16169
16170
16175
16175
16179
16181
16181
16185
16186
16189
16193
16198
16206
16207
16210
16217
16217
16222
16222
16224
16225
16227
16227
16229
16230
16235
16239
16239
16245
16252
16255
16260
16261
16262
16265
16265
16269
16270
16272
16275
16279
16280
16281
16281
16281
16284
16291
16294
16298
16298
16299
16301
16312
16314
16331
16333
16336
16348
16353
16359
16359
16363
16370
16372
16372
16376
16378
16382
16385
16386
16390
16390
16392
16398
16403
16404
16409
16418
16425
16434
16436
16436
16441
16444
16449
16449
16451
16455
16457
16463
16463
16464
16464
16466
16474
16479
16479
16488
16490
16497
16497
16497
16498
16503
16505
16506
16515
16529
16532
16534
16534
16537
16543
16546
16550
16558
16570
16573
16574
16581
16584
16584
16590
16593
16594
16598
16618
16627
16629
16632
16634
16639
16641
16641
16641
16644
16644
16645
16647
16652
16653
16654
16657
16658
16660
16662
16664
16665
16666
16666
16672
16676
16679
16680
16692
16693
16701
16702
16703
16706
16707
16710
16720
16722
16723
16724
16732
16733
16733
16737
16739
16739
16739
16741
16745
16746
16747
16747
16748
16750
16757
16759
16762
16764
16766
16770
16780
16787
16789
16791
16793
16795
16796
16796
16797
16800
16802
16807
16809
16811
16811
16811
16814
16817
16817
16818
16820
16820
16821
16830
16830
16831
16839
16840
16851
16851
16851
16852
16852
16856
16859
16863
16865
16866
16874
16878
16879
16879
16879
16882
16888
16889
16893
16895
16895
16896
16896
16900
16903
16907
16912
16913
16915
16923
16925
16926
16926
16928
16938
16940
16954
16959
16960
16961
16963
16969
16973
16975
16980
16987
16989
16989
16990
16991
16991
16992
17002
17006
17007
17008
17009
17020
17023
17027
17032
17034
17037
17039
17039
17045
17046
17052
17058
17062
17062
17064
17066
17070
17070
17077
17078
17084
17090
17092
17095
17096
17097
17100
17101
17101
17103
17104
17105
17109
17111
17118
17126
17129
17135
17137
17140
17144
17146
17146
17152
17153
17153
17155
17155
17157
17157
17158
17158
17159
17165
17169
17170
17171
17171
17172
17174
17176
17178
17183
17184
17187
17191
17193
17196
17200
17200
17202
17209
17211
17212
17212
17214
17221
17225
17228
17230
17230
17230
17231
17232
17235
17235
17239
17242
17247
17248
17250
17252
17262
17262
17267
17268
17273
17283
17288
17289
17291
17292
17294
17295
17295
17295
17297
17308
17323
17323
17324
17330
17334
17334
17336
17337
17342
17345
17345
17346
17347
17349
17354
17356
17357
17361
17365
17367
17372
17377
17385
17391
17391
17392
17392
17394
17395
17398
17400
17401
17402
17404
17405
17407
17408
17409
17410
17412
17412
17416
17417
17424
17424
17427
17431
17435
17436
17437
17437
17442
17443
17444
17449
17449
17449
17451
17455
17456
17459
17466
17467
17474
17478
17479
17480
17483
17484
17492
17492
17494
17504
17507
17513
17518
17523
17525
17527
17528
17530
17537
17538
17539
17540
17549
17572
17577
17585
17586
17588
17590
17590
17590
17591
17593
17593
17594
17594
17600
17604
17608
17608
17609
17611
17612
17612
17614
17620
17620
17622
17629
17641
17644
17645
17647
17648
17657
17657
17662
17664
17665
17665
17671
17672
17672
17673
17673
17680
17680
17681
17681
17685
17685
17686
17686
17688
17692
17694
17694
17702
17702
17706
17707
17708
17709
17710
17712
17713
17714
17714
17721
17727
17734
17739
17740
17744
17747
17754
17755
17755
17756
17761
17761
17768
17773
17774
17780
17781
17781
17782
17783
17784
17791
17798
17799
17803
17804
17808
17815
17820
17827
17829
17830
17830
17830
17831
17832
17833
17834
17837
17837
17837
17838
17845
17850
17853
17853
17859
17861
17863
17864
17866
17868
17870
17874
17878
17879
17881
17884
17886
17890
17897
17898
17901
17904
17904
17905
17911
17914
17914
17918
17918
17919
17923
17925
17929
17932
17934
17935
17935
17940
17950
17954
17955
17956
17956
17957
17957
17959
17968
17980
17983
17986
17988
17989
17990
17994
18000
18001
18005
18005
18007
18016
18022
18022
18027
18031
18033
18035
18036
18039
18041
18043
18043
18044
18045
18047
18047
18048
18054
18056
18057
18059
18061
18062
18062
18067
18077
18078
18080
18083
18085
18086
18093
18093
18100
18102
18103
18111
18116
18118
18121
18125
18127
18130
18133
18135
18137
18139
18139
18149
18157
18162
18163
18168
18170
18173
18176
18183
18183
18185
18185
18187
18192
18195
18195
18199
18199
18200
18204
18219
18221
18221
18222
18222
18224
18225
18233
18234
18238
18239
18240
18243
18243
18244
18246
18251
18251
18269
18276
18278
18279
18282
18286
18287
18289
18292
18293
18297
18298
18305
18311
18313
18319
18320
18323
18326
18327
18329
18333
18335
18337
18339
18340
18343
18345
18347
18348
18352
18360
18360
18371
18375
18377
18380
18381
18381
18387
18390
18392
18395
18396
18401
18404
18414
18415
18416
18417
18418
18420
18422
18424
18430
18437
18440
18444
18451
18453
18453
18455
18457
18459
18463
18473
18474
18480
18481
18481
18485
18486
18490
18492
18496
18501
18511
18515
18516
18518
18520
18522
18530
18530
18531
18536
18536
18537
18538
18541
18541
18544
18553
18553
18556
18556
18558
18559
18560
18563
18564
18566
18567
18567
18568
18570
18573
18574
18574
18576
18577
18590
18593
18593
18594
18594
18595
18595
18599
18601
18605
18606
18606
18609
18609
18610
18617
18618
18622
18627
18628
18629
18630
18634
18634
18635
18640
18643
18644
18646
18647
18650
18652
18652
18654
18658
18659
18661
18661
18661
18665
18676
18678
18679
18682
18682
18685
18686
18692
18692
18698
18700
18701
18702
18702
18705
18707
18708
18710
18715
18715
18722
18724
18724
18724
18730
18734
18736
18743
18748
18753
18755
18756
18770
18773
18774
18775
18781
18782
18782
18783
18790
18790
18791
18797
18801
18811
18818
18821
18822
18822
18827
18833
18849
18851
18858
18861
18862
18869
18871
18872
18881
18882
18883
18895
18896
18896
18904
18904
18907
18915
18915
18916
18919
18919
18923
18925
18927
18928
18929
18933
18934
18937
18940
18941
18943
18946
18947
18952
18963
18965
18965
18968
18972
18972
18974
18978
18981
18984
18991
19001
19002
19004
19007
19010
19018
19019
19021
19022
19025
19026
19027
19029
19033
19035
19047
19047
19050
19052
19053
19056
19060
19062
19075
19082
19085
19088
19094
19094
19101
19102
19102
19102
19106
19108
19118
19120
19124
19129
19129
19133
19135
19138
19141
19142
19146
19149
19150
19154
19154
19155
19156
19156
19159
19159
19163
19165
19170
19172
19175
19177
19177
19181
19185
19192
19194
19194
19196
19196
19199
19205
19205
19206
19208
19210
19210
19214
19216
19216
19219
19225
19225
19226
19229
19234
19237
19239
19240
19245
19246
19252
19265
19266
19268
19269
19272
19272
19272
19274
19275
19275
19279
19281
19293
19304
19305
19312
19314
19316
19318
19319
19320
19326
19328
19333
19336
19337
19337
19340
19347
19349
19354
19355
19357
19360
19360
19363
19364
19370
19371
19375
19377
19378
19381
19382
19383
19385
19390
19392
19394
19394
19396
19397
19399
19406
19407
19409
19414
19415
19415
19418
19421
19428
19428
19430
19431
19434
19436
19436
19438
19438
19438
19439
19439
19442
19444
19444
19445
19449
19453
19456
19460
19465
19467
19469
19481
19484
19490
19493
19498
19501
19502
19505
19513
19514
19516
19517
19521
19524
19524
19524
19524
19539
19539
19548
19548
19548
19554
19555
19561
19564
19564
19565
19568
19573
19573
19576
19576
19579
19587
19599
19600
19600
19606
19614
19615
19615
19624
19626
19632
19633
19634
19634
19636
19637
19640
19644
19644
19650
19651
19651
19654
19656
19657
19658
19658
19659
19662
19664
19668
19668
19668
19678
19680
19680
19681
19686
19692
19695
19699
19705
19707
19710
19720
19723
19729
19738
19741
19745
19748
19755
19757
19764
19764
19770
19771
19771
19776
19778
19780
19784
19790
19791
19795
19799
19800
19801
19810
19810
19817
19817
19818
19823
19824
19829
19830
19830
19833
19840
19841
19848
19863
19865
19867
19869
19876
19883
19883
19887
19898
19899
19899
19905
19907
19908
19910
19915
19916
19916
19917
19919
19920
19920
19921
19921
19924
19929
19930
19931
19931
19932
19937
19941
19944
19945
19945
19948
19950
19956
19959
19961
19964
19964
19965
19967
19971
19982
19986
19991
19993
19994
20000
20002
20005
20006
20007
20007
20009
20013
20016
20018
20025
20025
20027
20045
20046
20048
20049
20051
20052
20057
20059
20066
20066
20067
20070
20076
20081
20082
20085
20087
20090
20091
20092
20094
20100
20101
20105
20117
20118
20124
20130
20141
20142
20143
20146
20149
20150
20151
20157
20159
20162
20163
20163
20164
20165
20173
20175
20182
20186
20186
20192
20193
20195
20198
20199
20200
20202
20203
20206
20207
20208
20209
20211
20213
20213
20219
20219
20221
20221
20222
20225
20229
20230
20235
20237
20240
20242
20243
20246
20248
20248
20254
20256
20256
20260
20262
20264
20266
20268
20283
20291
20296
20299
20305
20305
20306
20310
20321
20325
20326
20329
20329
20332
20332
20335
20338
20350
20352
20355
20355
20359
20361
20365
20365
20366
20370
20371
20376
20380
20391
20396
20397
20400
20403
20405
20414
20414
20418
20419
20419
20421
20424
20424
20426
20430
20435
20435
20438
20439
20444
20444
20446
20448
20452
20457
20458
20459
20461
20464
20471
20472
20473
20476
20481
20483
20488
20493
20496
20496
20499
20499
20502
20505
20505
20508
20509
20510
20513
20514
20514
20516
20517
20520
20520
20525
20527
20536
20541
20547
20548
20554
20555
20561
20567
20582
20583
20585
20585
20587
20597
20599
20600
20600
20604
20604
20605
20613
20618
20619
20621
20622
20624
20627
20631
20632
20632
20633
20641
20643
20645
20649
20650
20654
20660
20663
20664
20667
20667
20668
20669
20669
20678
20686
20689
20695
20696
20697
20701
20702
20704
20707
20709
20712
20713
20714
20714
20717
20719
20722
20723
20725
20726
20733
20733
20737
20739
20739
20740
20747
20749
20751
20761
20763
20764
20767
20768
20780
20783
20784
20786
20794
20799
20805
20813
20813
20817
20817
20819
20829
20837
20839
20842
20849
20852
20852
20861
20866
20867
20867
20878
20882
20885
20886
20889
20891
20891
20892
20892
20896
20896
20897
20903
20909
20909
20918
20921
20922
20925
20929
20930
20939
20939
20941
20941
20943
20944
20945
20948
20950
20952
20952
20953
20955
20956
20960
20966
20969
20975
20976
20979
20979
20982
20985
20988
20992
20993
20994
20994
20995
20997
20999
20999
21002
21006
21006
21010
21010
21018
21028
21031
21034
21039
21047
21047
21048
21048
21050
21055
21056
21060
21060
21062
21072
21075
21078
21079
21080
21087
21098
21103
21112
21112
21113
21121
21121
21122
21122
21139
21143
21144
21145
21151
21158
21159
21162
21166
21168
21174
21175
21179
21181
21186
21189
21194
21195
21195
21196
21202
21207
21210
21218
21218
21229
21236
21238
21241
21251
21259
21259
21263
21264
21270
21272
21273
21273
21275
21275
21283
21291
21294
21297
21299
21302
21302
21305
21315
21318
21318
21319
21320
21322
21331
21338
21340
21342
21346
21346
21356
21358
21359
21363
21370
21373
21377
21378
21378
21381
21383
21383
21386
21389
21391
21393
21395
21408
21412
21413
21415
21421
21421
21425
21425
21429
21435
21440
21440
21440
21441
21442
21449
21451
21463
21464
21464
21469
21469
21469
21472
21473
21474
21479
21483
21483
21484
21486
21487
21490
21494
21496
21499
21501
21503
21504
21504
21505
21510
21510
21510
21512
21514
21514
21515
21518
21520
21525
21526
21531
21537
21538
21540
21544
21544
21553
21553
21555
21557
21558
21560
21567
21570
21571
21572
21577
21578
21581
21582
21583
21584
21587
21594
21596
21607
21608
21608
21610
21612
21615
21615
21615
21617
21623
21625
21630
21634
21637
21638
21642
21644
21649
21651
21653
21654
21654
21654
21654
21661
21663
21667
21668
21673
21678
21679
21679
21681
21684
21685
21687
21691
21701
21701
21705
21708
21711
21711
21712
21715
21715
21715
21715
21716
21719
21722
21730
21731
21733
21735
21738
21738
21738
21741
21742
21744
21745
21749
21749
21753
21754
21760
21763
21766
21767
21775
21777
21778
21781
21782
21786
21786
21787
21792
21803
21803
21804
21805
21807
21808
21808
21808
21815
21821
21821
21825
21826
21828
21834
21835
21836
21838
21843
21848
21849
21852
21858
21859
21860
21860
21864
21877
21881
21883
21884
21884
21894
21896
21896
21903
21904
21909
21909
21912
21920
21921
21928
21929
21943
21945
21945
21948
21948
21948
21949
21954
21957
21958
21961
21963
21966
21967
21969
21970
21973
21974
21974
21974
21975
21978
21979
21980
21985
21989
21992
21994
21997
22000
22011
22013
22014
22016
22023
22027
22028
22031
22032
22035
22038
22041
22045
22052
22055
22069
22076
22078
22080
22088
22089
22091
22092
22096
22096
22097
22098
22100
22101
22101
22102
22105
22106
22107
22111
22113
22122
22122
22130
22132
22134
22135
22138
22140
22153
22154
22156
22160
22160
22160
22160
22164
22166
22166
22169
22175
22179
22183
22186
22186
22189
22190
22190
22198
22198
22199
22201
22204
22204
22205
22205
22209
22210
22212
22215
22215
22216
22216
22219
22220
22223
22235
22237
22237
22239
22246
22252
22256
22259
22261
22262
22271
22272
22273
22275
22275
22277
22277
22281
22282
22283
22288
22290
22293
22295
22296
22296
22297
22297
22308
22309
22309
22309
22315
22317
22323
22326
22326
22327
22328
22328
22338
22341
22343
22347
22358
22359
22360
22361
22362
22378
22386
22388
22389
22393
22394
22397
22397
22403
22405
22408
22411
22415
22416
22421
22430
22431
22432
22434
22439
22439
22440
22440
22455
22455
22464
22466
22469
22471
22472
22477
22479
22484
22489
22490
22492
22503
22516
22521
22524
22529
22532
22534
22535
22537
22545
22550
22554
22561
22563
22567
22568
22568
22569
22570
22573
22575
22577
22581
22587
22595
22596
22599
22601
22604
22605
22607
22612
22612
22626
22627
22631
22643
22644
22648
22657
22661
22661
22664
22665
22667
22668
22668
22669
22675
22680
22680
22680
22684
22684
22685
22688
22693
22697
22716
22717
22720
22721
22724
22727
22727
22727
22733
22737
22737
22738
22739
22749
22750
22752
22753
22755
22758
22759
22768
22769
22769
22770
22773
22773
22774
22775
22781
22790
22796
22797
22802
22804
22810
22812
22815
22816
22820
22820
22824
22827
22828
22830
22832
22841
22842
22842
22850
22852
22853
22861
22862
22867
22871
22873
22873
22880
22881
22884
22889
22893
22900
22902
22902
22903
22904
22905
22905
22906
22907
22907
22912
22912
22920
22924
22925
22939
22945
22955
22957
22958
22959
22961
22963
22963
22966
22979
22983
22985
22990
22999
23003
23005
23010
23012
23012
23013
23015
23016
23018
23019
23022
23022
23023
23030
23031
23031
23034
23034
23035
23036
23038
23040
23040
23046
23048
23049
23049
23051
23054
23056
23058
23063
23063
23065
23066
23067
23068
23070
23070
23071
23083
23084
23094
23095
23095
23099
23102
23102
23104
23105
23112
23112
23115
23116
23116
23118
23119
23119
23123
23124
23125
23129
23132
23135
23143
23158
23163
23172
23178
23184
23187
23196
23202
23204
23210
23214
23219
23221
23230
23234
23234
23241
23242
23243
23245
23248
23248
23250
23252
23253
23256
23259
23260
23261
23263
23274
23278
23281
23287
23289
23294
23295
23295
23300
23301
23301
23304
23306
23313
23323
23325
23325
23329
23338
23342
23345
23347
23351
23352
23362
23365
23366
23367
23375
23376
23378
23380
23382
23386
23393
23395
23395
23400
23400
23402
23403
23403
23405
23409
23409
23415
23418
23419
23422
23423
23423
23426
23426
23426
23439
23445
23446
23451
23453
23455
23456
23458
23465
23466
23472
23476
23477
23487
23488
23488
23488
23490
23493
23500
23501
23501
23502
23503
23506
23514
23516
23527
23536
23536
23537
23541
23545
23546
23546
23547
23548
23549
23553
23571
23579
23580
23580
23586
23591
23591
23592
23596
23598
23600
23601
23606
23612
23612
23616
23623
23624
23626
23627
23627
23628
23629
23629
23634
23637
23637
23638
23639
23641
23652
23654
23655
23656
23657
23657
23658
23660
23663
23664
23664
23664
23668
23674
23675
23680
23681
23683
23683
23685
23692
23693
23697
23698
23699
23701
23706
23706
23707
23707
23710
23712
23715
23716
23719
23723
23725
23727
23732
23733
23736
23737
23745
23749
23750
23754
23756
23759
23761
23764
23767
23768
23768
23769
23776
23778
23783
23788
23792
23793
23805
23806
23809
23809
23811
23820
23823
23823
23828
23831
23831
23832
23833
23839
23848
23848
23852
23853
23856
23857
23858
23866
23867
23868
23869
23873
23874
23882
23883
23892
23892
23901
23909
23911
23911
23911
23914
23915
23917
23917
23925
23930
23932
23934
23935
23936
23938
23941
23944
23947
23948
23950
23950
23950
23955
23956
23958
23960
23961
23965
23965
23977
23978
23987
23989
23990
23993
23995
24007
24009
24009
24013
24014
24017
24019
24021
24023
24025
24028
24045
24045
24049
24052
24058
24059
24061
24062
24062
24067
24075
24077
24078
24087
24105
24110
24121
24124
24128
24128
24128
24129
24130
24131
24137
24140
24150
24150
24153
24157
24159
24159
24160
24161
24164
24164
24169
24172
24172
24172
24173
24196
24198
24201
24202
24206
24206
24210
24210
24212
24213
24215
24217
24226
24230
24233
24235
24236
24244
24248
24249
24251
24253
24254
24257
24258
24259
24270
24277
24277
24289
24292
24292
24297
24299
24302
24305
24306
24308
24309
24311
24321
24324
24327
24332
24335
24351
24352
24352
24353
24355
24363
24367
24369
24369
24371
24374
24375
24378
24378
24382
24382
24382
24384
24385
24385
24385
24385
24386
24387
24387
24389
24390
24390
24393
24393
24395
24401
24403
24406
24411
24411
24414
24416
24417
24421
24426
24427
24429
24433
24439
24440
24440
24441
24443
24445
24445
24446
24446
24447
24453
24455
24456
24456
24457
24458
24461
24467
24468
24468
24468
24469
24473
24476
24484
24486
24489
24489
24497
24505
24505
24507
24508
24513
24516
24516
24519
24524
24529
24531
24536
24546
24546
24557
24557
24559
24561
24561
24578
24582
24586
24589
24595
24600
24607
24608
24609
24616
24618
24620
24623
24626
24626
24628
24635
24636
24637
24638
24644
24646
24646
24647
24653
24653
24656
24662
24666
24671
24677
24679
24679
24680
24681
24692
24700
24700
24704
24705
24706
24706
24711
24712
24715
24717
24719
24723
24724
24725
24727
24729
24730
24730
24731
24732
24734
24735
24737
24746
24753
24759
24760
24762
24762
24764
24768
24771
24773
24773
24777
24782
24783
24790
24791
24792
24798
24801
24805
24806
24806
24806
24812
24812
24813
24817
24822
24835
24839
24840
24841
24843
24843
24846
24846
24848
24850
24853
24854
24865
24868
24880
24881
24881
24882
24889
24890
24891
24891
24892
24892
24892
24893
24893
24895
24899
24908
24912
24913
24914
24914
24916
24919
24922
24923
24928
24931
24937
24937
24940
24955
24958
24960
24966
24967
24968
24968
24969
24976
24985
24985
24987
24989
24991
24995
24997
24997
25006
25007
25008
25009
25009
25010
25018
25018
25019
25026
25028
25036
25038
25044
25046
25046
25047
25049
25050
25054
25056
25056
25059
25062
25063
25065
25066
25075
25085
25088
25089
25090
25092
25097
25101
25102
25104
25107
25110
25114
25116
25117
25123
25123
25124
25128
25129
25129
25130
25136
25142
25146
25158
25159
25160
25161
25164
25168
25170
25178
25178
25179
25181
25181
25185
25188
25189
25197
25199
25199
25200
25205
25208
25211
25217
25219
25219
25222
25222
25224
25231
25233
25235
25235
25237
25238
25238
25239
25240
25241
25252
25254
25258
25265
25267
25272
25274
25277
25282
25283
25287
25289
25293
25297
25303
25304
25304
25304
25305
25313
25314
25315
25330
25330
25332
25333
25337
25340
25342
25344
25346
25352
25355
25356
25356
25358
25361
25363
25368
25372
25377
25380
25385
25386
25387
25387
25390
25392
25398
25405
25411
25415
25417
25420
25421
25430
25431
25433
25433
25437
25437
25440
25446
25449
25450
25452
25456
25461
25463
25472
25474
25476
25482
25482
25487
25489
25507
25509
25511
25511
25518
25518
25520
25522
25523
25524
25525
25526
25527
25527
25527
25534
25537
25539
25540
25547
25548
25553
25554
25558
25562
25563
25565
25567
25569
25572
25573
25579
25581
25581
25584
25584
25586
25590
25593
25594
25594
25595
25602
25603
25604
25605
25607
25612
25615
25619
25627
25631
25635
25635
25638
25641
25642
25647
25649
25651
25652
25655
25659
25663
25666
25667
25671
25679
25681
25682
25682
25685
25688
25691
25691
25692
25694
25696
25702
25708
25710
25712
25712
25715
25716
25722
25724
25724
25728
25736
25738
25741
25742
25742
25744
25748
25750
25754
25757
25759
25760
25761
25762
25765
25765
25770
25774
25776
25782
25790
25792
25793
25794
25813
25824
25827
25830
25834
25834
25834
25837
25838
25841
25842
25844
25846
25860
25863
25873
25875
25877
25880
25885
25887
25887
25893
25893
25897
25899
25901
25904
25907
25909
25910
25911
25913
25913
25916
25921
25923
25928
25929
25930
25933
25937
25938
25938
25940
25941
25941
25946
25946
25949
25953
25956
25965
25966
25971
25975
25978
25981
25986
25988
25999
26000
26002
26002
26006
26014
26020
26022
26022
26022
26036
26043
26044
26045
26045
26046
26050
26052
26055
26056
26056
26064
26071
26071
26075
26078
26080
26081
26087
26088
26090
26092
26096
26107
26115
26123
26134
26136
26138
26145
26149
26150
26151
26155
26161
26161
26164
26174
26176
26181
26183
26186
26190
26190
26191
26199
26204
26205
26206
26206
26210
26218
26223
26233
26234
26234
26235
26238
26239
26241
26245
26246
26250
26254
26256
26257
26258
26260
26261
26263
26265
26271
26272
26276
26281
26284
26287
26289
26290
26292
26292
26294
26295
26295
26296
26298
26304
26308
26308
26310
26311
26315
26318
26323
26333
26333
26333
26342
26346
26350
26358
26359
26370
26371
26372
26379
26380
26382
26384
26385
26390
26395
26397
26397
26402
26404
26408
26415
26417
26420
26422
26423
26425
26431
26432
26437
26440
26441
26444
26444
26445
26449
26456
26464
26465
26465
26467
26469
26477
26477
26482
26489
26489
26490
26490
26491
26497
26499
26505
26510
26516
26520
26531
26532
26534
26534
26536
26541
26544
26548
26548
26549
26550
26551
26551
26560
26563
26563
26568
26572
26581
26584
26584
26585
26586
26590
26590
26592
26592
26593
26594
26594
26595
26599
26602
26609
26610
26616
26616
26617
26619
26625
26626
26629
26631
26638
26639
26642
26643
26653
26656
26657
26661
26664
26670
26670
26671
26672
26673
26673
26673
26676
26679
26680
26683
26687
26690
26698
26700
26701
26704
26706
26708
26709
26710
26711
26713
26715
26718
26722
26733
26738
26741
26741
26746
26746
26747
26747
26747
26750
26750
26751
26756
26757
26759
26765
26766
26767
26769
26772
26775
26782
26783
26789
26792
26793
26798
26800
26801
26802
26802
26803
26804
26806
26814
26817
26818
26822
26824
26824
26828
26829
26834
26839
26844
26847
26850
26850
26852
26858
26860
26866
26868
26869
26875
26878
26881
26884
26884
26886
26887
26889
26891
26894
26897
26900
26901
26903
26906
26910
26913
26915
26922
26928
26930
26930
26932
26935
26935
26936
26936
26938
26939
26940
26941
26941
26944
26947
26951
26952
26953
26960
26963
26965
26966
26970
26976
26979
26981
26986
26989
26993
27004
27006
27009
27018
27018
27021
27021
27027
27028
27034
27039
27040
27042
27043
27045
27047
27050
27052
27055
27057
27059
27061
27063
27063
27067
27069
27069
27070
27074
27074
27075
27080
27083
27084
27085
27088
27089
27092
27094
27097
27104
27107
27111
27112
27113
27114
27119
27121
27122
27124
27125
27127
27128
27140
27142
27143
27148
27150
27161
27162
27168
27174
27175
27179
27179
27182
27183
27186
27186
27186
27187
27193
27197
27201
27202
27203
27207
27209
27214
27215
27218
27218
27219
27222
27223
27226
27229
27232
27236
27237
27237
27242
27242
27247
27248
27249
27249
27256
27256
27257
27257
27260
27266
27268
27268
27269
27271
27274
27280
27280
27282
27283
27287
27288
27295
27299
27301
27302
27305
27306
27310
27318
27328
27329
27333
27333
27335
27336
27337
27338
27344
27348
27348
27348
27357
27358
27360
27361
27366
27370
27375
27376
27382
27384
27385
27389
27394
27394
27395
27399
27400
27402
27402
27405
27409
27413
27415
27417
27419
27432
27442
27442
27445
27447
27449
27450
27459
27461
27470
27471
27471
27481
27485
27485
27487
27499
27500
27501
27502
27508
27513
27513
27517
27518
27520
27521
27523
27526
27526
27526
27528
27531
27533
27536
27539
27546
27551
27552
27553
27558
27562
27570
27572
27576
27577
27580
27580
27581
27581
27584
27586
27597
27600
27601
27601
27601
27605
27606
27606
27609
27611
27619
27621
27637
27637
27637
27652
27660
27661
27668
27668
27669
27673
27675
27679
27679
27681
27682
27684
27685
27695
27697
27699
27702
27702
27704
27713
27715
27720
27720
27723
27743
27743
27745
27745
27749
27752
27757
27762
27768
27769
27769
27772
27772
27774
27784
27787
27792
27794
27794
27804
27805
27818
27821
27823
27829
27837
27839
27839
27840
27840
27841
27847
27856
27862
27862
27868
27870
27873
27879
27881
27882
27886
27888
27896
27896
27900
27900
27905
27906
27907
27908
27911
27917
27921
27922
27924
27932
27937
27940
27941
27941
27942
27947
27948
27952
27952
27953
27959
27959
27966
27971
27976
27977
27982
27985
27987
27991
27992
27993
27995
27995
27996
28003
28007
28008
28015
28019
28023
28025
28028
28031
28033
28040
28040
28047
28048
28048
28048
28049
28057
28063
28065
28069
28071
28073
28077
28083
28092
28098
28111
28112
28118
28122
28124
28126
28127
28129
28131
28132
28135
28135
28137
28140
28147
28153
28154
28155
28161
28166
28169
28173
28175
28175
28177
28178
28187
28188
28191
28192
28194
28199
28202
28204
28209
28210
28211
28211
28216
28216
28217
28218
28224
28225
28229
28234
28235
28235
28239
28244
28244
28250
28259
28260
28261
28262
28263
28272
28273
28274
28279
28281
28285
28287
28287
28288
28289
28290
28297
28300
28305
28308
28310
28314
28320
28323
28323
28324
28325
28336
28336
28336
28339
28346
28348
28350
28354
28361
28361
28362
28371
28372
28372
28374
28378
28379
28381
28386
28388
28389
28390
28393
28394
28395
28396
28397
28402
28405
28405
28414
28421
28423
28424
28425
28425
28428
28429
28432
28437
28437
28438
28438
28439
28444
28445
28445
28447
28449
28453
28454
28454
28456
28462
28462
28463
28466
28470
28477
28478
28479
28486
28487
28489
28489
28490
28502
28503
28504
28507
28507
28515
28518
28525
28534
28535
28537
28539
28547
28553
28554
28558
28560
28568
28569
28570
28570
28573
28573
28589
28593
28596
28602
28607
28610
28613
28614
28614
28620
28620
28623
28623
28625
28631
28638
28638
28650
28652
28655
28659
28660
28666
28667
28670
28672
28673
28675
28680
28682
28683
28685
28686
28690
28694
28696
28698
28713
28717
28718
28725
28725
28727
28729
28729
28730
28731
28734
28736
28737
28740
28741
28745
28748
28750
28752
28753
28761
28767
28768
28770
28771
28776
28782
28788
28792
28794
28796
28797
28800
28802
28805
28805
28817
28818
28818
28823
28825
28835
28840
28841
28849
28852
28855
28868
28870
28872
28873
28876
28880
28880
28895
28901
28907
28908
28910
28912
28920
28921
28931
28932
28936
28937
28937
28939
28944
28947
28948
28949
28954
28961
28962
28964
28968
28970
28972
28972
28975
28978
28980
28982
28982
28985
28987
28988
28991
28992
29005
29006
29021
29022
29025
29030
29037
29039
29043
29050
29051
29052
29059
29065
29066
29066
29075
29076
29077
29079
29081
29090
29092
29093
29097
29099
29100
29103
29110
29114
29115
29115
29118
29127
29127
29132
29132
29133
29134
29135
29137
29137
29138
29139
29140
29142
29151
29152
29153
29154
29158
29158
29176
29178
29181
29184
29185
29188
29188
29189
29190
29193
29196
29196
29198
29206
29214
29217
29221
29223
29224
29226
29233
29239
29241
29244
29245
29255
29256
29256
29257
29259
29260
29264
29265
29276
29277
29277
29281
29282
29282
29285
29287
29293
29296
29298
29299
29301
29302
29305
29309
29310
29311
29313
29315
29323
29326
29328
29331
29339
29339
29339
29342
29343
29357
29358
29359
29360
29364
29365
29366
29366
29366
29367
29369
29371
29373
29376
29376
29378
29390
29392
29393
29394
29394
29395
29398
29404
29407
29407
29408
29409
29411
29417
29420
29426
29428
29430
29434
29434
29441
29452
29453
29456
29462
29464
29467
29468
29469
29469
29472
29473
29474
29475
29481
29483
29484
29485
29485
29491
29492
29494
29496
29496
29497
29497
29502
29503
29506
29507
29511
29514
29514
29516
29520
29520
29520
29531
29534
29534
29534
29535
29543
29543
29544
29547
29555
29562
29563
29568
29569
29574
29584
29586
29588
29599
29599
29605
29607
29608
29611
29613
29614
29614
29615
29617
29620
29620
29625
29629
29630
29632
29632
29634
29634
29638
29639
29642
29642
29644
29647
29647
29647
29649
29658
29658
29667
29671
29674
29683
29688
29688
29688
29690
29700
29704
29707
29710
29711
29716
29723
29724
29728
29728
29728
29730
29733
29735
29738
29740
29742
29742
29746
29748
29749
29751
29754
29757
29759
29759
29760
29764
29768
29768
29770
29774
29781
29782
29785
29787
29787
29794
29803
29804
29810
29821
29823
29824
29832
29833
29839
29840
29841
29842
29853
29855
29857
29861
29863
29866
29868
29871
29871
29871
29873
29877
29879
29881
29885
29892
29894
29904
29914
29915
29916
29921
29924
29926
29929
29933
29934
29934
29935
29935
29936
29937
29942
29946
29947
29949
29952
29963
29965
29968
29972
29974
29983
29990
29992
29994
29995
29996
29998
49746
19748
29998
