10000
0
2
2
5
5
11
20
20
24
27
29
29
30
49
50
53
55
58
59
62
69
72
73
74
76
80
80
81
83
87
91
96
96
98
99
102
105
107
107
108
109
111
112
123
132
133
134
138
140
142
144
154
155
164
169
174
174
184
188
189
195
196
200
201
205
206
210
210
212
229
232
233
236
239
239
240
240
241
241
242
242
242
246
247
247
248
248
249
250
251
253
254
255
255
258
259
260
260
264
266
266
268
273
273
274
276
277
283
284
287
288
290
293
295
299
302
303
303
305
306
308
311
324
325
327
340
340
350
350
351
354
356
357
357
358
360
364
364
366
369
378
378
382
391
391
406
408
409
411
412
413
415
419
427
428
428
438
440
443
451
452
453
459
462
463
464
467
468
471
474
476
479
483
485
485
486
488
489
492
493
497
505
511
512
513
513
514
515
516
516
518
519
521
523
524
526
529
530
532
534
537
542
546
552
552
552
556
556
560
561
561
563
563
565
565
566
568
569
573
574
574
575
577
580
585
592
593
598
599
613
615
616
617
620
621
625
625
628
629
630
636
644
658
659
660
666
668
669
671
676
678
681
685
690
690
692
698
703
705
705
710
718
719
720
726
727
729
730
737
737
740
740
745
746
748
750
750
752
755
757
759
761
768
773
775
804
805
806
809
811
812
813
818
820
824
826
826
842
842
844
858
858
859
859
859
863
863
864
864
869
869
872
872
873
874
887
891
893
894
900
900
901
902
904
905
907
910
912
914
916
916
920
925
926
926
930
931
935
938
940
943
950
957
962
962
964
965
966
967
970
973
976
980
981
983
987
993
996
998
1008
1017
1020
1021
1022
1024
1026
1028
1030
1031
1033
1035
1037
1040
1041
1042
1046
1047
1048
1052
1052
1059
1063
1079
1079
1079
1083
1084
1086
1088
1090
1098
1099
1108
1115
1118
1126
1126
1141
1146
1147
1161
1162
1164
1173
1184
1186
1187
1188
1192
1194
1198
1200
1200
1201
1204
1204
1206
1207
1210
1211
1211
1218
1218
1221
1243
1246
1249
1250
1251
1257
1258
1259
1261
1261
1264
1265
1267
1270
1276
1286
1287
1295
1296
1300
1303
1305
1310
1311
1312
1313
1313
1320
1321
1322
1323
1324
1328
1329
1330
1332
1340
1341
1350
1353
1356
1356
1357
1360
1363
1365
1368
1377
1386
1388
1389
1393
1395
1400
1404
1407
1410
1417
1425
1430
1431
1432
1437
1438
1439
1445
1456
1458
1463
1468
1468
1470
1473
1474
1474
1476
1477
1484
1486
1487
1489
1493
1496
1503
1506
1508
1510
1512
1515
1522
1524
1525
1527
1530
1532
1532
1533
1535
1535
1538
1540
1543
1547
1551
1560
1565
1566
1569
1569
1570
1571
1572
1579
1580
1585
1586
1589
1590
1590
1597
1598
1601
1606
1614
1615
1616
1618
1620
1620
1621
1626
1626
1629
1637
1642
1643
1649
1653
1653
1656
1656
1663
1664
1666
1670
1671
1675
1681
1686
1687
1691
1692
1693
1693
1693
1696
1701
1702
1703
1710
1711
1712
1714
1715
1717
1717
1718
1727
1734
1738
1739
1740
1742
1743
1743
1744
1748
1748
1749
1753
1754
1755
1762
1773
1773
1776
1782
1784
1788
1789
1790
1794
1795
1797
1805
1805
1806
1806
1814
1820
1823
1823
1826
1827
1835
1836
1837
1847
1848
1851
1855
1857
1857
1862
1865
1866
1867
1868
1871
1878
1878
1880
1882
1882
1883
1885
1888
1888
1888
1895
1896
1897
1897
1901
1905
1905
1915
1916
1917
1917
1917
1919
1924
1927
1930
1933
1934
1939
1942
1944
1948
1951
1962
1966
1966
1975
1976
1981
1981
1984
1985
1988
1993
1995
1999
1999
2000
2002
2004
2009
2012
2022
2023
2029
2032
2034
2034
2035
2036
2037
2048
2048
2049
2049
2051
2051
2058
2066
2073
2074
2075
2078
2078
2083
2083
2088
2088
2091
2097
2098
2101
2106
2111
2115
2116
2117
2118
2121
2126
2130
2132
2135
2135
2139
2143
2146
2148
2148
2149
2150
2152
2152
2157
2159
2161
2162
2162
2163
2165
2166
2168
2169
2170
2171
2174
2176
2179
2179
2180
2182
2183
2184
2185
2187
2188
2193
2194
2195
2201
2205
2208
2209
2217
2221
2227
2241
2243
2243
2248
2251
2257
2257
2270
2278
2280
2280
2281
2284
2286
2287
2291
2297
2298
2305
2315
2320
2323
2323
2327
2329
2330
2330
2330
2331
2332
2341
2343
2346
2347
2349
2350
2355
2356
2356
2358
2359
2361
2362
2371
2373
2375
2380
2387
2389
2391
2396
2400
2401
2405
2405
2413
2414
2415
2415
2416
2418
2419
2422
2424
2425
2425
2425
2427
2430
2433
2435
2436
2437
2438
2439
2439
2440
2444
2444
2445
2451
2453
2455
2456
2456
2456
2460
2461
2463
2465
2469
2469
2476
2477
2484
2487
2487
2490
2491
2492
2499
2502
2502
2506
2506
2510
2511
2518
2520
2521
2525
2527
2532
2534
2534
2537
2538
2545
2547
2550
2555
2558
2563
2563
2564
2571
2572
2580
2583
2585
2585
2587
2590
2591
2597
2597
2597
2606
2609
2610
2610
2612
2615
2617
2620
2621
2624
2625
2627
2631
2632
2635
2640
2642
2642
2647
2649
2651
2653
2653
2654
2666
2667
2668
2668
2670
2676
2676
2678
2678
2684
2701
2701
2703
2703
2709
2712
2714
2716
2719
2732
2734
2738
2738
2747
2751
2752
2752
2762
2765
2771
2772
2784
2787
2789
2797
2799
2800
2801
2802
2805
2805
2809
2809
2812
2812
2815
2816
2816
2818
2819
2826
2828
2834
2835
2835
2847
2864
2866
2867
2870
2876
2883
2885
2887
2887
2888
2891
2893
2895
2899
2903
2914
2915
2917
2917
2924
2932
2934
2936
2938
2940
2944
2944
2963
2965
2972
2974
2976
2984
2986
2986
2988
2990
3003
3004
3005
3008
3017
3024
3028
3033
3036
3037
3037
3043
3045
3055
3056
3058
3060
3070
3080
3083
3090
3094
3097
3097
3098
3099
3099
3105
3107
3110
3110
3112
3123
3125
3125
3126
3128
3132
3133
3134
3139
3143
3148
3149
3151
3151
3160
3170
3171
3172
3174
3181
3182
3186
3187
3187
3189
3193
3197
3200
3201
3201
3204
3212
3213
3215
3221
3223
3224
3225
3230
3230
3238
3240
3244
3245
3246
3247
3252
3254
3255
3257
3261
3264
3267
3268
3270
3277
3278
3281
3286
3289
3291
3293
3298
3298
3303
3304
3308
3314
3316
3318
3320
3321
3323
3328
3335
3336
3349
3350
3352
3352
3357
3362
3372
3375
3376
3381
3385
3390
3392
3394
3397
3400
3402
3417
3426
3427
3431
3436
3442
3442
3447
3450
3450
3452
3455
3456
3457
3458
3460
3461
3461
3464
3467
3471
3472
3474
3486
3490
3502
3504
3505
3505
3509
3509
3510
3514
3514
3517
3521
3523
3524
3525
3531
3538
3539
3540
3541
3546
3548
3549
3550
3553
3563
3564
3565
3565
3568
3570
3571
3572
3572
3573
3573
3575
3576
3576
3576
3577
3584
3588
3592
3592
3597
3604
3605
3606
3607
3609
3609
3611
3615
3619
3621
3636
3637
3642
3643
3646
3646
3648
3653
3658
3663
3665
3669
3670
3674
3678
3697
3702
3702
3705
3706
3706
3709
3710
3720
3721
3723
3724
3727
3727
3732
3737
3738
3739
3742
3752
3753
3756
3757
3760
3763
3763
3763
3765
3767
3768
3773
3774
3774
3776
3779
3779
3784
3788
3791
3808
3810
3812
3817
3818
3819
3823
3826
3828
3831
3832
3839
3849
3849
3850
3850
3855
3857
3859
3859
3860
3860
3865
3865
3865
3867
3868
3869
3870
3872
3873
3873
3875
3876
3880
3884
3884
3885
3888
3895
3905
3908
3930
3931
3937
3939
3940
3950
3954
3955
3961
3963
3970
3972
3975
3977
3983
3984
3985
3989
3990
3991
3992
3993
4005
4006
4010
4013
4013
4015
4015
4018
4021
4024
4025
4026
4035
4038
4038
4040
4041
4049
4050
4050
4057
4058
4062
4065
4069
4076
4084
4087
4092
4094
4094
4094
4096
4096
4097
4099
4101
4106
4107
4107
4108
4108
4111
4113
4113
4114
4115
4116
4117
4120
4121
4122
4123
4129
4135
4137
4137
4141
4154
4156
4156
4157
4160
4162
4167
4169
4169
4170
4171
4172
4173
4173
4174
4176
4176
4179
4181
4182
4183
4185
4197
4200
4202
4205
4211
4216
4219
4220
4223
4223
4229
4234
4236
4237
4246
4249
4249
4250
4251
4252
4255
4258
4260
4262
4266
4268
4272
4275
4283
4284
4289
4296
4296
4302
4303
4307
4307
4311
4312
4317
4322
4329
4333
4339
4347
4350
4350
4364
4364
4365
4382
4385
4391
4395
4397
4401
4403
4403
4407
4408
4413
4414
4417
4418
4426
4426
4429
4433
4433
4434
4435
4437
4447
4448
4448
4449
4453
4454
4456
4456
4465
4465
4466
4467
4474
4477
4478
4481
4481
4482
4487
4498
4499
4500
4501
4502
4502
4506
4506
4512
4514
4516
4523
4524
4527
4530
4532
4533
4534
4534
4534
4537
4539
4544
4546
4547
4549
4550
4551
4555
4556
4558
4559
4562
4563
4565
4566
4568
4582
4583
4590
4590
4597
4607
4611
4616
4616
4619
4622
4629
4632
4632
4633
4633
4642
4644
4644
4649
4649
4666
4668
4673
4674
4681
4683
4684
4689
4692
4693
4697
4699
4700
4708
4712
4713
4719
4722
4723
4724
4726
4737
4741
4745
4747
4749
4751
4759
4774
4774
4777
4778
4785
4788
4789
4789
4798
4805
4807
4815
4818
4819
4823
4823
4824
4826
4828
4835
4836
4840
4844
4844
4846
4857
4858
4863
4864
4870
4872
4878
4879
4879
4883
4890
4895
4896
4897
4907
4908
4916
4918
4918
4924
4926
4933
4938
4941
4942
4945
4948
4949
4950
4952
4955
4960
4961
4962
4969
4969
4971
4974
4974
4976
4990
4992
4996
4997
4998
5000
5005
5008
5008
5008
5009
5010
5010
5013
5015
5023
5030
5032
5032
5037
5037
5037
5038
5045
5046
5048
5048
5056
5062
5064
5068
5069
5069
5070
5074
5074
5080
5082
5088
5088
5096
5098
5103
5108
5109
5113
5114
5115
5119
5119
5120
5124
5124
5124
5130
5133
5140
5140
5140
5144
5146
5149
5156
5157
5159
5170
5178
5179
5182
5184
5188
5202
5205
5213
5214
5216
5216
5217
5219
5220
5225
5226
5227
5239
5241
5250
5252
5261
5264
5264
5265
5268
5270
5272
5273
5282
5282
5291
5302
5306
5313
5320
5324
5327
5333
5334
5335
5336
5336
5338
5339
5344
5345
5347
5349
5351
5353
5358
5358
5362
5365
5366
5367
5368
5373
5374
5378
5389
5391
5395
5396
5396
5396
5398
5399
5403
5409
5409
5411
5413
5413
5413
5418
5421
5424
5427
5428
5439
5441
5444
5446
5448
5449
5452
5456
5457
5463
5466
5467
5468
5469
5473
5474
5476
5480
5482
5483
5487
5489
5491
5494
5501
5505
5505
5506
5510
5510
5510
5515
5516
5525
5527
5527
5528
5533
5548
5550
5556
5563
5569
5569
5578
5578
5584
5585
5589
5594
5595
5595
5602
5603
5603
5605
5606
5607
5607
5613
5627
5628
5631
5635
5656
5657
5660
5665
5672
5672
5677
5679
5681
5685
5686
5686
5687
5689
5690
5697
5704
5704
5710
5717
5718
5724
5724
5734
5736
5736
5736
5742
5742
5744
5753
5755
5761
5762
5778
5792
5793
5794
5810
5813
5816
5825
5825
5826
5826
5827
5829
5829
5830
5833
5836
5839
5840
5842
5848
5849
5852
5859
5866
5867
5868
5869
5871
5874
5878
5882
5886
5894
5895
5896
5898
5898
5898
5903
5903
5905
5906
5911
5912
5913
5915
5916
5919
5921
5926
5928
5931
5931
5935
5937
5938
5941
5945
5950
5954
5955
5955
5955
5957
5959
5962
5965
5966
5969
5970
5972
5973
5976
5978
5980
5986
5990
5990
5995
5995
5997
5999
6001
6002
6005
6008
6009
6021
6025
6027
6027
6041
6049
6049
6053
6054
6055
6065
6069
6076
6080
6091
6094
6094
6095
6099
6103
6104
6104
6105
6106
6112
6113
6116
6119
6122
6131
6132
6137
6141
6148
6148
6149
6163
6167
6168
6175
6179
6180
6184
6185
6186
6192
6193
6195
6196
6210
6212
6215
6215
6218
6222
6223
6225
6229
6230
6230
6232
6238
6240
6242
6242
6248
6253
6253
6254
6257
6264
6266
6270
6284
6285
6295
6297
6298
6302
6303
6306
6306
6311
6313
6318
6320
6324
6329
6333
6335
6337
6343
6347
6352
6361
6365
6369
6374
6378
6381
6382
6391
6393
6397
6401
6401
6402
6404
6405
6409
6411
6425
6426
6431
6432
6438
6440
6447
6448
6455
6458
6461
6464
6465
6475
6476
6490
6492
6495
6496
6498
6500
6501
6504
6508
6509
6513
6514
6518
6522
6523
6525
6525
6526
6528
6534
6537
6543
6544
6546
6551
6556
6556
6559
6565
6566
6567
6568
6573
6576
6580
6581
6584
6587
6587
6591
6592
6597
6598
6600
6602
6602
6603
6613
6614
6614
6615
6624
6625
6628
6628
6628
6632
6633
6637
6638
6646
6647
6649
6649
6656
6661
6664
6666
6666
6668
6668
6674
6680
6681
6685
6687
6688
6688
6692
6692
6697
6701
6704
6707
6712
6712
6715
6718
6720
6721
6728
6731
6733
6733
6739
6742
6744
6752
6756
6756
6757
6758
6758
6763
6772
6776
6776
6778
6778
6779
6782
6784
6784
6784
6786
6786
6786
6790
6792
6803
6804
6810
6811
6813
6816
6825
6827
6828
6829
6831
6835
6836
6843
6845
6848
6853
6854
6855
6855
6856
6860
6860
6860
6863
6882
6893
6901
6907
6907
6910
6914
6918
6921
6922
6922
6923
6926
6928
6931
6933
6935
6939
6940
6944
6944
6951
6953
6957
6957
6958
6958
6966
6966
6967
6974
6987
6991
6996
6998
7002
7004
7005
7010
7011
7013
7016
7017
7019
7020
7024
7024
7038
7042
7043
7047
7048
7051
7052
7053
7059
7060
7068
7071
7075
7078
7079
7079
7084
7085
7087
7093
7102
7103
7104
7105
7107
7107
7115
7121
7126
7132
7136
7149
7149
7151
7151
7152
7155
7157
7163
7165
7167
7167
7172
7178
7186
7187
7188
7189
7193
7193
7197
7198
7200
7200
7200
7210
7215
7217
7219
7221
7227
7230
7231
7246
7247
7252
7252
7261
7263
7265
7269
7277
7278
7282
7283
7283
7289
7294
7296
7297
7302
7306
7307
7308
7313
7314
7318
7319
7325
7326
7326
7327
7340
7343
7347
7348
7348
7355
7358
7361
7362
7363
7367
7369
7372
7373
7375
7383
7384
7384
7385
7386
7396
7407
7413
7413
7427
7429
7431
7432
7439
7441
7448
7449
7451
7454
7459
7460
7461
7466
7467
7468
7472
7477
7477
7479
7482
7484
7485
7486
7486
7492
7494
7496
7499
7499
7501
7502
7503
7504
7504
7505
7509
7514
7516
7517
7518
7520
7520
7521
7521
7521
7532
7533
7535
7538
7543
7544
7544
7549
7551
7558
7567
7573
7573
7576
7576
7582
7584
7585
7593
7594
7596
7597
7600
7602
7603
7607
7611
7614
7619
7623
7627
7630
7630
7631
7632
7633
7635
7639
7642
7645
7648
7650
7659
7662
7667
7668
7669
7669
7670
7678
7684
7684
7687
7692
7692
7693
7693
7695
7696
7708
7709
7710
7711
7713
7715
7715
7720
7725
7727
7735
7744
7745
7746
7752
7754
7759
7760
7764
7767
7770
7777
7777
7783
7789
7790
7797
7798
7805
7807
7810
7814
7817
7817
7818
7821
7823
7831
7831
7836
7837
7837
7838
7841
7846
7846
7847
7848
7852
7858
7862
7867
7868
7871
7874
7879
7881
7883
7885
7894
7898
7899
7903
7906
7906
7912
7916
7919
7919
7921
7923
7926
7932
7933
7940
7940
7941
7947
7951
7960
7964
7964
7965
7965
7967
7967
7969
7970
7970
7973
7976
7978
7978
7979
7985
7987
7990
7991
7993
7997
7998
7998
8002
8004
8005
8011
8011
8015
8019
8026
8028
8031
8035
8041
8049
8050
8051
8052
8061
8066
8074
8075
8075
8076
8077
8085
8087
8087
8093
8094
8097
8099
8113
8115
8116
8118
8124
8145
8150
8154
8157
8163
8163
8171
8174
8177
8181
8181
8182
8186
8188
8188
8191
8192
8201
8203
8205
8209
8209
8212
8214
8221
8221
8222
8222
8224
8230
8233
8240
8243
8245
8245
8255
8268
8274
8278
8279
8279
8287
8294
8301
8305
8307
8308
8313
8319
8320
8325
8331
8339
8343
8346
8351
8354
8359
8360
8361
8364
8364
8366
8373
8377
8383
8384
8392
8393
8396
8403
8407
8408
8416
8420
8425
8426
8430
8431
8432
8439
8440
8441
8450
8462
8463
8466
8471
8477
8479
8485
8487
8492
8496
8496
8500
8500
8500
8506
8511
8512
8513
8516
8517
8524
8530
8533
8534
8538
8546
8546
8546
8548
8556
8558
8563
8566
8577
8581
8581
8583
8585
8587
8587
8589
8593
8596
8601
8604
8614
8615
8619
8620
8622
8622
8623
8635
8639
8641
8642
8642
8646
8651
8652
8655
8656
8661
8663
8663
8675
8676
8679
8680
8683
8684
8686
8689
8691
8691
8695
8696
8702
8705
8706
8707
8712
8712
8713
8713
8716
8724
8727
8729
8733
8734
8741
8746
8751
8752
8759
8760
8762
8767
8768
8770
8770
8787
8788
8788
8790
8791
8795
8806
8806
8810
8821
8823
8825
8825
8829
8832
8844
8855
8857
8858
8858
8860
8861
8862
8863
8864
8864
8865
8871
8877
8880
8882
8887
8888
8895
8899
8903
8905
8906
8908
8917
8918
8919
8920
8922
8922
8927
8928
8932
8933
8936
8941
8941
8944
8944
8946
8954
8956
8966
8968
8969
8972
8973
8974
8975
8975
8977
8977
8981
8986
8990
8990
8993
8993
8997
9000
9000
9004
9006
9009
9010
9010
9011
9012
9012
9014
9016
9018
9021
9021
9022
9023
9027
9029
9036
9040
9042
9043
9045
9048
9049
9050
9055
9063
9081
9081
9083
9085
9086
9093
9095
9098
9099
9104
9108
9114
9115
9119
9121
9124
9125
9129
9136
9149
9150
9151
9158
9167
9175
9176
9176
9176
9178
9179
9179
9190
9196
9199
9200
9209
9209
9215
9216
9217
9218
9221
9224
9225
9225
9227
9230
9233
9234
9235
9235
9248
9249
9250
9250
9252
9254
9254
9256
9260
9262
9266
9267
9270
9272
9273
9273
9274
9288
9291
9293
9296
9299
9301
9303
9303
9304
9309
9309
9315
9317
9318
9319
9320
9325
9328
9329
9330
9331
9336
9339
9342
9347
9354
9355
9357
9360
9362
9370
9372
9375
9388
9391
9400
9409
9418
9422
9423
9425
9438
9441
9441
9449
9449
9450
9452
9456
9461
9461
9463
9464
9467
9470
9473
9477
9478
9479
9479
9479
9479
9480
9481
9482
9484
9486
9491
9492
9495
9496
9499
9500
9505
9505
9508
9514
9514
9518
9519
9525
9529
9530
9533
9540
9540
9542
9546
9549
9551
9556
9556
9557
9559
9559
9573
9576
9578
9580
9586
9587
9588
9588
9594
9600
9601
9602
9604
9604
9607
9610
9614
9617
9622
9623
9624
9624
9626
9628
9631
9634
9642
9646
9647
9652
9657
9658
9659
9663
9666
9668
9677
9682
9690
9696
9697
9697
9698
9700
9706
9715
9727
9730
9735
9741
9741
9744
9744
9745
9748
9755
9756
9759
9760
9760
9763
9766
9767
9770
9782
9783
9790
9790
9790
9793
9795
9803
9807
9808
9810
9811
9812
9812
9816
9818
9818
9822
9822
9824
9824
9826
9829
9831
9836
9840
9843
9844
9845
9846
9849
9851
9853
9856
9857
9859
9861
9863
9865
9867
9869
9871
9871
9875
9877
9877
9884
9890
9893
9897
9900
9901
9901
9908
9909
9918
9922
9923
9927
9930
9934
9934
9936
9938
9939
9940
9944
9946
9954
9954
9957
9957
9958
9959
9964
9964
9965
9969
9971
9972
9973
9973
9973
9974
9976
9978
9980
9980
9981
9982
9984
9986
9988
9989
9990
9993
9995
9998
10000
10001
10002
10007
10013
10014
10016
10022
10025
10035
10036
10036
10038
10040
10042
10046
10053
10054
10062
10066
10069
10071
10075
10079
10086
10091
10102
10102
10118
10134
10134
10134
10138
10140
10143
10147
10151
10152
10154
10160
10160
10160
10160
10171
10179
10182
10183
10185
10191
10192
10193
10194
10198
10201
10202
10209
10210
10213
10215
10219
10221
10223
10243
10244
10253
10254
10264
10269
10278
10281
10281
10287
10296
10299
10307
10307
10308
10308
10310
10311
10315
10317
10318
10319
10325
10331
10332
10338
10340
10343
10348
10348
10348
10351
10356
10360
10364
10368
10374
10380
10381
10384
10385
10385
10390
10390
10393
10395
10395
10395
10398
10402
10404
10407
10410
10413
10414
10420
10423
10424
10427
10433
10434
10436
10437
10440
10441
10443
10444
10449
10457
10461
10467
10467
10467
10468
10470
10473
10475
10477
10481
10484
10484
10485
10490
10498
10504
10506
10508
10519
10519
10523
10523
10527
10531
10531
10534
10536
10536
10542
10543
10547
10549
10549
10551
10553
10554
10559
10560
10563
10563
10564
10564
10567
10568
10577
10578
10587
10588
10589
10592
10592
10594
10594
10597
10603
10605
10606
10610
10617
10622
10623
10623
10626
10628
10631
10637
10649
10649
10649
10652
10653
10653
10654
10655
10656
10662
10664
10674
10678
10681
10686
10687
10689
10691
10692
10695
10697
10699
10700
10704
10705
10707
10708
10710
10710
10711
10719
10720
10727
10730
10730
10733
10734
10736
10739
10742
10743
10743
10746
10746
10747
10750
10760
10764
10764
10767
10774
10777
10779
10780
10780
10789
10791
10793
10796
10804
10805
10807
10807
10809
10828
10829
10833
10836
10836
10838
10841
10843
10852
10856
10857
10859
10860
10862
10862
10864
10866
10871
10874
10875
10892
10896
10903
10904
10907
10908
10909
10912
10913
10919
10921
10922
10925
10927
10928
10929
10933
10933
10934
10935
10938
10940
10941
10942
10946
10946
10951
10952
10953
10957
10967
10971
10972
10976
10976
10977
10977
10978
10981
10983
10989
10989
10989
10990
10990
10991
10993
10998
11000
11003
11003
11006
11008
11010
11011
11012
11018
11023
11024
11027
11028
11029
11030
11031
11031
11040
11044
11046
11047
11047
11049
11049
11053
11055
11060
11067
11075
11076
11076
11077
11080
11082
11083
11091
11093
11096
11099
11101
11102
11107
11107
11114
11115
11118
11118
11123
11126
11127
11128
11129
11136
11142
11143
11143
11143
11146
11153
11161
11162
11166
11167
11170
11176
11176
11183
11183
11183
11186
11187
11198
11201
11201
11204
11205
11206
11207
11207
11209
11212
11215
11216
11217
11221
11223
11228
11228
11234
11234
11235
11241
11244
11249
11251
11251
11259
11259
11264
11270
11271
11274
11278
11280
11290
11291
11296
11299
11300
11301
11302
11307
11308
11309
11311
11314
11317
11322
11330
11331
11334
11334
11336
11336
11337
11338
11346
11348
11348
11351
11351
11352
11355
11355
11357
11360
11361
11363
11365
11366
11370
11372
11372
11375
11376
11383
11386
11387
11392
11395
11398
11398
11402
11402
11405
11407
11410
11412
11415
11422
11432
11434
11436
11441
11444
11444
11444
11444
11448
11451
11457
11460
11472
11473
11473
11474
11477
11479
11479
11488
11492
11494
11501
11501
11509
11509
11509
11509
11511
11512
11531
11532
11533
11536
11537
11539
11545
11546
11546
11548
11548
11551
11552
11552
11553
11554
11557
11558
11558
11559
11560
11561
11564
11568
11574
11575
11576
11578
11582
11582
11583
11589
11590
11591
11593
11594
11594
11597
11598
11606
11607
11609
11610
11610
11612
11613
11613
11617
11623
11624
11624
11626
11629
11635
11637
11637
11637
11641
11642
11646
11647
11651
11655
11658
11658
11661
11663
11665
11671
11673
11677
11678
11679
11682
11685
11687
11688
11689
11690
11690
11698
11699
11701
11702
11703
11705
11711
11713
11714
11716
11717
11719
11719
11720
11723
11726
11726
11728
11733
11735
11735
11744
11745
11745
11747
11747
11751
11751
11751
11755
11759
11762
11774
11775
11776
11778
11784
11784
11787
11791
11799
11800
11804
11807
11807
11807
11820
11828
11829
11831
11831
11831
11834
11840
11842
11842
11848
11853
11855
11856
11858
11861
11866
11866
11866
11869
11871
11877
11879
11880
11880
11880
11881
11881
11881
11882
11886
11887
11890
11896
11904
11904
11909
11909
11909
11912
11913
11913
11916
11916
11917
11919
11919
11928
11929
11930
11932
11934
11936
11938
11946
11947
11956
11957
11960
11960
11960
11963
11972
11975
11977
11980
11987
11990
12001
12001
12002
12006
12020
12023
12026
12029
12030
12031
12043
12051
12052
12058
12062
12068
12071
12074
12075
12076
12078
12078
12079
12087
12088
12089
12091
12094
12095
12101
12101
12101
12102
12106
12109
12119
12121
12129
12129
12130
12130
12137
12140
12140
12147
12149
12151
12156
12158
12159
12160
12167
12177
12178
12184
12187
12195
12197
12201
12202
12208
12211
12212
12215
12215
12216
12218
12220
12222
12227
12230
12231
12233
12236
12238
12239
12240
12241
12244
12251
12253
12256
12266
12266
12271
12273
12277
12283
12284
12284
12286
12289
12291
12293
12293
12296
12297
12298
12302
12304
12306
12310
12311
12315
12316
12322
12322
12323
12324
12324
12327
12328
12329
12331
12333
12336
12337
12338
12343
12343
12346
12347
12348
12353
12362
12363
12364
12370
12374
12376
12377
12379
12381
12384
12385
12389
12390
12390
12396
12398
12403
12411
12413
12415
12415
12422
12424
12424
12426
12428
12434
12436
12439
12440
12442
12444
12448
12451
12456
12457
12458
12463
12476
12483
12484
12484
12486
12488
12489
12490
12491
12492
12495
12495
12496
12506
12507
12508
12509
12510
12510
12513
12514
12518
12525
12535
12536
12537
12537
12538
12539
12540
12543
12548
12553
12553
12556
12558
12559
12560
12562
12563
12564
12564
12565
12566
12567
12567
12567
12570
12571
12581
12585
12590
12593
12595
12599
12599
12601
12604
12606
12607
12611
12612
12613
12613
12614
12615
12615
12617
12623
12624
12626
12632
12636
12636
12638
12638
12644
12644
12645
12648
12653
12654
12665
12669
12670
12674
12674
12674
12679
12686
12687
12687
12688
12693
12701
12711
12716
12719
12723
12729
12733
12734
12741
12742
12743
12746
12747
12747
12748
12749
12754
12754
12754
12756
12767
12768
12768
12770
12785
12789
12790
12791
12792
12793
12793
12795
12804
12807
12807
12810
12812
12817
12817
12819
12830
12836
12836
12838
12839
12839
12840
12843
12849
12851
12854
12856
12856
12857
12861
12870
12870
12874
12877
12878
12880
12880
12885
12891
12896
12903
12904
12905
12905
12907
12909
12911
12914
12916
12917
12918
12921
12929
12931
12933
12939
12942
12945
12946
12947
12948
12951
12951
12957
12963
12964
12964
12964
12967
12968
12977
12977
12978
12991
12996
13002
13002
13004
13006
13010
13020
13021
13029
13030
13034
13037
13039
13042
13043
13043
13045
13045
13049
13053
13063
13063
13064
13065
13066
13066
13067
13072
13078
13082
13093
13094
13096
13098
13098
13103
13106
13108
13108
13109
13109
13112
13116
13118
13119
13119
13122
13122
13129
13130
13136
13144
13150
13157
13160
13160
13160
13160
13163
13164
13182
13184
13186
13187
13192
13195
13195
13204
13206
13207
13208
13209
13211
13212
13214
13216
13219
13219
13220
13225
13226
13227
13227
13243
13245
13246
13246
13248
13249
13253
13262
13265
13266
13267
13269
13269
13272
13273
13274
13283
13293
13297
13301
13301
13310
13313
13316
13317
13317
13321
13326
13327
13328
13336
13337
13344
13346
13347
13347
13347
13352
13352
13358
13367
13367
13371
13375
13382
13384
13386
13388
13394
13398
13399
13400
13403
13403
13405
13405
13409
13410
13420
13420
13422
13425
13428
13430
13430
13431
13435
13438
13441
13442
13447
13449
13453
13456
13456
13459
13460
13460
13464
13475
13479
13485
13491
13498
13498
13501
13501
13509
13511
13514
13516
13517
13519
13526
13529
13530
13531
13539
13539
13543
13544
13553
13555
13560
13565
13566
13567
13574
13578
13579
13582
13583
13583
13585
13588
13590
13590
13591
13592
13595
13597
13598
13599
13602
13604
13605
13608
13610
13611
13611
13612
13614
13621
13624
13637
13643
13648
13653
13654
13657
13659
13660
13673
13680
13683
13687
13689
13691
13695
13696
13698
13701
13704
13705
13708
13709
13723
13734
13734
13739
13743
13743
13747
13747
13753
13754
13755
13757
13757
13764
13766
13767
13771
13774
13776
13779
13782
13782
13783
13784
13787
13791
13792
13793
13801
13809
13818
13824
13827
13832
13834
13838
13845
13846
13846
13847
13852
13854
13863
13864
13864
13871
13875
13878
13880
13883
13900
13904
13905
13908
13912
13914
13920
13930
13930
13933
13937
13938
13944
13947
13948
13950
13950
13961
13967
13968
13974
13980
13982
13982
13984
13989
13989
13994
13996
13998
14003
14006
14006
14009
14010
14016
14021
14022
14023
14028
14044
14046
14046
14048
14048
14052
14054
14057
14057
14063
14064
14067
14067
14069
14069
14070
14072
14075
14081
14082
14083
14086
14088
14088
14094
14096
14096
14099
14100
14100
14103
14107
14108
14108
14108
14109
14109
14110
14117
14117
14119
14123
14123
14126
14134
14135
14138
14142
14150
14153
14155
14155
14156
14159
14159
14163
14166
14171
14172
14181
14183
14183
14185
14186
14189
14191
14193
14194
14205
14220
14225
14226
14227
14227
14228
14232
14234
14234
14237
14239
14240
14240
14243
14245
14247
14253
14255
14258
14260
14270
14273
14279
14285
14292
14294
14294
14296
14310
14310
14310
14312
14314
14316
14320
14325
14332
14339
14341
14343
14346
14347
14355
14356
14356
14357
14364
14365
14370
14376
14386
14390
14391
14394
14397
14398
14405
14408
14409
14413
14419
14420
14424
14425
14428
14428
14429
14430
14430
14432
14436
14444
14450
14452
14453
14455
14456
14460
14461
14465
14471
14476
14476
14476
14478
14483
14495
14501
14503
14505
14509
14510
14510
14518
14528
14529
14534
14534
14536
14543
14548
14551
14554
14556
14560
14560
14564
14566
14570
14571
14580
14582
14582
14583
14585
14586
14597
14598
14601
14602
14607
14614
14614
14615
14615
14616
14618
14620
14621
14627
14628
14628
14632
14638
14639
14642
14647
14649
14651
14655
14656
14658
14659
14663
14671
14671
14680
14683
14686
14689
14689
14692
14692
14693
14693
14698
14699
14701
14703
14704
14709
14712
14716
14718
14718
14731
14731
14736
14736
14737
14742
14744
14746
14752
14752
14752
14755
14757
14757
14759
14761
14764
14773
14775
14781
14788
14790
14802
14805
14812
14812
14814
14814
14818
14818
14818
14820
14821
14823
14836
14837
14840
14841
14843
14847
14852
14862
14867
14867
14867
14871
14874
14877
14881
14883
14885
14885
14893
14901
14902
14902
14904
14910
14911
14912
14913
14915
14917
14918
14920
14922
14931
14938
14943
14945
14946
14946
14946
14952
14957
14957
14970
14971
14972
14973
14976
14977
14978
14981
14981
14982
14984
14984
14987
14989
14989
14991
14994
14998
15001
15002
15008
15010
15011
15012
15017
15020
15025
15025
15036
15044
15047
15047
15052
15053
15060
15066
15079
15080
15081
15081
15084
15090
15093
15095
15096
15097
15099
15103
15111
15111
15112
15115
15117
15119
15120
15121
15126
15127
15129
15129
15133
15134
15139
15143
15143
15143
15144
15152
15156
15156
15157
15170
15179
15180
15183
15189
15191
15192
15192
15200
15203
15206
15207
15208
15209
15211
15216
15218
15218
15219
15224
15231
15239
15247
15249
15250
15250
15253
15253
15255
15258
15259
15267
15269
15275
15283
15284
15285
15285
15286
15289
15291
15292
15295
15312
15314
15315
15318
15322
15327
15330
15331
15337
15357
15361
15362
15365
15368
15369
15370
15370
15371
15371
15375
15375
15376
15380
15383
15384
15387
15388
15392
15397
15398
15398
15399
15401
15403
15406
15407
15411
15412
15423
15425
15430
15436
15436
15438
15441
15442
15447
15450
15450
15451
15453
15453
15453
15454
15456
15463
15466
15466
15468
15471
15472
15476
15479
15480
15481
15481
15486
15494
15496
15499
15500
15501
15507
15508
15509
15511
15523
15525
15528
15528
15530
15532
15538
15538
15541
15543
15544
15545
15548
15552
15554
15556
15556
15557
15561
15562
15575
15575
15579
15579
15583
15584
15588
15590
15591
15592
15594
15595
15595
15596
15601
15607
15613
15620
15620
15621
15621
15621
15622
15631
15633
15635
15636
15638
15639
15642
15649
15655
15656
15658
15665
15668
15672
15672
15675
15677
15681
15682
15683
15684
15686
15688
15689
15692
15694
15695
15696
15700
15703
15704
15707
15707
15713
15715
15717
15717
15720
15731
15745
15747
15750
15751
15757
15762
15766
15769
15778
15790
15791
15793
15794
15796
15797
15798
15803
15803
15804
15806
15812
15820
15826
15833
15835
15837
15844
15845
15845
15846
15847
15855
15857
15858
15860
15865
15869
15870
15871
15877
15881
15886
15888
15898
15905
15910
15912
15930
15934
15935
15937
15937
15938
15946
15954
15957
15958
15967
15968
15971
15974
15977
15983
15989
15996
15997
16002
16004
16007
16007
16015
16017
16021
16023
16027
16030
16036
16039
16040
16042
16043
16045
16047
16048
16053
16056
16057
16057
16060
16062
16062
16062
16063
16064
16064
16065
16068
16073
16080
16081
16083
16085
16091
16092
16093
16094
16094
16096
16100
16105
16109
16109
16110
16110
16113
16114
16119
16120
16123
16124
16125
16127
16127
16128
16132
16133
16136
16138
16139
16140
16140
16142
16144
16147
16153
16158
16159
16164
16168
16168
16168
16171
16172
16177
16179
16180
16182
16182
16184
16186
16186
16189
16191
16194
16195
16199
16204
16205
16212
16213
16218
16219
16220
16225
16228
16229
16230
16232
16236
16238
16240
16241
16247
16253
16254
16255
16256
16260
16265
16266
16267
16270
16271
16272
16273
16280
16280
16281
16282
16283
16289
16291
16291
16292
16293
16293
16294
16297
16304
16310
16313
16316
16318
16319
16325
16325
16335
16342
16346
16348
16353
16357
16359
16361
16364
16365
16367
16377
16387
16389
16390
16390
16391
16395
16398
16401
16410
16414
16416
16416
16417
16418
16421
16427
16430
16432
16434
16438
16439
16440
16445
16446
16447
16456
16458
16463
16471
16472
16484
16486
16491
16504
16507
16507
16514
16515
16516
16519
16520
16522
16523
16524
16524
16525
16528
16530
16531
16532
16535
16539
16541
16544
16546
16549
16551
16553
16556
16562
16565
16566
16569
16578
16579
16584
16586
16587
16589
16591
16598
16603
16605
16607
16607
16607
16608
16614
16616
16619
16620
16621
16624
16625
16625
16626
16629
16632
16635
16638
16640
16641
16649
16656
16659
16662
16664
16667
16668
16669
16670
16678
16679
16680
16680
16685
16690
16694
16700
16704
16705
16708
16711
16716
16717
16719
16723
16726
16727
16727
16728
16729
16731
16731
16732
16733
16738
16740
16743
16744
16761
16763
16765
16769
16776
16778
16784
16787
16792
16794
16795
16796
16799
16800
16812
16813
16814
16816
16818
16825
16827
16832
16832
16836
16836
16837
16842
16844
16845
16849
16849
16850
16850
16852
16862
16865
16869
16869
16872
16873
16878
16879
16887
16894
16898
16898
16901
16903
16903
16904
16907
16920
16921
16926
16928
16930
16930
16933
16933
16933
16935
16936
16940
16940
16943
16948
16949
16956
16956
16957
16958
16959
16959
16960
16962
16962
16964
16966
16968
16974
16977
16980
16981
16984
16984
16987
16990
16994
17002
17007
17007
17010
17014
17015
17017
17023
17025
17029
17030
17035
17038
17042
17045
17046
17048
17049
17055
17056
17063
17070
17074
17075
17075
17080
17083
17084
17084
17092
17093
17095
17095
17096
17096
17101
17101
17104
17106
17107
17116
17117
17120
17121
17123
17123
17125
17130
17135
17135
17139
17146
17149
17151
17153
17154
17154
17155
17156
17162
17164
17167
17167
17167
17174
17176
17176
17176
17179
17185
17187
17190
17195
17202
17202
17206
17211
17213
17214
17217
17219
17223
17225
17225
17228
17229
17230
17235
17235
17243
17243
17243
17244
17245
17246
17256
17257
17259
17262
17262
17263
17263
17271
17273
17276
17294
17295
17296
17300
17302
17303
17308
17311
17312
17312
17332
17333
17334
17338
17339
17339
17339
17340
17341
17343
17345
17346
17352
17354
17357
17359
17360
17364
17366
17367
17368
17372
17376
17380
17388
17390
17392
17398
17401
17402
17406
17407
17408
17416
17421
17427
17442
17444
17446
17446
17448
17457
17458
17470
17470
17474
17477
17477
17480
17481
17489
17491
17493
17494
17498
17501
17504
17504
17512
17513
17517
17521
17524
17534
17534
17535
17536
17536
17538
17542
17544
17548
17548
17551
17553
17557
17565
17565
17568
17570
17586
17590
17591
17599
17604
17607
17608
17609
17611
17616
17617
17617
17620
17625
17630
17636
17639
17643
17644
17647
17648
17650
17652
17654
17657
17662
17663
17664
17664
17665
17668
17672
17675
17675
17675
17686
17687
17689
17691
17695
17704
17707
17709
17711
17713
17721
17724
17728
17729
17730
17736
17741
17749
17751
17753
17754
17755
17757
17757
17757
17763
17764
17765
17774
17778
17782
17786
17786
17791
17802
17803
17803
17809
17810
17815
17818
17820
17820
17823
17824
17825
17826
17828
17833
17846
17847
17848
17849
17853
17857
17861
17862
17863
17873
17876
17877
17880
17887
17887
17899
17908
17913
17916
17921
17922
17922
17924
17925
17926
17930
17930
17932
17935
17949
17955
17956
17956
17961
17965
17967
17972
17974
17978
17980
17981
17986
17986
17987
17994
17995
17998
17999
18005
18005
18006
18008
18008
18008
18010
18010
18011
18014
18014
18016
18017
18023
18026
18028
18029
18030
18031
18036
18036
18038
18045
18045
18047
18048
18051
18060
18065
18065
18065
18066
18072
18075
18080
18081
18084
18093
18093
18094
18094
18101
18103
18105
18107
18112
18113
18119
18133
18134
18136
18138
18146
18147
18148
18155
18157
18161
18161
18165
18165
18165
18171
18171
18173
18174
18176
18178
18178
18182
18183
18194
18200
18201
18201
18204
18207
18207
18219
18220
18221
18233
18242
18248
18249
18251
18251
18252
18258
18264
18265
18266
18267
18268
18270
18270
18278
18278
18282
18282
18283
18289
18292
18301
18304
18304
18306
18307
18310
18310
18318
18319
18321
18322
18326
18329
18338
18340
18346
18346
18350
18353
18358
18359
18361
18362
18363
18366
18366
18368
18372
18374
18378
18379
18379
18381
18384
18386
18388
18402
18403
18406
18407
18409
18413
18415
18416
18419
18423
18425
18441
18441
18449
18457
18458
18461
18463
18463
18466
18474
18479
18482
18483
18485
18490
18499
18503
18511
18511
18512
18513
18513
18522
18528
18532
18535
18536
18539
18546
18549
18550
18555
18556
18562
18566
18566
18570
18572
18573
18574
18574
18575
18577
18580
18582
18582
18582
18586
18593
18595
18596
18599
18600
18601
18604
18610
18612
18614
18620
18620
18623
18630
18630
18631
18633
18636
18638
18639
18639
18640
18648
18650
18651
18664
18666
18667
18671
18672
18674
18677
18683
18684
18685
18687
18688
18692
18695
18697
18697
18704
18705
18705
18710
18712
18720
18724
18725
18730
18732
18736
18743
18746
18748
18748
18750
18751
18757
18761
18766
18769
18772
18773
18776
18787
18799
18803
18807
18808
18808
18810
18813
18814
18815
18822
18823
18823
18824
18827
18829
18829
18830
18831
18832
18835
18840
18840
18840
18855
18858
18865
18867
18872
18872
18872
18872
18873
18874
18914
18916
18919
18921
18923
18924
18925
18936
18939
18941
18942
18954
18954
18957
18963
18967
18968
18974
18981
18987
18991
18994
18998
18999
19008
19011
19016
19017
19020
19026
19027
19030
19033
19036
19037
19037
19041
19042
19056
19061
19063
19064
19072
19079
19084
19087
19089
19098
19102
19105
19107
19107
19107
19108
19108
19110
19113
19121
19124
19129
19130
19134
19139
19139
19144
19144
19155
19160
19161
19163
19167
19169
19176
19177
19182
19187
19188
19188
19189
19189
19189
19190
19198
19199
19204
19205
19206
19208
19209
19210
19211
19215
19215
19219
19229
19230
19231
19234
19234
19236
19236
19237
19238
19243
19249
19249
19259
19261
19263
19264
19266
19266
19267
19268
19271
19272
19283
19284
19285
19303
19304
19306
19311
19322
19322
19327
19334
19337
19338
19340
19341
19344
19345
19347
19355
19361
19370
19386
19386
19386
19388
19390
19404
19410
19412
19415
19415
19418
19420
19424
19428
19430
19440
19441
19441
19449
19450
19453
19458
19459
19461
19463
19467
19474
19474
19477
19480
19480
19482
19485
19487
19488
19489
19495
19495
19496
19496
19497
19503
19516
19520
19527
19527
19529
19533
19540
19542
19543
19544
19548
19560
19565
19568
19573
19574
19581
19584
19590
19595
19597
19598
19602
19604
19610
19614
19615
19618
19619
19622
19625
19630
19637
19638
19639
19639
19640
19640
19640
19643
19645
19646
19649
19656
19656
19659
19660
19664
19665
19665
19665
19673
19679
19680
19681
19681
19682
19683
19693
19699
19700
19703
19706
19708
19712
19713
19714
19719
19723
19723
19723
19726
19730
19733
19734
19743
19744
19745
19746
19748
19749
19752
19753
19758
19760
19766
19768
19769
19773
19775
19776
19781
19781
19782
19788
19790
19790
19791
19793
19801
19803
19804
19810
19817
19817
19818
19818
19819
19820
19821
19825
19829
19829
19830
19830
19833
19839
19840
19850
19851
19852
19853
19860
19860
19861
19865
19871
19875
19887
19890
19891
19891
19897
19900
19903
19906
19907
19911
19915
19918
19922
19928
19935
19937
19937
19941
19948
19949
19955
19957
19958
19962
19963
19965
19969
19972
19973
19975
19994
19996
19998
20000
20004
20008
20017
20020
20024
20029
20029
20031
20031
20037
20039
20040
20040
20040
20040
20042
20043
20046
20049
20049
20054
20063
20065
20065
20066
20066
20067
20072
20076
20076
20077
20081
20085
20086
20090
20090
20092
20096
20101
20105
20112
20116
20116
20123
20125
20126
20131
20132
20142
20145
20146
20149
20152
20158
20160
20163
20167
20169
20169
20175
20175
20176
20180
20181
20182
20183
20184
20191
20193
20196
20203
20204
20208
20208
20213
20214
20215
20217
20217
20218
20219
20225
20231
20234
20235
20235
20238
20239
20240
20244
20248
20249
20251
20256
20258
20259
20267
20267
20267
20269
20270
20279
20281
20284
20284
20285
20289
20293
20294
20302
20308
20309
20312
20314
20318
20321
20330
20332
20332
20334
20338
20338
20341
20347
20347
20348
20348
20350
20353
20355
20357
20362
20364
20364
20365
20367
20367
20368
20369
20377
20377
20377
20379
20384
20385
20393
20399
20401
20409
20412
20414
20414
20418
20421
20425
20425
20426
20433
20437
20438
20441
20448
20450
20452
20453
20461
20463
20466
20470
20471
20471
20472
20475
20476
20477
20481
20481
20484
20487
20489
20492
20493
20493
20494
20503
20504
20506
20507
20508
20509
20510
20520
20520
20523
20527
20529
20530
20533
20535
20537
20538
20546
20558
20563
20563
20565
20566
20568
20570
20573
20576
20579
20586
20592
20592
20596
20598
20600
20602
20606
20614
20615
20619
20621
20624
20634
20646
20647
20648
20649
20653
20660
20660
20670
20670
20674
20677
20679
20681
20681
20688
20690
20690
20704
20706
20708
20724
20727
20728
20733
20746
20748
20752
20753
20754
20754
20760
20760
20760
20762
20773
20773
20774
20774
20774
20775
20781
20782
20787
20788
20794
20796
20797
20798
20802
20803
20809
20816
20821
20822
20831
20833
20836
20841
20843
20849
20853
20854
20854
20858
20859
20860
20862
20868
20871
20873
20877
20889
20895
20895
20899
20900
20900
20903
20907
20917
20927
20928
20943
20943
20944
20946
20949
20952
20954
20958
20961
20966
20967
20971
20971
20974
20974
20982
20985
20986
20988
20988
20989
20990
20992
20999
21007
21008
21009
21013
21023
21024
21027
21031
21036
21038
21038
21040
21045
21048
21048
21048
21049
21053
21055
21057
21065
21066
21066
21067
21076
21077
21078
21081
21084
21085
21085
21085
21087
21088
21089
21090
21090
21090
21094
21099
21099
21102
21104
21109
21112
21116
21121
21124
21126
21130
21131
21131
21135
21136
21140
21142
21147
21148
21148
21155
21155
21155
21158
21159
21163
21170
21171
21173
21175
21178
21179
21180
21183
21184
21188
21193
21199
21202
21214
21218
21218
21224
21226
21228
21229
21230
21232
21232
21241
21245
21248
21249
21254
21257
21258
21261
21264
21264
21278
21278
21281
21289
21292
21296
21298
21304
21308
21313
21314
21315
21316
21330
21337
21343
21343
21347
21348
21349
21350
21352
21353
21357
21363
21364
21367
21369
21377
21383
21384
21384
21385
21387
21397
21397
21402
21404
21412
21412
21413
21416
21421
21424
21426
21431
21433
21435
21438
21446
21450
21450
21450
21451
21451
21454
21455
21457
21457
21458
21460
21460
21461
21461
21461
21462
21463
21466
21473
21481
21481
21483
21486
21491
21496
21498
21500
21504
21507
21508
21509
21511
21512
21518
21526
21529
21538
21541
21543
21546
21550
21556
21563
21566
21567
21573
21575
21577
21578
21579
21579
21582
21586
21587
21588
21595
21598
21599
21600
21611
21615
21615
21622
21623
21623
21624
21628
21630
21632
21637
21637
21638
21640
21643
21643
21643
21645
21647
21648
21652
21658
21662
21663
21667
21668
21670
21671
21674
21677
21678
21684
21688
21690
21695
21696
21697
21698
21701
21702
21703
21704
21709
21709
21718
21725
21726
21729
21731
21732
21736
21746
21755
21757
21758
21762
21763
21766
21767
21770
21777
21779
21783
21788
21791
21794
21799
21799
21800
21803
21803
21804
21809
21810
21810
21811
21812
21813
21818
21818
21820
21833
21842
21845
21845
21846
21847
21848
21849
21854
21854
21855
21859
21859
21861
21861
21865
21874
21876
21876
21886
21886
21887
21888
21890
21891
21896
21896
21897
21897
21901
21906
21907
21907
21909
21912
21914
21915
21917
21922
21926
21928
21928
21930
21931
21932
21933
21934
21937
21941
21943
21944
21947
21960
21961
21968
21971
21972
21981
21985
21991
21993
22005
22009
22012
22012
22016
22017
22018
22018
22020
22024
22026
22028
22030
22037
22050
22051
22052
22054
22054
22058
22060
22061
22065
22065
22066
22071
22072
22075
22077
22087
22087
22089
22091
22092
22092
22092
22093
22094
22097
22100
22109
22109
22109
22112
22113
22119
22122
22122
22124
22126
22127
22134
22135
22139
22144
22144
22148
22153
22154
22155
22157
22166
22170
22178
22179
22179
22180
22181
22185
22186
22186
22197
22200
22205
22206
22207
22208
22211
22212
22212
22217
22218
22218
22220
22230
22232
22237
22240
22240
22242
22245
22248
22251
22255
22257
22261
22263
22267
22268
22271
22275
22276
22277
22279
22280
22287
22288
22290
22290
22293
22295
22296
22297
22298
22299
22303
22303
22308
22309
22310
22312
22315
22320
22321
22327
22331
22333
22333
22336
22340
22346
22347
22357
22364
22371
22373
22373
22374
22380
22381
22385
22389
22391
22392
22398
22400
22410
22424
22425
22430
22437
22438
22450
22455
22456
22459
22462
22463
22468
22469
22473
22476
22477
22484
22494
22494
22499
22500
22503
22503
22506
22511
22511
22513
22515
22517
22517
22518
22521
22526
22529
22532
22534
22539
22541
22546
22548
22550
22551
22552
22552
22554
22554
22555
22565
22567
22567
22572
22575
22585
22588
22594
22595
22596
22605
22607
22609
22611
22615
22628
22632
22633
22634
22639
22641
22643
22645
22645
22645
22647
22652
22656
22658
22662
22669
22676
22678
22679
22679
22680
22682
22685
22691
22691
22692
22692
22692
22696
22699
22704
22705
22724
22724
22726
22731
22734
22738
22739
22741
22741
22743
22746
22748
22749
22753
22757
22757
22769
22771
22774
22780
22781
22784
22784
22802
22803
22807
22812
22816
22816
22817
22818
22824
22825
22826
22827
22827
22832
22833
22833
22836
22837
22841
22846
22846
22848
22850
22851
22854
22854
22854
22855
22855
22860
22866
22866
22867
22867
22872
22881
22886
22890
22891
22897
22897
22900
22905
22905
22912
22913
22926
22928
22929
22933
22935
22937
22944
22955
22960
22961
22962
22962
22963
22966
22970
22974
22974
22974
22977
22979
22985
22992
22992
22994
22994
22998
22999
23000
23002
23003
23005
23008
23013
23021
23022
23024
23024
23024
23024
23028
23029
23030
23033
23035
23036
23037
23038
23046
23047
23055
23058
23066
23074
23078
23081
23086
23086
23088
23090
23092
23095
23096
23100
23106
23106
23113
23115
23115
23120
23127
23134
23136
23137
23145
23149
23151
23163
23170
23171
23172
23177
23181
23185
23186
23194
23195
23199
23201
23202
23203
23216
23219
23223
23224
23227
23228
23229
23230
23230
23232
23241
23242
23245
23245
23247
23253
23256
23257
23263
23267
23270
23275
23276
23281
23282
23283
23287
23292
23292
23294
23294
23295
23302
23305
23305
23305
23308
23319
23320
23327
23336
23338
23341
23343
23344
23353
23362
23363
23365
23366
23372
23375
23379
23380
23392
23393
23395
23396
23400
23402
23406
23407
23409
23414
23415
23416
23419
23428
23433
23434
23437
23438
23441
23443
23444
23450
23450
23461
23464
23467
23468
23470
23472
23474
23483
23484
23494
23508
23508
23519
23525
23528
23529
23529
23530
23533
23533
23534
23535
23540
23545
23549
23549
23549
23553
23555
23555
23556
23565
23566
23566
23573
23575
23576
23584
23596
23600
23601
23605
23618
23628
23628
23638
23639
23647
23651
23651
23653
23654
23654
23656
23658
23660
23661
23662
23662
23664
23666
23667
23670
23670
23672
23675
23696
23705
23708
23709
23710
23710
23714
23716
23717
23718
23722
23727
23730
23731
23731
23742
23743
23746
23751
23751
23753
23759
23764
23773
23776
23780
23783
23783
23785
23787
23789
23790
23790
23792
23792
23792
23794
23801
23804
23806
23807
23808
23808
23811
23815
23817
23822
23825
23825
23826
23834
23834
23839
23845
23845
23848
23850
23850
23852
23852
23852
23853
23854
23856
23856
23856
23858
23866
23871
23877
23883
23891
23897
23897
23901
23903
23904
23912
23912
23914
23914
23914
23917
23920
23923
23926
23926
23929
23933
23934
23934
23937
23942
23961
23965
23970
23976
23980
23981
23981
23983
23989
24001
24002
24006
24011
24019
24019
24023
24032
24034
24035
24036
24038
24040
24043
24046
24046
24047
24049
24051
24051
24060
24061
24064
24067
24068
24070
24070
24072
24080
24082
24087
24095
24103
24108
24113
24116
24117
24120
24124
24124
24125
24131
24131
24136
24138
24148
24156
24159
24161
24162
24168
24172
24175
24176
24178
24181
24188
24191
24192
24198
24200
24203
24204
24205
24205
24205
24206
24207
24210
24210
24213
24217
24218
24222
24227
24232
24240
24250
24258
24261
24262
24268
24270
24273
24276
24277
24277
24288
24289
24292
24294
24297
24301
24304
24316
24318
24323
24324
24324
24325
24330
24333
24338
24340
24348
24353
24354
24354
24356
24359
24360
24376
24376
24377
24379
24385
24385
24389
24389
24393
24396
24398
24403
24405
24408
24415
24415
24418
24420
24421
24421
24424
24425
24428
24429
24433
24436
24438
24438
24442
24445
24446
24446
24447
24447
24448
24453
24454
24455
24456
24459
24459
24462
24478
24480
24480
24486
24486
24486
24487
24489
24492
24495
24496
24501
24509
24511
24513
24516
24517
24518
24520
24524
24524
24530
24533
24533
24534
24544
24562
24565
24568
24571
24575
24577
24579
24579
24579
24582
24585
24588
24594
24605
24605
24606
24606
24607
24615
24619
24619
24619
24623
24625
24635
24637
24638
24644
24648
24650
24656
24656
24660
24671
24672
24673
24677
24677
24684
24685
24688
24693
24694
24702
24711
24712
24712
24714
24715
24716
24720
24721
24722
24728
24730
24732
24732
24733
24745
24747
24748
24750
24752
24753
24754
24754
24755
24760
24764
24769
24769
24769
24769
24770
24771
24773
24775
24780
24780
24788
24789
24801
24803
24804
24807
24808
24809
24811
24813
24815
24816
24819
24822
24824
24826
24832
24834
24839
24845
24850
24851
24853
24854
24862
24863
24866
24878
24878
24879
24880
24882
24883
24890
24890
24893
24904
24906
24914
24914
24916
24920
24922
24928
24928
24928
24931
24933
24933
24935
24939
24945
24945
24950
24953
24955
24956
24962
24964
24972
24975
24975
24981
24982
24985
24991
24995
24996
24998
25000
25003
25008
25008
25009
25011
25012
25015
25022
25023
25029
25031
25038
25039
25043
25049
25050
25050
25050
25056
25060
25062
25063
25064
25065
25072
25073
25073
25075
25076
25077
25078
25079
25083
25086
25090
25095
25099
25102
25103
25106
25111
25113
25124
25129
25133
25135
25136
25137
25137
25138
25138
25140
25143
25148
25153
25153
25156
25158
25162
25164
25174
25175
25176
25177
25179
25182
25182
25183
25184
25186
25189
25189
25193
25194
25196
25201
25202
25205
25210
25211
25219
25219
25224
25229
25230
25236
25237
25239
25239
25248
25252
25254
25254
25259
25261
25262
25267
25271
25277
25279
25280
25281
25281
25284
25286
25287
25288
25289
25291
25292
25298
25301
25304
25304
25311
25312
25313
25314
25317
25318
25326
25328
25334
25336
25346
25346
25348
25348
25352
25352
25354
25355
25364
25364
25372
25378
25380
25383
25387
25388
25388
25393
25396
25398
25403
25406
25415
25417
25418
25420
25423
25424
25427
25429
25430
25432
25433
25442
25446
25452
25453
25456
25457
25461
25461
25462
25462
25464
25468
25473
25474
25475
25477
25482
25484
25488
25491
25491
25496
25498
25499
25502
25510
25517
25523
25523
25526
25528
25530
25533
25533
25536
25539
25539
25551
25564
25567
25569
25570
25571
25577
25582
25588
25590
25591
25591
25593
25594
25598
25599
25608
25609
25611
25612
25613
25618
25619
25625
25625
25626
25629
25629
25630
25632
25633
25636
25637
25650
25655
25656
25656
25657
25658
25659
25662
25665
25667
25671
25684
25688
25689
25690
25693
25696
25697
25699
25700
25700
25701
25701
25702
25705
25713
25713
25714
25725
25735
25746
25753
25755
25757
25763
25777
25792
25795
25796
25797
25812
25815
25831
25831
25836
25837
25839
25841
25844
25846
25851
25859
25861
25865
25869
25869
25875
25880
25883
25884
25885
25885
25887
25890
25892
25892
25895
25895
25912
25912
25913
25915
25924
25925
25926
25928
25932
25937
25939
25944
25945
25949
25950
25953
25953
25956
25962
25962
25963
25966
25968
25971
25972
25997
25998
25999
26004
26010
26014
26017
26019
26021
26022
26024
26025
26030
26035
26037
26038
26043
26044
26048
26048
26048
26049
26056
26058
26063
26064
26065
26068
26070
26077
26079
26081
26082
26085
26088
26089
26090
26095
26096
26096
26099
26100
26100
26102
26102
26103
26103
26105
26105
26105
26106
26107
26107
26110
26112
26112
26112
26120
26125
26127
26128
26129
26131
26134
26136
26137
26142
26148
26152
26159
26166
26171
26173
26173
26175
26181
26181
26184
26186
26189
26194
26195
26198
26198
26204
26204
26207
26210
26212
26224
26225
26228
26228
26230
26231
26231
26232
26237
26238
26238
26239
26239
26239
26258
26260
26260
26267
26269
26272
26276
26278
26286
26296
26300
26301
26303
26312
26312
26313
26313
26313
26314
26317
26319
26322
26326
26326
26326
26331
26334
26335
26347
26352
26353
26357
26357
26358
26359
26363
26364
26368
26371
26378
26379
26384
26384
26386
26388
26389
26393
26396
26397
26406
26406
26408
26410
26411
26412
26425
26434
26436
26448
26454
26459
26460
26465
26467
26469
26472
26472
26475
26477
26484
26491
26493
26494
26494
26498
26499
26507
26507
26511
26512
26523
26524
26525
26527
26530
26531
26538
26547
26551
26554
26556
26562
26563
26576
26577
26577
26579
26580
26580
26584
26584
26586
26586
26589
26590
26592
26593
26594
26595
26595
26596
26606
26620
26622
26630
26635
26637
26641
26647
26648
26648
26650
26651
26654
26656
26664
26665
26670
26679
26683
26687
26691
26692
26693
26696
26698
26701
26702
26706
26716
26717
26718
26724
26724
26729
26743
26744
26751
26766
26767
26768
26773
26774
26774
26775
26777
26778
26780
26785
26786
26791
26792
26794
26794
26796
26798
26799
26801
26804
26810
26818
26821
26826
26829
26829
26830
26831
26831
26834
26836
26837
26838
26840
26847
26848
26849
26852
26855
26857
26870
26871
26876
26882
26882
26882
26895
26895
26898
26905
26905
26907
26910
26911
26917
26919
26922
26923
26924
26924
26928
26931
26934
26938
26939
26940
26941
26946
26948
26953
26963
26967
26970
26973
26973
26977
26981
26983
26983
26990
26990
27003
27003
27004
27006
27012
27014
27019
27019
27020
27024
27029
27033
27034
27047
27054
27058
27065
27067
27070
27070
27073
27079
27084
27087
27088
27095
27095
27096
27098
27103
27108
27110
27110
27110
27111
27112
27115
27117
27117
27131
27140
27142
27146
27147
27154
27156
27158
27158
27165
27166
27170
27180
27180
27180
27184
27185
27189
27192
27197
27198
27199
27201
27208
27217
27224
27225
27226
27231
27237
27241
27246
27247
27248
27248
27251
27253
27260
27260
27261
27270
27272
27284
27288
27289
27293
27295
27295
27296
27299
27300
27302
27307
27310
27315
27320
27321
27323
27323
27324
27325
27326
27327
27328
27333
27340
27342
27349
27365
27365
27366
27369
27376
27377
27380
27384
27388
27389
27391
27391
27397
27401
27401
27403
27403
27411
27412
27413
27416
27417
27417
27419
27420
27420
27423
27425
27426
27428
27429
27434
27436
27436
27440
27443
27446
27450
27451
27453
27458
27459
27460
27463
27466
27466
27467
27467
27468
27476
27478
27479
27481
27482
27486
27487
27488
27488
27494
27496
27496
27510
27511
27511
27514
27514
27515
27517
27520
27525
27526
27531
27531
27531
27532
27532
27533
27534
27534
27535
27539
27540
27544
27550
27554
27556
27557
27560
27562
27564
27566
27577
27578
27579
27581
27582
27588
27592
27598
27603
27603
27604
27605
27609
27610
27612
27614
27616
27617
27618
27618
27623
27624
27629
27630
27634
27635
27636
27639
27639
27641
27643
27649
27650
27656
27659
27662
27664
27664
27667
27673
27679
27680
27684
27689
27691
27692
27692
27694
27696
27698
27698
27705
27706
27717
27720
27724
27728
27732
27735
27736
27736
27737
27737
27739
27745
27748
27750
27752
27752
27754
27758
27759
27769
27769
27771
27772
27775
27776
27779
27787
27788
27789
27790
27790
27793
27793
27796
27796
27804
27805
27806
27809
27810
27816
27817
27821
27822
27824
27825
27832
27835
27836
27848
27850
27850
27852
27855
27856
27857
27864
27865
27869
27870
27871
27875
27875
27884
27884
27885
27886
27886
27892
27894
27898
27900
27907
27908
27909
27914
27917
27947
27947
27951
27957
27957
27957
27958
27963
27964
27974
27976
27977
27980
27980
27990
27994
27996
28001
28005
28011
28015
28018
28024
28028
28030
28030
28031
28035
28036
28037
28041
28042
28043
28048
28048
28051
28054
28056
28057
28058
28063
28063
28066
28073
28076
28077
28081
28091
28094
28096
28097
28103
28105
28107
28107
28112
28116
28118
28118
28121
28122
28125
28127
28129
28130
28130
28133
28135
28138
28142
28145
28146
28153
28158
28159
28160
28165
28169
28170
28183
28183
28185
28190
28191
28194
28194
28197
28197
28200
28200
28207
28208
28209
28210
28213
28215
28216
28217
28218
28218
28218
28219
28220
28225
28227
28230
28232
28237
28239
28245
28251
28254
28262
28265
28267
28276
28276
28277
28279
28283
28289
28296
28297
28298
28301
28304
28306
28307
28312
28313
28314
28317
28328
28330
28330
28330
28331
28335
28335
28338
28339
28341
28354
28358
28363
28363
28364
28386
28394
28395
28395
28395
28396
28397
28399
28400
28415
28415
28419
28419
28420
28423
28424
28428
28431
28434
28446
28447
28448
28451
28455
28459
28460
28463
28465
28469
28473
28474
28477
28478
28480
28481
28481
28482
28492
28492
28502
28503
28507
28511
28512
28512
28513
28519
28529
28529
28540
28542
28547
28548
28548
28549
28552
28555
28557
28560
28570
28573
28573
28582
28584
28587
28593
28596
28597
28598
28603
28607
28611
28613
28616
28618
28621
28622
28637
28641
28642
28643
28645
28646
28648
28651
28652
28656
28660
28661
28661
28666
28671
28672
28673
28676
28676
28677
28677
28683
28683
28687
28687
28698
28710
28718
28718
28720
28722
28722
28723
28723
28723
28725
28727
28732
28733
28736
28741
28742
28746
28753
28754
28763
28765
28769
28770
28772
28773
28776
28778
28782
28786
28789
28797
28801
28801
28802
28806
28813
28813
28813
28817
28818
28818
28824
28826
28830
28831
28832
28840
28842
28850
28850
28853
28853
28854
28854
28856
28864
28866
28868
28871
28873
28879
28883
28884
28889
28893
28894
28899
28903
28909
28911
28912
28913
28914
28917
28925
28945
28949
28950
28952
28955
28967
28969
28972
28972
28974
28977
28982
28982
28983
28984
28986
28987
28995
28996
28999
29007
29008
29011
29012
29017
29019
29022
29024
29025
29026
29026
29027
29028
29041
29043
29045
29045
29053
29055
29060
29062
29071
29074
29075
29084
29085
29085
29089
29095
29096
29100
29100
29104
29104
29105
29108
29108
29108
29112
29112
29127
29129
29131
29133
29142
29149
29150
29151
29159
29166
29166
29179
29182
29190
29190
29192
29194
29198
29200
29201
29203
29205
29207
29208
29209
29212
29212
29216
29218
29220
29230
29234
29234
29238
29239
29240
29241
29243
29252
29253
29256
29256
29261
29272
29275
29279
29281
29283
29283
29284
29294
29302
29303
29306
29312
29313
29315
29317
29321
29324
29330
29332
29342
29342
29342
29343
29344
29347
29350
29361
29365
29367
29368
29368
29376
29376
29377
29382
29392
29392
29393
29398
29400
29401
29403
29408
29413
29413
29413
29416
29416
29420
29420
29421
29422
29427
29432
29433
29439
29442
29445
29448
29448
29450
29450
29461
29466
29469
29469
29475
29476
29484
29488
29489
29492
29496
29497
29502
29512
29513
29513
29514
29515
29523
29523
29535
29540
29543
29554
29557
29559
29561
29562
29567
29569
29571
29574
29574
29575
29577
29580
29581
29582
29586
29591
29598
29605
29608
29609
29611
29612
29616
29618
29620
29620
29622
29624
29624
29626
29626
29626
29628
29629
29630
29633
29634
29636
29648
29650
29655
29655
29657
29658
29660
29660
29660
29661
29663
29663
29665
29665
29667
29669
29674
29678
29684
29687
29688
29695
29700
29704
29708
29711
29713
29718
29722
29725
29726
29729
29735
29735
29736
29737
29739
29744
29744
29745
29746
29751
29752
29755
29756
29770
29772
29774
29775
29777
29778
29780
29781
29785
29788
29790
29796
29801
29801
29801
29803
29804
29804
29808
29810
29813
29818
29821
29821
29825
29827
29832
29832
29835
29840
29843
29846
29848
29850
29851
29852
29856
29856
29857
29857
29861
29863
29863
29863
29868
29871
29871
29872
29887
29890
29895
29897
29898
29902
29904
29905
29907
29908
29914
29914
29917
29918
29924
29924
29925
29929
29929
29929
29929
29933
29933
29935
29951
29951
29951
29955
29959
29965
29967
29974
29975
29981
29984
29987
29988
29989
29992
29993
14002
20
13982
