10000
5
6
8
9
11
13
19
20
22
35
41
43
46
51
55
58
58
59
61
64
64
66
69
75
77
82
89
91
94
105
110
112
112
118
120
120
122
124
127
130
137
146
149
150
150
162
166
168
169
170
174
175
178
180
185
188
191
192
195
197
201
201
202
207
208
213
213
214
220
221
223
223
226
226
227
232
236
242
243
255
255
256
260
261
262
263
265
269
271
273
276
278
281
287
289
289
290
293
297
301
306
306
307
310
314
319
333
334
336
337
346
347
350
360
360
360
361
369
371
371
372
373
381
381
383
384
389
394
397
397
397
403
403
404
405
406
407
408
411
413
414
428
436
438
440
442
443
443
449
449
454
457
458
461
461
462
463
465
466
470
474
478
478
491
495
495
506
508
513
516
518
522
525
525
525
528
532
532
534
535
538
539
539
541
542
546
547
552
552
557
562
565
566
573
576
577
583
587
591
593
595
596
601
602
603
604
610
610
611
612
613
618
618
620
620
623
627
630
630
631
633
637
640
645
647
648
649
649
649
650
651
651
655
655
658
665
666
668
673
673
674
676
676
679
684
688
690
690
691
693
694
695
699
707
714
714
719
723
723
723
725
730
735
737
741
741
745
750
753
754
760
763
771
774
774
785
797
800
801
806
809
810
810
810
813
814
820
822
830
831
835
836
838
840
842
842
844
844
850
852
857
862
864
868
869
870
871
872
876
877
877
880
893
896
899
901
902
903
905
906
907
907
910
915
919
924
929
931
932
940
942
948
948
952
953
956
965
969
972
972
977
986
988
990
992
993
993
995
1006
1009
1015
1016
1020
1020
1024
1025
1029
1033
1034
1038
1041
1042
1042
1042
1042
1044
1049
1051
1056
1059
1062
1062
1064
1065
1066
1073
1074
1082
1089
1091
1095
1096
1101
1102
1106
1115
1122
1133
1135
1143
1149
1151
1153
1155
1157
1159
1164
1174
1180
1184
1186
1186
1187
1189
1193
1203
1208
1212
1215
1219
1223
1225
1226
1226
1226
1228
1229
1233
1236
1237
1237
1243
1254
1258
1259
1261
1263
1266
1268
1270
1270
1278
1278
1287
1290
1291
1293
1293
1304
1306
1320
1320
1328
1331
1339
1343
1344
1348
1349
1358
1370
1372
1377
1379
1382
1388
1391
1405
1405
1411
1411
1415
1418
1418
1420
1420
1420
1424
1429
1430
1435
1435
1435
1439
1440
1440
1441
1445
1448
1449
1455
1456
1456
1460
1464
1464
1464
1467
1476
1480
1481
1483
1485
1490
1494
1496
1497
1498
1505
1506
1512
1518
1521
1531
1535
1538
1542
1547
1547
1549
1553
1557
1558
1558
1560
1564
1566
1566
1571
1571
1578
1582
1586
1593
1597
1598
1598
1602
1603
1606
1607
1611
1611
1611
1611
1616
1616
1618
1620
1626
1627
1628
1636
1636
1638
1640
1647
1647
1651
1661
1663
1667
1667
1668
1670
1675
1676
1684
1684
1687
1690
1692
1692
1694
1697
1697
1697
1698
1699
1702
1722
1723
1724
1729
1730
1730
1731
1736
1739
1742
1745
1745
1745
1746
1752
1754
1758
1766
1767
1772
1778
1788
1788
1789
1789
1795
1799
1802
1809
1810
1813
1814
1815
1818
1821
1825
1830
1831
1832
1834
1841
1853
1853
1854
1856
1859
1865
1865
1869
1873
1874
1874
1875
1877
1879
1879
1884
1886
1886
1889
1894
1897
1898
1904
1904
1905
1912
1913
1914
1919
1921
1931
1931
1932
1933
1933
1934
1935
1940
1941
1942
1942
1944
1948
1953
1962
1974
1975
1975
1975
1980
1980
1984
1984
1985
1989
1993
1994
1997
2000
2000
2001
2001
2002
2002
2005
2009
2010
2011
2011
2014
2014
2014
2019
2021
2025
2026
2026
2031
2032
2035
2038
2059
2064
2067
2071
2078
2082
2084
2086
2086
2090
2097
2098
2098
2101
2104
2106
2107
2107
2111
2118
2124
2128
2128
2129
2133
2134
2136
2136
2137
2149
2151
2151
2159
2163
2163
2172
2172
2174
2177
2180
2185
2189
2193
2195
2197
2202
2204
2205
2207
2209
2210
2211
2212
2216
2217
2217
2218
2221
2227
2230
2235
2237
2241
2243
2244
2245
2255
2258
2259
2262
2268
2270
2270
2273
2278
2279
2280
2282
2284
2286
2291
2292
2296
2300
2301
2303
2304
2305
2312
2314
2314
2316
2324
2327
2332
2335
2338
2343
2344
2348
2351
2352
2353
2360
2368
2380
2380
2381
2381
2382
2385
2385
2386
2387
2391
2396
2398
2401
2405
2408
2408
2409
2410
2412
2412
2421
2425
2425
2426
2434
2435
2437
2443
2445
2448
2449
2453
2453
2454
2456
2458
2459
2463
2463
2465
2466
2467
2469
2471
2472
2476
2478
2479
2483
2485
2487
2489
2490
2494
2497
2497
2499
2505
2508
2512
2513
2514
2517
2519
2519
2526
2528
2529
2534
2539
2540
2542
2544
2553
2554
2555
2555
2555
2561
2563
2565
2569
2569
2573
2574
2577
2579
2583
2588
2589
2591
2596
2600
2600
2601
2607
2616
2618
2623
2632
2634
2634
2634
2636
2644
2648
2649
2650
2652
2654
2660
2662
2665
2666
2668
2669
2670
2674
2679
2680
2683
2687
2692
2692
2697
2701
2702
2703
2703
2704
2704
2707
2709
2710
2712
2717
2720
2725
2729
2731
2735
2735
2748
2753
2754
2757
2759
2759
2761
2761
2764
2767
2772
2775
2778
2781
2782
2792
2795
2797
2798
2799
2800
2800
2802
2802
2808
2810
2813
2814
2823
2826
2828
2830
2831
2840
2840
2840
2846
2846
2848
2857
2859
2861
2862
2862
2866
2867
2871
2878
2882
2882
2888
2893
2896
2897
2900
2904
2905
2913
2926
2932
2937
2938
2938
2949
2949
2951
2952
2953
2954
2955
2955
2955
2958
2958
2962
2980
2987
2990
2991
2994
2994
2997
3004
3004
3007
3014
3021
3025
3028
3030
3033
3034
3042
3043
3051
3067
3067
3067
3075
3077
3081
3084
3084
3085
3086
3086
3088
3089
3092
3093
3093
3095
3096
3096
3097
3099
3106
3108
3113
3118
3118
3121
3127
3129
3134
3134
3143
3144
3149
3149
3150
3151
3152
3152
3156
3158
3161
3161
3164
3165
3170
3170
3171
3179
3179
3183
3184
3191
3192
3195
3196
3197
3197
3199
3202
3204
3211
3211
3214
3222
3225
3226
3226
3230
3232
3233
3236
3237
3237
3241
3242
3243
3244
3245
3248
3255
3257
3257
3262
3267
3268
3270
3273
3274
3274
3275
3277
3278
3279
3283
3286
3289
3290
3291
3296
3306
3307
3309
3310
3311
3315
3320
3321
3323
3326
3330
3330
3336
3339
3342
3350
3360
3363
3366
3369
3371
3372
3374
3375
3382
3386
3386
3395
3400
3403
3407
3407
3409
3414
3419
3422
3423
3423
3427
3432
3433
3435
3438
3438
3449
3452
3452
3454
3458
3460
3462
3463
3468
3470
3476
3479
3483
3483
3485
3487
3496
3496
3501
3508
3530
3531
3532
3534
3540
3541
3542
3544
3544
3546
3547
3547
3548
3550
3551
3554
3555
3556
3557
3569
3570
3574
3576
3583
3585
3591
3591
3591
3614
3619
3622
3631
3631
3634
3635
3635
3649
3653
3660
3662
3662
3663
3663
3668
3673
3674
3676
3677
3679
3680
3684
3686
3687
3694
3699
3703
3708
3714
3720
3721
3722
3722
3723
3723
3723
3725
3735
3746
3750
3752
3753
3754
3754
3756
3763
3766
3768
3769
3769
3775
3778
3784
3791
3794
3794
3795
3796
3797
3798
3803
3807
3807
3808
3810
3810
3816
3816
3820
3820
3822
3827
3828
3830
3831
3835
3839
3846
3850
3851
3851
3852
3852
3854
3854
3855
3857
3860
3861
3861
3867
3869
3873
3881
3886
3889
3889
3892
3896
3899
3901
3903
3903
3909
3912
3912
3915
3917
3921
3924
3925
3932
3935
3937
3941
3943
3944
3947
3947
3951
3955
3955
3957
3958
3965
3968
3971
3974
3975
3982
3983
3984
3993
3994
3998
3999
4004
4007
4008
4009
4009
4010
4013
4020
4021
4031
4033
4033
4034
4035
4042
4050
4051
4053
4055
4057
4058
4062
4067
4071
4073
4075
4078
4078
4090
4092
4093
4094
4094
4096
4096
4102
4105
4106
4107
4110
4111
4112
4113
4115
4118
4120
4123
4131
4135
4136
4141
4143
4144
4145
4146
4146
4154
4159
4159
4163
4167
4168
4174
4175
4177
4178
4184
4186
4189
4194
4195
4196
4198
4205
4208
4212
4216
4217
4219
4220
4230
4231
4236
4237
4241
4241
4243
4245
4249
4251
4253
4255
4255
4258
4258
4258
4266
4270
4270
4279
4280
4292
4292
4292
4297
4298
4305
4306
4313
4315
4319
4325
4332
4332
4336
4340
4340
4342
4343
4347
4350
4354
4356
4356
4359
4360
4361
4361
4366
4371
4371
4378
4378
4382
4383
4390
4391
4398
4400
4402
4409
4418
4419
4420
4427
4431
4433
4433
4436
4438
4438
4439
4443
4447
4448
4450
4453
4456
4457
4467
4468
4475
4477
4477
4480
4483
4486
4486
4492
4500
4503
4504
4507
4509
4510
4513
4517
4519
4521
4523
4526
4528
4540
4540
4541
4545
4546
4548
4549
4550
4550
4551
4556
4558
4565
4565
4571
4572
4590
4591
4595
4596
4598
4598
4605
4606
4609
4611
4614
4614
4615
4616
4616
4622
4625
4627
4629
4633
4635
4636
4637
4640
4644
4650
4652
4652
4653
4655
4656
4659
4662
4663
4666
4667
4668
4675
4676
4685
4687
4688
4689
4693
4693
4695
4698
4698
4700
4700
4702
4703
4703
4704
4712
4713
4714
4714
4715
4718
4720
4721
4727
4732
4733
4734
4736
4741
4744
4754
4758
4761
4764
4765
4770
4775
4776
4781
4786
4786
4789
4790
4790
4798
4804
4805
4808
4809
4810
4811
4812
4816
4820
4831
4831
4835
4836
4837
4837
4840
4844
4846
4848
4850
4853
4858
4859
4861
4861
4863
4867
4868
4873
4874
4882
4886
4888
4890
4891
4897
4908
4911
4912
4914
4921
4922
4928
4928
4932
4932
4935
4935
4944
4945
4946
4946
4946
4952
4955
4957
4960
4963
4965
4966
4969
4971
4975
4976
4977
4980
4987
4989
4990
4990
4992
4994
4995
4998
5001
5001
5003
5004
5010
5011
5011
5013
5021
5026
5034
5035
5035
5038
5039
5041
5047
5061
5063
5067
5068
5071
5071
5072
5073
5073
5074
5076
5076
5076
5084
5084
5087
5089
5089
5093
5095
5097
5098
5098
5099
5102
5106
5112
5117
5120
5121
5124
5125
5132
5132
5138
5142
5145
5148
5153
5159
5160
5162
5163
5163
5164
5167
5172
5172
5179
5180
5181
5185
5188
5190
5194
5194
5194
5195
5197
5201
5204
5206
5208
5209
5209
5211
5214
5216
5218
5220
5220
5223
5224
5226
5228
5230
5236
5236
5242
5247
5250
5252
5257
5267
5269
5269
5270
5271
5272
5272
5276
5282
5287
5290
5292
5294
5298
5301
5310
5312
5324
5327
5331
5332
5335
5336
5340
5348
5351
5351
5352
5365
5366
5373
5374
5376
5379
5383
5386
5389
5391
5393
5396
5401
5405
5406
5406
5408
5409
5421
5422
5423
5427
5432
5432
5438
5449
5456
5457
5459
5461
5462
5464
5464
5468
5469
5470
5473
5474
5475
5481
5482
5488
5491
5495
5496
5502
5507
5510
5511
5512
5515
5519
5519
5520
5524
5524
5528
5529
5535
5538
5538
5539
5539
5539
5542
5543
5543
5545
5545
5549
5552
5554
5555
5558
5559
5559
5563
5566
5568
5570
5574
5575
5576
5578
5582
5582
5584
5586
5591
5594
5598
5602
5613
5616
5617
5618
5619
5619
5621
5621
5622
5626
5628
5629
5640
5643
5648
5660
5660
5663
5669
5673
5674
5676
5685
5687
5689
5693
5694
5696
5697
5700
5701
5707
5719
5727
5729
5732
5733
5733
5742
5743
5743
5744
5748
5749
5750
5754
5759
5768
5772
5780
5782
5788
5789
5791
5794
5797
5799
5800
5806
5812
5822
5825
5829
5830
5836
5838
5842
5844
5853
5860
5865
5866
5867
5867
5870
5872
5874
5877
5888
5890
5895
5898
5902
5903
5906
5908
5910
5914
5915
5916
5917
5918
5918
5918
5921
5922
5925
5926
5928
5929
5931
5932
5934
5934
5935
5940
5945
5949
5950
5950
5950
5951
5954
5955
5956
5958
5963
5966
5968
5968
5973
5976
5989
5994
5997
6003
6006
6006
6006
6007
6012
6013
6017
6021
6022
6028
6035
6037
6038
6039
6041
6046
6051
6051
6054
6055
6060
6060
6060
6061
6071
6072
6077
6079
6082
6084
6089
6092
6105
6107
6108
6109
6114
6118
6133
6133
6134
6137
6139
6141
6144
6147
6150
6151
6153
6166
6166
6168
6175
6175
6175
6175
6181
6188
6189
6195
6203
6208
6212
6213
6214
6219
6222
6224
6224
6228
6236
6240
6243
6245
6250
6253
6253
6254
6256
6258
6259
6262
6266
6271
6275
6276
6277
6279
6279
6284
6285
6289
6298
6299
6308
6313
6315
6317
6323
6327
6328
6333
6334
6341
6342
6343
6351
6358
6359
6360
6361
6363
6363
6365
6366
6366
6367
6374
6380
6383
6384
6399
6402
6403
6403
6405
6405
6405
6406
6411
6415
6418
6437
6438
6438
6441
6442
6442
6447
6457
6462
6464
6464
6465
6467
6470
6472
6475
6476
6476
6478
6501
6503
6508
6511
6514
6518
6520
6521
6533
6534
6540
6540
6556
6557
6557
6559
6562
6566
6566
6568
6569
6574
6575
6579
6587
6587
6588
6589
6589
6591
6591
6595
6599
6604
6609
6609
6610
6613
6615
6620
6625
6625
6628
6636
6637
6638
6641
6642
6642
6644
6645
6647
6650
6650
6652
6655
6656
6656
6662
6663
6665
6672
6675
6675
6677
6679
6681
6694
6701
6703
6715
6715
6724
6725
6725
6726
6731
6732
6735
6736
6738
6739
6739
6739
6742
6743
6746
6748
6749
6750
6754
6761
6762
6765
6770
6770
6781
6791
6791
6792
6793
6796
6798
6799
6802
6813
6821
6824
6830
6831
6832
6837
6837
6841
6842
6845
6846
6850
6851
6852
6853
6856
6860
6860
6868
6871
6876
6879
6879
6880
6881
6892
6895
6904
6906
6910
6911
6912
6913
6916
6917
6921
6928
6936
6937
6947
6949
6952
6953
6954
6962
6964
6967
6967
6968
6969
6970
6971
6971
6979
6983
6985
6991
6991
6993
6997
6998
7000
7002
7003
7005
7013
7017
7018
7020
7022
7023
7023
7026
7026
7028
7029
7032
7036
7040
7044
7053
7053
7055
7066
7068
7072
7077
7078
7083
7083
7084
7090
7092
7093
7094
7096
7098
7101
7104
7106
7115
7116
7118
7120
7121
7123
7128
7134
7137
7139
7139
7141
7150
7154
7164
7169
7175
7175
7179
7185
7196
7197
7198
7204
7204
7206
7212
7219
7219
7221
7224
7227
7231
7235
7235
7242
7247
7262
7269
7270
7275
7284
7297
7297
7298
7298
7298
7304
7305
7319
7324
7326
7329
7331
7331
7333
7335
7344
7344
7345
7346
7347
7351
7352
7353
7356
7366
7372
7375
7375
7390
7391
7393
7394
7401
7404
7406
7410
7413
7419
7423
7429
7430
7435
7436
7446
7446
7446
7450
7453
7454
7456
7462
7466
7468
7471
7476
7479
7483
7485
7487
7487
7487
7492
7492
7494
7496
7497
7497
7499
7499
7505
7505
7505
7510
7511
7514
7516
7517
7518
7530
7530
7534
7542
7549
7553
7556
7557
7560
7564
7565
7569
7570
7572
7574
7578
7583
7586
7595
7599
7604
7606
7607
7615
7615
7621
7623
7626
7627
7628
7630
7635
7637
7637
7640
7641
7642
7650
7656
7656
7661
7663
7670
7675
7677
7679
7680
7683
7684
7685
7687
7689
7690
7690
7696
7701
7705
7705
7706
7709
7710
7713
7713
7713
7715
7715
7715
7720
7727
7733
7735
7738
7740
7740
7742
7746
7749
7751
7757
7759
7760
7763
7765
7771
7772
7773
7774
7774
7778
7779
7779
7779
7782
7784
7788
7794
7802
7803
7803
7803
7807
7813
7818
7819
7821
7825
7825
7826
7827
7827
7830
7837
7841
7847
7848
7851
7855
7858
7858
7862
7866
7872
7874
7876
7884
7886
7887
7890
7891
7891
7893
7897
7902
7907
7915
7918
7920
7924
7933
7942
7944
7945
7948
7959
7962
7964
7966
7972
7972
7978
7982
7983
7984
7985
7987
7989
7989
7995
7998
8000
8002
8002
8002
8003
8003
8024
8025
8026
8031
8035
8039
8041
8046
8050
8051
8052
8057
8060
8066
8068
8068
8071
8074
8077
8081
8081
8084
8090
8094
8097
8103
8106
8110
8124
8125
8129
8131
8132
8133
8134
8143
8143
8154
8156
8165
8169
8172
8172
8173
8175
8176
8176
8177
8178
8194
8197
8202
8205
8205
8215
8223
8224
8224
8231
8237
8239
8249
8259
8259
8260
8264
8265
8284
8289
8289
8291
8294
8296
8299
8305
8307
8308
8308
8310
8311
8312
8316
8319
8324
8325
8327
8328
8333
8334
8337
8344
8348
8349
8350
8355
8361
8364
8365
8375
8384
8392
8394
8396
8396
8401
8402
8404
8405
8408
8411
8417
8423
8427
8430
8432
8435
8437
8438
8444
8455
8456
8456
8457
8457
8458
8458
8458
8461
8467
8469
8474
8479
8483
8490
8492
8495
8509
8514
8517
8521
8522
8525
8527
8532
8532
8537
8538
8543
8547
8548
8548
8548
8551
8551
8552
8552
8554
8555
8557
8559
8562
8577
8580
8581
8582
8583
8586
8588
8594
8596
8596
8596
8599
8602
8603
8606
8606
8609
8612
8614
8618
8620
8622
8627
8628
8629
8631
8633
8639
8643
8644
8649
8655
8658
8659
8659
8661
8663
8666
8668
8668
8678
8679
8686
8688
8688
8695
8696
8699
8701
8703
8706
8710
8712
8716
8719
8721
8722
8731
8733
8733
8736
8736
8743
8747
8748
8753
8763
8763
8765
8765
8768
8768
8771
8786
8786
8787
8789
8790
8793
8796
8802
8802
8808
8808
8813
8813
8814
8815
8818
8820
8823
8823
8824
8828
8836
8841
8846
8848
8850
8853
8856
8864
8866
8867
8869
8870
8871
8873
8878
8883
8885
8886
8887
8887
8888
8888
8888
8896
8898
8905
8907
8918
8918
8919
8921
8927
8929
8929
8930
8930
8932
8940
8953
8960
8961
8962
8963
8971
8973
8975
8979
8981
8983
8988
8990
8991
8993
8994
8996
8999
9001
9005
9008
9012
9014
9015
9015
9016
9017
9017
9018
9019
9032
9047
9048
9062
9064
9065
9070
9073
9079
9081
9082
9082
9087
9094
9098
9100
9102
9106
9107
9108
9109
9112
9114
9117
9117
9118
9120
9124
9131
9135
9136
9137
9138
9143
9144
9144
9147
9147
9148
9149
9149
9152
9156
9160
9162
9163
9166
9170
9176
9178
9180
9189
9191
9193
9195
9200
9204
9205
9207
9211
9212
9212
9214
9214
9214
9215
9216
9217
9221
9221
9229
9235
9236
9242
9243
9244
9244
9244
9256
9256
9261
9261
9261
9270
9270
9271
9279
9279
9279
9283
9283
9291
9293
9296
9307
9309
9311
9318
9325
9332
9335
9335
9338
9341
9351
9353
9358
9361
9361
9376
9380
9382
9383
9388
9393
9393
9394
9395
9398
9401
9402
9402
9407
9418
9419
9435
9437
9439
9439
9440
9441
9441
9442
9448
9449
9450
9454
9456
9456
9467
9471
9473
9479
9483
9483
9483
9484
9485
9486
9491
9492
9495
9497
9505
9511
9515
9516
9521
9526
9528
9530
9531
9532
9532
9535
9538
9539
9540
9543
9545
9546
9550
9552
9555
9559
9563
9573
9577
9580
9583
9593
9594
9596
9596
9596
9602
9605
9606
9608
9609
9618
9619
9619
9624
9627
9627
9633
9634
9639
9641
9643
9647
9653
9654
9656
9666
9667
9669
9671
9676
9682
9684
9694
9694
9699
9704
9711
9711
9713
9717
9717
9722
9723
9724
9726
9736
9737
9744
9745
9753
9758
9758
9759
9766
9766
9774
9778
9779
9779
9779
9788
9789
9790
9802
9802
9806
9814
9814
9825
9826
9827
9829
9829
9829
9831
9834
9835
9837
9838
9838
9839
9840
9840
9840
9843
9846
9853
9856
9856
9856
9861
9863
9864
9878
9880
9886
9886
9888
9897
9897
9898
9899
9899
9904
9905
9913
9919
9925
9927
9928
9931
9932
9938
9939
9948
9951
9957
9971
9980
9980
9981
9982
9983
9987
9996
9999
9999
10002
10007
10012
10013
10015
10020
10023
10025
10030
10030
10031
10033
10035
10039
10039
10043
10051
10060
10062
10071
10071
10072
10074
10075
10076
10077
10084
10085
10088
10095
10101
10102
10106
10109
10115
10123
10125
10126
10132
10133
10136
10140
10141
10143
10144
10151
10152
10158
10165
10167
10169
10171
10171
10174
10178
10180
10185
10185
10188
10195
10203
10206
10208
10211
10213
10213
10217
10218
10225
10228
10230
10231
10235
10235
10245
10248
10250
10251
10254
10274
10277
10277
10278
10278
10281
10283
10286
10287
10291
10291
10298
10300
10301
10305
10306
10307
10308
10313
10313
10313
10314
10317
10328
10329
10329
10329
10330
10333
10333
10338
10340
10343
10344
10344
10351
10351
10354
10358
10358
10359
10360
10362
10363
10364
10366
10369
10371
10383
10387
10389
10400
10401
10406
10407
10407
10407
10409
10410
10410
10413
10420
10426
10428
10430
10432
10432
10435
10437
10439
10441
10446
10452
10453
10456
10458
10467
10470
10471
10473
10482
10492
10493
10495
10498
10501
10507
10508
10510
10518
10522
10522
10524
10527
10533
10534
10535
10538
10539
10541
10541
10551
10551
10554
10557
10562
10568
10570
10572
10573
10574
10575
10582
10584
10590
10593
10594
10595
10596
10600
10613
10614
10614
10615
10621
10622
10622
10624
10628
10629
10634
10635
10636
10638
10644
10654
10658
10659
10661
10663
10671
10676
10679
10680
10682
10683
10686
10686
10687
10693
10694
10700
10706
10709
10711
10715
10715
10717
10717
10718
10721
10721
10722
10722
10724
10724
10728
10732
10733
10737
10755
10755
10756
10764
10771
10779
10786
10788
10794
10795
10798
10802
10804
10807
10808
10809
10811
10811
10813
10817
10823
10826
10827
10828
10829
10840
10842
10845
10845
10847
10848
10848
10855
10855
10856
10857
10859
10860
10863
10864
10867
10874
10877
10880
10880
10882
10886
10889
10904
10906
10907
10913
10913
10916
10916
10918
10919
10919
10920
10926
10926
10927
10929
10934
10935
10936
10936
10947
10948
10953
10954
10955
10956
10956
10957
10960
10962
10963
10965
10969
10969
10972
10975
10978
10979
10982
10983
10986
10988
10989
10994
10994
10997
10998
11001
11001
11002
11006
11011
11013
11013
11014
11014
11016
11016
11021
11021
11023
11026
11027
11032
11037
11039
11039
11040
11041
11041
11046
11050
11052
11055
11055
11061
11063
11065
11069
11069
11069
11070
11071
11071
11072
11076
11082
11085
11093
11106
11107
11108
11108
11112
11116
11118
11121
11125
11128
11130
11133
11138
11142
11144
11149
11150
11157
11158
11159
11162
11164
11168
11181
11182
11186
11188
11196
11200
11204
11206
11219
11223
11227
11228
11231
11238
11239
11244
11246
11249
11251
11252
11255
11257
11257
11257
11263
11267
11268
11269
11273
11273
11274
11274
11283
11287
11293
11295
11297
11298
11299
11304
11317
11318
11320
11321
11321
11328
11332
11340
11343
11344
11344
11345
11350
11357
11367
11367
11368
11369
11371
11374
11376
11379
11379
11383
11385
11387
11389
11390
11393
11396
11401
11401
11402
11409
11411
11414
11414
11419
11423
11423
11428
11430
11431
11431
11432
11433
11439
11444
11446
11448
11449
11449
11450
11456
11456
11457
11466
11466
11466
11469
11469
11470
11470
11475
11480
11485
11485
11489
11494
11498
11501
11507
11514
11515
11515
11517
11519
11524
11526
11538
11544
11546
11546
11546
11550
11554
11561
11562
11566
11567
11570
11571
11572
11572
11573
11576
11586
11586
11587
11589
11595
11595
11595
11596
11598
11600
11602
11602
11603
11605
11606
11607
11609
11611
11611
11614
11615
11620
11620
11622
11622
11625
11626
11627
11632
11633
11641
11641
11642
11643
11645
11647
11648
11650
11652
11653
11654
11655
11660
11660
11663
11669
11676
11684
11685
11688
11693
11694
11698
11702
11703
11704
11707
11711
11717
11718
11718
11723
11728
11731
11733
11739
11739
11744
11746
11746
11750
11751
11756
11764
11766
11771
11776
11776
11776
11781
11782
11783
11787
11791
11795
11799
11804
11805
11805
11805
11807
11809
11809
11809
11810
11812
11819
11820
11828
11829
11835
11840
11843
11850
11854
11861
11862
11862
11862
11863
11864
11868
11869
11873
11876
11877
11878
11886
11887
11887
11890
11892
11893
11895
11895
11897
11897
11901
11901
11903
11906
11912
11914
11929
11929
11929
11930
11937
11938
11939
11941
11943
11944
11946
11948
11948
11949
11954
11961
11962
11964
11973
11977
11977
11978
11979
11982
11982
11986
11993
11995
11997
12001
12004
12007
12010
12011
12013
12015
12020
12020
12026
12028
12029
12031
12035
12035
12036
12038
12041
12052
12062
12063
12068
12074
12080
12084
12087
12088
12089
12091
12096
12104
12108
12110
12110
12116
12117
12125
12126
12127
12129
12129
12130
12135
12137
12142
12143
12149
12152
12156
12158
12167
12170
12170
12172
12177
12177
12181
12185
12189
12191
12196
12197
12199
12210
12214
12227
12229
12231
12233
12233
12238
12242
12243
12251
12254
12258
12259
12259
12260
12265
12265
12265
12265
12267
12271
12271
12276
12277
12279
12282
12284
12289
12290
12290
12291
12291
12293
12294
12297
12302
12305
12305
12309
12309
12314
12320
12327
12332
12333
12336
12347
12352
12357
12359
12366
12370
12371
12371
12372
12375
12376
12388
12389
12407
12408
12409
12412
12413
12413
12414
12418
12419
12427
12434
12438
12439
12439
12441
12443
12443
12444
12448
12452
12456
12456
12456
12462
12465
12469
12472
12479
12482
12487
12489
12493
12498
12500
12507
12507
12512
12514
12515
12516
12518
12518
12518
12519
12520
12529
12531
12544
12544
12548
12556
12558
12558
12560
12562
12564
12565
12566
12566
12574
12576
12578
12582
12583
12585
12586
12587
12590
12591
12591
12592
12592
12593
12594
12595
12595
12600
12600
12600
12603
12607
12612
12615
12615
12617
12624
12624
12630
12633
12634
12639
12642
12650
12650
12656
12660
12664
12664
12669
12669
12671
12671
12674
12676
12676
12679
12684
12687
12695
12698
12709
12710
12712
12714
12716
12716
12716
12719
12722
12723
12730
12730
12732
12733
12733
12734
12735
12735
12738
12741
12743
12744
12747
12755
12758
12770
12773
12775
12775
12781
12783
12787
12790
12792
12795
12795
12799
12805
12806
12814
12815
12818
12820
12823
12826
12828
12828
12840
12845
12849
12854
12857
12863
12871
12873
12875
12886
12886
12888
12892
12895
12901
12904
12905
12908
12913
12919
12925
12925
12929
12936
12938
12938
12938
12948
12949
12949
12955
12955
12967
12969
12971
12972
12973
12974
12980
12982
12983
12983
12988
12992
12995
12995
12996
12997
13000
13001
13006
13010
13010
13012
13018
13018
13019
13020
13020
13022
13024
13024
13027
13030
13036
13039
13042
13045
13045
13050
13050
13054
13056
13061
13063
13063
13069
13073
13076
13077
13081
13087
13089
13091
13093
13101
13104
13105
13107
13107
13110
13114
13120
13125
13129
13138
13139
13140
13141
13146
13155
13155
13157
13158
13158
13167
13169
13169
13170
13172
13173
13176
13179
13180
13180
13185
13191
13200
13203
13210
13214
13225
13227
13227
13231
13231
13235
13236
13236
13237
13240
13241
13242
13242
13243
13249
13256
13269
13273
13278
13281
13282
13285
13296
13302
13303
13308
13310
13310
13315
13318
13324
13328
13330
13333
13337
13337
13341
13346
13348
13348
13350
13352
13353
13354
13354
13356
13358
13361
13364
13365
13368
13373
13377
13378
13381
13381
13382
13383
13387
13387
13392
13393
13396
13399
13400
13404
13404
13408
13410
13416
13420
13425
13428
13433
13434
13434
13437
13441
13449
13450
13450
13450
13451
13451
13452
13458
13459
13463
13463
13469
13471
13474
13480
13481
13482
13486
13489
13492
13492
13493
13495
13497
13497
13508
13511
13511
13516
13521
13524
13529
13534
13535
13540
13540
13543
13550
13550
13551
13554
13559
13559
13563
13566
13573
13575
13578
13578
13579
13583
13590
13590
13591
13591
13594
13594
13596
13604
13609
13609
13610
13615
13620
13629
13630
13632
13633
13635
13638
13647
13649
13650
13653
13667
13673
13676
13680
13683
13684
13685
13695
13702
13703
13706
13709
13716
13721
13722
13724
13731
13733
13736
13741
13741
13744
13744
13746
13747
13753
13753
13754
13755
13760
13771
13772
13783
13783
13784
13785
13790
13792
13794
13806
13807
13813
13815
13815
13819
13823
13824
13824
13830
13835
13836
13837
13839
13839
13842
13844
13847
13847
13849
13849
13850
13854
13854
13859
13860
13863
13867
13867
13867
13868
13868
13870
13873
13873
13875
13876
13881
13886
13886
13892
13894
13896
13896
13898
13900
13905
13907
13910
13910
13914
13920
13920
13926
13927
13930
13934
13940
13943
13947
13949
13949
13951
13952
13961
13963
13963
13970
13970
13971
13971
13972
13975
13980
13982
13988
13988
13989
13996
13997
14009
14011
14014
14016
14022
14022
14023
14023
14023
14024
14027
14030
14032
14033
14034
14037
14037
14041
14045
14046
14049
14055
14059
14060
14064
14066
14078
14084
14085
14094
14097
14097
14098
14100
14101
14103
14107
14109
14114
14115
14115
14120
14121
14133
14134
14135
14137
14138
14143
14147
14148
14149
14150
14154
14157
14160
14161
14163
14169
14189
14190
14190
14194
14195
14196
14199
14199
14202
14209
14211
14211
14211
14215
14215
14217
14219
14222
14231
14232
14234
14236
14238
14243
14243
14248
14249
14255
14261
14262
14263
14266
14267
14267
14275
14277
14278
14279
14282
14284
14285
14287
14290
14292
14292
14292
14298
14302
14303
14307
14307
14308
14314
14314
14315
14316
14317
14326
14328
14329
14335
14336
14336
14339
14342
14345
14345
14346
14351
14354
14363
14365
14366
14367
14367
14369
14371
14374
14374
14380
14384
14388
14389
14389
14391
14396
14403
14408
14410
14411
14415
14415
14416
14419
14422
14423
14424
14424
14427
14430
14432
14432
14433
14438
14438
14443
14444
14448
14453
14457
14458
14463
14469
14469
14470
14477
14493
14493
14495
14495
14496
14498
14498
14500
14500
14502
14507
14507
14512
14512
14522
14526
14532
14534
14535
14536
14541
14542
14545
14547
14547
14547
14552
14556
14558
14558
14560
14565
14566
14568
14570
14577
14582
14583
14585
14586
14588
14592
14597
14597
14600
14600
14603
14608
14609
14611
14617
14619
14621
14622
14625
14627
14631
14642
14642
14642
14643
14645
14646
14648
14650
14651
14652
14655
14657
14658
14665
14665
14668
14668
14669
14670
14672
14678
14684
14685
14691
14695
14699
14700
14700
14701
14703
14704
14705
14706
14708
14716
14717
14718
14719
14720
14729
14729
14736
14737
14737
14741
14745
14748
14749
14756
14758
14763
14769
14784
14786
14787
14787
14793
14796
14797
14797
14800
14805
14807
14809
14810
14814
14826
14832
14838
14848
14848
14850
14852
14854
14857
14863
14864
14866
14875
14877
14879
14880
14883
14884
14886
14892
14895
14897
14899
14904
14904
14911
14911
14912
14912
14922
14924
14925
14929
14929
14933
14935
14936
14936
14940
14941
14942
14946
14949
14953
14957
14957
14958
14965
14967
14970
14971
14976
14979
14983
14984
14986
14990
14993
14994
14994
15005
15010
15012
15015
15020
15024
15025
15026
15030
15038
15039
15039
15040
15041
15044
15059
15062
15067
15070
15071
15083
15087
15087
15088
15089
15091
15091
15091
15092
15102
15105
15112
15112
15114
15114
15115
15115
15116
15116
15119
15124
15127
15133
15137
15138
15141
15142
15144
15145
15146
15147
15148
15150
15154
15157
15158
15161
15162
15167
15171
15176
15180
15183
15187
15187
15194
15197
15209
15212
15215
15218
15224
15227
15228
15237
15247
15251
15257
15261
15264
15269
15271
15275
15275
15279
15284
15287
15288
15297
15301
15302
15304
15304
15306
15310
15313
15317
15318
15327
15334
15335
15336
15342
15349
15354
15355
15358
15361
15368
15370
15371
15376
15378
15382
15385
15385
15388
15391
15393
15396
15397
15398
15398
15400
15400
15405
15406
15411
15415
15418
15420
15422
15423
15423
15424
15427
15428
15431
15436
15439
15439
15441
15444
15448
15448
15452
15452
15456
15457
15459
15464
15465
15469
15470
15471
15473
15475
15475
15476
15478
15482
15483
15487
15490
15495
15496
15499
15505
15506
15514
15519
15523
15528
15539
15546
15555
15555
15557
15559
15561
15564
15565
15570
15575
15579
15582
15582
15585
15586
15586
15590
15592
15595
15598
15606
15608
15612
15619
15620
15620
15623
15624
15627
15627
15631
15633
15634
15641
15646
15647
15649
15652
15657
15657
15659
15660
15661
15667
15679
15679
15684
15687
15688
15691
15695
15696
15710
15711
15713
15721
15721
15725
15727
15728
15729
15730
15732
15734
15741
15742
15743
15745
15756
15756
15758
15765
15771
15776
15776
15777
15778
15779
15781
15784
15788
15789
15790
15792
15792
15799
15800
15800
15800
15803
15809
15816
15816
15816
15819
15821
15821
15824
15825
15827
15846
15846
15847
15848
15862
15864
15864
15866
15871
15873
15875
15876
15882
15883
15887
15887
15891
15892
15894
15894
15895
15898
15899
15901
15901
15902
15905
15905
15907
15909
15918
15918
15922
15926
15928
15931
15932
15932
15934
15934
15934
15941
15945
15959
15960
15960
15962
15972
15974
15975
15976
15979
15985
15988
15992
15993
15998
15998
15999
16005
16011
16012
16014
16026
16026
16034
16034
16038
16040
16041
16049
16050
16051
16071
16075
16083
16083
16084
16085
16091
16092
16094
16094
16096
16099
16099
16109
16118
16119
16124
16125
16126
16129
16139
16142
16143
16145
16146
16149
16162
16167
16172
16174
16174
16175
16185
16187
16190
16191
16196
16197
16202
16211
16214
16231
16234
16236
16237
16243
16244
16248
16249
16252
16254
16255
16255
16260
16261
16263
16272
16273
16277
16279
16284
16285
16293
16304
16305
16307
16315
16323
16328
16328
16330
16336
16337
16342
16348
16349
16349
16350
16353
16355
16356
16357
16357
16357
16363
16363
16365
16368
16370
16370
16371
16375
16377
16377
16382
16382
16389
16389
16396
16399
16399
16401
16405
16417
16418
16418
16426
16426
16427
16427
16428
16429
16430
16431
16431
16432
16433
16434
16434
16435
16435
16438
16441
16445
16446
16448
16448
16451
16453
16456
16457
16462
16463
16468
16468
16472
16478
16482
16482
16485
16489
16491
16493
16496
16502
16504
16520
16525
16526
16526
16531
16535
16537
16546
16549
16549
16549
16556
16557
16558
16558
16560
16562
16571
16573
16574
16575
16577
16583
16583
16585
16586
16586
16596
16597
16613
16615
16617
16619
16621
16621
16622
16622
16622
16624
16628
16633
16635
16641
16642
16648
16649
16649
16653
16655
16656
16657
16664
16666
16667
16668
16673
16678
16688
16689
16690
16691
16693
16694
16700
16700
16701
16708
16715
16717
16717
16717
16719
16720
16722
16724
16724
16727
16732
16735
16739
16743
16743
16745
16745
16749
16752
16753
16754
16760
16769
16770
16770
16771
16773
16778
16785
16786
16790
16790
16791
16798
16802
16803
16806
16807
16811
16816
16823
16824
16833
16835
16836
16847
16848
16850
16851
16852
16855
16856
16860
16863
16867
16871
16877
16883
16884
16885
16886
16887
16892
16894
16903
16904
16905
16907
16907
16908
16909
16912
16913
16920
16924
16928
16929
16930
16931
16931
16932
16932
16933
16938
16939
16940
16944
16945
16947
16953
16963
16964
16966
16966
16968
16972
16982
16994
17004
17007
17010
17024
17024
17025
17029
17030
17031
17032
17034
17036
17039
17041
17042
17048
17052
17054
17062
17067
17067
17068
17068
17069
17073
17075
17079
17079
17080
17083
17084
17086
17089
17090
17094
17096
17098
17098
17105
17107
17107
17111
17112
17117
17119
17120
17122
17123
17125
17125
17130
17130
17135
17139
17140
17140
17140
17140
17146
17150
17155
17156
17158
17159
17166
17166
17168
17169
17169
17173
17175
17175
17182
17183
17188
17200
17203
17209
17213
17215
17219
17220
17224
17224
17227
17227
17230
17235
17237
17237
17245
17253
17254
17257
17258
17263
17265
17273
17276
17279
17281
17286
17286
17289
17290
17292
17292
17298
17299
17300
17301
17305
17306
17313
17326
17327
17328
17328
17335
17335
17340
17345
17346
17347
17350
17353
17354
17354
17356
17357
17358
17358
17364
17366
17367
17367
17370
17384
17390
17395
17395
17397
17403
17403
17411
17412
17412
17414
17416
17418
17421
17424
17425
17430
17430
17431
17435
17439
17444
17449
17450
17451
17454
17467
17468
17476
17479
17482
17489
17490
17490
17495
17504
17507
17509
17509
17511
17518
17522
17524
17527
17528
17528
17530
17532
17534
17534
17543
17543
17545
17558
17559
17562
17566
17574
17579
17580
17580
17587
17589
17590
17593
17595
17604
17605
17606
17610
17620
17623
17624
17628
17628
17630
17630
17631
17634
17638
17639
17641
17644
17646
17647
17653
17659
17659
17667
17672
17675
17683
17685
17697
17703
17709
17711
17716
17718
17719
17725
17728
17730
17732
17733
17734
17735
17736
17737
17746
17747
17749
17760
17775
17777
17777
17781
17781
17787
17789
17790
17798
17801
17810
17812
17813
17819
17824
17827
17829
17830
17833
17837
17837
17838
17843
17847
17848
17849
17851
17853
17860
17865
17866
17867
17873
17874
17877
17883
17888
17890
17906
17907
17912
17914
17915
17915
17919
17925
17928
17929
17929
17935
17938
17939
17944
17954
17964
17967
17968
17970
17974
17977
17980
17981
17982
17987
17991
17997
18000
18001
18004
18005
18006
18008
18008
18009
18011
18011
18016
18016
18021
18026
18027
18029
18031
18032
18035
18045
18046
18047
18053
18057
18059
18062
18075
18077
18077
18080
18084
18087
18099
18099
18099
18099
18102
18102
18104
18106
18107
18108
18113
18117
18117
18117
18119
18120
18128
18137
18144
18145
18146
18148
18148
18151
18151
18152
18157
18157
18157
18158
18162
18162
18166
18166
18170
18172
18179
18182
18185
18189
18189
18190
18195
18195
18197
18199
18203
18203
18203
18205
18205
18209
18212
18213
18225
18225
18226
18226
18228
18231
18233
18241
18242
18245
18251
18252
18256
18257
18259
18259
18261
18262
18263
18265
18269
18271
18273
18276
18283
18285
18290
18291
18291
18297
18297
18299
18305
18308
18310
18312
18315
18324
18330
18333
18336
18340
18347
18351
18357
18362
18363
18365
18374
18386
18388
18389
18391
18391
18393
18399
18404
18405
18412
18417
18422
18425
18426
18431
18433
18438
18445
18446
18446
18468
18468
18471
18476
18480
18480
18481
18484
18484
18488
18491
18495
18497
18499
18500
18501
18504
18505
18508
18510
18524
18525
18527
18530
18531
18536
18540
18550
18551
18556
18556
18557
18558
18565
18567
18571
18574
18576
18579
18582
18584
18584
18584
18585
18593
18594
18602
18602
18606
18612
18617
18618
18618
18619
18631
18635
18641
18646
18648
18655
18657
18665
18668
18682
18685
18685
18687
18692
18693
18694
18697
18703
18705
18705
18711
18726
18728
18731
18732
18734
18735
18736
18736
18738
18738
18738
18739
18740
18742
18745
18752
18755
18756
18756
18759
18760
18770
18772
18777
18780
18782
18783
18785
18791
18792
18796
18797
18798
18799
18800
18801
18805
18806
18806
18806
18807
18808
18812
18813
18821
18822
18823
18823
18831
18833
18837
18841
18842
18842
18848
18850
18854
18858
18860
18861
18865
18869
18872
18879
18888
18890
18903
18906
18907
18907
18911
18917
18925
18932
18937
18939
18942
18949
18951
18951
18952
18953
18953
18959
18960
18962
18965
18965
18967
18970
18970
18971
18972
18973
18979
18980
18986
18987
18989
18996
18997
18998
18998
18999
19001
19002
19002
19006
19008
19015
19016
19021
19023
19024
19025
19026
19029
19030
19033
19033
19034
19037
19038
19047
19049
19049
19051
19051
19052
19052
19074
19079
19080
19084
19088
19092
19093
19094
19097
19099
19101
19102
19102
19103
19104
19109
19110
19112
19119
19120
19121
19121
19128
19129
19130
19132
19136
19137
19138
19140
19140
19141
19142
19147
19148
19150
19155
19160
19162
19163
19164
19165
19175
19182
19195
19201
19202
19203
19203
19203
19205
19209
19213
19215
19221
19222
19227
19229
19233
19238
19238
19241
19246
19246
19254
19258
19261
19265
19276
19279
19279
19282
19294
19301
19301
19306
19313
19322
19325
19334
19334
19344
19349
19352
19354
19354
19357
19358
19359
19361
19361
19363
19366
19366
19367
19371
19373
19377
19381
19383
19387
19400
19401
19402
19404
19404
19409
19413
19417
19426
19426
19427
19430
19436
19437
19441
19441
19444
19446
19448
19448
19450
19453
19453
19454
19458
19459
19463
19463
19465
19467
19468
19473
19474
19476
19476
19478
19478
19479
19480
19487
19493
19494
19495
19497
19502
19515
19515
19516
19517
19518
19521
19522
19523
19524
19526
19528
19528
19534
19535
19541
19543
19546
19548
19550
19553
19560
19560
19564
19565
19566
19566
19568
19587
19587
19597
19597
19598
19598
19599
19601
19602
19608
19609
19613
19616
19616
19617
19618
19619
19619
19624
19624
19625
19628
19632
19633
19636
19637
19639
19652
19654
19655
19656
19657
19661
19663
19664
19674
19674
19678
19679
19683
19691
19693
19703
19705
19720
19726
19729
19732
19736
19748
19750
19753
19756
19758
19759
19759
19759
19760
19762
19771
19773
19774
19777
19777
19784
19785
19787
19790
19790
19794
19795
19797
19797
19799
19801
19805
19806
19807
19809
19812
19814
19815
19818
19822
19824
19826
19829
19831
19832
19832
19836
19849
19850
19850
19857
19868
19871
19872
19875
19881
19883
19885
19890
19898
19898
19900
19905
19910
19911
19913
19916
19917
19922
19926
19927
19928
19935
19936
19940
19940
19943
19952
19954
19958
19959
19966
19968
19976
19979
19982
19988
19992
19993
19998
19998
20001
20002
20002
20003
20004
20006
20008
20010
20015
20021
20022
20025
20032
20044
20047
20052
20053
20054
20056
20058
20065
20066
20068
20073
20074
20077
20078
20078
20080
20083
20083
20085
20086
20087
20087
20091
20092
20094
20095
20097
20103
20108
20111
20114
20118
20119
20121
20124
20134
20139
20140
20141
20143
20149
20149
20150
20150
20156
20156
20164
20171
20174
20174
20176
20177
20177
20180
20185
20185
20185
20190
20193
20194
20199
20201
20208
20210
20214
20217
20219
20219
20219
20222
20223
20223
20223
20228
20229
20238
20242
20245
20253
20254
20255
20255
20257
20257
20259
20261
20275
20275
20277
20289
20290
20292
20294
20295
20297
20297
20298
20300
20301
20303
20304
20316
20322
20324
20325
20325
20327
20331
20335
20338
20339
20349
20351
20358
20359
20361
20367
20369
20375
20379
20383
20383
20383
20386
20388
20392
20393
20404
20411
20413
20415
20415
20415
20417
20424
20425
20434
20435
20436
20438
20441
20448
20450
20456
20463
20466
20469
20475
20477
20477
20479
20481
20484
20486
20489
20494
20505
20507
20513
20513
20517
20524
20526
20545
20550
20553
20555
20558
20558
20561
20563
20565
20567
20570
20571
20572
20572
20574
20576
20580
20581
20581
20582
20582
20583
20592
20594
20597
20601
20601
20602
20603
20603
20604
20610
20611
20614
20616
20616
20619
20620
20632
20637
20639
20643
20645
20645
20651
20653
20658
20661
20663
20667
20669
20671
20675
20675
20679
20683
20684
20685
20687
20690
20691
20694
20697
20704
20709
20711
20716
20725
20728
20739
20741
20745
20746
20748
20749
20755
20768
20769
20772
20776
20780
20786
20793
20799
20801
20801
20804
20807
20812
20814
20814
20815
20818
20820
20823
20823
20830
20836
20845
20847
20849
20851
20855
20856
20859
20863
20865
20872
20874
20880
20881
20881
20885
20885
20887
20894
20895
20896
20896
20913
20913
20915
20916
20918
20918
20920
20933
20940
20940
20944
20947
20948
20950
20958
20961
20963
20967
20969
20969
20971
20973
20974
20976
20984
20987
20988
20990
20997
20999
21000
21000
21006
21014
21015
21026
21027
21032
21036
21037
21039
21040
21044
21048
21053
21057
21058
21068
21068
21069
21075
21085
21088
21090
21092
21102
21107
21108
21127
21139
21142
21144
21148
21149
21153
21154
21156
21157
21161
21162
21162
21163
21167
21167
21177
21181
21184
21187
21192
21194
21198
21199
21200
21205
21206
21210
21212
21214
21217
21219
21222
21224
21230
21230
21231
21235
21236
21236
21236
21237
21237
21246
21248
21251
21254
21254
21256
21258
21263
21266
21270
21271
21271
21272
21275
21277
21286
21295
21295
21298
21302
21306
21310
21311
21313
21316
21318
21323
21324
21324
21325
21328
21329
21330
21331
21333
21338
21339
21343
21344
21351
21357
21358
21358
21359
21373
21382
21386
21396
21398
21398
21400
21405
21420
21421
21438
21439
21443
21445
21445
21446
21448
21449
21452
21453
21453
21464
21466
21469
21470
21471
21472
21474
21475
21478
21478
21479
21484
21486
21490
21497
21503
21504
21514
21514
21518
21521
21522
21523
21524
21529
21533
21549
21550
21553
21557
21564
21564
21568
21568
21571
21571
21573
21584
21585
21588
21589
21589
21590
21592
21599
21606
21616
21616
21617
21618
21620
21621
21622
21623
21628
21628
21638
21638
21640
21643
21643
21646
21648
21653
21660
21660
21667
21671
21673
21677
21677
21681
21683
21686
21686
21688
21691
21693
21695
21695
21698
21702
21703
21703
21704
21704
21705
21709
21717
21719
21722
21722
21731
21741
21744
21749
21757
21760
21764
21767
21777
21778
21780
21781
21782
21782
21782
21783
21784
21784
21785
21789
21789
21791
21795
21799
21804
21812
21814
21824
21828
21836
21839
21843
21846
21851
21856
21858
21860
21863
21864
21865
21865
21871
21872
21872
21883
21886
21886
21888
21889
21890
21901
21906
21909
21912
21912
21912
21924
21925
21928
21935
21937
21940
21942
21952
21955
21963
21967
21972
21973
21976
21977
21983
21984
21984
21986
21987
21990
21991
21993
21995
22002
22005
22006
22006
22008
22008
22010
22023
22029
22030
22032
22039
22044
22044
22046
22048
22049
22050
22057
22058
22061
22061
22067
22068
22069
22069
22071
22071
22073
22074
22076
22077
22082
22087
22093
22097
22097
22101
22103
22108
22111
22112
22113
22116
22118
22123
22125
22126
22127
22127
22127
22130
22131
22134
22147
22149
22150
22151
22154
22156
22158
22158
22160
22160
22170
22172
22173
22174
22178
22180
22193
22194
22196
22198
22201
22202
22204
22205
22209
22212
22213
22213
22215
22215
22216
22218
22223
22224
22233
22234
22236
22239
22243
22243
22244
22246
22250
22265
22268
22268
22269
22277
22279
22281
22284
22286
22286
22292
22297
22297
22298
22301
22306
22306
22306
22306
22310
22311
22312
22319
22322
22324
22330
22339
22340
22341
22343
22344
22346
22349
22353
22359
22364
22369
22369
22370
22371
22373
22386
22396
22396
22396
22399
22400
22406
22407
22413
22419
22419
22420
22427
22428
22428
22429
22431
22437
22449
22450
22451
22456
22458
22460
22462
22463
22471
22472
22482
22483
22488
22503
22507
22507
22512
22513
22515
22516
22523
22525
22526
22532
22533
22533
22533
22537
22538
22539
22543
22546
22550
22559
22561
22564
22566
22567
22568
22573
22573
22579
22586
22588
22590
22591
22592
22593
22602
22603
22603
22608
22612
22614
22619
22620
22624
22632
22633
22635
22637
22647
22647
22650
22654
22660
22666
22666
22668
22671
22674
22678
22684
22684
22686
22690
22694
22696
22700
22703
22708
22708
22712
22714
22719
22719
22725
22726
22729
22733
22735
22738
22741
22745
22754
22759
22772
22775
22776
22778
22779
22780
22780
22787
22788
22790
22793
22797
22797
22807
22807
22811
22812
22813
22815
22816
22819
22819
22823
22827
22831
22832
22834
22837
22839
22844
22845
22849
22851
22854
22855
22858
22862
22862
22868
22868
22869
22871
22873
22874
22874
22880
22880
22882
22885
22885
22887
22888
22890
22896
22900
22905
22912
22914
22918
22922
22926
22930
22932
22933
22933
22940
22941
22947
22948
22949
22950
22950
22954
22963
22963
22965
22966
22968
22970
22972
22975
22976
22977
22978
22985
22988
22998
23003
23006
23010
23014
23025
23025
23025
23027
23030
23031
23038
23040
23053
23053
23057
23060
23061
23065
23073
23074
23077
23082
23084
23086
23089
23090
23092
23092
23095
23098
23102
23103
23103
23107
23113
23119
23135
23135
23145
23149
23149
23150
23152
23158
23163
23168
23178
23179
23181
23182
23182
23186
23190
23191
23192
23197
23197
23200
23207
23214
23214
23215
23216
23217
23217
23221
23224
23224
23231
23232
23234
23236
23244
23244
23252
23252
23254
23255
23257
23264
23277
23282
23283
23283
23283
23284
23284
23287
23289
23294
23295
23297
23298
23301
23304
23304
23309
23310
23310
23319
23322
23325
23327
23328
23331
23331
23335
23336
23342
23342
23344
23347
23347
23349
23353
23354
23354
23359
23366
23367
23376
23379
23381
23383
23384
23391
23393
23394
23399
23400
23403
23404
23404
23407
23409
23412
23412
23415
23421
23427
23429
23434
23441
23443
23443
23447
23450
23451
23456
23456
23457
23457
23459
23459
23461
23461
23462
23463
23463
23463
23464
23466
23467
23467
23469
23469
23470
23471
23478
23480
23485
23487
23487
23490
23491
23495
23498
23498
23499
23503
23503
23504
23511
23517
23517
23521
23522
23523
23523
23527
23527
23533
23536
23536
23539
23540
23540
23547
23553
23554
23559
23559
23560
23560
23561
23564
23573
23573
23576
23576
23578
23579
23579
23584
23589
23593
23595
23596
23598
23599
23600
23601
23603
23605
23605
23613
23618
23631
23632
23633
23633
23635
23643
23643
23645
23647
23647
23651
23653
23656
23657
23659
23665
23667
23668
23672
23672
23685
23685
23686
23691
23695
23700
23703
23707
23709
23715
23722
23730
23732
23734
23735
23737
23739
23751
23754
23756
23756
23757
23758
23761
23768
23768
23769
23770
23771
23772
23774
23779
23780
23780
23783
23785
23786
23790
23790
23792
23793
23793
23796
23799
23799
23803
23811
23819
23824
23825
23834
23837
23856
23863
23863
23864
23864
23864
23869
23874
23877
23877
23877
23877
23878
23879
23882
23883
23884
23888
23889
23892
23895
23896
23901
23903
23911
23911
23920
23926
23933
23940
23940
23941
23942
23946
23947
23948
23951
23953
23954
23957
23957
23963
23966
23970
23971
23973
23974
23989
23990
23995
24000
24001
24004
24010
24014
24015
24016
24016
24017
24019
24025
24027
24028
24030
24033
24034
24035
24035
24035
24035
24041
24043
24044
24044
24045
24049
24051
24052
24058
24066
24067
24068
24070
24071
24072
24075
24075
24076
24077
24083
24083
24085
24088
24089
24095
24098
24098
24101
24104
24105
24105
24112
24115
24116
24119
24126
24127
24135
24140
24140
24141
24144
24145
24147
24149
24165
24168
24169
24170
24172
24186
24187
24188
24188
24190
24200
24201
24211
24212
24215
24217
24223
24226
24233
24241
24242
24242
24245
24247
24255
24255
24256
24258
24261
24262
24263
24268
24269
24272
24279
24291
24292
24292
24294
24295
24296
24297
24298
24302
24306
24307
24309
24313
24316
24320
24323
24326
24331
24332
24333
24335
24335
24342
24344
24360
24361
24362
24362
24370
24372
24376
24377
24383
24383
24385
24393
24397
24398
24403
24410
24420
24420
24422
24422
24426
24427
24431
24432
24433
24434
24440
24440
24440
24445
24446
24456
24457
24464
24465
24468
24469
24471
24478
24479
24479
24479
24480
24483
24485
24488
24489
24497
24503
24519
24523
24525
24530
24540
24541
24544
24545
24546
24546
24549
24552
24552
24556
24562
24568
24574
24575
24580
24581
24588
24591
24595
24596
24604
24614
24617
24621
24623
24623
24627
24628
24629
24630
24630
24632
24635
24637
24637
24638
24638
24639
24650
24655
24663
24664
24671
24675
24675
24677
24679
24680
24684
24691
24696
24704
24710
24714
24715
24718
24719
24719
24720
24721
24721
24723
24730
24731
24738
24745
24745
24748
24753
24754
24754
24761
24765
24765
24768
24770
24771
24774
24775
24775
24776
24778
24778
24779
24785
24789
24791
24792
24792
24805
24806
24809
24813
24814
24815
24816
24819
24821
24823
24824
24825
24830
24832
24832
24834
24835
24836
24838
24838
24842
24842
24847
24852
24854
24855
24855
24858
24861
24863
24865
24865
24873
24873
24881
24885
24887
24894
24895
24904
24906
24907
24909
24910
24919
24921
24922
24927
24928
24929
24932
24933
24933
24935
24947
24950
24955
24956
24956
24957
24974
24981
24982
24994
24996
25000
25000
25006
25009
25014
25015
25028
25044
25045
25045
25046
25047
25048
25048
25051
25065
25070
25075
25077
25078
25080
25082
25082
25088
25091
25091
25094
25097
25098
25100
25101
25104
25105
25105
25105
25110
25113
25114
25118
25119
25121
25123
25124
25125
25134
25139
25141
25142
25143
25147
25147
25148
25155
25159
25160
25166
25169
25174
25177
25185
25185
25192
25194
25196
25197
25200
25200
25201
25203
25209
25209
25209
25220
25224
25225
25225
25226
25227
25229
25238
25241
25243
25245
25252
25257
25261
25262
25263
25267
25268
25268
25271
25273
25278
25278
25282
25284
25293
25295
25295
25297
25299
25301
25303
25303
25308
25318
25324
25326
25327
25331
25334
25334
25335
25336
25337
25339
25348
25350
25352
25357
25363
25364
25365
25365
25366
25373
25374
25375
25376
25387
25389
25393
25393
25394
25402
25402
25402
25403
25410
25412
25414
25418
25420
25423
25423
25424
25427
25429
25430
25438
25439
25441
25441
25442
25444
25445
25448
25450
25451
25452
25453
25455
25466
25466
25468
25469
25470
25474
25481
25490
25492
25503
25508
25513
25516
25517
25522
25524
25528
25528
25531
25532
25537
25537
25539
25543
25546
25546
25546
25550
25552
25552
25556
25556
25558
25560
25561
25570
25572
25574
25575
25576
25583
25583
25591
25597
25602
25605
25606
25608
25614
25621
25624
25627
25629
25643
25647
25647
25648
25651
25654
25656
25657
25669
25671
25682
25682
25685
25688
25705
25705
25716
25720
25722
25722
25725
25728
25733
25735
25737
25738
25741
25743
25753
25760
25762
25763
25765
25766
25767
25771
25772
25772
25777
25777
25781
25785
25791
25792
25798
25799
25802
25808
25808
25810
25813
25818
25819
25827
25828
25830
25831
25832
25832
25834
25839
25839
25840
25850
25855
25859
25864
25865
25869
25870
25871
25873
25879
25879
25883
25884
25890
25900
25903
25907
25909
25910
25912
25917
25920
25924
25927
25931
25932
25939
25944
25945
25946
25946
25955
25956
25956
25958
25965
25973
25977
25979
25985
25987
25993
25996
26000
26001
26001
26004
26008
26013
26013
26016
26017
26017
26019
26019
26021
26024
26027
26030
26031
26032
26038
26042
26050
26052
26053
26054
26056
26059
26064
26067
26068
26072
26076
26077
26079
26099
26099
26105
26107
26110
26112
26112
26115
26118
26121
26122
26124
26128
26130
26134
26134
26142
26142
26145
26145
26150
26151
26153
26157
26164
26165
26165
26170
26171
26176
26179
26180
26184
26186
26188
26195
26197
26199
26200
26202
26204
26204
26206
26215
26218
26219
26227
26227
26230
26231
26233
26235
26238
26238
26239
26246
26247
26248
26249
26254
26256
26257
26257
26258
26261
26262
26264
26265
26272
26275
26282
26294
26302
26304
26304
26305
26307
26314
26338
26339
26339
26340
26342
26347
26351
26351
26358
26360
26360
26361
26366
26372
26377
26378
26381
26386
26388
26393
26397
26399
26399
26402
26403
26403
26406
26406
26410
26412
26416
26423
26424
26425
26428
26429
26430
26443
26445
26445
26447
26450
26451
26453
26456
26459
26459
26460
26464
26468
26471
26473
26475
26483
26486
26492
26493
26494
26495
26500
26502
26505
26509
26510
26516
26521
26526
26527
26528
26528
26528
26529
26537
26543
26545
26547
26547
26547
26548
26549
26556
26559
26564
26568
26569
26570
26572
26574
26576
26577
26577
26581
26589
26589
26594
26595
26596
26600
26601
26604
26605
26606
26607
26616
26621
26626
26627
26627
26635
26636
26639
26647
26653
26653
26657
26659
26663
26664
26665
26665
26665
26667
26671
26675
26684
26689
26690
26694
26698
26700
26701
26704
26706
26711
26715
26717
26721
26724
26728
26729
26730
26731
26733
26743
26753
26753
26756
26757
26762
26763
26763
26764
26770
26771
26772
26773
26778
26779
26781
26783
26785
26786
26786
26789
26792
26796
26802
26803
26808
26811
26816
26817
26819
26819
26822
26824
26824
26826
26836
26837
26837
26841
26847
26848
26850
26851
26852
26853
26857
26859
26859
26861
26862
26866
26869
26872
26876
26877
26880
26883
26891
26902
26902
26905
26915
26916
26919
26920
26920
26928
26932
26933
26934
26934
26936
26937
26942
26943
26949
26957
26958
26959
26961
26962
26972
26978
26979
26987
26992
27002
27003
27006
27007
27008
27012
27012
27013
27013
27018
27018
27025
27029
27040
27041
27041
27045
27057
27058
27058
27066
27066
27070
27072
27080
27091
27091
27095
27097
27098
27100
27102
27112
27118
27119
27120
27128
27129
27131
27131
27141
27145
27147
27147
27151
27159
27159
27161
27162
27164
27168
27169
27171
27172
27172
27173
27174
27179
27179
27181
27191
27193
27193
27198
27204
27211
27214
27215
27223
27224
27227
27230
27235
27235
27235
27235
27237
27243
27243
27245
27247
27248
27251
27258
27263
27264
27267
27267
27272
27278
27283
27284
27286
27290
27290
27292
27292
27292
27298
27302
27311
27313
27314
27315
27324
27327
27335
27336
27342
27344
27348
27355
27356
27357
27358
27358
27363
27366
27366
27367
27367
27371
27373
27378
27380
27381
27384
27384
27385
27388
27388
27394
27396
27397
27398
27408
27410
27418
27422
27422
27426
27429
27435
27437
27438
27440
27440
27445
27446
27450
27458
27460
27460
27465
27468
27472
27472
27474
27481
27484
27491
27497
27499
27510
27511
27512
27518
27518
27518
27520
27522
27526
27530
27530
27532
27532
27536
27554
27558
27565
27567
27569
27570
27575
27576
27577
27588
27591
27592
27599
27602
27604
27604
27612
27614
27615
27616
27616
27618
27619
27628
27631
27635
27636
27640
27641
27642
27645
27647
27647
27651
27652
27655
27657
27661
27663
27666
27670
27670
27671
27679
27684
27684
27689
27690
27691
27694
27694
27697
27698
27698
27704
27705
27705
27709
27710
27714
27714
27716
27720
27723
27728
27729
27730
27740
27740
27742
27744
27749
27753
27754
27757
27761
27762
27769
27770
27775
27777
27778
27781
27782
27783
27785
27796
27799
27801
27803
27806
27808
27808
27810
27810
27818
27822
27827
27847
27847
27853
27855
27859
27861
27863
27865
27867
27867
27868
27869
27869
27871
27882
27884
27888
27891
27891
27895
27896
27900
27902
27902
27904
27904
27916
27917
27917
27920
27920
27924
27930
27930
27931
27932
27933
27934
27937
27937
27940
27940
27947
27949
27952
27953
27954
27957
27958
27960
27966
27969
27974
27980
27987
27994
27995
28002
28009
28011
28016
28021
28028
28031
28032
28035
28039
28047
28049
28051
28053
28063
28064
28064
28066
28073
28078
28084
28085
28103
28103
28105
28109
28113
28117
28117
28122
28125
28133
28140
28140
28142
28143
28144
28147
28150
28153
28154
28154
28168
28170
28172
28176
28179
28184
28191
28194
28200
28203
28204
28213
28213
28222
28222
28222
28223
28224
28225
28225
28226
28228
28234
28239
28255
28271
28273
28276
28278
28280
28280
28284
28285
28289
28292
28292
28296
28296
28297
28301
28302
28303
28305
28307
28307
28308
28312
28319
28326
28336
28338
28344
28347
28347
28348
28349
28354
28368
28376
28377
28378
28378
28390
28392
28392
28393
28395
28397
28399
28399
28400
28405
28405
28406
28408
28413
28418
28422
28429
28434
28436
28436
28441
28442
28444
28450
28451
28458
28458
28460
28462
28466
28468
28473
28480
28482
28484
28485
28489
28493
28497
28502
28507
28510
28510
28512
28515
28518
28518
28520
28527
28527
28529
28538
28538
28543
28545
28551
28553
28554
28557
28559
28562
28562
28566
28569
28570
28570
28571
28574
28577
28583
28585
28586
28589
28594
28596
28601
28603
28606
28607
28611
28611
28613
28624
28627
28628
28631
28631
28635
28638
28639
28642
28642
28643
28645
28656
28658
28658
28667
28669
28670
28677
28677
28681
28682
28686
28687
28689
28691
28695
28698
28705
28714
28718
28732
28737
28737
28740
28741
28741
28742
28746
28750
28751
28752
28753
28753
28755
28758
28761
28761
28765
28765
28768
28771
28773
28773
28773
28775
28778
28778
28780
28781
28782
28784
28786
28792
28792
28793
28793
28798
28801
28801
28802
28804
28805
28806
28807
28810
28811
28812
28813
28816
28822
28824
28824
28828
28833
28836
28840
28850
28856
28870
28871
28874
28876
28880
28882
28885
28891
28893
28894
28897
28897
28898
28899
28901
28903
28911
28912
28918
28921
28925
28925
28926
28929
28940
28941
28944
28944
28951
28955
28955
28960
28965
28967
28968
28974
28976
28977
28978
28988
28990
28992
28996
29004
29011
29012
29021
29024
29024
29024
29027
29031
29032
29032
29033
29036
29036
29037
29050
29051
29059
29060
29060
29064
29065
29068
29073
29079
29079
29081
29083
29084
29085
29087
29091
29093
29098
29098
29099
29100
29113
29119
29120
29121
29122
29123
29126
29127
29128
29129
29131
29135
29137
29141
29145
29146
29148
29149
29150
29157
29158
29158
29160
29162
29162
29169
29175
29181
29185
29194
29195
29210
29213
29218
29220
29222
29223
29229
29233
29238
29241
29245
29245
29248
29251
29259
29262
29262
29263
29265
29265
29265
29267
29271
29271
29277
29279
29283
29283
29284
29287
29291
29298
29310
29317
29319
29324
29327
29328
29328
29329
29334
29334
29336
29338
29341
29342
29345
29353
29355
29357
29364
29366
29368
29371
29373
29380
29389
29392
29392
29393
29401
29403
29404
29406
29406
29411
29421
29427
29427
29428
29432
29437
29438
29442
29446
29447
29448
29452
29452
29452
29456
29463
29471
29471
29474
29477
29477
29479
29480
29485
29491
29492
29495
29496
29498
29501
29507
29508
29508
29510
29516
29526
29536
29539
29544
29545
29545
29546
29551
29553
29555
29562
29572
29572
29575
29577
29577
29577
29584
29588
29589
29589
29590
29590
29594
29595
29600
29609
29611
29613
29613
29616
29617
29618
29620
29620
29621
29624
29624
29625
29625
29629
29634
29634
29636
29641
29645
29652
29654
29656
29660
29660
29662
29666
29667
29670
29670
29676
29678
29684
29687
29690
29691
29703
29708
29708
29708
29714
29716
29718
29727
29733
29735
29738
29757
29758
29758
29758
29759
29760
29764
29785
29786
29790
29792
29793
29794
29796
29806
29806
29808
29808
29808
29810
29813
29814
29815
29815
29820
29821
29822
29826
29828
29834
29834
29835
29836
29844
29844
29851
29851
29865
29868
29869
29869
29869
29869
29872
29876
29878
29889
29890
29893
29900
29904
29904
29905
29910
29914
29916
29917
29919
29921
29924
29924
29926
29931
29933
29942
29943
29946
29953
29956
29957
29963
29965
29967
29974
29980
29985
29990
29996
29997
938
6
932
