10000
5
7
8
12
14
15
23
23
34
36
38
48
49
50
65
72
81
85
89
91
92
93
94
101
104
106
110
110
113
121
122
126
127
127
128
129
130
132
135
136
137
138
139
142
145
147
147
152
156
163
164
167
168
172
192
194
197
197
197
198
200
200
202
205
205
210
210
213
216
218
219
220
224
236
237
241
241
242
242
244
244
246
246
253
256
257
259
267
270
275
275
279
284
284
289
290
290
296
304
317
318
322
326
327
333
335
336
336
339
341
347
348
354
368
372
373
376
376
380
389
390
390
395
395
402
402
405
405
408
416
420
421
425
426
431
438
442
445
449
455
455
457
459
462
464
469
470
471
471
474
479
481
483
484
484
486
489
489
490
502
503
505
509
514
515
518
519
523
529
529
529
534
536
538
542
543
544
544
545
553
554
565
567
568
568
569
570
575
577
579
591
592
596
597
599
600
607
611
611
612
619
621
622
636
637
640
649
668
668
674
675
686
686
695
695
697
700
700
705
708
715
718
729
730
731
735
736
743
749
752
757
758
770
771
777
779
782
784
785
786
787
790
793
793
796
796
798
803
803
809
811
814
815
817
823
823
826
831
832
832
833
837
838
838
839
842
844
845
848
851
861
861
863
864
876
882
887
889
898
899
901
902
907
907
908
910
919
920
921
925
927
931
931
934
938
939
942
943
954
960
970
974
974
976
984
989
990
993
994
997
1001
1001
1002
1006
1007
1008
1009
1012
1014
1018
1019
1021
1022
1023
1025
1028
1030
1032
1034
1034
1037
1040
1044
1045
1048
1054
1056
1057
1058
1059
1061
1078
1080
1083
1083
1085
1086
1087
1088
1092
1099
1105
1109
1110
1111
1111
1112
1116
1116
1118
1125
1126
1140
1141
1147
1151
1152
1153
1154
1163
1163
1165
1169
1180
1180
1182
1184
1185
1187
1188
1188
1188
1192
1193
1193
1198
1201
1201
1205
1206
1207
1212
1218
1219
1221
1226
1229
1239
1245
1248
1252
1253
1253
1253
1262
1263
1270
1271
1277
1287
1287
1290
1296
1302
1308
1314
1318
1321
1323
1325
1326
1326
1327
1330
1331
1332
1332
1333
1333
1334
1336
1337
1340
1345
1347
1351
1352
1357
1359
1362
1363
1365
1365
1366
1373
1381
1385
1392
1393
1400
1402
1403
1413
1415
1416
1418
1419
1422
1422
1422
1426
1426
1428
1439
1444
1447
1458
1458
1468
1468
1469
1479
1481
1482
1486
1490
1495
1495
1500
1501
1503
1504
1510
1511
1512
1512
1515
1517
1519
1519
1520
1521
1521
1532
1538
1539
1539
1541
1542
1543
1545
1547
1551
1559
1560
1563
1566
1568
1574
1577
1583
1585
1585
1586
1602
1603
1607
1608
1608
1609
1609
1611
1615
1616
1618
1618
1622
1623
1625
1628
1630
1635
1641
1650
1656
1657
1659
1665
1667
1668
1669
1670
1670
1673
1682
1683
1690
1691
1697
1704
1708
1710
1711
1712
1713
1713
1714
1725
1741
1756
1761
1766
1769
1773
1778
1791
1796
1801
1803
1805
1806
1807
1809
1810
1811
1811
1815
1816
1822
1824
1825
1826
1828
1832
1834
1835
1835
1836
1838
1841
1842
1845
1848
1851
1855
1857
1862
1862
1865
1869
1870
1900
1904
1906
1909
1911
1917
1917
1919
1931
1932
1942
1942
1943
1943
1944
1945
1949
1949
1950
1951
1953
1958
1965
1969
1971
1971
1972
1973
1974
1979
1981
1981
1985
1989
1990
1991
1992
1997
1999
1999
2003
2005
2009
2010
2011
2013
2014
2014
2017
2022
2024
2025
2025
2025
2026
2026
2027
2033
2036
2039
2042
2049
2054
2054
2055
2055
2056
2057
2058
2062
2069
2077
2078
2083
2085
2092
2097
2104
2111
2112
2113
2113
2114
2119
2120
2122
2122
2125
2128
2129
2132
2135
2135
2135
2135
2136
2141
2144
2151
2153
2154
2158
2158
2164
2164
2166
2172
2175
2176
2176
2177
2179
2185
2190
2191
2192
2197
2200
2201
2202
2202
2206
2208
2212
2216
2219
2220
2223
2223
2224
2228
2229
2231
2233
2236
2243
2243
2244
2247
2247
2252
2255
2259
2263
2267
2269
2270
2270
2276
2280
2281
2283
2284
2285
2285
2288
2292
2292
2298
2298
2302
2307
2310
2318
2328
2331
2336
2336
2338
2341
2342
2342
2345
2362
2370
2379
2380
2386
2388
2389
2397
2403
2405
2412
2413
2423
2423
2423
2429
2429
2433
2434
2436
2436
2436
2439
2439
2441
2445
2446
2448
2450
2455
2460
2462
2467
2475
2483
2485
2485
2486
2492
2493
2497
2503
2508
2512
2512
2513
2525
2526
2529
2531
2534
2537
2540
2541
2542
2548
2555
2555
2555
2558
2558
2561
2561
2565
2567
2572
2577
2578
2579
2581
2584
2587
2587
2597
2597
2600
2604
2605
2607
2607
2612
2613
2613
2617
2617
2625
2626
2628
2635
2638
2643
2644
2646
2651
2653
2654
2661
2661
2663
2665
2668
2669
2673
2673
2675
2677
2683
2691
2691
2692
2692
2698
2711
2712
2712
2713
2715
2718
2718
2720
2737
2738
2744
2749
2753
2756
2757
2758
2762
2763
2764
2765
2766
2773
2782
2785
2786
2788
2788
2793
2794
2800
2800
2804
2811
2811
2812
2812
2814
2815
2817
2818
2818
2829
2829
2831
2831
2833
2834
2838
2840
2843
2848
2854
2856
2862
2865
2873
2874
2877
2880
2883
2884
2885
2886
2890
2890
2892
2893
2898
2903
2904
2909
2913
2916
2920
2924
2924
2925
2928
2935
2941
2943
2947
2952
2952
2954
2957
2960
2961
2968
2968
2968
2978
2979
2980
2981
2982
2991
2991
2994
2996
2998
3003
3004
3007
3009
3023
3031
3032
3035
3039
3044
3045
3050
3053
3059
3063
3064
3066
3070
3074
3077
3077
3079
3080
3081
3084
3086
3089
3089
3103
3105
3112
3117
3119
3129
3134
3144
3146
3149
3151
3151
3163
3165
3166
3167
3169
3172
3173
3174
3178
3178
3179
3184
3188
3191
3191
3195
3199
3204
3205
3208
3211
3216
3218
3222
3225
3227
3229
3231
3233
3234
3241
3241
3245
3259
3260
3261
3265
3268
3268
3269
3271
3272
3275
3284
3286
3288
3292
3293
3297
3298
3305
3305
3317
3320
3320
3322
3325
3327
3332
3332
3336
3351
3351
3365
3366
3372
3378
3380
3384
3385
3386
3393
3401
3402
3402
3404
3407
3416
3417
3417
3422
3424
3428
3429
3429
3430
3431
3431
3432
3432
3434
3442
3442
3443
3447
3447
3448
3453
3454
3458
3466
3470
3470
3474
3475
3476
3476
3477
3479
3479
3481
3482
3483
3488
3489
3497
3499
3503
3503
3504
3505
3514
3515
3517
3526
3528
3529
3533
3539
3542
3543
3549
3551
3553
3554
3554
3557
3558
3561
3562
3564
3568
3569
3571
3574
3576
3580
3580
3582
3596
3600
3605
3605
3608
3610
3611
3614
3619
3619
3635
3637
3638
3640
3643
3644
3647
3660
3667
3668
3668
3669
3678
3680
3682
3682
3698
3698
3699
3702
3705
3710
3711
3724
3727
3731
3743
3749
3758
3763
3764
3764
3765
3766
3766
3769
3773
3773
3775
3776
3776
3777
3782
3783
3785
3790
3790
3797
3799
3800
3803
3803
3809
3810
3810
3811
3822
3823
3826
3831
3832
3840
3841
3848
3848
3849
3851
3855
3861
3864
3864
3870
3876
3880
3882
3885
3888
3888
3893
3895
3901
3909
3910
3914
3915
3917
3928
3928
3929
3934
3936
3939
3954
3957
3958
3959
3965
3966
3967
3968
3972
3975
3975
3980
3987
3988
3991
3992
3996
3996
3997
3998
4001
4005
4007
4010
4012
4013
4013
4014
4015
4018
4023
4030
4032
4033
4038
4038
4044
4046
4048
4049
4062
4064
4070
4072
4075
4079
4080
4087
4090
4091
4093
4098
4100
4101
4103
4104
4107
4108
4108
4111
4111
4115
4116
4122
4127
4129
4129
4130
4133
4138
4138
4141
4150
4152
4153
4155
4157
4161
4171
4174
4175
4176
4177
4182
4188
4191
4191
4192
4195
4196
4196
4200
4214
4214
4215
4217
4218
4220
4222
4222
4222
4222
4223
4229
4233
4233
4241
4241
4246
4247
4248
4249
4250
4250
4252
4253
4258
4258
4262
4264
4265
4265
4266
4266
4267
4273
4273
4274
4281
4284
4287
4288
4292
4293
4296
4300
4300
4306
4309
4314
4325
4325
4325
4328
4329
4335
4339
4340
4345
4353
4359
4365
4378
4380
4382
4383
4383
4384
4384
4386
4389
4389
4392
4399
4404
4406
4407
4408
4410
4413
4413
4413
4413
4414
4417
4417
4420
4426
4430
4435
4441
4441
4443
4445
4447
4447
4460
4464
4467
4467
4468
4469
4478
4478
4483
4488
4494
4494
4499
4504
4505
4522
4526
4538
4539
4545
4551
4552
4552
4555
4556
4560
4562
4568
4575
4579
4583
4583
4587
4590
4591
4593
4596
4598
4601
4604
4604
4605
4613
4614
4624
4625
4629
4636
4638
4645
4645
4645
4648
4649
4651
4659
4675
4676
4679
4680
4682
4687
4688
4691
4702
4703
4710
4711
4712
4718
4726
4743
4748
4753
4755
4757
4759
4766
4766
4767
4768
4770
4773
4776
4776
4780
4783
4786
4792
4793
4799
4801
4801
4802
4803
4804
4807
4807
4809
4810
4810
4813
4815
4818
4820
4820
4821
4821
4825
4829
4830
4837
4841
4841
4842
4845
4852
4853
4857
4858
4859
4862
4863
4866
4869
4875
4878
4888
4893
4895
4898
4903
4905
4907
4909
4914
4915
4917
4917
4924
4925
4931
4933
4938
4942
4944
4945
4948
4954
4957
4957
4959
4965
4972
4972
4973
4988
4993
4995
4998
5000
5008
5011
5012
5013
5014
5015
5016
5017
5018
5018
5025
5026
5031
5033
5034
5036
5041
5044
5045
5046
5047
5049
5051
5054
5058
5058
5059
5069
5069
5070
5071
5071
5073
5077
5082
5084
5091
5094
5096
5096
5096
5103
5113
5114
5119
5120
5125
5126
5128
5129
5136
5136
5137
5137
5138
5142
5142
5145
5147
5148
5149
5149
5153
5153
5156
5157
5163
5168
5170
5171
5176
5177
5184
5186
5191
5191
5205
5209
5213
5218
5221
5225
5225
5225
5227
5227
5231
5232
5235
5236
5238
5246
5247
5252
5265
5269
5277
5277
5278
5279
5280
5281
5288
5289
5294
5301
5307
5309
5311
5316
5317
5317
5322
5323
5324
5325
5327
5328
5328
5332
5332
5332
5332
5333
5334
5338
5338
5346
5346
5354
5355
5362
5366
5368
5380
5381
5383
5383
5386
5387
5389
5389
5403
5409
5410
5411
5413
5413
5414
5415
5416
5418
5421
5428
5437
5437
5439
5439
5441
5444
5446
5448
5451
5453
5453
5455
5457
5471
5472
5473
5475
5477
5479
5479
5480
5480
5504
5507
5511
5515
5516
5524
5524
5526
5537
5541
5545
5547
5549
5557
5560
5562
5563
5567
5576
5577
5579
5579
5580
5580
5587
5587
5592
5594
5595
5596
5596
5598
5606
5612
5616
5623
5624
5625
5629
5630
5634
5635
5637
5639
5640
5641
5644
5646
5648
5657
5660
5662
5664
5667
5674
5674
5676
5676
5680
5683
5690
5701
5714
5716
5718
5725
5729
5731
5736
5739
5742
5742
5743
5747
5751
5753
5755
5756
5764
5766
5771
5777
5778
5779
5781
5782
5783
5783
5789
5791
5795
5796
5797
5802
5806
5807
5810
5810
5812
5823
5826
5827
5832
5833
5834
5836
5837
5841
5846
5848
5853
5859
5859
5861
5862
5864
5869
5870
5878
5880
5882
5892
5892
5896
5897
5903
5903
5904
5904
5907
5912
5915
5915
5918
5922
5924
5928
5930
5932
5939
5946
5947
5947
5949
5952
5952
5953
5953
5957
5960
5964
5965
5966
5978
5982
5985
5986
5988
5989
5993
5994
5997
6000
6001
6002
6002
6006
6006
6010
6012
6014
6018
6020
6028
6028
6032
6032
6039
6039
6040
6043
6046
6048
6048
6048
6050
6052
6053
6060
6061
6061
6063
6069
6070
6072
6081
6083
6085
6086
6086
6088
6088
6088
6096
6098
6120
6121
6123
6125
6131
6132
6136
6137
6139
6139
6142
6146
6147
6151
6155
6156
6157
6162
6163
6165
6167
6169
6173
6173
6179
6180
6183
6187
6194
6195
6195
6196
6202
6202
6206
6212
6214
6215
6216
6218
6221
6236
6237
6238
6244
6244
6245
6247
6248
6256
6256
6258
6260
6260
6267
6274
6278
6282
6284
6284
6287
6292
6293
6298
6304
6308
6312
6312
6313
6316
6318
6321
6321
6323
6323
6337
6339
6340
6345
6346
6347
6347
6349
6350
6352
6354
6355
6360
6360
6367
6368
6371
6373
6374
6374
6378
6379
6380
6380
6380
6382
6382
6384
6386
6389
6390
6391
6391
6392
6393
6394
6395
6404
6407
6409
6410
6419
6419
6422
6423
6425
6434
6434
6445
6453
6456
6457
6462
6462
6463
6463
6465
6470
6473
6474
6484
6485
6488
6495
6500
6503
6504
6506
6507
6513
6517
6524
6525
6525
6528
6528
6544
6546
6548
6553
6554
6554
6557
6559
6560
6570
6572
6572
6573
6574
6576
6582
6584
6592
6596
6597
6603
6606
6612
6614
6614
6617
6620
6621
6624
6624
6626
6629
6635
6635
6638
6640
6642
6646
6647
6653
6660
6661
6661
6662
6663
6663
6675
6680
6690
6691
6692
6697
6709
6710
6710
6711
6711
6712
6713
6715
6718
6724
6730
6730
6731
6732
6745
6760
6761
6765
6771
6772
6772
6773
6778
6782
6783
6784
6785
6788
6793
6797
6798
6798
6806
6809
6813
6814
6822
6830
6839
6839
6840
6842
6846
6847
6850
6852
6854
6859
6860
6864
6866
6867
6868
6869
6870
6872
6876
6878
6879
6881
6883
6892
6892
6892
6894
6897
6898
6901
6907
6910
6920
6929
6929
6930
6936
6942
6944
6947
6954
6958
6960
6963
6969
6969
6973
6974
6979
6983
6986
6989
6992
6994
6996
6998
7002
7005
7006
7011
7013
7015
7015
7022
7023
7025
7034
7035
7036
7036
7037
7037
7037
7042
7045
7050
7052
7065
7067
7068
7068
7069
7070
7073
7074
7074
7076
7080
7082
7083
7088
7094
7095
7097
7100
7103
7107
7112
7112
7118
7122
7125
7127
7133
7137
7138
7142
7143
7145
7148
7149
7151
7156
7158
7164
7168
7170
7172
7175
7181
7186
7187
7189
7192
7194
7195
7197
7199
7199
7206
7211
7213
7218
7221
7227
7228
7229
7229
7233
7234
7234
7236
7239
7240
7243
7244
7247
7257
7260
7269
7271
7271
7273
7278
7278
7279
7282
7288
7291
7294
7298
7314
7314
7318
7319
7319
7320
7324
7333
7336
7346
7355
7356
7358
7358
7359
7370
7371
7375
7375
7376
7378
7381
7382
7382
7383
7383
7391
7391
7391
7397
7398
7400
7400
7406
7412
7413
7413
7413
7415
7420
7420
7423
7426
7429
7431
7436
7437
7440
7443
7448
7450
7450
7453
7455
7457
7457
7458
7463
7463
7467
7474
7475
7476
7476
7481
7481
7481
7481
7484
7490
7501
7505
7505
7508
7508
7512
7513
7514
7515
7518
7519
7519
7521
7521
7521
7525
7525
7532
7533
7533
7538
7543
7545
7547
7548
7560
7562
7564
7565
7567
7572
7575
7576
7580
7582
7584
7586
7591
7593
7594
7596
7597
7598
7601
7609
7609
7611
7615
7615
7616
7618
7619
7627
7627
7628
7630
7633
7635
7645
7649
7650
7653
7656
7658
7659
7661
7663
7664
7671
7675
7677
7684
7687
7691
7692
7692
7693
7695
7696
7698
7698
7703
7703
7705
7708
7708
7711
7712
7715
7719
7725
7725
7727
7731
7734
7737
7739
7740
7742
7745
7748
7748
7750
7753
7755
7756
7758
7761
7761
7762
7763
7769
7771
7772
7776
7776
7779
7779
7786
7790
7791
7791
7796
7797
7798
7807
7810
7821
7821
7821
7829
7829
7831
7833
7833
7835
7836
7837
7838
7839
7840
7848
7850
7856
7873
7873
7877
7880
7885
7886
7893
7898
7899
7912
7912
7912
7918
7922
7928
7929
7930
7933
7936
7937
7939
7940
7942
7947
7950
7950
7973
7978
7979
7979
7980
7980
7981
7983
7985
7989
7992
7993
7995
7996
7996
8001
8002
8003
8003
8009
8010
8010
8015
8024
8027
8037
8039
8042
8042
8043
8043
8049
8053
8056
8057
8060
8061
8061
8062
8063
8072
8080
8089
8089
8093
8096
8102
8103
8104
8118
8122
8124
8126
8127
8129
8131
8131
8134
8136
8137
8141
8142
8148
8150
8152
8155
8157
8158
8160
8160
8167
8169
8170
8182
8183
8186
8187
8196
8197
8198
8198
8201
8202
8203
8214
8214
8220
8222
8225
8234
8235
8236
8238
8242
8245
8247
8251
8251
8253
8254
8259
8261
8263
8264
8269
8278
8278
8286
8287
8287
8293
8293
8298
8298
8299
8304
8309
8312
8315
8325
8328
8330
8334
8337
8340
8344
8346
8357
8361
8362
8363
8364
8366
8367
8371
8372
8372
8373
8375
8379
8384
8385
8387
8387
8388
8390
8390
8396
8397
8399
8400
8402
8402
8403
8410
8414
8414
8425
8429
8430
8433
8434
8434
8437
8438
8440
8440
8441
8442
8445
8446
8448
8459
8462
8462
8464
8467
8471
8471
8473
8476
8484
8486
8495
8496
8498
8499
8504
8507
8512
8513
8517
8519
8519
8520
8525
8525
8525
8528
8528
8528
8528
8536
8540
8541
8542
8545
8557
8558
8560
8561
8563
8565
8565
8568
8572
8573
8574
8577
8578
8596
8599
8600
8602
8609
8611
8615
8617
8618
8627
8629
8631
8631
8632
8637
8638
8642
8644
8648
8649
8650
8652
8652
8654
8655
8656
8657
8658
8661
8662
8663
8671
8673
8679
8679
8681
8687
8690
8692
8693
8694
8694
8695
8695
8695
8696
8697
8703
8705
8708
8709
8714
8718
8720
8725
8732
8738
8741
8746
8748
8756
8756
8758
8763
8767
8769
8778
8780
8781
8787
8792
8793
8795
8798
8800
8800
8800
8801
8801
8802
8802
8807
8809
8810
8819
8835
8837
8841
8849
8849
8862
8870
8870
8885
8888
8890
8890
8898
8898
8906
8907
8911
8912
8913
8916
8917
8918
8925
8926
8927
8930
8930
8936
8936
8940
8944
8956
8961
8966
8971
8977
8983
8983
8986
8986
8986
8987
8988
8989
8990
8995
9004
9009
9009
9020
9020
9021
9022
9026
9030
9034
9037
9042
9043
9044
9050
9051
9056
9061
9068
9069
9069
9075
9082
9086
9095
9098
9099
9101
9102
9104
9107
9107
9109
9109
9110
9111
9112
9117
9121
9123
9123
9124
9128
9128
9129
9129
9129
9132
9133
9137
9138
9144
9144
9148
9156
9162
9162
9163
9165
9166
9167
9172
9175
9186
9187
9190
9197
9198
9202
9208
9208
9210
9213
9214
9216
9217
9223
9226
9228
9230
9243
9245
9245
9246
9247
9247
9254
9254
9261
9263
9267
9267
9269
9270
9271
9276
9286
9292
9293
9293
9294
9294
9298
9299
9299
9299
9302
9304
9305
9307
9308
9311
9311
9316
9316
9320
9324
9325
9325
9332
9337
9343
9345
9353
9356
9357
9367
9370
9376
9379
9384
9389
9396
9396
9398
9398
9403
9405
9407
9423
9425
9425
9427
9431
9432
9437
9438
9445
9446
9447
9448
9450
9454
9455
9458
9460
9462
9462
9469
9470
9472
9473
9474
9476
9477
9478
9483
9485
9486
9486
9487
9488
9502
9505
9505
9506
9507
9517
9522
9529
9534
9535
9536
9537
9538
9538
9541
9541
9547
9553
9557
9559
9562
9562
9566
9569
9576
9580
9583
9584
9588
9588
9602
9606
9608
9609
9612
9614
9619
9626
9633
9640
9643
9644
9650
9651
9653
9654
9659
9660
9661
9663
9667
9667
9667
9671
9671
9671
9672
9673
9674
9674
9675
9678
9680
9687
9692
9698
9703
9703
9705
9707
9709
9711
9713
9714
9714
9718
9719
9720
9725
9725
9726
9727
9729
9730
9733
9734
9735
9736
9738
9744
9746
9747
9752
9756
9756
9760
9764
9765
9769
9770
9770
9774
9776
9776
9778
9779
9780
9781
9786
9795
9795
9797
9798
9806
9814
9815
9816
9819
9821
9821
9823
9824
9826
9829
9835
9839
9840
9841
9844
9850
9852
9855
9856
9856
9862
9865
9872
9872
9873
9873
9874
9876
9879
9879
9883
9885
9885
9886
9903
9904
9906
9906
9907
9910
9916
9924
9926
9928
9928
9932
9936
9936
9942
9947
9950
9950
9953
9955
9961
9969
9973
9973
9995
9999
9999
10000
10003
10003
10008
10012
10014
10017
10022
10028
10029
10032
10033
10038
10043
10047
10048
10055
10056
10058
10063
10074
10074
10074
10075
10076
10077
10077
10089
10095
10104
10106
10109
10115
10115
10118
10121
10129
10129
10132
10138
10139
10142
10145
10147
10149
10153
10154
10154
10155
10155
10158
10159
10162
10165
10168
10171
10171
10171
10171
10173
10176
10176
10180
10182
10184
10186
10186
10187
10190
10198
10199
10199
10199
10200
10203
10208
10210
10212
10221
10221
10225
10232
10239
10240
10248
10249
10249
10250
10251
10254
10258
10258
10264
10265
10268
10273
10278
10279
10279
10280
10285
10288
10290
10292
10296
10301
10303
10309
10309
10314
10316
10319
10322
10322
10323
10324
10324
10325
10329
10329
10330
10331
10331
10341
10345
10346
10347
10351
10354
10355
10359
10361
10367
10371
10373
10377
10381
10382
10383
10384
10389
10394
10394
10406
10407
10409
10412
10428
10432
10433
10435
10436
10448
10450
10455
10459
10463
10463
10463
10468
10472
10473
10475
10484
10489
10491
10493
10494
10495
10502
10508
10508
10510
10514
10526
10526
10531
10534
10537
10538
10542
10544
10550
10553
10554
10555
10560
10560
10562
10563
10566
10573
10574
10576
10577
10577
10590
10591
10593
10595
10596
10597
10603
10605
10605
10614
10615
10619
10620
10622
10623
10632
10633
10639
10643
10643
10644
10648
10648
10656
10658
10658
10659
10659
10660
10675
10681
10681
10691
10693
10693
10702
10702
10703
10704
10706
10708
10710
10710
10710
10714
10720
10722
10722
10724
10732
10735
10740
10743
10743
10745
10748
10750
10752
10754
10754
10758
10758
10760
10761
10762
10766
10768
10769
10769
10783
10785
10791
10791
10792
10796
10797
10798
10801
10803
10813
10813
10814
10816
10818
10820
10820
10824
10833
10836
10837
10841
10842
10844
10845
10847
10849
10853
10854
10857
10859
10861
10862
10862
10864
10866
10867
10880
10895
10895
10895
10898
10899
10908
10910
10912
10913
10913
10915
10917
10920
10921
10922
10926
10929
10931
10932
10937
10937
10940
10941
10943
10952
10953
10953
10955
10965
10966
10969
10972
10976
10981
10981
10984
10985
10987
10988
10991
10991
10992
10992
10992
10995
10998
10999
11000
11000
11009
11013
11016
11017
11018
11021
11024
11026
11037
11038
11040
11040
11044
11047
11051
11052
11058
11061
11062
11063
11064
11064
11064
11065
11067
11070
11071
11077
11078
11078
11079
11080
11081
11082
11083
11084
11084
11085
11098
11098
11098
11109
11109
11111
11111
11121
11121
11121
11123
11124
11131
11131
11134
11134
11137
11137
11138
11141
11142
11146
11147
11152
11152
11154
11155
11158
11159
11160
11166
11167
11172
11173
11174
11177
11178
11180
11180
11182
11185
11187
11190
11192
11195
11195
11198
11202
11203
11205
11207
11210
11210
11213
11219
11220
11221
11225
11227
11228
11237
11245
11249
11250
11254
11259
11261
11261
11263
11263
11265
11273
11274
11276
11281
11284
11286
11291
11292
11292
11299
11300
11304
11306
11308
11310
11311
11316
11316
11318
11319
11320
11323
11324
11324
11330
11332
11336
11342
11343
11344
11346
11354
11361
11363
11364
11367
11368
11369
11372
11373
11383
11383
11387
11389
11391
11394
11397
11401
11402
11420
11421
11428
11430
11431
11432
11436
11437
11438
11439
11441
11441
11441
11450
11452
11455
11457
11457
11458
11464
11470
11474
11478
11481
11483
11483
11486
11486
11487
11489
11489
11492
11497
11500
11500
11502
11508
11509
11511
11511
11512
11512
11514
11518
11523
11524
11528
11529
11536
11539
11540
11554
11555
11556
11557
11562
11565
11571
11571
11574
11590
11591
11596
11599
11601
11603
11606
11611
11613
11618
11621
11637
11641
11643
11649
11652
11653
11655
11659
11659
11662
11662
11663
11666
11667
11674
11686
11686
11687
11689
11692
11692
11698
11699
11704
11709
11709
11712
11714
11719
11719
11730
11738
11744
11745
11751
11752
11753
11754
11755
11758
11764
11773
11774
11775
11776
11777
11778
11781
11783
11783
11792
11792
11796
11796
11797
11801
11802
11803
11808
11808
11813
11814
11814
11818
11818
11821
11822
11831
11831
11831
11833
11833
11835
11845
11847
11851
11855
11855
11856
11863
11863
11867
11868
11870
11870
11880
11880
11884
11885
11886
11887
11888
11889
11890
11893
11896
11898
11899
11902
11911
11913
11914
11915
11918
11927
11930
11931
11933
11934
11936
11939
11940
11943
11943
11945
11947
11957
11959
11964
11964
11964
11965
11972
11973
11975
11983
11984
11987
11989
11991
11994
12001
12005
12010
12016
12018
12026
12026
12029
12031
12032
12033
12036
12037
12038
12038
12041
12045
12045
12045
12049
12050
12052
12054
12063
12064
12068
12069
12069
12070
12074
12075
12076
12077
12080
12086
12090
12100
12121
12122
12123
12124
12126
12127
12129
12132
12135
12138
12140
12143
12154
12158
12161
12167
12169
12169
12169
12171
12178
12180
12180
12180
12183
12188
12189
12191
12192
12193
12201
12203
12208
12208
12209
12216
12230
12233
12240
12252
12253
12254
12257
12258
12259
12260
12265
12267
12268
12273
12277
12285
12285
12286
12288
12290
12291
12292
12300
12301
12305
12308
12308
12311
12321
12324
12329
12332
12336
12341
12349
12354
12357
12359
12360
12366
12368
12374
12376
12377
12383
12384
12391
12392
12393
12395
12399
12403
12404
12405
12406
12408
12410
12412
12413
12417
12419
12420
12420
12427
12434
12437
12439
12439
12440
12442
12443
12450
12456
12460
12460
12465
12466
12469
12471
12473
12484
12487
12489
12490
12490
12493
12494
12496
12497
12503
12507
12513
12517
12522
12525
12525
12527
12528
12530
12531
12531
12533
12538
12540
12541
12541
12544
12545
12545
12552
12564
12572
12573
12573
12573
12575
12575
12580
12581
12582
12585
12589
12590
12593
12599
12601
12607
12609
12611
12613
12619
12620
12620
12624
12625
12627
12628
12628
12628
12634
12645
12655
12660
12666
12671
12673
12680
12683
12687
12692
12697
12703
12704
12705
12708
12717
12721
12727
12727
12731
12736
12737
12737
12739
12742
12748
12750
12751
12754
12755
12765
12766
12771
12771
12775
12775
12781
12781
12781
12782
12783
12793
12794
12795
12798
12804
12809
12810
12814
12815
12818
12823
12829
12830
12831
12833
12838
12841
12848
12851
12856
12860
12862
12863
12867
12873
12877
12878
12878
12879
12880
12883
12884
12885
12889
12893
12894
12895
12897
12897
12899
12901
12902
12910
12911
12916
12917
12918
12918
12924
12926
12927
12929
12938
12942
12944
12944
12951
12953
12954
12954
12955
12959
12959
12967
12967
12978
12983
12988
12992
12996
12997
12997
12998
12998
13000
13002
13005
13005
13006
13006
13007
13011
13014
13015
13016
13016
13016
13018
13021
13034
13035
13035
13036
13038
13039
13045
13047
13048
13057
13059
13060
13064
13067
13069
13070
13079
13081
13088
13089
13091
13094
13098
13098
13099
13099
13100
13101
13101
13106
13111
13112
13115
13121
13122
13124
13128
13129
13132
13133
13134
13136
13140
13144
13145
13147
13148
13153
13155
13156
13158
13158
13161
13164
13165
13171
13173
13173
13174
13177
13181
13183
13183
13197
13197
13201
13202
13203
13209
13211
13214
13217
13219
13221
13229
13230
13232
13232
13233
13234
13245
13245
13251
13255
13256
13261
13261
13268
13284
13288
13290
13290
13296
13300
13302
13302
13306
13307
13308
13309
13310
13310
13310
13316
13318
13319
13319
13322
13324
13324
13325
13331
13346
13347
13351
13353
13354
13354
13358
13362
13364
13364
13367
13374
13377
13379
13386
13395
13397
13411
13412
13413
13413
13417
13419
13420
13421
13423
13423
13424
13425
13431
13432
13435
13438
13438
13442
13450
13450
13451
13463
13463
13465
13477
13480
13481
13485
13495
13497
13498
13499
13501
13502
13505
13506
13508
13511
13512
13513
13513
13518
13522
13522
13522
13526
13527
13527
13529
13532
13534
13536
13537
13537
13537
13540
13545
13548
13553
13554
13558
13562
13563
13565
13572
13574
13574
13580
13581
13588
13593
13593
13594
13600
13605
13606
13606
13609
13610
13611
13614
13616
13617
13617
13627
13627
13628
13631
13640
13644
13649
13650
13650
13651
13659
13659
13662
13662
13667
13668
13670
13676
13677
13683
13683
13684
13686
13697
13699
13709
13712
13715
13717
13718
13719
13720
13721
13737
13742
13742
13743
13746
13747
13750
13754
13758
13759
13760
13764
13769
13770
13773
13774
13774
13777
13777
13778
13786
13789
13789
13794
13796
13796
13801
13802
13803
13804
13806
13809
13810
13810
13811
13813
13813
13814
13828
13829
13831
13833
13840
13841
13844
13853
13858
13858
13860
13863
13864
13866
13869
13869
13878
13878
13883
13884
13886
13887
13888
13894
13898
13899
13901
13902
13904
13906
13913
13913
13914
13922
13922
13924
13928
13931
13933
13933
13937
13938
13939
13941
13944
13944
13948
13950
13952
13961
13961
13964
13964
13967
13970
13970
13971
13972
13976
13977
13977
13977
13988
13989
13991
13991
13994
13999
14000
14001
14002
14008
14014
14017
14019
14021
14024
14026
14028
14033
14039
14042
14043
14051
14057
14063
14067
14071
14085
14087
14091
14092
14104
14106
14107
14109
14111
14112
14116
14118
14118
14119
14119
14120
14123
14124
14126
14128
14129
14130
14131
14131
14133
14134
14139
14146
14152
14152
14152
14153
14154
14156
14161
14166
14166
14169
14170
14180
14180
14180
14192
14193
14197
14200
14201
14212
14213
14214
14231
14231
14233
14235
14240
14241
14242
14244
14247
14249
14249
14256
14256
14259
14267
14268
14268
14268
14269
14274
14275
14275
14276
14281
14284
14295
14296
14306
14308
14309
14314
14315
14317
14318
14321
14324
14333
14335
14336
14343
14348
14353
14355
14359
14363
14364
14367
14368
14368
14370
14371
14373
14378
14383
14387
14387
14388
14389
14390
14400
14401
14402
14403
14406
14416
14422
14429
14430
14432
14444
14445
14453
14456
14458
14462
14463
14466
14469
14470
14471
14472
14475
14476
14477
14480
14482
14484
14493
14496
14497
14497
14499
14499
14501
14502
14504
14509
14510
14514
14520
14524
14527
14533
14535
14541
14544
14545
14548
14549
14551
14551
14551
14551
14556
14571
14574
14580
14581
14581
14582
14584
14584
14586
14590
14594
14600
14600
14601
14603
14620
14625
14627
14628
14629
14632
14634
14642
14643
14643
14643
14644
14650
14650
14651
14654
14655
14659
14664
14665
14668
14669
14671
14672
14674
14676
14680
14682
14684
14685
14686
14693
14700
14704
14712
14718
14719
14719
14719
14721
14721
14727
14729
14729
14730
14734
14740
14740
14741
14743
14749
14749
14754
14755
14757
14758
14758
14779
14795
14795
14797
14799
14803
14804
14804
14805
14806
14807
14810
14811
14820
14824
14828
14833
14833
14834
14834
14839
14844
14847
14852
14855
14856
14856
14857
14862
14864
14864
14868
14880
14887
14888
14899
14899
14900
14906
14907
14907
14909
14911
14912
14913
14913
14917
14921
14930
14931
14931
14940
14943
14944
14946
14947
14950
14952
14954
14966
14967
14971
14973
14985
14987
14987
14987
14989
14990
14992
14992
14993
14995
14995
14997
14997
14998
15011
15012
15026
15034
15036
15042
15042
15044
15050
15059
15059
15060
15061
15069
15073
15074
15077
15079
15079
15081
15083
15086
15090
15094
15095
15095
15098
15100
15101
15102
15106
15107
15114
15115
15115
15122
15124
15125
15126
15129
15129
15132
15133
15133
15133
15133
15137
15140
15141
15164
15169
15169
15169
15175
15176
15181
15182
15193
15194
15197
15197
15198
15202
15208
15209
15209
15213
15216
15221
15223
15223
15223
15228
15232
15235
15235
15236
15240
15243
15244
15245
15248
15254
15268
15268
15272
15276
15277
15277
15282
15287
15291
15292
15294
15295
15301
15308
15309
15312
15319
15320
15321
15332
15333
15339
15344
15345
15347
15351
15359
15360
15362
15373
15376
15379
15383
15390
15396
15397
15401
15402
15404
15404
15404
15409
15410
15415
15416
15416
15420
15425
15432
15436
15437
15441
15448
15449
15453
15457
15462
15470
15475
15477
15481
15482
15486
15486
15493
15496
15497
15497
15499
15504
15508
15513
15514
15520
15521
15523
15525
15525
15526
15532
15536
15540
15543
15546
15548
15548
15549
15551
15551
15553
15555
15559
15561
15562
15563
15568
15569
15584
15586
15590
15590
15592
15593
15595
15596
15603
15605
15614
15616
15616
15620
15622
15626
15636
15637
15639
15642
15644
15644
15645
15654
15658
15659
15669
15671
15674
15677
15680
15680
15681
15701
15702
15706
15712
15716
15717
15719
15721
15721
15722
15722
15722
15735
15735
15738
15741
15743
15745
15747
15748
15754
15755
15756
15759
15768
15772
15778
15781
15782
15784
15784
15785
15786
15789
15801
15804
15804
15807
15808
15809
15810
15810
15815
15818
15822
15823
15826
15827
15827
15827
15829
15836
15836
15837
15840
15840
15841
15845
15846
15854
15855
15857
15859
15861
15862
15864
15867
15876
15877
15878
15881
15887
15887
15889
15890
15893
15894
15894
15897
15900
15901
15902
15907
15909
15916
15918
15929
15936
15936
15940
15947
15953
15955
15955
15958
15960
15961
15982
15984
15989
15990
15993
15994
15995
16000
16003
16008
16021
16022
16023
16024
16025
16036
16042
16051
16051
16054
16064
16064
16066
16067
16069
16072
16075
16075
16078
16078
16078
16083
16089
16089
16092
16102
16103
16107
16115
16118
16121
16122
16123
16127
16127
16128
16135
16136
16138
16139
16140
16141
16145
16146
16151
16153
16156
16157
16162
16164
16165
16166
16168
16170
16174
16177
16177
16178
16181
16184
16186
16187
16188
16190
16190
16192
16193
16199
16200
16200
16201
16201
16202
16204
16207
16214
16215
16223
16225
16229
16232
16234
16237
16239
16243
16246
16246
16247
16249
16251
16252
16253
16260
16264
16269
16271
16277
16278
16280
16283
16289
16290
16297
16303
16307
16314
16321
16322
16324
16325
16326
16328
16333
16340
16343
16350
16350
16353
16353
16361
16366
16367
16368
16369
16376
16377
16381
16382
16383
16384
16388
16389
16390
16394
16398
16401
16404
16405
16406
16411
16412
16416
16419
16422
16423
16429
16431
16433
16437
16444
16446
16450
16454
16455
16458
16463
16465
16476
16479
16483
16484
16493
16495
16495
16500
16503
16517
16518
16520
16526
16526
16528
16530
16533
16536
16541
16543
16551
16551
16555
16556
16559
16562
16565
16569
16570
16580
16582
16583
16583
16588
16589
16593
16594
16600
16610
16610
16612
16612
16614
16614
16620
16626
16626
16631
16631
16631
16633
16633
16634
16638
16639
16645
16647
16649
16652
16653
16655
16664
16666
16670
16672
16672
16677
16686
16699
16701
16706
16710
16714
16716
16717
16718
16719
16720
16723
16724
16729
16734
16735
16738
16739
16744
16745
16746
16747
16748
16749
16750
16750
16751
16752
16754
16756
16757
16759
16765
16765
16768
16769
16769
16774
16777
16787
16788
16788
16790
16791
16792
16793
16798
16799
16805
16805
16806
16809
16810
16813
16820
16823
16825
16827
16828
16829
16842
16842
16843
16844
16848
16850
16850
16851
16855
16859
16861
16862
16868
16869
16870
16872
16876
16881
16881
16883
16883
16895
16898
16899
16903
16905
16907
16911
16914
16914
16917
16922
16923
16926
16928
16933
16934
16938
16940
16947
16948
16952
16952
16953
16953
16964
16965
16966
16967
16967
16976
16978
16984
16989
16989
16990
16991
16994
16996
17000
17003
17003
17011
17013
17016
17026
17026
17030
17031
17033
17034
17041
17045
17047
17047
17052
17054
17054
17055
17056
17056
17057
17058
17059
17064
17068
17071
17072
17076
17077
17078
17079
17083
17087
17088
17088
17089
17094
17095
17097
17100
17105
17107
17117
17120
17122
17123
17131
17139
17139
17142
17143
17146
17146
17147
17150
17150
17151
17151
17153
17156
17158
17158
17160
17162
17163
17165
17170
17170
17172
17174
17188
17191
17195
17196
17197
17203
17205
17206
17214
17216
17217
17217
17220
17220
17227
17228
17230
17231
17241
17243
17248
17250
17256
17262
17265
17270
17270
17273
17278
17279
17279
17284
17292
17293
17299
17301
17301
17305
17310
17312
17312
17314
17322
17322
17329
17333
17339
17339
17341
17360
17365
17373
17374
17375
17376
17377
17379
17382
17388
17391
17393
17394
17399
17401
17401
17403
17404
17418
17419
17421
17428
17430
17431
17433
17433
17434
17434
17435
17439
17441
17444
17445
17447
17451
17456
17467
17468
17468
17472
17480
17480
17480
17490
17490
17493
17513
17522
17526
17530
17530
17532
17532
17538
17539
17541
17546
17548
17554
17559
17564
17568
17572
17572
17581
17587
17588
17589
17590
17595
17597
17598
17600
17602
17608
17610
17611
17614
17620
17621
17628
17640
17644
17647
17647
17654
17655
17657
17657
17663
17665
17668
17671
17671
17672
17680
17681
17684
17685
17692
17697
17699
17702
17704
17708
17709
17710
17713
17715
17718
17719
17729
17734
17734
17740
17742
17756
17783
17783
17785
17785
17789
17790
17802
17810
17811
17825
17827
17829
17830
17830
17845
17851
17851
17852
17854
17856
17857
17859
17865
17866
17866
17869
17871
17882
17886
17888
17890
17892
17893
17894
17897
17900
17900
17900
17901
17902
17910
17913
17914
17924
17924
17928
17937
17938
17940
17940
17945
17947
17949
17949
17952
17954
17954
17956
17957
17960
17961
17961
17965
17965
17966
17969
17970
17974
17975
17981
17985
17986
17987
17987
17989
17990
17991
17993
17995
17996
17997
17997
18003
18005
18012
18017
18020
18022
18025
18025
18027
18028
18030
18031
18035
18047
18048
18054
18069
18075
18076
18079
18082
18085
18087
18089
18090
18092
18094
18097
18098
18099
18099
18104
18109
18112
18118
18123
18124
18125
18128
18130
18138
18143
18144
18147
18148
18156
18160
18161
18169
18173
18174
18197
18199
18200
18206
18208
18208
18211
18215
18218
18219
18221
18221
18222
18223
18225
18227
18236
18238
18251
18252
18253
18255
18261
18263
18269
18270
18274
18282
18283
18287
18299
18304
18304
18305
18310
18312
18313
18313
18317
18321
18327
18330
18335
18338
18346
18347
18353
18355
18357
18358
18359
18364
18366
18371
18373
18389
18389
18390
18392
18394
18396
18399
18401
18401
18403
18404
18405
18406
18407
18409
18411
18414
18432
18434
18439
18439
18445
18448
18449
18450
18451
18454
18454
18464
18465
18465
18468
18471
18472
18478
18479
18480
18486
18496
18496
18497
18499
18499
18504
18505
18505
18508
18509
18509
18520
18521
18524
18524
18526
18527
18527
18532
18535
18541
18541
18543
18545
18550
18553
18565
18572
18573
18577
18578
18584
18589
18595
18595
18611
18615
18617
18619
18621
18622
18623
18623
18624
18626
18630
18631
18631
18633
18638
18639
18639
18643
18648
18658
18664
18669
18691
18701
18704
18704
18709
18710
18710
18716
18721
18724
18730
18732
18734
18736
18749
18751
18756
18756
18760
18761
18778
18778
18779
18780
18782
18788
18788
18792
18794
18795
18800
18801
18812
18812
18814
18819
18819
18819
18820
18821
18826
18826
18827
18828
18830
18834
18834
18836
18837
18838
18842
18843
18845
18846
18848
18849
18855
18855
18858
18862
18864
18873
18874
18874
18875
18875
18885
18889
18898
18903
18904
18904
18908
18908
18914
18915
18916
18924
18927
18930
18931
18933
18934
18936
18942
18946
18947
18948
18951
18954
18959
18961
18968
18977
18978
18981
18984
18986
18987
18991
18997
19008
19024
19025
19035
19036
19040
19041
19046
19048
19052
19059
19059
19062
19065
19068
19073
19076
19077
19080
19080
19085
19086
19088
19091
19091
19095
19097
19098
19098
19100
19106
19117
19122
19125
19126
19127
19130
19130
19138
19140
19146
19153
19154
19156
19157
19158
19162
19171
19177
19180
19183
19184
19186
19192
19192
19201
19206
19207
19208
19210
19216
19216
19219
19226
19227
19228
19230
19238
19240
19247
19251
19251
19256
19258
19268
19269
19271
19281
19285
19288
19289
19292
19300
19308
19308
19322
19331
19336
19336
19337
19340
19341
19342
19343
19348
19352
19353
19355
19356
19359
19362
19367
19375
19381
19388
19389
19390
19391
19392
19393
19394
19396
19400
19400
19401
19404
19406
19410
19411
19413
19421
19421
19426
19427
19428
19430
19430
19433
19433
19434
19434
19437
19445
19445
19447
19454
19455
19457
19457
19459
19462
19465
19467
19467
19468
19470
19471
19471
19476
19479
19479
19486
19487
19487
19489
19490
19492
19500
19500
19500
19501
19506
19508
19508
19512
19513
19526
19529
19531
19535
19546
19546
19549
19552
19553
19559
19560
19562
19566
19568
19569
19570
19572
19573
19574
19581
19588
19588
19591
19594
19597
19603
19606
19610
19616
19618
19629
19637
19639
19641
19641
19643
19644
19649
19652
19657
19659
19664
19669
19674
19676
19686
19701
19707
19715
19715
19719
19720
19720
19726
19733
19734
19738
19740
19741
19746
19747
19749
19750
19750
19752
19757
19761
19762
19765
19768
19769
19770
19776
19780
19783
19789
19790
19790
19790
19790
19797
19797
19805
19807
19816
19818
19824
19828
19831
19832
19833
19837
19837
19838
19838
19839
19840
19841
19843
19844
19847
19849
19849
19849
19857
19858
19860
19862
19864
19871
19879
19881
19886
19890
19890
19897
19897
19898
19909
19915
19918
19921
19923
19926
19928
19931
19933
19934
19935
19950
19953
19954
19955
19966
19967
19970
19970
19973
19974
19974
19982
19983
19986
19986
19989
19990
19991
19995
19997
19998
19999
20000
20002
20008
20009
20009
20012
20012
20012
20013
20016
20019
20027
20029
20031
20032
20035
20047
20050
20052
20052
20058
20058
20062
20066
20066
20067
20071
20076
20079
20096
20096
20099
20101
20102
20103
20104
20115
20117
20117
20132
20136
20139
20142
20143
20144
20144
20147
20160
20162
20165
20166
20171
20171
20171
20175
20178
20182
20184
20187
20187
20188
20189
20201
20203
20211
20214
20217
20218
20221
20225
20227
20228
20230
20234
20242
20242
20243
20247
20248
20252
20254
20254
20257
20258
20260
20261
20262
20269
20274
20275
20277
20280
20291
20293
20301
20301
20303
20303
20305
20308
20312
20315
20316
20317
20324
20327
20327
20329
20333
20333
20344
20351
20362
20365
20372
20375
20376
20386
20399
20400
20403
20405
20407
20410
20411
20415
20423
20427
20432
20435
20435
20435
20436
20439
20442
20443
20448
20452
20452
20453
20462
20464
20466
20466
20467
20467
20471
20472
20475
20476
20476
20478
20479
20480
20483
20483
20484
20485
20487
20496
20507
20509
20510
20511
20511
20517
20518
20519
20524
20525
20525
20526
20535
20535
20550
20550
20561
20561
20567
20570
20572
20587
20591
20600
20605
20608
20610
20613
20614
20619
20621
20624
20627
20627
20629
20629
20631
20631
20632
20635
20639
20640
20641
20641
20642
20643
20646
20648
20649
20650
20651
20654
20664
20667
20668
20670
20670
20672
20673
20673
20684
20687
20688
20691
20695
20701
20706
20706
20714
20722
20727
20728
20729
20732
20733
20737
20741
20746
20758
20758
20759
20760
20761
20762
20763
20765
20768
20769
20769
20771
20771
20773
20774
20775
20776
20778
20778
20779
20781
20781
20782
20783
20790
20792
20793
20798
20800
20802
20803
20806
20807
20811
20820
20820
20824
20834
20842
20844
20844
20845
20852
20852
20854
20855
20858
20862
20864
20873
20876
20883
20883
20889
20890
20895
20909
20915
20920
20924
20927
20928
20929
20929
20933
20935
20935
20939
20941
20941
20955
20958
20962
20963
20968
20971
20974
20974
20975
20975
20980
20983
20984
20984
20990
20995
20995
20995
20998
21000
21003
21004
21007
21014
21017
21022
21022
21023
21024
21029
21031
21039
21042
21048
21054
21054
21068
21072
21076
21077
21086
21086
21089
21093
21097
21098
21106
21112
21112
21116
21120
21123
21124
21135
21142
21146
21158
21164
21166
21170
21170
21171
21172
21174
21175
21178
21180
21183
21187
21193
21195
21196
21197
21205
21207
21210
21211
21215
21218
21221
21222
21222
21226
21227
21239
21251
21253
21253
21259
21261
21266
21267
21272
21273
21275
21276
21280
21284
21284
21284
21285
21286
21292
21294
21295
21302
21308
21312
21313
21314
21318
21325
21326
21329
21329
21330
21331
21331
21334
21335
21336
21339
21340
21345
21347
21347
21349
21354
21361
21363
21368
21369
21374
21383
21384
21384
21387
21390
21394
21394
21403
21410
21411
21414
21418
21420
21423
21427
21433
21434
21441
21448
21449
21450
21453
21454
21457
21462
21468
21469
21469
21472
21472
21472
21475
21477
21477
21485
21486
21490
21492
21493
21494
21507
21511
21512
21514
21516
21517
21523
21524
21526
21528
21529
21531
21536
21537
21539
21542
21545
21546
21549
21552
21552
21557
21558
21559
21560
21564
21568
21570
21585
21596
21597
21598
21600
21605
21610
21610
21613
21617
21618
21621
21622
21627
21633
21635
21636
21637
21637
21638
21640
21641
21642
21645
21649
21651
21653
21659
21669
21676
21679
21683
21695
21699
21701
21702
21712
21714
21719
21720
21722
21722
21727
21728
21730
21733
21736
21736
21737
21738
21739
21747
21752
21758
21761
21763
21771
21782
21792
21794
21796
21800
21800
21802
21805
21817
21820
21825
21828
21832
21834
21834
21836
21836
21839
21839
21851
21852
21855
21857
21857
21859
21864
21864
21869
21870
21872
21878
21889
21890
21897
21898
21902
21902
21907
21908
21909
21910
21913
21919
21920
21920
21921
21923
21926
21930
21933
21936
21938
21940
21943
21944
21945
21948
21950
21951
21953
21956
21957
21962
21963
21963
21964
21967
21973
21974
21975
21980
21981
21981
21982
21982
21982
21985
21989
21994
21995
21996
21996
21998
21999
22002
22004
22004
22010
22011
22019
22021
22024
22029
22031
22032
22033
22042
22045
22051
22057
22058
22059
22067
22072
22072
22076
22082
22086
22088
22089
22090
22094
22100
22104
22105
22106
22106
22110
22111
22113
22118
22119
22120
22123
22125
22128
22135
22136
22140
22141
22142
22142
22145
22149
22152
22153
22155
22156
22160
22163
22168
22185
22186
22186
22187
22190
22195
22201
22204
22206
22207
22208
22209
22212
22217
22229
22231
22233
22243
22245
22246
22254
22258
22258
22269
22270
22270
22272
22277
22279
22282
22282
22283
22293
22299
22307
22309
22316
22318
22319
22320
22324
22326
22328
22328
22330
22337
22339
22340
22344
22346
22349
22350
22351
22355
22360
22360
22366
22366
22372
22374
22377
22377
22379
22379
22386
22386
22388
22391
22393
22396
22396
22403
22404
22406
22407
22415
22415
22416
22419
22421
22423
22424
22425
22426
22442
22444
22450
22450
22453
22460
22465
22469
22474
22477
22478
22479
22482
22495
22495
22497
22499
22501
22501
22505
22507
22515
22515
22517
22519
22525
22526
22528
22528
22531
22532
22533
22535
22536
22537
22537
22538
22542
22543
22544
22546
22550
22551
22568
22568
22580
22581
22582
22583
22590
22591
22592
22594
22594
22594
22596
22615
22620
22623
22626
22632
22633
22636
22642
22647
22648
22648
22656
22656
22664
22667
22667
22670
22677
22680
22684
22686
22690
22694
22699
22703
22706
22710
22712
22715
22717
22717
22719
22735
22736
22737
22742
22743
22748
22757
22764
22786
22788
22789
22798
22799
22800
22800
22805
22805
22808
22813
22813
22816
22823
22828
22828
22833
22837
22838
22841
22841
22842
22844
22848
22851
22859
22861
22862
22866
22870
22871
22875
22878
22879
22882
22888
22888
22894
22897
22899
22902
22903
22904
22906
22907
22907
22910
22910
22914
22914
22915
22930
22930
22933
22933
22938
22940
22941
22941
22942
22946
22949
22956
22963
22966
22973
22978
22980
22983
22985
22986
22988
22991
22992
22995
23005
23010
23015
23017
23018
23019
23027
23029
23031
23039
23046
23051
23052
23065
23069
23070
23073
23075
23081
23083
23083
23092
23093
23096
23105
23106
23108
23109
23112
23113
23126
23126
23134
23144
23150
23151
23161
23164
23165
23175
23177
23177
23177
23179
23183
23185
23186
23186
23189
23190
23192
23193
23200
23207
23207
23208
23210
23212
23215
23216
23217
23219
23221
23223
23226
23230
23241
23241
23244
23251
23257
23264
23266
23266
23268
23272
23272
23275
23275
23276
23287
23288
23291
23294
23296
23303
23304
23305
23306
23312
23312
23316
23319
23319
23338
23348
23348
23350
23359
23359
23360
23362
23362
23371
23377
23380
23383
23388
23390
23396
23401
23404
23408
23409
23410
23410
23412
23417
23426
23426
23429
23438
23439
23444
23444
23444
23446
23447
23448
23459
23462
23466
23472
23473
23479
23481
23481
23483
23485
23487
23487
23492
23493
23495
23496
23500
23505
23505
23508
23511
23511
23512
23516
23519
23519
23520
23523
23527
23533
23544
23548
23551
23556
23573
23576
23581
23582
23583
23585
23597
23598
23601
23608
23612
23614
23622
23636
23638
23639
23640
23640
23646
23657
23662
23667
23680
23680
23684
23684
23684
23693
23697
23700
23700
23705
23706
23708
23711
23712
23716
23716
23717
23718
23719
23725
23726
23731
23731
23731
23736
23736
23741
23741
23742
23745
23748
23749
23752
23754
23765
23768
23769
23774
23777
23786
23787
23787
23790
23791
23793
23799
23799
23804
23806
23808
23819
23820
23821
23824
23826
23828
23828
23830
23830
23832
23842
23843
23846
23847
23851
23857
23858
23860
23862
23862
23868
23874
23878
23878
23883
23884
23885
23887
23888
23889
23890
23891
23891
23893
23897
23905
23905
23908
23910
23912
23916
23916
23924
23927
23927
23938
23942
23944
23952
23959
23961
23965
23967
23968
23973
23975
23979
23985
23991
23992
23992
23998
24002
24004
24004
24005
24006
24008
24014
24016
24020
24026
24026
24029
24030
24036
24040
24041
24043
24046
24048
24050
24051
24054
24054
24055
24060
24063
24066
24069
24069
24075
24079
24082
24083
24084
24094
24097
24098
24100
24100
24102
24103
24107
24111
24114
24115
24120
24121
24121
24122
24126
24127
24130
24132
24143
24144
24154
24155
24156
24156
24158
24159
24162
24163
24168
24172
24175
24176
24181
24183
24183
24185
24187
24188
24206
24208
24212
24212
24213
24229
24231
24232
24233
24236
24237
24242
24246
24248
24249
24252
24253
24254
24258
24258
24269
24275
24284
24285
24285
24289
24292
24297
24299
24299
24300
24303
24303
24305
24308
24314
24314
24315
24331
24334
24338
24341
24341
24346
24351
24359
24374
24374
24376
24377
24377
24379
24383
24389
24392
24396
24406
24412
24412
24413
24415
24415
24424
24424
24424
24426
24427
24434
24437
24439
24449
24455
24458
24459
24465
24466
24467
24468
24478
24479
24480
24481
24494
24494
24495
24496
24502
24502
24506
24508
24508
24511
24512
24514
24514
24515
24518
24523
24525
24525
24526
24530
24530
24531
24535
24538
24538
24545
24546
24549
24549
24550
24550
24553
24565
24567
24569
24570
24572
24579
24582
24584
24588
24589
24592
24593
24603
24605
24605
24610
24610
24611
24611
24612
24616
24616
24622
24625
24626
24628
24630
24632
24637
24638
24640
24640
24642
24643
24645
24658
24663
24664
24665
24670
24672
24680
24684
24688
24697
24701
24701
24704
24710
24713
24714
24716
24717
24724
24725
24727
24728
24732
24739
24741
24754
24755
24755
24766
24767
24770
24774
24776
24783
24784
24789
24799
24799
24800
24809
24814
24814
24814
24820
24821
24825
24825
24827
24830
24831
24837
24837
24838
24842
24847
24850
24858
24858
24858
24861
24861
24864
24866
24866
24867
24870
24871
24871
24883
24884
24888
24890
24891
24899
24900
24912
24913
24913
24917
24918
24918
24920
24923
24925
24926
24926
24929
24932
24933
24933
24934
24935
24936
24940
24940
24944
24944
24953
24958
24959
24960
24961
24961
24964
24967
24970
24972
24975
24977
24977
24979
24979
24982
24988
24995
24998
25002
25004
25005
25009
25010
25011
25017
25017
25017
25025
25027
25032
25033
25034
25035
25036
25037
25040
25055
25055
25057
25057
25061
25064
25071
25071
25073
25076
25080
25081
25083
25084
25086
25086
25091
25092
25094
25095
25096
25098
25109
25110
25110
25111
25115
25116
25118
25121
25123
25124
25125
25127
25127
25128
25131
25138
25138
25140
25142
25144
25147
25152
25153
25157
25160
25166
25166
25169
25169
25170
25172
25174
25179
25180
25185
25189
25191
25192
25194
25197
25197
25198
25200
25206
25215
25217
25218
25220
25220
25222
25224
25224
25226
25227
25229
25238
25239
25242
25243
25244
25244
25247
25248
25254
25254
25254
25255
25263
25269
25272
25276
25283
25284
25288
25290
25295
25297
25298
25304
25305
25313
25314
25315
25319
25319
25321
25323
25326
25329
25332
25333
25339
25340
25344
25344
25347
25349
25354
25360
25370
25379
25387
25388
25389
25394
25396
25396
25400
25408
25411
25414
25416
25416
25416
25417
25426
25431
25432
25437
25440
25441
25442
25443
25443
25450
25453
25457
25457
25461
25462
25467
25467
25468
25473
25476
25478
25481
25485
25491
25492
25501
25503
25510
25510
25511
25517
25520
25523
25523
25528
25532
25533
25534
25534
25535
25536
25537
25541
25542
25543
25544
25544
25551
25553
25559
25563
25569
25577
25577
25584
25595
25595
25597
25600
25600
25604
25604
25613
25614
25615
25616
25618
25633
25635
25636
25637
25638
25641
25644
25645
25645
25656
25658
25658
25659
25662
25666
25670
25673
25677
25680
25684
25684
25694
25695
25698
25700
25702
25707
25711
25714
25714
25717
25720
25722
25726
25728
25728
25729
25732
25733
25733
25743
25744
25745
25747
25747
25747
25749
25752
25752
25752
25754
25754
25760
25762
25766
25769
25769
25773
25776
25777
25777
25778
25778
25780
25782
25784
25790
25797
25799
25811
25811
25812
25813
25813
25816
25819
25824
25828
25830
25836
25843
25849
25853
25855
25855
25863
25864
25864
25869
25874
25874
25875
25886
25887
25888
25897
25900
25905
25911
25918
25926
25926
25926
25927
25931
25934
25938
25939
25943
25947
25949
25952
25954
25955
25956
25956
25958
25958
25964
25967
25971
25974
25975
25977
25992
25995
26002
26004
26004
26010
26012
26014
26015
26015
26016
26016
26018
26018
26019
26019
26019
26021
26031
26032
26033
26043
26043
26047
26047
26048
26050
26051
26051
26061
26066
26068
26068
26071
26078
26080
26083
26083
26085
26085
26087
26088
26088
26096
26100
26107
26110
26110
26111
26113
26114
26116
26118
26120
26125
26125
26130
26137
26138
26139
26143
26144
26145
26145
26148
26151
26155
26158
26159
26160
26168
26172
26173
26174
26177
26178
26179
26181
26182
26182
26185
26185
26186
26187
26192
26192
26192
26193
26193
26194
26195
26198
26201
26202
26225
26228
26233
26233
26234
26241
26243
26247
26247
26248
26252
26259
26259
26260
26261
26262
26267
26268
26273
26282
26285
26290
26290
26291
26292
26297
26302
26304
26312
26326
26328
26328
26332
26336
26338
26340
26343
26345
26345
26351
26354
26354
26355
26358
26366
26367
26369
26371
26371
26374
26374
26377
26380
26388
26390
26393
26396
26396
26405
26407
26407
26410
26416
26417
26426
26442
26442
26443
26448
26453
26454
26455
26474
26479
26481
26482
26482
26483
26489
26491
26493
26496
26496
26500
26501
26503
26503
26510
26511
26518
26518
26519
26520
26521
26521
26527
26528
26530
26532
26540
26543
26548
26550
26553
26558
26558
26559
26565
26572
26573
26579
26583
26595
26599
26601
26615
26618
26621
26621
26622
26622
26624
26624
26627
26630
26635
26636
26636
26639
26642
26643
26645
26645
26647
26650
26665
26665
26666
26667
26669
26670
26673
26677
26679
26687
26687
26692
26704
26707
26708
26708
26715
26717
26721
26728
26731
26739
26739
26745
26747
26747
26751
26751
26752
26754
26754
26756
26758
26758
26759
26765
26765
26769
26772
26774
26775
26778
26780
26781
26781
26781
26783
26786
26795
26796
26799
26801
26802
26804
26805
26808
26809
26814
26822
26824
26824
26833
26840
26840
26846
26850
26851
26852
26863
26865
26866
26867
26871
26873
26881
26881
26883
26884
26887
26897
26899
26901
26904
26906
26913
26913
26915
26918
26918
26920
26920
26922
26923
26927
26928
26928
26932
26937
26942
26943
26947
26950
26952
26954
26957
26958
26963
26966
26967
26967
26968
26982
26994
26999
26999
27001
27001
27002
27003
27007
27009
27018
27018
27023
27026
27027
27029
27031
27040
27046
27047
27047
27049
27056
27058
27058
27060
27061
27066
27067
27070
27075
27078
27080
27089
27092
27094
27096
27098
27106
27109
27110
27113
27120
27124
27128
27130
27132
27134
27140
27144
27146
27149
27154
27159
27164
27172
27178
27178
27179
27182
27183
27184
27193
27196
27200
27201
27204
27205
27209
27210
27214
27215
27218
27220
27231
27233
27238
27241
27241
27242
27249
27256
27256
27259
27265
27265
27268
27277
27281
27281
27283
27285
27286
27290
27292
27296
27298
27300
27304
27305
27306
27306
27307
27307
27318
27318
27322
27323
27325
27331
27332
27335
27339
27340
27342
27347
27348
27350
27352
27353
27355
27356
27356
27363
27365
27367
27368
27370
27370
27372
27380
27383
27383
27385
27386
27390
27393
27395
27395
27401
27402
27405
27405
27406
27408
27411
27411
27413
27414
27417
27419
27420
27421
27422
27424
27426
27430
27437
27438
27439
27449
27453
27457
27461
27462
27462
27465
27468
27469
27471
27471
27474
27477
27480
27481
27482
27484
27488
27496
27499
27504
27505
27509
27511
27511
27512
27521
27523
27525
27528
27531
27533
27535
27544
27547
27547
27548
27549
27554
27555
27556
27558
27558
27559
27561
27566
27572
27578
27586
27598
27603
27603
27609
27621
27622
27628
27633
27637
27637
27639
27644
27645
27648
27650
27651
27652
27653
27653
27655
27659
27663
27664
27664
27675
27676
27677
27679
27681
27687
27693
27694
27694
27694
27695
27696
27700
27700
27701
27702
27704
27705
27712
27714
27715
27715
27718
27719
27723
27725
27728
27729
27730
27736
27740
27742
27744
27747
27753
27755
27759
27764
27765
27765
27766
27766
27769
27769
27772
27772
27772
27782
27784
27791
27796
27796
27798
27804
27806
27807
27807
27819
27820
27820
27834
27836
27843
27848
27853
27854
27856
27857
27858
27860
27863
27864
27869
27876
27877
27878
27880
27880
27887
27895
27899
27911
27913
27913
27917
27923
27932
27934
27938
27939
27941
27942
27947
27951
27953
27957
27960
27962
27964
27965
27966
27968
27968
27977
27978
27982
27985
27987
27997
28002
28003
28003
28007
28007
28008
28010
28010
28011
28013
28018
28021
28026
28027
28028
28028
28034
28038
28039
28042
28045
28050
28060
28068
28073
28074
28074
28076
28083
28083
28086
28089
28090
28091
28100
28102
28108
28109
28110
28113
28115
28122
28129
28130
28130
28131
28133
28136
28140
28142
28151
28153
28153
28155
28155
28157
28164
28165
28165
28170
28170
28173
28173
28174
28175
28178
28180
28180
28181
28182
28182
28182
28186
28189
28191
28191
28192
28203
28204
28208
28212
28214
28219
28232
28233
28234
28237
28237
28242
28244
28248
28250
28254
28254
28256
28258
28261
28263
28266
28269
28275
28277
28277
28283
28286
28290
28291
28291
28292
28300
28301
28301
28310
28310
28311
28313
28314
28321
28322
28323
28325
28327
28328
28328
28340
28348
28357
28366
28372
28373
28378
28379
28379
28384
28386
28386
28388
28396
28398
28406
28409
28411
28414
28416
28419
28423
28425
28426
28426
28427
28427
28428
28431
28436
28442
28443
28443
28444
28447
28453
28455
28458
28474
28482
28483
28487
28487
28489
28491
28492
28493
28493
28494
28494
28495
28497
28502
28507
28507
28510
28514
28514
28529
28530
28532
28532
28539
28540
28546
28549
28552
28553
28555
28556
28558
28563
28570
28571
28573
28576
28578
28582
28584
28585
28588
28595
28599
28600
28606
28607
28611
28612
28613
28613
28614
28616
28616
28621
28624
28638
28641
28643
28648
28650
28652
28658
28674
28677
28681
28684
28689
28690
28691
28692
28696
28703
28715
28716
28719
28724
28727
28727
28728
28730
28731
28731
28732
28735
28737
28741
28742
28742
28747
28750
28750
28751
28754
28754
28764
28769
28772
28785
28785
28790
28793
28793
28802
28808
28809
28813
28818
28820
28824
28832
28836
28841
28841
28842
28843
28844
28853
28854
28856
28856
28862
28865
28869
28871
28874
28875
28877
28882
28884
28885
28893
28897
28899
28900
28905
28906
28909
28912
28913
28918
28921
28922
28924
28927
28932
28938
28941
28941
28942
28942
28944
28946
28952
28958
28958
28961
28961
28961
28962
28970
28974
28975
28982
28983
28983
28986
28986
28990
28991
28993
28995
28996
28998
28999
29002
29008
29010
29010
29010
29020
29021
29021
29023
29026
29029
29029
29029
29031
29032
29039
29040
29043
29044
29046
29052
29054
29056
29057
29064
29065
29066
29066
29069
29071
29072
29075
29078
29080
29084
29085
29091
29095
29096
29101
29106
29107
29108
29115
29116
29116
29118
29128
29130
29131
29136
29136
29139
29144
29149
29158
29160
29162
29164
29168
29172
29175
29176
29182
29184
29185
29186
29194
29200
29201
29202
29205
29209
29219
29219
29221
29227
29229
29240
29242
29242
29243
29248
29249
29249
29256
29263
29263
29267
29269
29270
29271
29271
29272
29273
29276
29277
29283
29286
29288
29291
29294
29296
29298
29298
29301
29301
29302
29302
29304
29305
29311
29313
29318
29318
29321
29322
29324
29334
29342
29345
29347
29348
29354
29355
29361
29364
29367
29371
29372
29377
29378
29380
29382
29385
29385
29397
29398
29398
29399
29403
29405
29411
29411
29412
29413
29420
29423
29426
29427
29428
29431
29434
29434
29439
29440
29443
29444
29446
29447
29448
29450
29452
29456
29468
29473
29477
29484
29498
29500
29503
29508
29513
29518
29525
29526
29527
29537
29540
29545
29550
29559
29560
29561
29562
29565
29572
29573
29575
29576
29577
29579
29579
29579
29585
29585
29586
29586
29588
29589
29589
29590
29595
29598
29601
29604
29604
29607
29607
29608
29611
29613
29613
29616
29617
29618
29622
29624
29631
29638
29641
29644
29646
29649
29649
29650
29655
29657
29658
29660
29660
29664
29666
29666
29667
29668
29670
29676
29678
29680
29681
29682
29683
29684
29687
29688
29689
29693
29704
29706
29709
29709
29712
29715
29716
29716
29717
29721
29725
29729
29734
29741
29745
29752
29753
29754
29757
29760
29764
29768
29770
29770
29772
29773
29773
29779
29781
29789
29790
29792
29794
29797
29800
29808
29809
29814
29818
29825
29826
29832
29832
29832
29833
29836
29838
29839
29841
29844
29845
29846
29851
29854
29855
29857
29862
29865
29871
29871
29871
29877
29877
29878
29885
29886
29891
29896
29897
29898
29898
29903
29906
29913
29913
29914
29917
29925
29925
29925
29926
29929
29933
29935
29945
29947
29948
29955
29957
29958
29973
29976
29977
29979
29985
29988
29991
29992
29995
29996
29996
2096
34
2062
