10000
2
6
7
7
8
9
10
12
13
20
21
23
24
27
33
33
35
36
37
38
46
47
48
50
61
61
67
67
68
69
72
73
82
86
87
88
92
93
94
100
110
110
111
111
115
128
128
131
137
141
149
149
150
152
157
158
160
161
161
162
162
162
162
169
169
186
188
190
192
194
196
198
198
199
200
208
208
209
214
222
224
228
231
234
236
241
245
246
252
256
258
260
262
263
263
264
270
274
279
280
281
287
292
293
294
296
296
300
301
301
302
303
309
310
310
314
314
316
317
325
333
337
337
339
339
339
346
353
353
356
357
364
366
372
373
377
377
378
378
378
386
391
393
402
406
415
415
417
417
421
421
423
424
429
433
435
437
441
442
443
448
452
453
465
468
471
476
477
478
479
480
485
486
486
487
487
492
504
505
507
508
511
512
513
531
536
536
541
542
546
548
548
553
558
562
571
574
575
575
581
581
582
584
588
589
590
600
603
603
607
609
610
615
619
619
621
623
625
626
630
631
636
637
641
641
644
647
656
664
665
671
672
672
672
677
679
681
690
691
691
693
694
698
699
701
704
712
715
716
716
718
721
722
723
724
726
727
728
732
736
736
737
738
738
739
740
740
741
742
743
746
750
750
753
754
756
760
762
764
769
771
771
774
788
789
791
798
800
802
806
810
815
817
821
823
827
829
832
834
835
844
845
846
847
847
847
852
857
859
859
865
871
873
877
879
880
882
887
887
897
903
906
910
916
916
919
920
921
923
926
926
926
931
941
942
951
955
962
966
969
971
978
985
988
988
990
991
993
995
998
1000
1002
1011
1014
1014
1018
1018
1020
1020
1024
1026
1026
1026
1027
1029
1030
1030
1035
1038
1039
1039
1043
1045
1049
1052
1055
1056
1056
1057
1064
1065
1068
1069
1070
1071
1073
1073
1079
1080
1080
1092
1093
1095
1096
1097
1102
1103
1107
1115
1115
1122
1124
1125
1129
1130
1132
1134
1135
1135
1136
1138
1140
1154
1162
1166
1173
1182
1186
1193
1196
1197
1205
1206
1212
1225
1228
1231
1238
1244
1248
1249
1255
1257
1258
1264
1276
1279
1280
1281
1286
1290
1296
1299
1300
1303
1303
1304
1308
1317
1324
1326
1345
1346
1347
1349
1350
1351
1353
1358
1358
1360
1360
1366
1368
1368
1372
1383
1387
1391
1392
1394
1394
1395
1397
1398
1398
1401
1407
1408
1410
1412
1413
1415
1422
1425
1426
1431
1433
1436
1438
1439
1444
1449
1453
1454
1459
1460
1463
1464
1464
1465
1465
1472
1474
1475
1477
1478
1482
1485
1489
1491
1492
1498
1500
1503
1505
1507
1509
1516
1521
1524
1529
1533
1542
1543
1546
1549
1557
1559
1562
1564
1568
1570
1581
1582
1584
1589
1592
1593
1601
1603
1607
1607
1608
1612
1616
1617
1619
1628
1629
1632
1635
1637
1639
1640
1640
1641
1656
1657
1662
1662
1665
1667
1670
1672
1672
1675
1679
1681
1683
1689
1695
1701
1702
1707
1707
1708
1708
1713
1715
1718
1719
1720
1726
1727
1739
1740
1742
1744
1745
1746
1747
1747
1763
1763
1764
1765
1772
1774
1780
1785
1787
1793
1794
1805
1806
1821
1831
1832
1834
1839
1848
1848
1852
1853
1853
1855
1865
1867
1870
1872
1876
1876
1886
1888
1889
1893
1895
1897
1899
1910
1912
1912
1912
1914
1915
1919
1921
1923
1924
1925
1928
1929
1931
1932
1933
1934
1934
1935
1935
1937
1940
1948
1949
1952
1952
1953
1961
1967
1972
1972
1978
1990
1992
1996
1999
2002
2007
2008
2015
2016
2021
2021
2022
2023
2029
2031
2032
2034
2034
2037
2038
2038
2041
2041
2041
2064
2067
2074
2075
2076
2079
2085
2086
2087
2087
2094
2095
2101
2102
2107
2107
2108
2109
2117
2119
2127
2131
2134
2134
2135
2139
2139
2141
2142
2143
2149
2153
2153
2157
2159
2161
2175
2178
2179
2182
2186
2194
2197
2197
2200
2202
2202
2206
2207
2207
2209
2210
2210
2211
2212
2214
2216
2221
2224
2224
2225
2230
2234
2235
2237
2238
2239
2239
2241
2243
2244
2245
2245
2254
2256
2261
2264
2264
2269
2274
2282
2288
2293
2295
2297
2297
2297
2301
2304
2308
2309
2310
2310
2310
2313
2315
2316
2316
2317
2317
2322
2323
2326
2330
2333
2333
2336
2336
2339
2340
2344
2354
2368
2372
2378
2381
2384
2386
2387
2389
2390
2391
2392
2395
2398
2401
2405
2408
2420
2427
2427
2429
2430
2431
2431
2434
2443
2447
2447
2451
2456
2465
2469
2470
2472
2473
2474
2479
2483
2492
2496
2501
2502
2521
2523
2524
2526
2527
2531
2533
2535
2535
2541
2544
2551
2552
2554
2554
2558
2558
2560
2572
2576
2585
2591
2594
2594
2595
2600
2604
2604
2605
2611
2615
2617
2617
2620
2625
2626
2632
2634
2635
2635
2640
2641
2642
2642
2643
2648
2648
2651
2651
2653
2654
2658
2659
2664
2664
2671
2671
2673
2675
2676
2678
2678
2680
2680
2681
2689
2693
2696
2697
2698
2700
2700
2705
2714
2715
2716
2717
2719
2731
2735
2736
2739
2740
2744
2746
2751
2755
2758
2760
2761
2762
2764
2764
2774
2775
2776
2782
2782
2783
2784
2787
2792
2793
2794
2803
2804
2805
2807
2813
2816
2822
2823
2828
2830
2834
2837
2838
2839
2841
2845
2845
2848
2849
2849
2852
2855
2856
2860
2860
2863
2863
2865
2869
2876
2878
2878
2887
2894
2897
2898
2903
2915
2917
2918
2918
2925
2926
2928
2931
2937
2941
2949
2964
2965
2969
2970
2973
2978
2979
2981
2985
2987
2989
2991
2993
3002
3008
3016
3016
3020
3021
3028
3029
3043
3049
3052
3053
3054
3054
3056
3056
3059
3059
3061
3064
3065
3065
3067
3070
3073
3075
3077
3077
3078
3083
3086
3089
3097
3098
3098
3100
3100
3109
3112
3119
3119
3119
3121
3125
3126
3129
3130
3132
3133
3133
3135
3136
3137
3142
3145
3146
3147
3148
3151
3154
3155
3157
3158
3161
3161
3165
3166
3171
3173
3177
3178
3181
3184
3185
3188
3192
3196
3199
3201
3201
3202
3206
3207
3209
3210
3212
3214
3219
3219
3225
3229
3230
3234
3234
3235
3244
3249
3251
3252
3254
3259
3260
3267
3268
3268
3272
3283
3283
3284
3303
3308
3311
3311
3313
3313
3318
3321
3323
3325
3327
3328
3337
3339
3361
3368
3368
3373
3381
3384
3384
3385
3388
3389
3407
3408
3412
3417
3418
3419
3421
3427
3430
3431
3436
3437
3438
3447
3451
3453
3460
3470
3477
3480
3481
3488
3489
3497
3503
3510
3510
3512
3518
3520
3523
3523
3524
3525
3533
3540
3545
3550
3552
3553
3560
3562
3563
3569
3571
3572
3573
3574
3579
3581
3581
3582
3583
3585
3591
3593
3595
3597
3602
3602
3604
3605
3619
3635
3635
3637
3639
3642
3644
3645
3650
3655
3659
3660
3662
3665
3670
3670
3671
3673
3674
3678
3679
3682
3684
3685
3685
3686
3687
3689
3694
3694
3696
3698
3701
3702
3704
3708
3714
3721
3723
3729
3729
3732
3736
3738
3739
3740
3743
3744
3746
3749
3750
3754
3757
3758
3759
3759
3762
3764
3773
3782
3783
3787
3787
3788
3795
3797
3800
3800
3801
3804
3810
3812
3817
3821
3822
3823
3824
3825
3832
3836
3837
3842
3843
3849
3851
3856
3873
3874
3878
3880
3884
3887
3887
3888
3889
3889
3891
3898
3901
3905
3914
3915
3915
3918
3926
3926
3931
3931
3940
3946
3946
3949
3952
3955
3958
3959
3962
3962
3966
3967
3967
3967
3968
3969
3972
3973
3977
3978
3986
3992
3993
3996
4004
4004
4006
4006
4017
4018
4020
4023
4023
4025
4028
4030
4030
4034
4036
4037
4044
4052
4055
4055
4061
4061
4063
4064
4066
4066
4067
4075
4081
4084
4088
4088
4089
4099
4109
4109
4109
4110
4111
4111
4111
4112
4113
4113
4115
4115
4116
4124
4124
4127
4128
4136
4138
4140
4140
4143
4144
4146
4150
4152
4164
4169
4172
4175
4177
4177
4185
4188
4190
4190
4198
4204
4206
4212
4212
4214
4215
4221
4222
4227
4231
4234
4239
4240
4243
4250
4256
4262
4262
4263
4271
4274
4279
4281
4281
4282
4287
4289
4290
4293
4293
4308
4310
4312
4313
4318
4319
4326
4329
4336
4345
4351
4352
4352
4353
4353
4353
4357
4359
4360
4365
4366
4369
4374
4376
4379
4379
4382
4382
4382
4385
4389
4391
4398
4399
4400
4404
4407
4409
4409
4410
4412
4413
4422
4435
4436
4448
4451
4453
4454
4454
4456
4468
4473
4474
4482
4483
4485
4487
4489
4490
4493
4493
4494
4499
4501
4502
4504
4506
4510
4511
4513
4515
4518
4521
4521
4527
4528
4530
4531
4533
4537
4547
4550
4553
4562
4562
4562
4563
4564
4567
4568
4570
4574
4575
4579
4579
4580
4586
4598
4601
4602
4604
4605
4606
4606
4608
4613
4614
4625
4626
4627
4629
4632
4633
4635
4638
4640
4641
4643
4645
4649
4650
4653
4653
4656
4661
4667
4667
4668
4669
4671
4678
4680
4680
4684
4685
4694
4697
4697
4697
4698
4699
4702
4706
4713
4715
4715
4722
4722
4723
4725
4726
4728
4730
4730
4732
4740
4745
4752
4757
4758
4758
4764
4764
4767
4768
4769
4769
4770
4770
4774
4778
4778
4781
4789
4794
4794
4797
4798
4798
4799
4800
4800
4802
4802
4803
4804
4806
4807
4807
4809
4814
4821
4822
4823
4823
4834
4837
4847
4848
4851
4853
4855
4856
4859
4860
4862
4863
4864
4872
4876
4876
4880
4883
4884
4884
4891
4898
4899
4901
4907
4911
4913
4915
4921
4922
4923
4926
4929
4931
4949
4953
4956
4962
4963
4972
4974
4977
4980
4986
4987
4988
4988
4993
4994
4998
5000
5000
5000
5004
5007
5007
5007
5017
5024
5026
5026
5037
5038
5038
5047
5050
5052
5054
5067
5069
5073
5075
5075
5081
5082
5085
5087
5090
5090
5090
5091
5095
5096
5097
5103
5108
5113
5115
5119
5119
5122
5128
5128
5129
5133
5136
5142
5144
5145
5148
5148
5149
5150
5150
5150
5153
5158
5160
5163
5165
5168
5170
5170
5171
5174
5182
5182
5189
5191
5191
5191
5193
5197
5198
5201
5202
5203
5209
5210
5210
5211
5211
5214
5220
5221
5223
5225
5228
5230
5230
5232
5232
5233
5239
5241
5245
5252
5254
5257
5258
5259
5261
5263
5264
5264
5265
5265
5267
5271
5271
5273
5275
5277
5282
5283
5285
5286
5287
5290
5293
5296
5296
5299
5302
5303
5305
5307
5308
5318
5321
5321
5332
5333
5338
5342
5344
5345
5347
5347
5350
5351
5354
5360
5361
5362
5366
5366
5367
5369
5371
5373
5376
5384
5386
5387
5390
5391
5393
5398
5401
5404
5404
5412
5414
5424
5425
5425
5429
5433
5434
5435
5443
5445
5446
5454
5459
5460
5461
5463
5464
5468
5469
5471
5480
5480
5492
5493
5495
5495
5497
5498
5498
5500
5507
5512
5514
5517
5517
5519
5524
5526
5527
5531
5531
5532
5532
5533
5533
5535
5535
5536
5542
5546
5549
5550
5559
5569
5571
5574
5583
5585
5586
5590
5591
5591
5592
5592
5592
5598
5602
5604
5604
5606
5607
5611
5612
5612
5612
5619
5620
5622
5622
5628
5631
5637
5639
5641
5642
5646
5647
5653
5657
5657
5661
5664
5666
5676
5679
5680
5684
5686
5686
5691
5696
5700
5701
5701
5702
5705
5707
5709
5709
5709
5714
5716
5716
5725
5731
5735
5735
5735
5739
5740
5742
5743
5747
5748
5759
5761
5766
5768
5768
5769
5770
5772
5772
5774
5777
5777
5778
5781
5787
5790
5795
5800
5800
5801
5803
5803
5806
5815
5820
5826
5827
5828
5829
5832
5840
5841
5845
5846
5848
5854
5854
5856
5864
5873
5876
5877
5879
5879
5882
5883
5883
5884
5884
5886
5887
5892
5897
5919
5923
5927
5936
5941
5944
5946
5947
5955
5957
5964
5970
5971
5976
5980
5981
5984
5985
5994
5996
5998
6002
6004
6009
6014
6018
6018
6018
6024
6025
6026
6026
6027
6028
6039
6039
6041
6042
6045
6046
6059
6060
6061
6066
6066
6071
6072
6073
6074
6074
6074
6075
6078
6084
6086
6086
6091
6102
6104
6105
6106
6107
6116
6117
6120
6121
6122
6126
6127
6133
6133
6133
6134
6137
6142
6147
6148
6151
6160
6161
6169
6178
6179
6182
6187
6187
6191
6191
6194
6198
6201
6201
6209
6216
6221
6227
6229
6233
6237
6241
6249
6251
6253
6254
6261
6266
6266
6269
6269
6273
6277
6280
6283
6289
6291
6291
6293
6297
6306
6310
6311
6311
6311
6318
6321
6333
6334
6343
6346
6348
6352
6373
6376
6379
6384
6385
6389
6393
6397
6399
6400
6401
6402
6405
6408
6410
6414
6425
6426
6430
6435
6436
6441
6442
6446
6447
6447
6450
6452
6456
6457
6457
6457
6458
6466
6467
6470
6472
6480
6481
6481
6483
6486
6487
6491
6491
6493
6494
6496
6497
6498
6499
6504
6511
6516
6524
6527
6528
6530
6531
6543
6549
6558
6560
6564
6564
6565
6565
6566
6568
6570
6571
6575
6575
6580
6582
6584
6585
6592
6595
6602
6603
6609
6609
6612
6614
6617
6619
6622
6623
6623
6624
6625
6629
6633
6635
6635
6636
6642
6647
6648
6650
6650
6655
6659
6659
6660
6660
6661
6662
6662
6664
6665
6671
6672
6672
6694
6695
6697
6698
6702
6706
6706
6707
6709
6712
6715
6717
6717
6725
6733
6734
6735
6735
6747
6757
6761
6763
6763
6763
6764
6767
6767
6768
6772
6781
6790
6791
6798
6806
6807
6808
6811
6811
6815
6819
6823
6835
6835
6836
6837
6839
6841
6843
6845
6853
6855
6859
6861
6861
6862
6862
6863
6865
6866
6867
6871
6873
6875
6879
6884
6885
6889
6893
6895
6899
6901
6902
6904
6905
6906
6907
6910
6913
6913
6917
6917
6923
6926
6926
6927
6927
6927
6937
6938
6938
6944
6944
6946
6946
6947
6950
6951
6955
6955
6957
6966
6966
6973
6981
6982
6983
6986
6993
6995
6995
6998
6999
7000
7007
7011
7017
7017
7019
7028
7028
7029
7030
7032
7036
7040
7044
7047
7049
7050
7051
7054
7058
7060
7061
7066
7069
7071
7072
7073
7073
7074
7082
7082
7083
7084
7087
7089
7092
7094
7095
7096
7097
7097
7101
7102
7102
7106
7109
7109
7111
7117
7118
7119
7123
7124
7126
7128
7132
7132
7133
7133
7135
7135
7138
7139
7142
7143
7151
7153
7156
7158
7160
7163
7169
7174
7174
7179
7179
7179
7183
7184
7185
7190
7197
7197
7204
7205
7207
7209
7211
7213
7215
7221
7223
7229
7231
7233
7238
7238
7240
7242
7248
7249
7250
7250
7252
7255
7256
7256
7261
7266
7266
7266
7267
7268
7270
7272
7276
7276
7279
7281
7281
7282
7284
7286
7288
7289
7291
7291
7294
7297
7298
7300
7301
7303
7305
7308
7310
7310
7310
7313
7315
7317
7318
7319
7320
7320
7325
7325
7329
7330
7331
7332
7334
7336
7340
7341
7345
7353
7353
7354
7357
7357
7358
7360
7362
7370
7377
7379
7380
7382
7386
7386
7389
7391
7397
7398
7409
7410
7411
7423
7423
7426
7429
7429
7432
7434
7435
7437
7440
7442
7445
7450
7456
7460
7465
7465
7465
7471
7476
7481
7481
7489
7496
7497
7500
7500
7501
7501
7506
7523
7524
7528
7533
7536
7537
7540
7552
7553
7554
7555
7555
7556
7562
7564
7565
7569
7574
7584
7584
7586
7587
7589
7593
7596
7596
7602
7605
7607
7614
7615
7616
7616
7620
7622
7622
7623
7624
7625
7630
7638
7639
7641
7641
7641
7643
7644
7646
7663
7671
7674
7675
7691
7691
7691
7694
7695
7699
7712
7713
7722
7724
7728
7729
7730
7732
7736
7736
7737
7741
7743
7744
7749
7752
7752
7758
7759
7763
7768
7768
7769
7771
7774
7774
7775
7776
7784
7787
7787
7789
7789
7791
7799
7800
7807
7807
7811
7811
7823
7825
7826
7829
7831
7831
7833
7835
7836
7838
7841
7843
7850
7863
7863
7866
7869
7873
7873
7874
7877
7879
7883
7883
7883
7884
7886
7889
7899
7899
7902
7906
7908
7908
7916
7916
7917
7920
7922
7943
7945
7947
7950
7951
7954
7961
7965
7966
7968
7969
7971
7975
7977
7983
7984
7988
7990
7992
7992
7994
7995
7997
8005
8006
8008
8013
8019
8019
8021
8022
8023
8023
8027
8027
8030
8031
8033
8034
8035
8035
8039
8044
8047
8050
8050
8068
8070
8072
8079
8079
8083
8089
8090
8091
8093
8098
8101
8105
8113
8116
8120
8124
8127
8130
8139
8148
8151
8152
8159
8169
8169
8177
8178
8179
8180
8180
8181
8183
8185
8193
8195
8195
8198
8200
8204
8207
8213
8214
8214
8224
8224
8224
8225
8229
8234
8235
8237
8241
8243
8244
8244
8248
8250
8252
8256
8260
8260
8266
8267
8267
8268
8271
8276
8281
8287
8290
8292
8292
8294
8295
8302
8311
8312
8316
8317
8321
8321
8326
8328
8338
8339
8341
8346
8347
8349
8353
8354
8356
8356
8359
8360
8366
8368
8373
8376
8381
8382
8383
8389
8391
8393
8394
8396
8397
8398
8403
8405
8410
8411
8412
8413
8416
8420
8420
8421
8428
8431
8435
8437
8440
8441
8441
8442
8447
8450
8454
8458
8462
8462
8464
8464
8466
8469
8469
8469
8473
8479
8484
8485
8487
8487
8490
8497
8497
8501
8505
8507
8510
8516
8519
8520
8524
8525
8530
8530
8531
8542
8547
8550
8558
8558
8560
8565
8572
8579
8582
8584
8586
8592
8593
8596
8600
8601
8605
8606
8609
8613
8614
8617
8618
8622
8624
8628
8629
8632
8634
8639
8644
8655
8659
8662
8669
8670
8672
8672
8676
8683
8685
8686
8688
8688
8689
8693
8695
8695
8701
8705
8708
8709
8711
8712
8713
8720
8726
8726
8728
8754
8755
8766
8768
8769
8769
8772
8775
8778
8780
8785
8785
8787
8787
8789
8789
8792
8793
8793
8794
8795
8802
8802
8809
8825
8832
8834
8834
8839
8847
8859
8860
8860
8866
8868
8869
8870
8873
8880
8882
8885
8888
8898
8900
8912
8913
8915
8916
8917
8919
8919
8921
8924
8926
8928
8929
8933
8935
8939
8946
8949
8958
8963
8963
8973
8973
8975
8975
8975
8978
8981
8981
8987
8988
8991
8994
8996
8998
8999
9001
9007
9009
9011
9018
9019
9021
9030
9031
9031
9047
9047
9048
9055
9059
9062
9064
9066
9066
9071
9073
9074
9081
9083
9088
9090
9090
9090
9091
9094
9095
9097
9100
9102
9103
9107
9107
9108
9118
9119
9120
9122
9123
9126
9127
9129
9130
9131
9132
9135
9136
9137
9148
9150
9158
9159
9163
9172
9174
9177
9182
9187
9188
9196
9200
9201
9208
9209
9209
9215
9219
9220
9221
9221
9227
9229
9234
9235
9236
9241
9243
9247
9253
9258
9261
9262
9262
9266
9272
9273
9276
9277
9278
9279
9281
9283
9290
9290
9296
9306
9306
9306
9309
9313
9314
9319
9322
9324
9325
9325
9325
9326
9326
9329
9329
9331
9335
9337
9338
9341
9344
9348
9349
9355
9356
9357
9358
9359
9361
9361
9369
9370
9371
9383
9390
9391
9392
9392
9402
9402
9403
9404
9407
9408
9408
9416
9424
9427
9427
9428
9432
9434
9434
9441
9444
9445
9455
9455
9455
9457
9458
9467
9472
9476
9477
9479
9486
9487
9489
9491
9491
9492
9492
9492
9496
9499
9500
9502
9503
9507
9509
9510
9512
9517
9520
9521
9531
9531
9534
9535
9536
9538
9541
9542
9545
9546
9551
9563
9571
9574
9576
9580
9584
9584
9594
9596
9600
9602
9602
9602
9603
9604
9605
9607
9611
9617
9618
9620
9622
9623
9630
9638
9639
9642
9644
9649
9651
9652
9656
9657
9667
9672
9680
9681
9683
9689
9701
9704
9705
9705
9706
9709
9711
9716
9717
9718
9720
9721
9723
9733
9734
9737
9750
9753
9756
9758
9759
9760
9762
9768
9768
9771
9777
9778
9780
9794
9794
9801
9805
9806
9806
9806
9809
9812
9812
9816
9825
9827
9828
9834
9840
9842
9846
9850
9851
9851
9852
9854
9866
9872
9875
9875
9877
9877
9887
9892
9893
9893
9895
9904
9906
9906
9908
9908
9908
9910
9910
9911
9913
9914
9922
9926
9931
9933
9939
9945
9945
9953
9962
9972
9976
9986
9998
10006
10008
10009
10012
10013
10020
10021
10022
10022
10024
10028
10029
10030
10030
10033
10036
10037
10041
10042
10045
10049
10049
10053
10058
10060
10061
10063
10064
10065
10067
10079
10081
10081
10089
10090
10093
10096
10102
10114
10116
10123
10126
10129
10129
10132
10135
10135
10137
10143
10145
10145
10147
10155
10159
10159
10161
10161
10171
10172
10173
10173
10174
10181
10181
10189
10191
10192
10192
10193
10201
10201
10211
10211
10212
10213
10215
10216
10228
10231
10236
10238
10239
10239
10241
10241
10242
10242
10245
10249
10250
10259
10265
10270
10275
10276
10280
10280
10282
10282
10287
10287
10289
10289
10295
10297
10305
10309
10309
10310
10311
10322
10324
10325
10325
10326
10326
10327
10329
10331
10340
10341
10343
10344
10345
10359
10364
10365
10368
10372
10374
10378
10379
10383
10384
10384
10385
10385
10388
10388
10391
10395
10401
10410
10411
10411
10412
10413
10418
10418
10419
10424
10428
10434
10437
10440
10441
10443
10447
10451
10452
10452
10455
10455
10459
10462
10465
10466
10468
10470
10473
10475
10477
10481
10485
10493
10494
10496
10504
10505
10511
10514
10516
10517
10522
10523
10524
10525
10526
10529
10535
10535
10536
10541
10542
10542
10543
10544
10545
10546
10546
10547
10550
10555
10563
10564
10567
10567
10576
10578
10578
10585
10585
10585
10585
10596
10600
10605
10605
10608
10610
10613
10616
10621
10622
10623
10625
10627
10628
10637
10640
10642
10646
10647
10649
10654
10657
10660
10661
10664
10675
10676
10677
10677
10679
10684
10687
10693
10699
10702
10708
10711
10718
10720
10724
10725
10728
10729
10729
10731
10732
10733
10733
10737
10738
10739
10747
10752
10754
10755
10756
10756
10759
10760
10760
10762
10766
10768
10768
10771
10773
10777
10781
10791
10791
10796
10803
10807
10807
10810
10812
10821
10822
10823
10826
10827
10831
10832
10836
10841
10841
10842
10842
10843
10846
10857
10858
10859
10864
10868
10868
10870
10870
10873
10876
10876
10876
10876
10879
10881
10883
10886
10886
10891
10895
10895
10896
10898
10901
10901
10902
10902
10903
10903
10905
10905
10909
10911
10915
10915
10915
10918
10918
10920
10923
10925
10929
10935
10936
10939
10947
10948
10948
10949
10955
10956
10958
10963
10963
10965
10969
10975
10990
10990
10994
10995
10997
11001
11015
11024
11027
11035
11037
11037
11037
11044
11045
11050
11051
11054
11058
11058
11058
11061
11061
11062
11066
11068
11083
11089
11090
11097
11105
11106
11107
11114
11117
11125
11126
11132
11133
11135
11141
11142
11144
11150
11151
11157
11162
11164
11164
11171
11172
11173
11175
11177
11178
11181
11184
11185
11190
11190
11197
11199
11204
11205
11208
11215
11222
11224
11225
11233
11236
11237
11242
11245
11251
11255
11256
11256
11257
11262
11264
11264
11265
11266
11268
11273
11274
11275
11275
11276
11289
11293
11294
11308
11309
11310
11311
11317
11318
11320
11323
11327
11329
11334
11335
11337
11341
11342
11342
11344
11348
11350
11351
11359
11361
11362
11364
11373
11375
11376
11377
11381
11387
11387
11392
11396
11401
11403
11406
11409
11415
11419
11424
11426
11428
11430
11439
11441
11445
11448
11449
11451
11452
11453
11461
11461
11465
11468
11468
11470
11479
11483
11485
11490
11495
11496
11497
11501
11513
11513
11514
11519
11523
11523
11524
11527
11528
11528
11537
11541
11542
11544
11548
11549
11551
11553
11558
11565
11566
11569
11576
11581
11581
11583
11588
11588
11593
11596
11597
11602
11603
11604
11613
11620
11625
11625
11625
11625
11628
11631
11632
11634
11634
11642
11647
11650
11655
11657
11662
11668
11675
11679
11681
11681
11682
11683
11683
11687
11695
11696
11699
11704
11705
11705
11706
11708
11710
11710
11711
11711
11712
11713
11717
11719
11720
11721
11728
11738
11740
11740
11743
11747
11749
11750
11751
11754
11763
11764
11765
11768
11771
11774
11774
11775
11781
11782
11782
11783
11784
11787
11787
11789
11793
11797
11798
11802
11803
11806
11807
11808
11808
11811
11813
11815
11816
11818
11819
11820
11823
11825
11825
11826
11826
11836
11838
11840
11841
11845
11848
11849
11851
11855
11860
11862
11863
11867
11871
11875
11879
11879
11880
11880
11881
11884
11897
11900
11901
11902
11902
11903
11911
11915
11921
11923
11926
11929
11932
11940
11945
11946
11946
11954
11954
11958
11962
11963
11971
11975
11978
11979
11983
11990
11996
11999
12002
12002
12006
12010
12010
12013
12015
12017
12022
12028
12028
12029
12035
12036
12037
12037
12037
12040
12041
12044
12051
12052
12058
12062
12077
12078
12079
12079
12079
12083
12084
12085
12086
12087
12089
12089
12092
12092
12095
12097
12099
12099
12100
12101
12106
12108
12112
12117
12126
12127
12127
12134
12136
12141
12147
12148
12152
12158
12160
12164
12165
12173
12176
12177
12177
12179
12180
12180
12180
12181
12187
12188
12189
12190
12194
12196
12199
12200
12201
12203
12218
12220
12221
12221
12222
12223
12224
12227
12228
12232
12233
12238
12243
12247
12249
12249
12250
12262
12266
12270
12271
12272
12274
12274
12276
12276
12282
12285
12286
12289
12292
12294
12295
12298
12298
12299
12305
12308
12308
12308
12310
12315
12322
12324
12330
12330
12336
12341
12346
12356
12358
12364
12371
12382
12394
12395
12396
12396
12398
12402
12402
12405
12410
12413
12415
12415
12419
12424
12425
12426
12427
12429
12439
12440
12440
12441
12441
12443
12443
12445
12447
12449
12450
12450
12454
12454
12456
12458
12458
12470
12474
12482
12488
12494
12506
12514
12517
12518
12520
12522
12524
12527
12528
12529
12532
12539
12547
12554
12555
12556
12567
12571
12572
12573
12574
12580
12593
12596
12599
12599
12601
12601
12603
12603
12605
12606
12613
12615
12617
12617
12620
12632
12634
12639
12639
12642
12644
12654
12654
12657
12663
12663
12665
12670
12674
12675
12678
12678
12682
12685
12686
12686
12686
12687
12688
12696
12698
12698
12703
12706
12706
12710
12714
12720
12721
12721
12734
12735
12737
12746
12748
12751
12751
12760
12774
12775
12780
12782
12786
12792
12794
12795
12803
12803
12803
12804
12811
12811
12817
12819
12824
12824
12827
12827
12828
12833
12834
12843
12844
12844
12848
12849
12852
12859
12860
12864
12870
12880
12885
12891
12894
12894
12895
12896
12897
12904
12907
12909
12912
12913
12915
12916
12918
12920
12922
12929
12929
12932
12932
12934
12940
12946
12947
12948
12949
12953
12953
12956
12958
12961
12962
12967
12971
12972
12972
12975
12975
12977
12981
12984
12989
12992
12993
12993
12997
13000
13001
13008
13011
13018
13018
13023
13024
13030
13035
13039
13040
13042
13046
13057
13057
13059
13060
13064
13066
13069
13071
13072
13081
13081
13083
13091
13092
13095
13096
13099
13101
13103
13103
13105
13115
13115
13122
13132
13135
13137
13140
13141
13141
13143
13146
13155
13156
13157
13158
13159
13160
13161
13164
13164
13165
13165
13168
13170
13171
13177
13180
13182
13184
13185
13186
13190
13197
13209
13213
13215
13216
13218
13225
13227
13229
13233
13234
13237
13243
13246
13249
13251
13251
13255
13259
13261
13263
13264
13266
13266
13268
13268
13275
13282
13282
13283
13285
13292
13294
13296
13301
13308
13317
13319
13320
13327
13329
13332
13342
13345
13347
13347
13350
13352
13353
13356
13357
13359
13360
13360
13361
13363
13364
13364
13364
13365
13369
13371
13371
13371
13377
13378
13379
13380
13381
13382
13386
13391
13397
13399
13408
13411
13411
13411
13419
13419
13421
13423
13423
13424
13428
13430
13438
13441
13443
13444
13449
13452
13458
13462
13467
13472
13472
13475
13480
13481
13488
13489
13492
13494
13495
13495
13497
13500
13504
13507
13510
13511
13516
13518
13519
13520
13521
13524
13531
13533
13533
13535
13540
13540
13548
13551
13552
13553
13556
13559
13562
13571
13573
13583
13584
13585
13585
13587
13588
13594
13596
13602
13605
13606
13612
13615
13615
13619
13621
13621
13623
13625
13627
13627
13627
13628
13629
13632
13638
13641
13644
13645
13647
13651
13663
13664
13665
13673
13674
13675
13680
13681
13682
13684
13688
13691
13694
13697
13702
13706
13708
13712
13712
13713
13715
13716
13722
13733
13741
13741
13745
13751
13751
13751
13753
13759
13761
13762
13762
13766
13768
13770
13772
13774
13775
13778
13779
13782
13785
13786
13789
13790
13792
13796
13798
13800
13804
13805
13808
13810
13810
13815
13817
13823
13824
13825
13827
13838
13840
13842
13843
13846
13849
13850
13850
13854
13856
13861
13863
13864
13870
13872
13875
13877
13878
13878
13879
13880
13881
13885
13896
13903
13904
13907
13908
13916
13918
13924
13928
13935
13936
13938
13938
13938
13943
13943
13946
13951
13957
13958
13958
13960
13961
13966
13967
13972
13972
13978
13979
13979
13990
13992
13993
13994
13999
14002
14016
14017
14020
14032
14035
14036
14049
14055
14059
14061
14063
14065
14067
14067
14073
14093
14094
14097
14106
14107
14116
14120
14120
14123
14127
14135
14136
14142
14144
14147
14150
14150
14152
14158
14159
14175
14175
14177
14177
14182
14183
14186
14187
14188
14189
14191
14196
14196
14202
14214
14215
14216
14221
14226
14226
14231
14232
14233
14237
14240
14241
14244
14251
14251
14260
14264
14264
14267
14268
14268
14268
14268
14270
14276
14277
14279
14286
14286
14287
14288
14295
14298
14305
14306
14308
14318
14324
14326
14326
14328
14329
14329
14329
14338
14340
14340
14343
14354
14354
14360
14362
14364
14370
14373
14373
14373
14375
14387
14388
14392
14393
14401
14408
14417
14418
14418
14420
14421
14421
14424
14425
14425
14427
14430
14430
14431
14433
14437
14437
14439
14440
14442
14453
14459
14459
14461
14462
14468
14470
14473
14475
14478
14479
14483
14484
14493
14497
14500
14501
14505
14509
14515
14516
14516
14516
14517
14518
14519
14521
14524
14528
14536
14537
14537
14540
14542
14544
14544
14553
14564
14565
14565
14567
14568
14578
14581
14585
14585
14588
14588
14594
14596
14597
14599
14602
14603
14606
14611
14612
14613
14616
14621
14625
14625
14629
14635
14635
14641
14642
14646
14647
14649
14649
14653
14656
14658
14659
14662
14663
14663
14670
14671
14671
14672
14673
14674
14675
14675
14680
14685
14685
14688
14691
14692
14706
14709
14710
14713
14725
14726
14726
14729
14729
14731
14735
14737
14737
14739
14750
14752
14754
14757
14760
14760
14760
14763
14766
14784
14788
14794
14799
14802
14806
14808
14809
14811
14814
14815
14819
14824
14827
14828
14829
14830
14831
14832
14834
14835
14844
14849
14850
14850
14851
14858
14861
14862
14864
14867
14867
14886
14891
14892
14893
14898
14901
14907
14925
14926
14929
14930
14930
14935
14938
14945
14946
14946
14948
14950
14951
14954
14959
14960
14965
14972
14973
14973
14976
14982
14988
14989
14991
14993
14994
14995
14998
14998
14999
14999
15000
15000
15002
15003
15007
15008
15010
15010
15016
15018
15020
15021
15022
15023
15030
15037
15045
15052
15054
15056
15060
15061
15062
15068
15070
15072
15075
15076
15077
15077
15084
15089
15092
15092
15095
15095
15099
15100
15100
15101
15103
15104
15111
15113
15116
15118
15119
15119
15123
15126
15129
15132
15135
15137
15143
15143
15144
15144
15149
15149
15151
15151
15155
15157
15175
15175
15177
15178
15184
15186
15189
15197
15198
15199
15200
15202
15205
15214
15221
15225
15225
15229
15231
15231
15231
15232
15236
15236
15237
15238
15240
15243
15244
15246
15251
15254
15254
15258
15263
15279
15279
15284
15293
15296
15297
15298
15303
15304
15306
15307
15316
15320
15321
15322
15324
15325
15327
15334
15335
15336
15339
15341
15347
15348
15351
15352
15354
15357
15359
15361
15364
15371
15372
15374
15382
15390
15392
15393
15394
15396
15402
15404
15405
15406
15408
15410
15411
15412
15415
15433
15440
15441
15442
15444
15449
15452
15458
15459
15468
15468
15470
15475
15481
15487
15487
15487
15495
15499
15499
15499
15502
15506
15510
15513
15518
15518
15519
15522
15523
15524
15531
15534
15537
15539
15541
15541
15542
15542
15544
15546
15546
15555
15556
15556
15563
15564
15565
15578
15584
15587
15587
15593
15598
15599
15612
15614
15616
15618
15618
15626
15627
15632
15633
15637
15643
15643
15643
15644
15647
15648
15652
15653
15655
15655
15656
15656
15659
15660
15672
15676
15680
15683
15694
15695
15697
15700
15705
15711
15713
15714
15719
15719
15721
15724
15724
15727
15730
15734
15734
15735
15743
15744
15747
15748
15753
15762
15763
15763
15767
15768
15768
15772
15772
15782
15783
15785
15785
15786
15789
15805
15807
15807
15812
15817
15818
15826
15827
15833
15834
15836
15844
15848
15852
15854
15855
15857
15857
15860
15861
15867
15868
15873
15874
15876
15878
15880
15889
15891
15893
15894
15895
15895
15896
15896
15897
15898
15901
15903
15906
15906
15911
15914
15915
15919
15919
15919
15920
15925
15928
15930
15935
15935
15937
15942
15942
15946
15954
15957
15959
15960
15960
15961
15965
15968
15969
15970
15971
15976
15982
15989
15990
15990
15992
15995
15996
15999
16003
16003
16006
16007
16008
16013
16014
16015
16017
16021
16023
16027
16031
16034
16036
16038
16042
16044
16048
16048
16049
16050
16054
16058
16060
16064
16072
16072
16073
16076
16077
16078
16081
16090
16092
16094
16112
16122
16122
16124
16127
16127
16130
16134
16144
16147
16148
16153
16153
16158
16158
16162
16164
16169
16169
16169
16169
16170
16177
16178
16179
16181
16183
16186
16187
16190
16192
16193
16194
16195
16198
16205
16205
16210
16218
16219
16221
16222
16224
16230
16233
16239
16243
16253
16254
16259
16260
16263
16263
16266
16267
16267
16267
16268
16274
16278
16279
16285
16287
16290
16292
16292
16296
16297
16299
16301
16302
16303
16304
16305
16305
16310
16319
16319
16327
16331
16331
16344
16344
16347
16347
16349
16357
16372
16381
16385
16394
16396
16396
16399
16401
16401
16405
16407
16409
16414
16415
16425
16426
16427
16429
16430
16430
16435
16436
16437
16443
16444
16445
16445
16447
16448
16449
16457
16460
16460
16464
16465
16468
16469
16472
16475
16476
16477
16480
16481
16482
16485
16488
16489
16491
16491
16492
16493
16493
16494
16497
16501
16505
16507
16509
16514
16523
16523
16527
16527
16528
16530
16535
16537
16541
16543
16544
16547
16553
16561
16562
16575
16578
16583
16583
16591
16591
16593
16602
16614
16624
16626
16627
16630
16634
16635
16636
16641
16648
16652
16657
16658
16660
16661
16663
16663
16669
16670
16674
16674
16686
16690
16691
16692
16692
16700
16709
16710
16712
16712
16717
16718
16718
16720
16721
16722
16723
16732
16735
16736
16742
16744
16746
16748
16750
16750
16751
16751
16753
16754
16760
16761
16761
16762
16767
16771
16772
16773
16778
16780
16783
16784
16793
16795
16796
16799
16801
16802
16805
16810
16811
16813
16819
16819
16822
16827
16828
16832
16832
16838
16841
16846
16855
16858
16859
16860
16877
16879
16882
16885
16886
16892
16896
16898
16901
16904
16905
16906
16910
16913
16913
16917
16918
16919
16921
16928
16931
16932
16934
16935
16937
16940
16944
16952
16953
16955
16956
16958
16961
16962
16963
16967
16967
16968
16968
16975
16979
16979
16980
16982
16982
16989
16989
16990
16991
16997
16998
17004
17005
17013
17013
17015
17025
17025
17026
17028
17030
17032
17034
17036
17040
17042
17045
17049
17055
17059
17060
17066
17067
17068
17073
17078
17080
17081
17084
17085
17085
17092
17093
17093
17097
17099
17104
17107
17107
17113
17113
17119
17121
17121
17122
17130
17134
17138
17140
17147
17150
17151
17154
17156
17157
17158
17158
17162
17164
17164
17169
17172
17173
17173
17178
17180
17185
17194
17195
17198
17203
17204
17210
17211
17212
17214
17214
17214
17215
17221
17225
17226
17230
17230
17232
17233
17235
17238
17238
17244
17245
17245
17246
17249
17251
17257
17260
17265
17266
17267
17267
17271
17273
17277
17278
17279
17284
17284
17285
17288
17288
17291
17295
17301
17304
17305
17305
17309
17311
17316
17319
17331
17332
17346
17352
17353
17356
17358
17359
17359
17361
17366
17366
17371
17376
17377
17381
17382
17385
17385
17386
17387
17387
17392
17397
17400
17409
17410
17410
17417
17426
17427
17428
17430
17432
17434
17434
17434
17437
17444
17447
17447
17460
17460
17465
17471
17472
17474
17479
17479
17480
17482
17484
17488
17488
17492
17494
17496
17499
17503
17508
17517
17518
17527
17529
17533
17535
17536
17536
17538
17538
17541
17550
17554
17556
17558
17572
17573
17574
17575
17580
17582
17588
17589
17590
17598
17605
17605
17609
17611
17612
17612
17615
17619
17620
17621
17622
17625
17627
17628
17628
17636
17636
17638
17641
17641
17643
17646
17646
17646
17647
17649
17650
17653
17654
17656
17661
17666
17669
17669
17671
17678
17678
17683
17684
17690
17692
17697
17700
17707
17709
17711
17715
17715
17715
17717
17724
17727
17729
17731
17736
17738
17746
17749
17751
17754
17755
17758
17763
17763
17764
17764
17767
17769
17770
17774
17775
17779
17791
17801
17803
17807
17811
17817
17821
17823
17824
17829
17832
17836
17837
17845
17847
17847
17851
17852
17853
17859
17870
17874
17875
17879
17882
17884
17884
17889
17891
17891
17891
17891
17903
17905
17907
17907
17909
17918
17920
17923
17929
17931
17942
17946
17947
17948
17949
17952
17954
17958
17959
17965
17965
17966
17971
17971
17972
17976
17981
17981
17983
17992
17995
17999
18002
18006
18012
18013
18026
18028
18029
18031
18035
18040
18044
18044
18049
18054
18061
18062
18063
18064
18068
18080
18083
18084
18089
18089
18095
18100
18101
18108
18112
18114
18116
18117
18117
18120
18125
18127
18129
18130
18131
18131
18136
18137
18142
18143
18144
18149
18150
18151
18155
18156
18156
18159
18160
18163
18170
18171
18173
18174
18176
18177
18178
18178
18181
18182
18183
18186
18187
18187
18187
18191
18192
18194
18200
18201
18202
18203
18209
18215
18220
18226
18228
18231
18240
18243
18244
18250
18250
18251
18260
18261
18261
18271
18271
18272
18273
18273
18277
18278
18282
18285
18288
18289
18289
18294
18295
18296
18296
18302
18303
18304
18306
18309
18311
18311
18315
18319
18321
18322
18327
18332
18337
18340
18344
18350
18355
18358
18364
18367
18369
18369
18373
18384
18387
18389
18393
18398
18401
18403
18404
18405
18405
18409
18413
18414
18415
18419
18424
18424
18425
18425
18427
18429
18429
18433
18437
18438
18446
18455
18456
18460
18463
18465
18467
18469
18469
18470
18470
18480
18482
18487
18501
18507
18507
18517
18525
18525
18525
18534
18538
18539
18546
18550
18550
18551
18551
18557
18557
18559
18560
18563
18568
18568
18569
18577
18580
18593
18594
18597
18598
18599
18601
18601
18604
18607
18610
18612
18613
18613
18614
18615
18617
18619
18619
18620
18623
18628
18630
18638
18638
18643
18645
18645
18645
18647
18657
18659
18666
18671
18674
18675
18677
18678
18679
18681
18690
18692
18693
18694
18697
18705
18705
18711
18713
18718
18728
18732
18734
18736
18740
18742
18744
18745
18757
18759
18760
18761
18763
18764
18768
18768
18773
18773
18778
18783
18786
18789
18790
18794
18797
18804
18810
18812
18813
18814
18818
18820
18828
18831
18831
18834
18840
18842
18844
18849
18855
18856
18862
18869
18871
18875
18883
18884
18885
18887
18887
18891
18898
18899
18902
18910
18911
18913
18914
18916
18917
18918
18918
18919
18926
18927
18928
18931
18933
18934
18934
18935
18935
18943
18945
18947
18947
18947
18949
18952
18953
18955
18958
18958
18965
18977
18980
18986
18987
18988
18990
18998
19003
19005
19009
19009
19014
19016
19018
19018
19022
19022
19032
19033
19037
19043
19058
19059
19069
19071
19072
19073
19073
19078
19085
19092
19092
19095
19098
19100
19102
19106
19109
19120
19129
19131
19133
19136
19140
19141
19153
19154
19155
19159
19161
19162
19168
19173
19173
19175
19176
19185
19188
19191
19194
19194
19195
19196
19197
19198
19199
19199
19199
19202
19207
19216
19223
19225
19226
19228
19229
19232
19244
19248
19251
19252
19255
19257
19258
19259
19259
19261
19261
19263
19267
19267
19272
19273
19282
19283
19285
19290
19291
19291
19291
19295
19300
19304
19308
19311
19316
19317
19319
19322
19322
19323
19327
19331
19336
19343
19344
19354
19356
19356
19357
19363
19366
19372
19376
19376
19377
19380
19381
19383
19387
19393
19395
19398
19405
19406
19414
19416
19417
19417
19418
19425
19427
19431
19433
19439
19439
19443
19443
19445
19457
19460
19461
19473
19480
19484
19484
19489
19495
19501
19506
19513
19514
19522
19523
19523
19528
19529
19532
19532
19534
19535
19541
19541
19545
19545
19547
19553
19555
19556
19557
19558
19558
19559
19561
19563
19563
19564
19564
19567
19569
19569
19575
19575
19576
19586
19586
19596
19600
19602
19605
19607
19607
19611
19611
19612
19612
19613
19617
19619
19624
19627
19629
19632
19634
19635
19639
19643
19644
19644
19645
19647
19647
19650
19651
19657
19659
19659
19665
19666
19669
19673
19675
19679
19691
19694
19698
19699
19707
19710
19712
19713
19713
19717
19727
19727
19735
19737
19737
19738
19741
19744
19745
19746
19747
19747
19749
19764
19765
19766
19766
19769
19771
19773
19773
19775
19777
19778
19786
19787
19788
19806
19809
19809
19813
19817
19822
19830
19833
19836
19843
19848
19852
19853
19857
19858
19872
19873
19877
19877
19880
19880
19882
19884
19885
19902
19912
19914
19915
19917
19918
19919
19921
19924
19925
19926
19928
19939
19945
19946
19950
19953
19953
19954
19957
19958
19961
19974
19975
19975
19976
19978
19980
19980
19984
19987
19988
19989
19990
19991
19998
19999
20001
20016
20017
20029
20031
20038
20042
20044
20045
20047
20051
20052
20054
20062
20064
20065
20068
20068
20072
20072
20081
20085
20087
20087
20089
20090
20091
20103
20108
20109
20119
20119
20124
20125
20125
20126
20130
20131
20139
20146
20148
20152
20153
20155
20157
20158
20161
20161
20166
20168
20168
20172
20172
20173
20179
20182
20182
20186
20186
20186
20188
20189
20190
20194
20196
20197
20197
20198
20199
20204
20204
20205
20211
20214
20218
20220
20222
20222
20224
20234
20235
20235
20239
20240
20242
20249
20250
20250
20254
20255
20256
20260
20262
20265
20274
20275
20279
20281
20284
20287
20288
20291
20292
20300
20304
20305
20308
20310
20316
20320
20324
20329
20331
20332
20333
20340
20343
20343
20349
20351
20351
20362
20364
20372
20376
20379
20381
20388
20396
20411
20412
20416
20417
20419
20426
20430
20430
20433
20434
20434
20437
20458
20460
20460
20461
20461
20463
20465
20466
20467
20468
20472
20473
20477
20487
20488
20490
20501
20502
20503
20504
20511
20512
20512
20514
20519
20524
20534
20538
20539
20540
20541
20550
20554
20558
20560
20562
20565
20566
20567
20572
20575
20575
20577
20577
20578
20580
20582
20584
20584
20587
20588
20590
20591
20594
20596
20597
20598
20599
20601
20609
20609
20609
20622
20624
20627
20632
20632
20633
20634
20635
20640
20640
20645
20647
20658
20660
20662
20664
20664
20668
20669
20671
20676
20678
20679
20679
20688
20692
20694
20695
20695
20705
20705
20706
20708
20726
20726
20727
20727
20728
20731
20732
20732
20737
20739
20741
20742
20742
20750
20752
20755
20755
20755
20757
20759
20763
20764
20766
20770
20773
20773
20774
20774
20774
20783
20785
20786
20787
20791
20792
20792
20793
20796
20798
20802
20808
20814
20814
20824
20825
20826
20827
20829
20845
20846
20849
20858
20865
20870
20870
20874
20874
20877
20878
20888
20892
20900
20906
20906
20912
20913
20914
20918
20921
20923
20925
20927
20928
20928
20931
20934
20934
20935
20937
20937
20941
20942
20951
20952
20952
20955
20961
20963
20968
20968
20970
20972
20978
20980
20981
20984
20995
20997
20998
21001
21002
21004
21004
21008
21018
21019
21020
21034
21035
21036
21036
21041
21052
21055
21056
21057
21065
21073
21076
21077
21078
21079
21081
21086
21093
21094
21095
21097
21101
21105
21106
21110
21112
21117
21121
21123
21125
21129
21140
21145
21146
21149
21149
21151
21153
21156
21160
21163
21163
21165
21166
21166
21168
21169
21169
21170
21171
21171
21172
21175
21182
21184
21186
21187
21191
21194
21197
21200
21203
21203
21203
21215
21219
21232
21236
21239
21247
21250
21256
21261
21268
21272
21274
21274
21275
21277
21281
21286
21295
21296
21296
21301
21303
21305
21307
21308
21310
21312
21315
21316
21318
21318
21319
21320
21321
21322
21323
21323
21325
21326
21331
21332
21334
21339
21341
21342
21348
21349
21355
21357
21358
21358
21359
21361
21363
21371
21375
21377
21377
21381
21381
21385
21391
21394
21404
21405
21424
21426
21430
21431
21434
21437
21442
21448
21448
21453
21454
21455
21458
21460
21463
21466
21471
21473
21475
21477
21478
21479
21481
21484
21484
21485
21486
21488
21490
21492
21495
21495
21497
21498
21502
21503
21505
21508
21508
21511
21515
21519
21523
21525
21529
21529
21530
21536
21545
21549
21550
21551
21555
21557
21558
21560
21560
21561
21562
21562
21563
21563
21565
21572
21574
21580
21580
21580
21582
21583
21585
21598
21609
21609
21611
21613
21616
21616
21617
21622
21625
21625
21629
21634
21635
21635
21638
21638
21639
21639
21641
21648
21652
21655
21656
21657
21658
21659
21663
21667
21671
21675
21678
21680
21680
21681
21682
21686
21689
21691
21695
21697
21697
21705
21705
21708
21712
21722
21723
21728
21735
21739
21740
21741
21744
21750
21753
21753
21766
21768
21768
21769
21769
21770
21772
21775
21778
21779
21782
21792
21792
21794
21795
21800
21803
21804
21813
21813
21817
21820
21821
21825
21837
21838
21848
21850
21854
21854
21860
21868
21873
21876
21877
21879
21881
21885
21886
21898
21898
21900
21904
21904
21906
21914
21915
21921
21923
21931
21935
21943
21943
21952
21952
21952
21957
21957
21978
21980
21982
21986
21986
21989
21994
21995
22004
22006
22007
22010
22015
22016
22016
22022
22029
22030
22035
22035
22037
22039
22050
22051
22053
22060
22061
22072
22072
22073
22074
22086
22087
22089
22096
22098
22100
22101
22121
22122
22125
22129
22131
22132
22135
22135
22137
22139
22145
22147
22150
22150
22151
22152
22155
22158
22161
22161
22162
22165
22166
22167
22174
22174
22177
22179
22181
22184
22187
22189
22189
22189
22191
22191
22192
22200
22201
22201
22204
22205
22214
22215
22215
22218
22220
22229
22230
22231
22232
22234
22234
22240
22247
22252
22253
22261
22263
22263
22264
22267
22276
22279
22282
22284
22296
22297
22306
22306
22311
22313
22314
22314
22315
22316
22318
22320
22325
22325
22328
22329
22329
22331
22331
22332
22333
22335
22339
22343
22346
22351
22361
22363
22366
22370
22377
22379
22383
22384
22390
22394
22395
22398
22399
22406
22414
22414
22415
22420
22430
22438
22439
22441
22441
22453
22458
22459
22460
22467
22471
22472
22472
22472
22475
22479
22481
22483
22484
22497
22500
22501
22505
22508
22510
22512
22514
22516
22518
22521
22521
22528
22529
22530
22535
22540
22545
22547
22550
22551
22551
22564
22565
22572
22573
22577
22580
22582
22585
22590
22592
22592
22599
22605
22610
22611
22614
22615
22620
22621
22623
22625
22629
22638
22638
22648
22651
22652
22656
22660
22660
22662
22662
22662
22663
22663
22672
22687
22689
22691
22699
22708
22709
22709
22711
22713
22714
22716
22717
22723
22728
22731
22736
22736
22744
22749
22750
22753
22757
22759
22759
22762
22763
22763
22765
22765
22768
22773
22773
22773
22774
22774
22781
22783
22784
22791
22793
22802
22804
22807
22810
22811
22811
22815
22821
22822
22825
22827
22829
22833
22836
22839
22842
22844
22850
22854
22855
22857
22861
22863
22870
22870
22876
22882
22882
22883
22884
22885
22886
22894
22895
22896
22897
22902
22910
22912
22913
22913
22915
22915
22919
22923
22942
22948
22948
22951
22958
22960
22961
22963
22965
22971
22973
22975
22979
22980
22985
22988
22989
22989
22995
22999
22999
23002
23003
23004
23010
23010
23011
23013
23013
23015
23017
23018
23021
23021
23026
23029
23029
23033
23033
23035
23038
23042
23045
23048
23059
23059
23060
23065
23067
23069
23073
23074
23074
23074
23077
23078
23081
23082
23083
23093
23093
23097
23097
23102
23114
23117
23120
23121
23130
23139
23139
23145
23146
23149
23153
23161
23162
23163
23165
23168
23169
23172
23173
23177
23181
23184
23187
23187
23189
23193
23193
23194
23196
23197
23197
23200
23204
23204
23211
23211
23212
23215
23223
23223
23226
23230
23231
23231
23237
23239
23243
23254
23255
23259
23259
23262
23262
23267
23272
23276
23277
23282
23284
23285
23286
23286
23297
23307
23308
23310
23313
23325
23331
23333
23334
23335
23335
23335
23337
23339
23340
23340
23347
23350
23356
23362
23364
23367
23373
23376
23383
23388
23388
23390
23392
23392
23396
23397
23398
23408
23409
23410
23410
23413
23425
23426
23426
23426
23428
23430
23431
23431
23435
23442
23445
23446
23448
23454
23455
23458
23460
23477
23482
23482
23486
23488
23490
23494
23497
23505
23508
23509
23513
23518
23521
23522
23527
23534
23535
23536
23537
23544
23545
23551
23555
23556
23560
23565
23571
23573
23574
23575
23575
23579
23579
23581
23586
23586
23589
23590
23592
23594
23595
23604
23611
23617
23617
23626
23627
23632
23636
23638
23639
23646
23646
23648
23651
23655
23658
23659
23665
23666
23666
23667
23677
23677
23687
23688
23706
23707
23707
23708
23709
23709
23713
23715
23715
23723
23729
23730
23734
23739
23741
23742
23745
23748
23749
23756
23757
23762
23765
23768
23769
23769
23771
23771
23776
23781
23783
23784
23785
23787
23792
23797
23802
23814
23815
23816
23822
23823
23830
23834
23834
23835
23835
23839
23842
23843
23844
23844
23845
23850
23850
23853
23854
23864
23868
23868
23868
23879
23881
23886
23890
23894
23896
23898
23907
23911
23911
23912
23917
23919
23924
23929
23934
23937
23940
23943
23944
23946
23949
23950
23956
23962
23962
23964
23965
23965
23970
23971
23976
23977
23980
23984
23985
23989
23989
23997
23998
24009
24018
24019
24022
24027
24028
24028
24034
24038
24039
24044
24047
24062
24063
24066
24072
24072
24076
24079
24079
24082
24083
24083
24088
24091
24093
24102
24102
24107
24120
24120
24124
24128
24132
24132
24138
24139
24140
24141
24144
24147
24148
24149
24152
24153
24156
24160
24165
24166
24166
24172
24176
24185
24189
24190
24191
24192
24196
24197
24199
24203
24203
24207
24208
24214
24217
24218
24218
24219
24219
24229
24234
24234
24234
24236
24238
24238
24241
24242
24244
24245
24247
24253
24253
24255
24256
24261
24261
24268
24273
24276
24285
24292
24296
24302
24303
24304
24304
24308
24309
24309
24310
24310
24312
24315
24315
24317
24325
24331
24335
24336
24337
24337
24341
24352
24355
24356
24357
24358
24360
24378
24381
24382
24384
24385
24386
24387
24389
24389
24390
24391
24397
24399
24400
24405
24407
24411
24413
24415
24416
24429
24430
24430
24434
24435
24436
24438
24444
24445
24450
24451
24454
24458
24464
24465
24466
24466
24469
24476
24477
24478
24483
24483
24485
24492
24493
24494
24494
24505
24506
24506
24508
24510
24511
24511
24513
24515
24516
24518
24519
24525
24526
24527
24529
24529
24531
24535
24536
24540
24540
24546
24555
24555
24569
24571
24574
24575
24578
24582
24582
24584
24585
24589
24595
24597
24601
24616
24618
24619
24620
24621
24622
24628
24629
24630
24630
24630
24635
24637
24637
24643
24644
24645
24645
24646
24646
24660
24660
24664
24670
24670
24678
24680
24681
24693
24693
24693
24694
24695
24697
24699
24701
24701
24704
24705
24709
24713
24714
24714
24717
24717
24719
24720
24721
24723
24725
24726
24727
24730
24733
24735
24736
24747
24748
24753
24754
24756
24760
24760
24766
24768
24770
24773
24776
24777
24778
24779
24782
24782
24784
24786
24788
24790
24790
24793
24796
24799
24812
24815
24816
24819
24821
24825
24832
24843
24845
24860
24861
24861
24862
24866
24866
24876
24878
24879
24879
24882
24883
24884
24895
24896
24905
24908
24912
24919
24920
24923
24923
24925
24932
24943
24953
24966
24969
24970
24970
24970
24977
24983
24984
24986
24987
24989
24989
24995
24999
25000
25005
25007
25012
25018
25018
25020
25021
25022
25022
25031
25033
25041
25042
25042
25044
25044
25045
25048
25048
25049
25057
25060
25061
25066
25066
25068
25069
25078
25081
25081
25081
25088
25089
25091
25098
25099
25102
25104
25105
25106
25108
25109
25111
25111
25114
25121
25123
25123
25123
25123
25124
25127
25128
25128
25130
25139
25140
25142
25149
25150
25154
25155
25161
25174
25177
25190
25196
25200
25206
25213
25215
25217
25220
25220
25222
25225
25230
25230
25233
25233
25234
25235
25235
25237
25238
25239
25242
25248
25257
25262
25263
25266
25268
25269
25279
25283
25283
25287
25288
25290
25292
25297
25298
25300
25302
25303
25304
25308
25310
25313
25315
25318
25319
25319
25324
25326
25338
25345
25348
25358
25362
25365
25370
25372
25385
25385
25388
25388
25392
25394
25395
25397
25397
25401
25404
25406
25414
25420
25420
25427
25427
25429
25431
25439
25440
25442
25444
25445
25446
25451
25451
25459
25461
25461
25466
25467
25469
25471
25471
25472
25472
25474
25475
25475
25478
25495
25500
25519
25525
25528
25530
25534
25536
25545
25546
25548
25552
25557
25558
25561
25566
25567
25567
25568
25568
25571
25573
25576
25579
25581
25582
25592
25593
25597
25605
25608
25619
25625
25626
25631
25634
25640
25644
25644
25649
25657
25657
25657
25659
25661
25667
25671
25674
25675
25678
25680
25687
25692
25694
25699
25702
25705
25708
25709
25709
25711
25716
25720
25722
25723
25724
25726
25732
25733
25741
25743
25743
25746
25746
25748
25753
25754
25757
25760
25761
25762
25764
25766
25766
25772
25778
25787
25789
25801
25805
25809
25812
25816
25818
25818
25828
25834
25838
25841
25843
25848
25848
25849
25850
25852
25857
25860
25861
25867
25873
25875
25877
25877
25886
25889
25892
25893
25894
25898
25901
25911
25914
25917
25922
25926
25926
25930
25932
25938
25939
25945
25947
25949
25956
25957
25966
25968
25971
25972
25973
25974
25976
25981
25982
25985
25987
25991
25991
26008
26009
26015
26018
26027
26034
26036
26041
26046
26046
26052
26056
26058
26070
26072
26073
26074
26075
26081
26092
26092
26097
26103
26104
26106
26106
26107
26108
26109
26111
26111
26113
26120
26122
26123
26125
26126
26130
26136
26138
26147
26151
26156
26158
26164
26173
26173
26175
26176
26178
26180
26186
26191
26193
26195
26198
26199
26200
26206
26211
26214
26214
26223
26224
26230
26233
26234
26247
26253
26254
26255
26258
26268
26276
26276
26280
26282
26283
26288
26289
26290
26292
26292
26294
26302
26305
26317
26317
26317
26328
26332
26333
26342
26345
26351
26356
26357
26360
26366
26369
26372
26375
26381
26382
26387
26387
26393
26398
26411
26412
26413
26420
26421
26425
26427
26428
26429
26433
26439
26445
26449
26451
26455
26457
26459
26462
26464
26465
26467
26469
26470
26470
26473
26477
26480
26481
26482
26484
26490
26491
26491
26494
26497
26499
26505
26509
26511
26512
26513
26519
26520
26520
26526
26529
26535
26537
26537
26545
26549
26550
26551
26553
26559
26564
26569
26569
26580
26586
26588
26595
26598
26603
26603
26604
26614
26618
26621
26622
26625
26629
26634
26635
26637
26646
26646
26648
26648
26651
26660
26662
26663
26666
26670
26675
26678
26679
26683
26700
26700
26708
26709
26709
26709
26713
26713
26716
26718
26724
26731
26734
26741
26741
26741
26742
26742
26742
26743
26743
26744
26748
26748
26750
26767
26769
26772
26779
26785
26790
26790
26800
26804
26808
26811
26812
26815
26816
26817
26819
26821
26821
26824
26825
26827
26832
26833
26834
26837
26848
26848
26849
26857
26865
26869
26876
26880
26885
26886
26889
26892
26894
26898
26902
26903
26907
26908
26910
26914
26915
26916
26916
26921
26923
26929
26933
26936
26937
26938
26941
26945
26948
26949
26952
26953
26954
26954
26954
26955
26961
26964
26964
26967
26969
26973
26976
26986
26988
26997
26998
26999
27000
27002
27003
27003
27005
27009
27011
27017
27020
27020
27021
27022
27027
27030
27032
27034
27036
27040
27046
27046
27056
27063
27067
27075
27076
27078
27080
27081
27081
27085
27088
27089
27090
27095
27096
27111
27113
27115
27116
27128
27135
27136
27137
27140
27141
27145
27148
27148
27151
27152
27152
27154
27156
27157
27158
27162
27168
27171
27176
27178
27181
27184
27186
27186
27190
27194
27200
27205
27213
27215
27218
27219
27219
27223
27225
27231
27237
27238
27242
27244
27246
27249
27250
27252
27253
27255
27259
27265
27274
27275
27276
27279
27280
27283
27284
27291
27292
27294
27294
27296
27297
27301
27302
27308
27308
27312
27314
27314
27318
27321
27328
27328
27336
27336
27337
27338
27339
27344
27349
27349
27351
27359
27362
27364
27364
27364
27368
27374
27375
27381
27383
27385
27386
27386
27386
27387
27389
27395
27398
27399
27402
27405
27413
27416
27420
27423
27426
27432
27433
27433
27437
27439
27440
27441
27441
27450
27458
27461
27463
27464
27471
27472
27477
27484
27490
27494
27494
27497
27498
27501
27508
27510
27510
27513
27519
27522
27523
27533
27533
27536
27540
27547
27550
27550
27557
27560
27565
27566
27571
27572
27576
27584
27591
27592
27605
27609
27610
27613
27615
27616
27618
27620
27620
27621
27626
27630
27632
27633
27634
27635
27639
27641
27648
27654
27656
27656
27662
27662
27663
27667
27669
27669
27671
27674
27676
27678
27678
27678
27679
27679
27682
27689
27690
27691
27693
27694
27695
27696
27712
27713
27726
27727
27728
27738
27741
27748
27750
27757
27758
27763
27765
27769
27770
27771
27772
27775
27780
27782
27784
27786
27804
27804
27806
27810
27811
27813
27821
27823
27832
27833
27834
27842
27845
27845
27847
27849
27849
27851
27853
27857
27858
27859
27866
27867
27868
27872
27877
27881
27884
27885
27886
27889
27894
27898
27900
27901
27905
27919
27928
27931
27935
27936
27938
27941
27946
27956
27957
27960
27965
27969
27970
27977
27981
27987
27988
27992
27993
27999
28004
28015
28016
28020
28021
28023
28029
28046
28046
28048
28052
28054
28059
28064
28072
28077
28079
28080
28081
28083
28088
28092
28097
28099
28108
28108
28116
28117
28118
28123
28126
28127
28129
28134
28144
28147
28147
28156
28157
28166
28167
28167
28168
28169
28169
28175
28179
28193
28195
28196
28201
28208
28211
28214
28217
28220
28227
28228
28229
28230
28231
28232
28239
28240
28241
28244
28245
28249
28250
28256
28257
28257
28257
28261
28261
28266
28274
28275
28284
28286
28293
28296
28299
28302
28314
28315
28317
28318
28322
28322
28323
28324
28337
28341
28345
28348
28349
28351
28352
28353
28354
28357
28358
28359
28367
28375
28379
28389
28390
28395
28401
28402
28403
28406
28409
28419
28420
28421
28424
28428
28429
28429
28430
28431
28435
28435
28437
28440
28442
28445
28447
28451
28453
28453
28454
28457
28463
28465
28466
28471
28473
28477
28483
28484
28486
28486
28488
28489
28491
28494
28494
28500
28502
28503
28504
28506
28509
28512
28514
28516
28517
28518
28526
28529
28530
28539
28541
28549
28554
28557
28557
28558
28559
28562
28562
28563
28564
28566
28567
28569
28582
28583
28584
28587
28588
28598
28600
28606
28608
28610
28611
28613
28614
28616
28627
28628
28634
28637
28638
28639
28641
28646
28647
28648
28650
28656
28658
28663
28664
28667
28668
28668
28670
28670
28678
28680
28680
28682
28685
28687
28691
28692
28696
28696
28700
28700
28701
28705
28712
28715
28717
28719
28720
28725
28727
28729
28730
28736
28740
28750
28752
28754
28756
28763
28769
28769
28774
28779
28780
28783
28787
28787
28797
28797
28800
28800
28805
28808
28814
28814
28816
28828
28838
28842
28846
28850
28851
28852
28852
28861
28861
28861
28864
28867
28872
28873
28874
28885
28887
28888
28891
28892
28896
28899
28899
28899
28906
28908
28908
28912
28913
28914
28915
28919
28920
28922
28928
28929
28940
28944
28946
28948
28951
28955
28956
28959
28960
28965
28970
28970
28979
28983
28983
28984
28986
28992
28993
29000
29005
29008
29010
29013
29019
29022
29031
29041
29041
29045
29048
29053
29060
29064
29070
29077
29085
29090
29091
29096
29098
29105
29106
29107
29115
29118
29119
29119
29121
29125
29127
29132
29132
29138
29139
29143
29145
29148
29148
29149
29149
29152
29156
29157
29161
29171
29173
29175
29175
29175
29176
29176
29177
29177
29179
29182
29187
29190
29190
29195
29203
29206
29208
29211
29216
29218
29220
29230
29230
29231
29234
29236
29236
29238
29240
29242
29242
29243
29250
29260
29268
29268
29268
29272
29279
29280
29287
29288
29294
29295
29299
29303
29305
29310
29314
29318
29328
29329
29330
29331
29333
29334
29335
29337
29355
29356
29358
29359
29359
29361
29364
29364
29367
29368
29372
29382
29384
29392
29397
29399
29400
29403
29408
29412
29413
29414
29419
29420
29422
29423
29430
29440
29454
29455
29458
29459
29459
29461
29468
29469
29472
29475
29476
29478
29478
29482
29484
29488
29489
29496
29498
29499
29510
29512
29514
29518
29524
29526
29542
29542
29542
29543
29547
29549
29553
29554
29554
29556
29557
29565
29566
29568
29568
29570
29572
29573
29573
29574
29578
29582
29587
29589
29592
29593
29595
29598
29601
29615
29617
29617
29618
29622
29624
29628
29628
29630
29632
29638
29639
29639
29641
29647
29648
29648
29655
29657
29660
29660
29664
29666
29675
29680
29681
29682
29684
29685
29688
29690
29691
29698
29707
29716
29718
29724
29725
29726
29729
29742
29745
29748
29750
29753
29758
29765
29770
29774
29774
29779
29781
29782
29784
29786
29790
29792
29792
29794
29797
29805
29807
29810
29810
29812
29813
29814
29817
29818
29820
29822
29824
29835
29836
29837
29837
29840
29841
29860
29861
29865
29867
29870
29870
29871
29872
29876
29878
29880
29886
29888
29889
29891
29892
29895
29898
29902
29906
29909
29909
29914
29916
29917
29918
29926
29926
29929
29935
29935
29942
29943
29946
29949
29950
29955
29958
29959
29960
29961
29961
29965
29969
29970
29970
29972
29976
29980
29989
29989
29999
40358
10359
29999
