10000
1
3
10
14
17
18
32
34
47
51
52
54
55
59
60
63
72
73
73
75
75
75
78
81
83
84
85
85
90
94
94
97
97
98
112
114
115
118
119
125
128
134
140
141
143
144
149
149
150
153
155
157
159
160
161
161
162
162
165
167
173
178
179
179
181
181
187
187
198
200
200
208
209
209
218
222
230
231
233
234
235
236
238
239
239
240
244
246
248
251
254
258
261
270
272
278
283
289
293
294
296
301
306
307
309
310
310
317
317
320
321
324
330
330
331
331
336
338
338
339
340
340
341
348
349
354
359
361
364
366
368
368
370
371
371
372
376
379
379
380
380
383
385
388
400
401
406
406
414
415
417
418
421
422
429
431
432
432
434
435
438
438
442
447
448
451
452
453
455
456
460
460
464
467
470
470
472
477
480
482
488
491
492
496
499
504
505
509
509
513
514
515
515
519
520
523
528
528
529
530
531
531
535
542
542
548
550
554
556
558
558
561
564
564
567
571
573
576
584
584
584
584
587
588
596
608
609
614
615
618
623
626
629
630
636
637
639
641
641
642
642
648
648
651
651
651
652
654
655
656
660
669
674
676
676
683
685
688
688
696
696
703
703
704
704
711
715
718
718
718
719
720
720
725
726
736
739
745
749
752
756
756
756
757
759
760
764
768
769
780
783
785
794
802
803
806
811
817
829
829
830
831
833
833
835
837
840
845
846
858
862
866
867
867
876
880
881
887
891
899
902
907
916
926
932
933
940
941
941
949
949
960
960
964
965
965
966
972
982
986
990
996
1000
1001
1002
1002
1004
1006
1012
1019
1020
1027
1028
1031
1031
1036
1037
1037
1038
1050
1050
1058
1058
1059
1062
1062
1062
1063
1070
1074
1074
1085
1087
1088
1093
1093
1099
1099
1099
1100
1106
1107
1107
1112
1113
1117
1119
1120
1121
1123
1125
1127
1127
1131
1131
1140
1143
1146
1148
1158
1167
1168
1178
1181
1182
1185
1190
1200
1203
1205
1208
1209
1212
1218
1218
1220
1223
1224
1225
1230
1233
1233
1238
1239
1242
1242
1256
1257
1261
1267
1269
1275
1276
1277
1278
1279
1280
1280
1287
1292
1301
1302
1303
1305
1306
1312
1316
1320
1320
1323
1330
1331
1338
1346
1349
1349
1355
1368
1370
1375
1383
1386
1387
1390
1395
1396
1397
1398
1399
1400
1402
1403
1403
1406
1407
1408
1413
1414
1423
1426
1428
1436
1436
1439
1444
1444
1445
1457
1458
1460
1460
1464
1464
1468
1471
1473
1473
1477
1481
1484
1488
1488
1495
1496
1497
1502
1503
1509
1512
1520
1521
1527
1530
1533
1535
1537
1539
1539
1540
1545
1548
1549
1557
1565
1565
1566
1567
1573
1576
1578
1585
1593
1602
1611
1613
1616
1617
1620
1624
1625
1625
1625
1636
1636
1637
1640
1646
1650
1651
1656
1656
1664
1669
1673
1674
1675
1675
1682
1687
1689
1693
1693
1695
1696
1708
1709
1717
1721
1722
1724
1724
1724
1730
1732
1733
1734
1736
1736
1737
1739
1746
1746
1749
1752
1753
1754
1754
1755
1756
1756
1756
1762
1767
1768
1770
1770
1774
1775
1776
1780
1781
1787
1798
1803
1811
1812
1813
1816
1822
1822
1825
1828
1829
1831
1834
1835
1837
1839
1840
1852
1854
1855
1855
1856
1856
1862
1863
1863
1867
1875
1876
1881
1882
1883
1888
1890
1891
1894
1896
1899
1901
1904
1907
1907
1909
1913
1915
1915
1915
1917
1919
1920
1920
1924
1924
1929
1930
1937
1938
1938
1938
1944
1946
1950
1955
1957
1964
1970
1972
1973
1974
1976
1982
1985
1987
1987
1989
1991
1992
1994
1994
1997
1997
1997
2003
2004
2005
2008
2010
2011
2016
2022
2023
2024
2027
2028
2030
2033
2034
2035
2036
2036
2037
2037
2038
2040
2048
2051
2057
2068
2073
2077
2080
2081
2083
2094
2095
2101
2106
2107
2116
2119
2120
2120
2127
2130
2131
2135
2136
2139
2143
2145
2151
2165
2166
2173
2175
2176
2181
2188
2195
2200
2206
2206
2207
2209
2210
2210
2211
2214
2216
2219
2220
2224
2228
2229
2235
2239
2241
2245
2248
2250
2253
2258
2263
2264
2264
2265
2268
2278
2279
2283
2291
2293
2293
2297
2302
2304
2309
2311
2312
2317
2320
2322
2322
2326
2329
2332
2338
2341
2342
2343
2349
2354
2355
2355
2357
2369
2371
2374
2379
2382
2383
2385
2391
2404
2405
2412
2415
2417
2420
2422
2423
2423
2425
2426
2427
2429
2432
2433
2435
2436
2436
2437
2441
2441
2441
2443
2443
2444
2446
2447
2456
2459
2461
2466
2471
2477
2481
2483
2484
2489
2490
2490
2491
2491
2495
2495
2496
2499
2509
2511
2512
2513
2515
2517
2517
2518
2521
2525
2527
2527
2528
2531
2532
2535
2537
2541
2542
2547
2553
2567
2569
2573
2574
2577
2577
2579
2581
2583
2586
2586
2589
2590
2592
2600
2601
2606
2610
2610
2613
2613
2617
2620
2621
2621
2623
2626
2626
2627
2630
2631
2634
2635
2635
2635
2637
2637
2644
2648
2653
2656
2657
2659
2661
2661
2662
2672
2680
2680
2680
2686
2688
2694
2694
2697
2698
2701
2702
2704
2711
2712
2714
2722
2723
2723
2725
2727
2728
2729
2731
2732
2735
2738
2738
2740
2740
2743
2747
2748
2754
2765
2767
2769
2770
2771
2777
2781
2781
2782
2784
2786
2790
2796
2806
2807
2808
2812
2814
2815
2816
2817
2821
2828
2828
2828
2829
2829
2830
2834
2843
2844
2853
2853
2857
2863
2865
2865
2879
2883
2883
2886
2887
2890
2892
2894
2895
2895
2896
2906
2911
2914
2922
2929
2933
2933
2934
2942
2951
2952
2956
2958
2959
2960
2961
2965
2970
2973
2977
2988
2990
2991
2991
2994
2995
2997
2999
3009
3009
3010
3014
3016
3022
3024
3027
3029
3030
3033
3035
3036
3041
3042
3052
3054
3056
3057
3058
3059
3060
3060
3066
3073
3077
3082
3085
3087
3091
3096
3096
3097
3105
3108
3124
3125
3128
3135
3145
3148
3150
3155
3158
3167
3172
3176
3176
3176
3177
3179
3182
3185
3189
3192
3195
3197
3198
3200
3201
3203
3204
3204
3205
3206
3207
3216
3216
3216
3217
3222
3222
3223
3227
3229
3232
3233
3236
3237
3248
3249
3255
3265
3267
3269
3279
3280
3285
3286
3294
3294
3301
3301
3302
3305
3307
3310
3314
3319
3321
3321
3321
3325
3325
3334
3335
3341
3341
3349
3353
3356
3358
3359
3362
3367
3372
3377
3379
3380
3381
3385
3387
3388
3394
3398
3400
3403
3403
3404
3405
3410
3412
3413
3413
3414
3422
3428
3429
3430
3430
3431
3433
3438
3441
3450
3452
3459
3461
3462
3462
3465
3474
3475
3475
3477
3483
3496
3497
3505
3508
3512
3513
3524
3527
3528
3540
3542
3543
3543
3543
3543
3545
3549
3549
3551
3552
3554
3556
3558
3560
3561
3564
3567
3577
3580
3581
3582
3585
3588
3589
3593
3593
3601
3603
3607
3615
3617
3619
3626
3628
3631
3643
3643
3644
3646
3647
3647
3650
3651
3655
3657
3659
3665
3672
3673
3673
3674
3677
3682
3685
3694
3700
3702
3704
3704
3706
3706
3712
3715
3717
3718
3718
3720
3721
3723
3725
3730
3732
3742
3743
3748
3752
3752
3753
3753
3756
3758
3762
3764
3771
3773
3774
3779
3780
3785
3793
3807
3808
3809
3809
3810
3812
3813
3814
3816
3818
3819
3820
3827
3828
3828
3834
3834
3835
3835
3837
3839
3839
3840
3845
3849
3849
3854
3857
3860
3861
3862
3869
3871
3880
3888
3892
3911
3916
3917
3918
3918
3924
3924
3925
3928
3938
3941
3943
3948
3949
3951
3954
3959
3961
3970
3971
3978
3979
3980
3981
3985
3987
3989
3991
3991
3998
3999
4002
4005
4007
4008
4011
4014
4014
4014
4030
4032
4032
4041
4050
4054
4058
4059
4059
4060
4065
4067
4069
4079
4082
4090
4097
4101
4104
4106
4107
4111
4112
4117
4120
4125
4127
4134
4137
4138
4140
4150
4150
4152
4154
4156
4158
4159
4162
4166
4170
4173
4173
4176
4176
4177
4180
4181
4182
4188
4193
4195
4198
4200
4204
4210
4210
4210
4214
4214
4215
4216
4216
4218
4218
4219
4220
4221
4225
4227
4234
4237
4240
4242
4245
4247
4253
4253
4263
4263
4269
4275
4290
4299
4302
4303
4310
4312
4313
4316
4322
4323
4325
4326
4333
4333
4334
4340
4343
4346
4347
4347
4355
4366
4369
4371
4371
4375
4381
4382
4384
4384
4393
4394
4396
4397
4398
4401
4405
4409
4410
4413
4417
4425
4430
4430
4435
4436
4439
4440
4444
4453
4455
4456
4457
4458
4461
4471
4489
4492
4500
4502
4509
4511
4512
4514
4515
4517
4517
4520
4522
4523
4523
4526
4529
4530
4532
4533
4536
4536
4540
4541
4544
4546
4549
4549
4557
4561
4562
4566
4571
4577
4583
4586
4587
4590
4592
4597
4601
4601
4602
4603
4612
4613
4616
4622
4622
4629
4631
4639
4639
4641
4641
4641
4648
4653
4655
4655
4658
4662
4662
4668
4669
4669
4674
4675
4679
4681
4685
4688
4689
4690
4701
4702
4710
4716
4719
4724
4728
4729
4730
4730
4730
4734
4736
4736
4737
4738
4741
4748
4751
4754
4766
4768
4769
4769
4773
4775
4778
4778
4778
4781
4782
4791
4797
4813
4824
4829
4835
4835
4838
4844
4848
4851
4854
4857
4857
4864
4865
4875
4877
4881
4884
4886
4888
4894
4894
4897
4898
4898
4901
4902
4903
4903
4910
4910
4913
4913
4914
4915
4916
4922
4930
4934
4936
4939
4940
4944
4944
4944
4945
4951
4952
4952
4955
4962
4965
4977
4979
4993
4994
4995
4995
4998
4998
4999
5001
5002
5004
5017
5019
5023
5029
5029
5032
5040
5044
5047
5049
5052
5054
5055
5065
5071
5072
5076
5082
5083
5083
5088
5091
5092
5097
5099
5101
5104
5109
5113
5117
5119
5122
5125
5126
5128
5131
5133
5136
5137
5139
5143
5148
5155
5167
5173
5177
5179
5179
5182
5185
5191
5197
5199
5200
5203
5211
5215
5216
5217
5218
5220
5238
5244
5269
5270
5271
5277
5280
5286
5291
5293
5294
5303
5307
5312
5312
5319
5319
5325
5331
5337
5340
5340
5342
5343
5345
5351
5352
5352
5352
5358
5362
5363
5365
5366
5366
5367
5382
5383
5384
5385
5389
5389
5392
5394
5394
5395
5401
5412
5412
5416
5417
5419
5421
5425
5431
5435
5439
5439
5440
5441
5445
5448
5450
5451
5452
5458
5459
5460
5462
5466
5471
5473
5475
5475
5479
5480
5481
5481
5482
5483
5485
5488
5488
5493
5495
5501
5501
5506
5508
5511
5520
5527
5527
5530
5534
5538
5538
5540
5542
5546
5547
5549
5551
5553
5559
5562
5566
5567
5568
5569
5569
5575
5577
5578
5588
5591
5592
5592
5594
5594
5595
5602
5604
5605
5607
5608
5611
5617
5624
5626
5632
5632
5636
5640
5641
5645
5648
5651
5652
5656
5657
5658
5659
5660
5660
5661
5662
5662
5664
5666
5667
5667
5674
5675
5676
5677
5687
5689
5698
5698
5700
5700
5702
5712
5714
5715
5715
5716
5717
5718
5728
5740
5742
5743
5743
5746
5749
5749
5752
5753
5754
5755
5761
5766
5767
5773
5779
5782
5785
5792
5804
5806
5806
5806
5808
5808
5810
5813
5813
5823
5826
5826
5830
5832
5834
5839
5841
5844
5846
5848
5850
5850
5858
5861
5862
5869
5875
5883
5884
5895
5897
5899
5903
5904
5906
5910
5910
5914
5914
5922
5925
5925
5926
5926
5927
5929
5931
5931
5932
5932
5939
5940
5942
5946
5947
5947
5950
5953
5959
5959
5960
5962
5963
5965
5966
5970
5974
5979
5982
5982
5989
5989
5992
5996
5998
6000
6005
6008
6008
6013
6016
6018
6021
6028
6029
6033
6034
6034
6038
6041
6043
6046
6046
6047
6047
6049
6049
6064
6064
6067
6068
6069
6073
6079
6080
6081
6082
6084
6085
6088
6088
6089
6095
6103
6104
6106
6106
6106
6107
6108
6109
6110
6110
6115
6119
6120
6124
6124
6126
6127
6136
6139
6142
6145
6150
6154
6155
6155
6156
6159
6172
6182
6184
6187
6192
6194
6198
6199
6200
6202
6203
6207
6209
6210
6219
6221
6226
6227
6230
6233
6234
6235
6240
6252
6254
6258
6259
6263
6265
6265
6268
6271
6271
6274
6274
6275
6277
6278
6279
6284
6284
6288
6294
6296
6296
6300
6303
6303
6307
6307
6311
6312
6321
6327
6328
6330
6330
6330
6337
6339
6340
6341
6347
6349
6362
6362
6363
6366
6368
6371
6374
6378
6381
6390
6401
6403
6410
6411
6412
6415
6416
6418
6424
6424
6430
6431
6431
6431
6432
6434
6446
6448
6451
6454
6460
6470
6472
6473
6473
6484
6485
6485
6487
6489
6492
6494
6499
6501
6511
6514
6522
6526
6527
6530
6531
6532
6533
6535
6536
6537
6547
6549
6549
6554
6559
6561
6562
6568
6569
6573
6575
6577
6585
6586
6587
6587
6590
6598
6603
6605
6609
6609
6614
6614
6623
6625
6630
6634
6636
6638
6645
6645
6649
6649
6652
6654
6659
6662
6662
6667
6669
6670
6675
6679
6683
6686
6688
6688
6689
6691
6692
6693
6693
6694
6695
6703
6707
6708
6711
6711
6714
6717
6722
6723
6726
6728
6729
6731
6732
6733
6745
6746
6752
6752
6753
6755
6756
6771
6774
6776
6777
6781
6783
6784
6788
6794
6796
6802
6807
6810
6811
6815
6817
6817
6819
6822
6823
6828
6832
6833
6834
6837
6838
6843
6843
6850
6851
6856
6860
6866
6867
6867
6869
6871
6871
6874
6886
6890
6891
6891
6893
6894
6896
6899
6908
6913
6923
6925
6931
6933
6935
6936
6937
6937
6938
6940
6941
6942
6942
6943
6945
6947
6947
6950
6950
6951
6952
6957
6958
6958
6959
6959
6960
6960
6964
6966
6966
6967
6972
6973
6979
6980
6983
6985
6998
7000
7000
7000
7000
7001
7007
7007
7010
7024
7027
7028
7034
7039
7042
7050
7050
7057
7059
7059
7064
7066
7070
7072
7073
7075
7079
7087
7088
7089
7090
7097
7103
7103
7104
7106
7107
7108
7110
7110
7110
7111
7111
7114
7127
7129
7131
7132
7134
7138
7141
7142
7142
7143
7144
7150
7151
7154
7155
7155
7163
7163
7166
7168
7171
7172
7174
7176
7177
7177
7179
7179
7179
7180
7180
7182
7185
7192
7193
7199
7199
7201
7201
7202
7208
7208
7212
7214
7215
7222
7228
7228
7229
7232
7235
7237
7241
7244
7245
7245
7245
7247
7249
7252
7255
7255
7270
7282
7283
7288
7291
7293
7296
7302
7304
7309
7311
7314
7318
7320
7321
7328
7331
7335
7344
7347
7349
7350
7360
7363
7363
7364
7370
7370
7371
7372
7373
7376
7377
7379
7385
7386
7389
7390
7392
7393
7398
7401
7405
7409
7411
7413
7413
7416
7417
7418
7421
7427
7431
7431
7433
7437
7439
7440
7440
7441
7446
7448
7449
7453
7460
7460
7466
7469
7473
7475
7487
7487
7493
7495
7496
7499
7503
7513
7522
7536
7536
7538
7539
7544
7549
7554
7554
7557
7560
7561
7561
7561
7564
7568
7573
7580
7581
7584
7585
7593
7607
7611
7616
7620
7621
7623
7625
7626
7628
7629
7635
7636
7638
7642
7647
7651
7660
7661
7664
7666
7666
7671
7674
7676
7680
7680
7685
7692
7692
7698
7699
7699
7700
7705
7706
7712
7714
7715
7717
7719
7720
7720
7721
7723
7725
7727
7729
7731
7731
7734
7734
7738
7745
7752
7754
7755
7761
7761
7770
7773
7774
7776
7777
7789
7793
7794
7797
7802
7810
7814
7814
7818
7824
7825
7830
7831
7835
7836
7838
7843
7843
7846
7847
7847
7859
7859
7859
7860
7861
7864
7868
7869
7882
7883
7886
7887
7889
7891
7898
7898
7899
7900
7905
7907
7908
7911
7913
7917
7918
7919
7921
7927
7933
7937
7940
7942
7948
7954
7957
7958
7958
7959
7966
7968
7971
7973
7975
7979
7980
7982
7988
7988
7990
7991
7991
7997
8001
8001
8005
8006
8007
8011
8012
8012
8018
8018
8020
8021
8025
8026
8027
8028
8041
8042
8043
8044
8045
8047
8054
8054
8064
8071
8078
8080
8083
8084
8088
8090
8100
8105
8108
8109
8110
8119
8124
8129
8136
8136
8137
8138
8138
8139
8139
8142
8144
8145
8152
8154
8155
8157
8169
8171
8189
8192
8201
8201
8207
8209
8211
8212
8218
8219
8224
8225
8229
8234
8234
8235
8239
8243
8244
8248
8249
8257
8257
8261
8262
8262
8263
8267
8277
8283
8285
8287
8288
8296
8299
8299
8299
8299
8299
8302
8304
8305
8305
8305
8306
8313
8319
8320
8322
8325
8327
8330
8331
8331
8334
8334
8335
8336
8336
8341
8345
8346
8347
8354
8354
8355
8355
8356
8357
8361
8361
8361
8363
8364
8367
8368
8370
8370
8370
8371
8379
8385
8386
8387
8390
8390
8392
8398
8405
8408
8413
8415
8417
8419
8422
8426
8426
8428
8428
8429
8432
8435
8435
8436
8440
8441
8443
8446
8446
8446
8449
8459
8460
8463
8466
8468
8468
8478
8479
8484
8487
8490
8500
8500
8503
8505
8505
8506
8507
8509
8512
8515
8518
8524
8533
8537
8538
8539
8543
8546
8547
8547
8551
8553
8554
8554
8555
8561
8561
8562
8563
8569
8570
8572
8574
8579
8580
8589
8592
8592
8594
8595
8598
8603
8604
8604
8606
8610
8615
8624
8625
8625
8633
8647
8647
8653
8654
8655
8657
8659
8662
8666
8671
8677
8677
8679
8687
8694
8700
8704
8704
8707
8707
8711
8712
8716
8718
8726
8727
8729
8733
8735
8735
8736
8739
8744
8744
8751
8752
8756
8757
8757
8758
8762
8773
8780
8780
8787
8789
8791
8798
8799
8801
8804
8806
8807
8809
8812
8815
8817
8818
8820
8822
8824
8831
8837
8838
8845
8848
8851
8854
8857
8857
8858
8859
8862
8864
8868
8869
8870
8871
8872
8874
8881
8881
8888
8890
8892
8895
8897
8900
8904
8905
8906
8917
8918
8920
8922
8925
8929
8931
8934
8936
8936
8937
8939
8945
8946
8953
8957
8957
8960
8964
8970
8972
8975
8978
8980
8982
8990
8990
8994
8999
8999
9000
9002
9004
9004
9005
9005
9007
9010
9011
9011
9014
9015
9017
9019
9023
9030
9036
9041
9044
9044
9047
9047
9047
9049
9050
9051
9051
9054
9058
9058
9062
9063
9064
9069
9069
9069
9071
9074
9078
9078
9080
9082
9082
9083
9092
9094
9096
9100
9101
9109
9113
9115
9119
9119
9120
9122
9126
9128
9130
9132
9133
9137
9143
9145
9150
9153
9153
9157
9157
9158
9158
9159
9159
9159
9161
9163
9171
9181
9182
9191
9194
9195
9196
9197
9197
9197
9198
9201
9206
9206
9206
9208
9210
9210
9212
9214
9217
9226
9228
9232
9234
9240
9242
9243
9248
9256
9256
9257
9258
9258
9259
9262
9265
9277
9280
9282
9282
9283
9283
9283
9285
9291
9296
9297
9315
9316
9317
9325
9325
9327
9331
9333
9337
9345
9349
9349
9349
9354
9354
9365
9367
9369
9370
9370
9373
9375
9377
9379
9382
9385
9391
9395
9405
9405
9414
9415
9416
9419
9419
9433
9436
9438
9442
9444
9445
9446
9446
9447
9453
9455
9462
9462
9465
9466
9467
9468
9468
9471
9474
9476
9477
9478
9479
9488
9492
9493
9495
9497
9498
9502
9511
9514
9516
9523
9530
9530
9536
9538
9543
9544
9547
9551
9555
9556
9557
9561
9562
9565
9566
9570
9573
9575
9579
9586
9588
9588
9590
9592
9592
9596
9596
9599
9599
9600
9602
9610
9612
9616
9618
9619
9619
9621
9622
9623
9626
9629
9630
9631
9632
9632
9635
9639
9640
9650
9650
9651
9655
9655
9660
9660
9662
9665
9665
9665
9665
9667
9669
9671
9677
9678
9679
9684
9685
9689
9697
9701
9702
9703
9704
9704
9707
9715
9716
9721
9725
9737
9741
9742
9748
9750
9751
9751
9754
9755
9757
9760
9760
9761
9762
9762
9766
9777
9781
9783
9785
9785
9786
9786
9795
9796
9798
9805
9807
9811
9814
9819
9821
9825
9826
9827
9838
9840
9840
9843
9843
9849
9850
9853
9853
9862
9862
9868
9874
9878
9878
9888
9889
9890
9894
9897
9898
9905
9907
9907
9909
9911
9915
9918
9918
9919
9921
9922
9936
9942
9947
9949
9951
9965
9969
9970
9976
9977
9977
9980
9981
9982
9987
9990
9991
9993
10011
10015
10015
10015
10018
10018
10019
10019
10019
10022
10023
10023
10024
10028
10029
10039
10040
10041
10043
10046
10048
10059
10067
10071
10073
10073
10080
10081
10083
10090
10093
10097
10102
10105
10106
10107
10109
10109
10110
10114
10115
10115
10115
10116
10118
10121
10124
10128
10131
10135
10136
10136
10142
10142
10142
10144
10146
10150
10154
10154
10155
10159
10161
10163
10163
10164
10166
10170
10170
10171
10172
10172
10174
10175
10178
10182
10183
10186
10186
10187
10189
10190
10191
10191
10195
10204
10207
10208
10209
10216
10219
10219
10225
10227
10228
10229
10229
10233
10243
10244
10250
10251
10256
10257
10257
10275
10282
10286
10290
10291
10300
10301
10303
10313
10316
10321
10324
10326
10328
10329
10329
10332
10333
10335
10335
10336
10338
10338
10345
10349
10352
10353
10353
10356
10356
10371
10373
10374
10386
10389
10394
10395
10395
10399
10411
10415
10415
10416
10419
10422
10423
10429
10431
10435
10436
10443
10446
10447
10448
10448
10450
10457
10467
10468
10472
10473
10478
10478
10479
10479
10479
10484
10485
10486
10489
10491
10497
10498
10500
10506
10506
10509
10514
10517
10526
10526
10535
10536
10536
10537
10538
10539
10540
10542
10542
10546
10548
10555
10555
10557
10561
10563
10566
10570
10570
10573
10574
10579
10581
10581
10594
10595
10596
10602
10608
10611
10622
10628
10631
10632
10633
10639
10642
10645
10645
10646
10651
10658
10660
10661
10665
10671
10675
10676
10681
10686
10687
10688
10690
10693
10699
10705
10707
10707
10708
10708
10708
10709
10709
10712
10719
10720
10722
10725
10725
10728
10738
10739
10741
10743
10743
10744
10746
10747
10747
10749
10751
10755
10761
10763
10768
10772
10772
10776
10779
10779
10782
10785
10789
10792
10795
10795
10798
10798
10799
10799
10800
10803
10805
10808
10808
10808
10809
10820
10821
10825
10828
10830
10831
10832
10836
10847
10847
10847
10847
10855
10858
10859
10862
10864
10870
10877
10881
10883
10883
10885
10889
10892
10895
10901
10904
10904
10906
10906
10907
10912
10916
10923
10929
10930
10933
10935
10937
10938
10939
10940
10942
10942
10943
10944
10946
10949
10951
10952
10952
10952
10953
10954
10957
10967
10968
10971
10971
10985
10987
10990
10991
10993
10993
10995
11000
11000
11000
11003
11005
11016
11017
11019
11025
11025
11027
11029
11029
11030
11032
11037
11044
11049
11051
11053
11054
11055
11057
11058
11059
11059
11059
11059
11068
11071
11071
11072
11073
11078
11078
11082
11089
11094
11095
11095
11095
11096
11100
11100
11103
11106
11111
11113
11118
11118
11120
11122
11125
11126
11126
11127
11129
11130
11131
11132
11133
11136
11140
11142
11143
11143
11144
11156
11159
11165
11168
11169
11172
11177
11182
11183
11183
11186
11189
11191
11193
11201
11201
11202
11203
11208
11214
11220
11227
11228
11234
11240
11246
11247
11248
11248
11250
11251
11256
11258
11260
11261
11262
11263
11268
11270
11272
11273
11273
11278
11282
11284
11288
11289
11292
11296
11301
11303
11313
11315
11315
11316
11316
11318
11322
11323
11325
11326
11330
11331
11332
11337
11338
11338
11340
11343
11345
11363
11364
11365
11367
11368
11371
11372
11379
11384
11387
11388
11390
11392
11393
11397
11405
11408
11409
11413
11414
11417
11421
11422
11425
11432
11434
11436
11437
11440
11443
11446
11448
11450
11452
11454
11456
11458
11458
11463
11467
11467
11470
11472
11473
11476
11477
11483
11487
11488
11489
11489
11491
11491
11492
11496
11502
11506
11506
11508
11508
11516
11517
11518
11520
11521
11522
11524
11524
11525
11527
11528
11534
11538
11539
11540
11541
11545
11545
11547
11549
11550
11551
11554
11557
11558
11567
11570
11570
11570
11574
11579
11581
11581
11588
11595
11596
11597
11598
11598
11600
11600
11604
11606
11607
11616
11616
11620
11622
11628
11630
11633
11638
11640
11642
11645
11649
11650
11651
11651
11656
11669
11673
11673
11673
11673
11682
11683
11686
11687
11689
11706
11706
11707
11714
11715
11715
11720
11720
11721
11729
11730
11733
11733
11735
11741
11746
11750
11750
11751
11752
11754
11755
11757
11760
11760
11761
11772
11773
11774
11774
11776
11777
11788
11792
11796
11803
11805
11813
11819
11821
11824
11826
11827
11828
11829
11836
11844
11844
11850
11851
11854
11856
11865
11868
11869
11870
11870
11880
11882
11888
11888
11889
11891
11892
11893
11893
11894
11901
11906
11912
11912
11912
11915
11915
11918
11919
11923
11924
11925
11929
11931
11934
11939
11944
11947
11948
11949
11954
11958
11958
11961
11963
11970
11972
11976
11981
11983
11986
11987
11990
11995
11996
11996
11999
12006
12007
12010
12014
12016
12016
12021
12026
12027
12032
12036
12042
12042
12050
12052
12056
12058
12061
12066
12068
12068
12073
12083
12084
12086
12088
12089
12090
12103
12110
12114
12118
12129
12137
12141
12142
12142
12144
12146
12147
12149
12154
12154
12158
12159
12163
12163
12168
12170
12173
12174
12179
12180
12185
12186
12189
12192
12193
12193
12197
12199
12204
12211
12211
12212
12215
12215
12216
12216
12224
12230
12231
12236
12238
12238
12240
12244
12246
12249
12251
12252
12254
12254
12255
12258
12264
12274
12275
12275
12277
12283
12284
12287
12289
12297
12300
12301
12304
12306
12307
12308
12311
12319
12320
12322
12325
12326
12327
12330
12330
12334
12337
12342
12348
12355
12360
12363
12365
12368
12368
12371
12375
12376
12378
12379
12379
12382
12385
12386
12387
12389
12390
12396
12397
12397
12403
12405
12406
12407
12409
12411
12413
12414
12415
12422
12427
12430
12432
12435
12438
12442
12442
12456
12462
12464
12467
12474
12476
12479
12484
12484
12493
12496
12501
12501
12501
12502
12504
12515
12515
12519
12520
12523
12527
12531
12536
12540
12544
12544
12547
12547
12550
12554
12560
12565
12570
12577
12580
12581
12586
12591
12594
12599
12616
12625
12625
12627
12630
12631
12632
12638
12640
12644
12644
12644
12645
12647
12649
12653
12657
12660
12665
12666
12666
12669
12669
12671
12671
12674
12674
12681
12686
12687
12687
12691
12698
12703
12710
12720
12732
12736
12738
12743
12745
12750
12756
12756
12758
12760
12761
12763
12765
12773
12781
12784
12785
12787
12788
12793
12798
12800
12804
12805
12805
12806
12819
12824
12826
12836
12842
12849
12849
12851
12851
12854
12855
12859
12862
12863
12864
12865
12865
12869
12870
12874
12874
12875
12877
12882
12885
12891
12891
12896
12897
12898
12911
12918
12923
12927
12932
12937
12938
12941
12942
12948
12951
12953
12960
12962
12970
12970
12970
12971
12976
12977
12980
12983
12983
12985
12985
12987
12987
12989
12989
12991
12993
12997
13002
13004
13008
13013
13015
13015
13016
13017
13020
13025
13032
13035
13037
13040
13043
13050
13056
13056
13060
13061
13063
13068
13070
13074
13075
13076
13076
13078
13079
13099
13102
13105
13107
13107
13109
13110
13115
13115
13138
13139
13142
13143
13158
13161
13165
13167
13169
13173
13173
13174
13175
13179
13179
13184
13184
13187
13191
13192
13196
13197
13198
13201
13204
13205
13206
13208
13210
13211
13214
13215
13216
13218
13221
13223
13228
13228
13228
13229
13231
13232
13233
13237
13238
13239
13240
13240
13242
13250
13252
13253
13255
13259
13264
13265
13266
13272
13277
13277
13277
13278
13284
13285
13296
13299
13305
13308
13310
13311
13315
13318
13326
13333
13334
13341
13346
13348
13351
13352
13362
13364
13364
13365
13365
13367
13367
13368
13376
13376
13378
13379
13379
13392
13393
13396
13401
13403
13408
13410
13410
13411
13412
13413
13416
13421
13421
13427
13427
13432
13435
13436
13448
13455
13457
13458
13459
13460
13461
13470
13471
13472
13475
13476
13478
13480
13481
13483
13483
13486
13487
13488
13496
13499
13501
13511
13512
13514
13515
13523
13527
13529
13529
13532
13534
13537
13538
13544
13544
13551
13553
13558
13562
13563
13564
13565
13565
13566
13571
13574
13576
13576
13583
13585
13586
13588
13610
13616
13620
13623
13629
13634
13635
13636
13637
13641
13643
13644
13649
13655
13663
13674
13674
13674
13680
13681
13681
13686
13688
13691
13693
13693
13695
13696
13698
13706
13707
13713
13714
13714
13714
13720
13724
13725
13733
13736
13736
13736
13738
13744
13748
13749
13749
13752
13754
13755
13757
13759
13761
13764
13775
13780
13780
13785
13788
13797
13803
13805
13807
13808
13809
13815
13823
13830
13832
13836
13848
13855
13862
13868
13878
13879
13880
13883
13885
13886
13887
13891
13892
13892
13894
13897
13898
13909
13911
13913
13914
13918
13924
13925
13925
13929
13931
13937
13942
13943
13948
13950
13957
13967
13969
13971
13975
13984
13987
13995
13999
14000
14002
14007
14008
14008
14013
14013
14015
14021
14023
14027
14028
14029
14033
14034
14036
14044
14051
14055
14056
14063
14066
14067
14070
14071
14071
14072
14072
14072
14075
14077
14082
14084
14087
14088
14092
14095
14098
14100
14101
14108
14109
14111
14112
14113
14114
14124
14126
14128
14129
14129
14134
14137
14140
14146
14148
14150
14155
14157
14160
14161
14161
14162
14163
14173
14175
14182
14190
14198
14203
14205
14213
14214
14215
14216
14221
14224
14225
14227
14231
14234
14240
14243
14247
14252
14253
14254
14256
14259
14260
14265
14266
14267
14273
14274
14274
14276
14278
14284
14288
14292
14292
14293
14301
14305
14309
14310
14310
14320
14328
14329
14331
14332
14332
14336
14336
14336
14337
14338
14340
14340
14341
14342
14352
14354
14358
14360
14365
14365
14366
14369
14379
14380
14381
14381
14387
14387
14391
14395
14398
14401
14403
14403
14405
14409
14411
14411
14411
14415
14424
14426
14428
14437
14438
14441
14441
14442
14448
14452
14456
14459
14461
14463
14464
14464
14465
14468
14470
14472
14472
14477
14479
14488
14490
14492
14494
14495
14498
14506
14512
14514
14514
14515
14516
14519
14520
14523
14526
14534
14535
14539
14542
14548
14550
14557
14563
14565
14568
14574
14575
14582
14587
14591
14595
14596
14598
14598
14598
14600
14602
14602
14606
14610
14611
14618
14618
14620
14622
14637
14645
14647
14652
14657
14660
14661
14662
14665
14668
14669
14673
14675
14676
14679
14681
14683
14688
14691
14692
14698
14705
14707
14713
14714
14715
14716
14717
14720
14720
14721
14721
14726
14730
14731
14733
14734
14735
14735
14736
14739
14742
14742
14742
14743
14744
14746
14750
14753
14753
14753
14754
14761
14767
14772
14776
14778
14779
14779
14781
14782
14786
14786
14790
14795
14799
14804
14808
14808
14813
14815
14815
14816
14821
14825
14826
14828
14836
14838
14842
14845
14849
14850
14851
14857
14863
14875
14880
14893
14893
14902
14905
14906
14911
14911
14913
14921
14922
14922
14928
14928
14930
14939
14942
14943
14943
14947
14949
14950
14961
14964
14966
14972
14974
14976
14976
14981
14982
14985
14990
14993
14995
14996
15001
15002
15003
15006
15007
15011
15014
15023
15026
15028
15031
15034
15035
15039
15040
15043
15043
15043
15054
15059
15060
15063
15064
15067
15071
15071
15074
15085
15090
15098
15101
15102
15104
15111
15114
15119
15121
15121
15123
15124
15125
15125
15126
15127
15129
15130
15131
15136
15138
15140
15144
15144
15145
15147
15148
15149
15154
15154
15161
15166
15167
15169
15172
15173
15176
15182
15183
15184
15184
15187
15191
15198
15200
15201
15201
15209
15214
15215
15216
15223
15223
15230
15231
15231
15233
15244
15246
15251
15256
15262
15262
15265
15269
15269
15272
15281
15282
15285
15286
15297
15298
15299
15302
15305
15307
15308
15314
15314
15314
15316
15319
15322
15327
15328
15331
15331
15335
15337
15338
15339
15340
15344
15346
15347
15348
15357
15358
15359
15360
15365
15368
15375
15380
15385
15385
15390
15390
15410
15411
15413
15415
15416
15418
15420
15420
15421
15424
15425
15427
15428
15431
15431
15432
15434
15437
15440
15447
15447
15447
15451
15453
15453
15459
15467
15476
15477
15479
15481
15486
15487
15490
15491
15494
15498
15501
15510
15510
15512
15512
15512
15515
15517
15521
15529
15535
15538
15539
15539
15539
15549
15551
15551
15552
15554
15554
15562
15563
15569
15586
15587
15590
15593
15599
15602
15603
15606
15609
15612
15623
15627
15628
15632
15636
15637
15638
15639
15639
15640
15647
15648
15651
15654
15656
15667
15669
15672
15673
15675
15680
15681
15682
15686
15693
15702
15703
15704
15706
15709
15710
15715
15717
15718
15718
15719
15725
15725
15729
15729
15730
15732
15732
15732
15734
15734
15741
15741
15742
15744
15744
15747
15750
15753
15756
15759
15761
15767
15770
15773
15776
15781
15783
15785
15791
15792
15797
15797
15798
15802
15805
15810
15817
15825
15829
15831
15835
15835
15835
15837
15843
15844
15848
15850
15851
15853
15866
15868
15871
15876
15878
15879
15886
15886
15890
15900
15907
15908
15920
15920
15924
15927
15929
15932
15933
15934
15944
15945
15950
15951
15953
15964
15964
15971
15972
15979
15983
15984
15987
15993
15997
15998
15999
16011
16014
16016
16017
16025
16028
16032
16035
16037
16045
16046
16046
16054
16054
16058
16070
16072
16075
16076
16077
16077
16080
16082
16082
16083
16086
16094
16098
16099
16103
16104
16105
16106
16108
16108
16113
16119
16125
16126
16126
16127
16135
16136
16138
16140
16140
16142
16145
16145
16145
16150
16151
16153
16155
16161
16162
16166
16166
16169
16170
16172
16172
16172
16172
16173
16173
16173
16174
16176
16180
16180
16184
16184
16185
16198
16200
16210
16210
16212
16214
16214
16214
16214
16221
16224
16225
16225
16227
16229
16230
16233
16235
16235
16243
16245
16245
16246
16253
16256
16270
16270
16271
16274
16279
16280
16282
16285
16286
16290
16296
16296
16299
16301
16301
16303
16307
16308
16308
16308
16311
16313
16322
16322
16325
16326
16326
16328
16328
16332
16347
16349
16356
16359
16364
16367
16368
16372
16373
16377
16378
16380
16385
16387
16391
16393
16399
16400
16400
16401
16403
16409
16413
16414
16416
16420
16420
16424
16427
16428
16430
16433
16434
16443
16449
16452
16452
16455
16457
16457
16465
16472
16475
16476
16476
16477
16478
16483
16485
16485
16486
16491
16507
16508
16511
16512
16513
16516
16517
16522
16523
16523
16523
16527
16529
16537
16537
16546
16546
16547
16552
16553
16553
16554
16560
16561
16562
16576
16578
16582
16584
16584
16587
16588
16589
16593
16596
16598
16606
16611
16620
16620
16621
16622
16624
16625
16625
16626
16639
16640
16643
16643
16643
16649
16655
16657
16659
16669
16672
16686
16687
16687
16690
16697
16699
16701
16713
16714
16714
16715
16717
16719
16724
16725
16727
16728
16730
16732
16735
16735
16738
16739
16742
16742
16743
16754
16763
16766
16770
16771
16775
16777
16779
16779
16785
16786
16787
16788
16792
16796
16797
16800
16802
16812
16814
16815
16817
16817
16819
16819
16819
16825
16827
16827
16827
16829
16832
16833
16842
16843
16845
16847
16849
16850
16853
16857
16863
16871
16874
16876
16879
16884
16888
16890
16892
16893
16896
16899
16904
16907
16909
16912
16913
16915
16917
16928
16929
16930
16932
16937
16940
16944
16947
16953
16959
16965
16966
16966
16969
16972
16972
16973
16974
16987
16993
16995
16995
17003
17007
17007
17008
17011
17012
17014
17018
17022
17023
17028
17029
17031
17033
17035
17040
17042
17044
17047
17048
17052
17054
17066
17067
17069
17071
17073
17074
17081
17083
17094
17098
17110
17111
17113
17114
17116
17117
17123
17124
17125
17127
17127
17135
17136
17139
17144
17144
17145
17146
17153
17155
17161
17162
17167
17168
17169
17171
17171
17177
17186
17186
17188
17188
17197
17200
17201
17202
17203
17205
17208
17211
17216
17217
17217
17219
17221
17230
17236
17237
17240
17242
17243
17245
17245
17249
17251
17251
17254
17273
17276
17278
17281
17281
17284
17292
17295
17297
17300
17305
17308
17311
17311
17313
17315
17319
17321
17328
17330
17331
17331
17338
17340
17341
17344
17348
17349
17350
17352
17352
17358
17363
17368
17376
17378
17379
17380
17385
17386
17392
17394
17397
17397
17397
17400
17401
17406
17406
17408
17412
17414
17414
17417
17422
17424
17424
17426
17426
17427
17434
17440
17444
17450
17451
17460
17463
17466
17467
17474
17478
17479
17481
17482
17482
17482
17485
17486
17486
17489
17494
17497
17500
17501
17502
17507
17510
17512
17512
17513
17523
17524
17529
17530
17536
17541
17551
17553
17556
17560
17565
17570
17572
17573
17577
17579
17581
17584
17587
17587
17590
17591
17596
17596
17597
17608
17611
17611
17614
17616
17616
17618
17622
17623
17626
17630
17635
17638
17639
17639
17643
17644
17646
17650
17653
17666
17668
17676
17684
17685
17695
17710
17710
17712
17719
17721
17723
17726
17726
17730
17734
17735
17736
17737
17740
17741
17744
17744
17746
17749
17752
17755
17758
17762
17765
17773
17774
17777
17781
17786
17786
17800
17804
17809
17813
17816
17818
17825
17828
17828
17831
17831
17832
17834
17835
17837
17841
17854
17859
17861
17862
17863
17865
17872
17875
17877
17877
17886
17887
17895
17898
17898
17901
17901
17903
17903
17906
17907
17915
17916
17917
17921
17926
17931
17932
17944
17945
17946
17951
17952
17955
17956
17957
17958
17959
17965
17973
17974
17976
17977
17978
17980
17983
17984
17987
17990
17991
17993
17994
18009
18010
18012
18013
18015
18019
18020
18021
18022
18023
18027
18030
18031
18031
18035
18039
18042
18046
18059
18061
18068
18072
18079
18084
18088
18092
18098
18108
18108
18112
18125
18127
18137
18137
18141
18142
18144
18145
18146
18148
18152
18152
18152
18154
18156
18159
18161
18161
18163
18164
18166
18169
18169
18172
18174
18174
18179
18179
18181
18182
18183
18184
18185
18189
18190
18200
18201
18208
18209
18210
18216
18222
18224
18238
18244
18248
18249
18250
18250
18251
18251
18253
18254
18255
18255
18263
18267
18268
18270
18275
18280
18287
18291
18294
18295
18298
18299
18300
18302
18305
18310
18311
18314
18315
18320
18325
18330
18330
18331
18338
18339
18339
18346
18347
18349
18355
18359
18365
18367
18367
18375
18378
18380
18383
18384
18387
18388
18388
18388
18389
18389
18392
18392
18399
18399
18400
18402
18411
18414
18415
18417
18418
18419
18419
18436
18439
18440
18447
18449
18450
18454
18458
18461
18462
18463
18463
18467
18469
18472
18476
18477
18482
18482
18487
18490
18491
18493
18503
18505
18505
18508
18509
18511
18517
18518
18522
18527
18529
18532
18532
18534
18536
18547
18552
18553
18556
18560
18564
18565
18565
18570
18573
18586
18587
18587
18591
18592
18596
18597
18599
18602
18606
18608
18609
18615
18618
18621
18627
18628
18630
18630
18631
18632
18633
18635
18637
18638
18641
18647
18650
18654
18658
18663
18666
18667
18672
18673
18675
18679
18679
18680
18680
18682
18685
18686
18686
18689
18689
18691
18692
18694
18695
18700
18703
18707
18713
18713
18715
18726
18728
18731
18733
18736
18741
18742
18746
18756
18759
18763
18764
18767
18767
18767
18774
18779
18783
18784
18788
18791
18796
18802
18805
18805
18806
18809
18810
18810
18814
18814
18824
18825
18834
18837
18840
18842
18843
18843
18844
18855
18856
18857
18866
18866
18874
18874
18877
18882
18882
18883
18883
18884
18885
18886
18898
18901
18902
18903
18904
18906
18906
18907
18908
18908
18908
18912
18914
18915
18921
18921
18921
18924
18926
18929
18934
18935
18936
18940
18940
18945
18946
18946
18953
18955
18956
18957
18957
18961
18964
18966
18968
18969
18975
18981
18981
18986
18989
18992
18992
18998
19000
19001
19004
19009
19020
19022
19023
19024
19027
19028
19029
19030
19030
19031
19033
19035
19039
19043
19044
19044
19045
19047
19047
19049
19050
19051
19055
19058
19063
19064
19068
19070
19072
19072
19074
19075
19082
19088
19089
19096
19098
19100
19105
19105
19106
19107
19114
19115
19118
19118
19127
19130
19135
19137
19140
19144
19145
19146
19150
19151
19153
19153
19159
19161
19161
19170
19170
19175
19176
19176
19182
19186
19198
19204
19204
19206
19208
19208
19208
19218
19219
19224
19225
19235
19236
19236
19237
19238
19239
19239
19245
19250
19250
19251
19255
19256
19259
19260
19263
19265
19266
19274
19275
19290
19291
19292
19292
19300
19300
19300
19302
19307
19314
19318
19327
19330
19332
19333
19339
19342
19343
19351
19352
19353
19354
19358
19361
19366
19366
19369
19373
19375
19378
19380
19386
19388
19393
19394
19397
19402
19405
19405
19422
19422
19424
19430
19434
19439
19441
19441
19452
19455
19458
19459
19464
19470
19475
19477
19482
19482
19482
19490
19490
19492
19495
19496
19497
19500
19507
19514
19515
19516
19521
19526
19527
19529
19531
19531
19531
19536
19540
19544
19548
19553
19562
19569
19572
19577
19584
19588
19589
19590
19590
19591
19594
19600
19610
19614
19621
19635
19643
19646
19649
19649
19651
19652
19658
19659
19663
19664
19665
19666
19675
19676
19678
19678
19685
19685
19688
19693
19696
19701
19706
19706
19708
19708
19712
19714
19715
19717
19721
19721
19721
19724
19725
19726
19729
19737
19740
19745
19750
19751
19752
19754
19755
19761
19763
19768
19769
19769
19770
19771
19771
19781
19787
19796
19799
19806
19808
19809
19811
19816
19818
19818
19818
19820
19821
19827
19827
19830
19844
19850
19850
19850
19852
19855
19858
19859
19861
19861
19868
19870
19871
19877
19879
19883
19888
19900
19901
19902
19910
19912
19914
19915
19917
19919
19920
19926
19927
19927
19931
19938
19943
19943
19948
19951
19968
19968
19978
19979
19980
19981
19981
19983
19987
19989
19989
19991
19994
19996
19996
20001
20001
20003
20023
20025
20028
20031
20034
20038
20041
20042
20047
20053
20054
20059
20060
20066
20072
20079
20083
20083
20084
20084
20085
20098
20102
20104
20106
20109
20117
20117
20119
20121
20126
20126
20127
20131
20134
20134
20136
20137
20139
20142
20145
20147
20150
20154
20158
20162
20164
20166
20171
20175
20176
20176
20180
20181
20182
20182
20186
20188
20197
20200
20200
20212
20213
20216
20218
20219
20220
20220
20224
20226
20226
20228
20233
20238
20238
20239
20242
20244
20245
20251
20254
20256
20257
20262
20262
20263
20272
20274
20279
20280
20280
20287
20291
20293
20293
20295
20295
20300
20301
20304
20305
20308
20312
20313
20314
20319
20322
20322
20328
20332
20333
20335
20338
20339
20339
20340
20343
20345
20347
20347
20348
20350
20352
20355
20359
20362
20364
20367
20372
20382
20392
20392
20392
20394
20408
20414
20419
20419
20423
20432
20434
20447
20447
20452
20454
20455
20456
20456
20457
20458
20460
20461
20464
20479
20480
20483
20483
20483
20483
20484
20484
20486
20490
20493
20496
20497
20502
20515
20515
20516
20517
20518
20520
20523
20524
20525
20528
20529
20530
20544
20547
20556
20556
20557
20562
20563
20570
20570
20572
20572
20595
20596
20603
20605
20606
20609
20612
20612
20621
20624
20626
20630
20631
20633
20638
20642
20646
20646
20651
20651
20655
20657
20661
20665
20672
20673
20680
20687
20688
20689
20690
20696
20700
20704
20706
20709
20715
20726
20728
20729
20730
20730
20731
20733
20734
20739
20744
20745
20747
20752
20760
20760
20761
20761
20761
20762
20762
20768
20769
20770
20772
20776
20777
20778
20782
20785
20791
20800
20803
20805
20807
20812
20814
20818
20819
20822
20827
20829
20830
20832
20837
20840
20842
20842
20842
20845
20846
20847
20857
20859
20862
20865
20865
20866
20868
20874
20881
20884
20888
20889
20895
20901
20918
20926
20927
20927
20930
20931
20932
20932
20947
20954
20957
20958
20959
20966
20966
20970
20971
20974
20975
20979
20981
20984
20986
20988
20993
20995
20995
20995
20997
21001
21002
21003
21004
21004
21005
21007
21010
21013
21018
21025
21032
21033
21033
21034
21036
21039
21050
21051
21051
21051
21052
21053
21057
21065
21068
21069
21074
21080
21081
21083
21086
21090
21091
21099
21102
21102
21103
21108
21110
21121
21123
21125
21126
21128
21131
21136
21137
21138
21139
21140
21141
21141
21144
21149
21151
21152
21153
21156
21158
21166
21168
21169
21173
21181
21184
21196
21197
21199
21200
21202
21204
21205
21209
21209
21210
21214
21217
21221
21228
21229
21230
21231
21232
21233
21237
21240
21242
21243
21245
21248
21254
21258
21259
21259
21267
21270
21274
21274
21275
21275
21277
21282
21282
21283
21283
21284
21284
21285
21286
21291
21294
21295
21299
21300
21301
21303
21303
21307
21316
21321
21324
21325
21328
21331
21335
21337
21345
21347
21348
21349
21350
21352
21358
21358
21368
21368
21373
21376
21379
21385
21387
21391
21391
21392
21396
21397
21401
21405
21405
21408
21408
21412
21422
21425
21426
21433
21437
21440
21441
21445
21447
21447
21454
21456
21457
21458
21459
21459
21462
21463
21464
21475
21475
21476
21477
21477
21481
21483
21484
21490
21495
21497
21502
21504
21508
21509
21510
21512
21514
21515
21520
21522
21523
21523
21523
21524
21528
21532
21534
21538
21539
21545
21559
21560
21567
21571
21577
21594
21598
21598
21599
21599
21607
21614
21621
21621
21626
21627
21629
21630
21632
21649
21657
21666
21672
21679
21680
21682
21687
21692
21693
21693
21698
21701
21701
21703
21704
21706
21707
21719
21725
21729
21730
21732
21734
21736
21740
21740
21743
21744
21745
21750
21750
21757
21762
21763
21764
21775
21777
21786
21787
21796
21797
21802
21803
21805
21813
21814
21815
21816
21820
21824
21824
21825
21826
21829
21829
21830
21831
21832
21839
21839
21842
21849
21851
21853
21856
21857
21864
21865
21865
21867
21867
21870
21870
21876
21881
21882
21884
21886
21887
21891
21895
21902
21903
21904
21912
21917
21917
21918
21921
21923
21924
21926
21926
21927
21931
21936
21940
21944
21946
21952
21953
21953
21956
21958
21959
21965
21965
21968
21973
21976
21978
21979
21982
21983
21985
21985
21991
22001
22001
22004
22004
22005
22008
22008
22021
22023
22025
22026
22035
22046
22046
22046
22055
22056
22060
22061
22063
22065
22067
22070
22072
22072
22079
22082
22082
22084
22084
22087
22088
22088
22091
22097
22114
22116
22117
22119
22124
22125
22125
22126
22126
22129
22133
22133
22135
22138
22140
22141
22141
22154
22154
22155
22158
22166
22168
22172
22173
22177
22178
22180
22189
22190
22191
22205
22217
22217
22227
22230
22232
22238
22239
22240
22240
22242
22242
22244
22248
22250
22251
22252
22263
22266
22270
22274
22278
22280
22282
22282
22283
22283
22288
22290
22292
22293
22294
22300
22310
22313
22314
22315
22317
22318
22318
22324
22331
22334
22338
22340
22340
22341
22341
22342
22347
22359
22361
22364
22367
22369
22371
22372
22373
22378
22378
22380
22386
22387
22390
22390
22392
22396
22401
22402
22403
22404
22407
22408
22416
22422
22425
22427
22430
22432
22432
22434
22438
22440
22445
22446
22451
22451
22451
22453
22453
22459
22462
22462
22464
22466
22467
22468
22468
22468
22470
22471
22472
22472
22494
22498
22501
22502
22507
22509
22512
22513
22515
22518
22519
22523
22526
22526
22526
22528
22531
22533
22536
22538
22539
22545
22547
22550
22552
22552
22554
22555
22556
22561
22561
22562
22563
22563
22566
22566
22570
22570
22572
22575
22576
22580
22584
22586
22586
22592
22592
22593
22596
22599
22604
22604
22612
22619
22620
22620
22627
22627
22628
22630
22631
22633
22634
22638
22641
22643
22644
22646
22649
22658
22659
22662
22666
22671
22672
22686
22687
22691
22695
22700
22707
22724
22729
22731
22734
22734
22739
22742
22743
22747
22749
22761
22761
22765
22767
22769
22770
22773
22773
22779
22782
22784
22787
22794
22795
22796
22811
22811
22821
22821
22823
22829
22829
22831
22833
22833
22833
22835
22837
22840
22847
22850
22857
22861
22870
22870
22872
22875
22879
22879
22880
22880
22881
22883
22884
22893
22894
22896
22900
22903
22906
22906
22912
22913
22917
22921
22935
22936
22940
22940
22946
22947
22957
22959
22966
22971
22973
22973
22973
22985
22985
22990
22992
22994
22996
22998
23000
23001
23003
23003
23008
23023
23025
23034
23035
23036
23039
23047
23049
23049
23049
23054
23055
23069
23072
23077
23081
23085
23089
23093
23096
23099
23102
23104
23105
23110
23119
23122
23123
23128
23129
23130
23131
23132
23133
23135
23142
23143
23145
23146
23148
23149
23160
23160
23164
23170
23174
23174
23179
23184
23187
23188
23191
23194
23195
23195
23196
23207
23210
23210
23211
23214
23216
23217
23219
23226
23239
23246
23248
23249
23252
23253
23257
23260
23263
23268
23269
23273
23275
23278
23278
23279
23282
23287
23287
23291
23296
23299
23304
23308
23309
23311
23311
23314
23324
23325
23327
23331
23334
23335
23338
23340
23350
23356
23362
23366
23367
23379
23384
23384
23387
23390
23392
23395
23401
23401
23409
23412
23415
23417
23418
23418
23420
23427
23429
23434
23436
23436
23436
23439
23439
23442
23442
23447
23454
23466
23470
23472
23477
23478
23482
23483
23487
23487
23487
23488
23491
23492
23492
23492
23493
23496
23498
23502
23502
23509
23511
23513
23513
23520
23521
23525
23529
23532
23537
23538
23539
23542
23549
23549
23552
23558
23561
23565
23570
23581
23585
23585
23585
23593
23597
23604
23604
23605
23610
23611
23616
23622
23627
23627
23629
23630
23633
23634
23637
23639
23647
23651
23658
23664
23666
23666
23670
23675
23677
23682
23684
23689
23699
23704
23705
23711
23712
23716
23716
23720
23720
23723
23728
23730
23730
23733
23739
23742
23743
23744
23753
23754
23756
23756
23758
23760
23763
23764
23765
23770
23778
23779
23780
23784
23787
23788
23789
23801
23803
23807
23808
23811
23813
23814
23816
23818
23820
23825
23828
23838
23839
23839
23839
23840
23840
23841
23843
23844
23846
23846
23865
23865
23865
23866
23867
23867
23867
23874
23879
23884
23889
23890
23891
23896
23896
23898
23901
23904
23909
23913
23916
23932
23938
23939
23952
23964
23966
23968
23969
23970
23975
23979
23987
23990
23997
23999
24003
24011
24016
24031
24037
24038
24044
24045
24048
24049
24067
24072
24082
24082
24083
24085
24093
24094
24094
24095
24096
24096
24099
24102
24103
24106
24108
24109
24109
24113
24113
24122
24123
24129
24130
24131
24134
24142
24142
24143
24144
24146
24147
24148
24149
24157
24158
24158
24160
24166
24166
24167
24175
24175
24176
24187
24189
24189
24191
24195
24197
24200
24204
24206
24214
24215
24217
24223
24224
24228
24230
24230
24232
24234
24235
24236
24237
24237
24239
24239
24239
24244
24245
24245
24245
24249
24249
24252
24255
24256
24265
24269
24270
24274
24275
24278
24282
24283
24291
24291
24292
24293
24296
24296
24299
24302
24303
24316
24317
24320
24325
24325
24333
24334
24339
24342
24342
24350
24362
24366
24371
24372
24381
24381
24383
24384
24387
24392
24392
24394
24397
24400
24406
24408
24411
24411
24418
24425
24431
24435
24438
24441
24444
24444
24445
24445
24447
24451
24452
24453
24453
24453
24454
24455
24459
24460
24462
24468
24470
24472
24475
24477
24479
24485
24487
24494
24495
24495
24513
24514
24517
24518
24520
24522
24527
24533
24536
24537
24539
24542
24542
24545
24547
24550
24550
24550
24554
24554
24554
24557
24558
24565
24565
24567
24572
24572
24573
24575
24576
24577
24580
24586
24597
24597
24602
24613
24615
24618
24619
24620
24621
24621
24624
24624
24624
24625
24626
24630
24639
24642
24661
24668
24672
24673
24675
24678
24679
24681
24681
24687
24687
24689
24690
24691
24696
24699
24705
24707
24708
24708
24713
24720
24720
24731
24732
24733
24733
24738
24739
24744
24746
24748
24751
24752
24752
24754
24761
24765
24766
24770
24771
24772
24773
24775
24777
24777
24777
24777
24779
24794
24795
24799
24811
24812
24812
24815
24816
24817
24820
24831
24831
24835
24847
24850
24851
24853
24855
24858
24860
24862
24863
24863
24871
24874
24874
24875
24875
24880
24880
24883
24887
24890
24891
24894
24898
24902
24903
24904
24911
24914
24914
24926
24927
24927
24933
24934
24936
24939
24940
24943
24944
24949
24950
24951
24954
24955
24955
24958
24959
24959
24961
24964
24970
24970
24973
24973
24978
24979
24984
24990
24994
24995
24998
24998
25000
25003
25004
25005
25009
25014
25017
25017
25020
25025
25025
25027
25028
25029
25029
25032
25039
25043
25044
25050
25050
25053
25057
25058
25070
25073
25080
25081
25083
25097
25100
25100
25103
25107
25109
25117
25124
25125
25128
25130
25132
25132
25136
25138
25140
25140
25146
25152
25157
25157
25162
25173
25174
25175
25176
25177
25178
25182
25182
25185
25186
25189
25195
25197
25200
25200
25201
25202
25206
25210
25211
25214
25225
25232
25233
25236
25237
25238
25248
25249
25252
25257
25259
25264
25266
25272
25274
25274
25276
25282
25285
25286
25289
25290
25294
25296
25302
25303
25303
25303
25304
25306
25310
25311
25313
25315
25317
25320
25324
25324
25326
25328
25330
25335
25342
25342
25348
25349
25350
25355
25360
25361
25361
25363
25369
25371
25372
25373
25374
25377
25384
25387
25389
25393
25393
25395
25401
25438
25439
25439
25441
25441
25442
25449
25454
25457
25458
25462
25464
25465
25465
25469
25470
25472
25475
25479
25482
25485
25491
25500
25505
25506
25513
25514
25516
25517
25521
25523
25524
25524
25527
25528
25530
25530
25545
25546
25550
25557
25562
25564
25567
25572
25573
25577
25579
25582
25582
25583
25583
25589
25590
25592
25593
25597
25600
25600
25600
25601
25602
25602
25610
25612
25613
25613
25615
25617
25620
25622
25635
25635
25646
25647
25651
25653
25656
25656
25659
25661
25662
25666
25666
25668
25668
25669
25669
25673
25675
25675
25682
25684
25685
25689
25689
25693
25694
25695
25696
25701
25701
25706
25707
25709
25709
25713
25716
25725
25727
25741
25742
25743
25745
25747
25752
25754
25754
25757
25761
25765
25766
25767
25776
25780
25780
25786
25789
25793
25795
25797
25799
25802
25809
25814
25814
25819
25820
25821
25826
25827
25827
25830
25836
25839
25839
25841
25843
25843
25848
25850
25852
25858
25861
25864
25868
25877
25877
25877
25878
25878
25885
25889
25896
25898
25902
25903
25910
25915
25918
25919
25919
25920
25922
25923
25923
25923
25924
25925
25929
25930
25942
25945
25950
25955
25959
25961
25971
25972
25976
25976
25978
25979
25981
25985
25987
25988
25989
25997
26008
26008
26008
26011
26012
26022
26025
26029
26046
26049
26050
26051
26055
26057
26074
26078
26081
26086
26095
26095
26096
26098
26102
26104
26110
26112
26112
26115
26115
26116
26122
26124
26126
26127
26130
26131
26134
26137
26139
26145
26150
26152
26153
26154
26155
26157
26162
26162
26168
26169
26170
26172
26182
26184
26184
26196
26199
26201
26202
26204
26205
26206
26206
26207
26213
26215
26219
26223
26226
26227
26228
26230
26230
26240
26247
26249
26254
26257
26259
26260
26262
26263
26264
26267
26270
26271
26273
26274
26274
26275
26277
26279
26288
26296
26301
26303
26304
26313
26316
26316
26319
26326
26327
26328
26328
26333
26334
26336
26338
26340
26342
26343
26353
26359
26360
26362
26364
26368
26370
26372
26374
26378
26380
26381
26382
26389
26389
26391
26391
26392
26393
26394
26394
26397
26397
26398
26402
26404
26404
26407
26407
26409
26416
26418
26419
26421
26424
26424
26425
26438
26441
26441
26442
26444
26446
26449
26450
26453
26454
26458
26462
26463
26465
26466
26467
26469
26477
26486
26492
26494
26500
26501
26501
26506
26507
26510
26517
26522
26526
26527
26545
26546
26549
26549
26559
26560
26561
26564
26566
26572
26573
26575
26578
26593
26594
26600
26600
26608
26608
26616
26617
26618
26620
26624
26629
26631
26634
26635
26637
26640
26642
26643
26647
26658
26676
26686
26687
26692
26695
26695
26705
26708
26723
26723
26724
26726
26727
26730
26734
26735
26736
26737
26742
26743
26745
26761
26767
26768
26775
26776
26778
26778
26779
26780
26783
26784
26789
26790
26790
26791
26793
26793
26795
26797
26802
26803
26817
26819
26820
26828
26828
26829
26841
26843
26845
26845
26847
26851
26854
26854
26854
26858
26865
26870
26878
26882
26884
26885
26886
26887
26888
26888
26900
26900
26901
26903
26903
26909
26910
26910
26910
26911
26911
26931
26932
26938
26946
26946
26950
26955
26961
26962
26963
26970
26984
26988
26991
26992
26992
27000
27003
27006
27007
27008
27008
27009
27011
27011
27013
27022
27022
27023
27024
27025
27025
27028
27036
27037
27045
27045
27047
27050
27050
27050
27051
27054
27056
27061
27061
27062
27065
27066
27072
27073
27074
27074
27076
27076
27078
27083
27085
27086
27088
27090
27090
27094
27095
27095
27098
27100
27103
27103
27106
27107
27108
27110
27111
27116
27118
27120
27124
27124
27128
27129
27135
27144
27146
27160
27163
27164
27169
27172
27172
27173
27183
27184
27185
27186
27187
27190
27191
27197
27198
27199
27201
27211
27220
27225
27226
27230
27233
27233
27236
27240
27240
27250
27251
27252
27253
27254
27265
27268
27271
27273
27277
27278
27284
27294
27294
27295
27298
27301
27307
27307
27332
27337
27340
27341
27341
27347
27350
27350
27352
27353
27353
27359
27363
27364
27367
27382
27384
27386
27387
27388
27390
27392
27396
27405
27406
27408
27409
27410
27411
27415
27423
27427
27429
27433
27434
27436
27437
27438
27442
27443
27452
27456
27458
27461
27464
27465
27468
27470
27476
27479
27481
27483
27486
27489
27495
27497
27501
27504
27504
27508
27509
27512
27512
27514
27517
27522
27522
27533
27534
27537
27537
27537
27538
27545
27557
27559
27561
27562
27575
27576
27590
27593
27594
27615
27616
27620
27628
27630
27631
27631
27635
27635
27636
27639
27648
27649
27652
27652
27653
27659
27663
27670
27671
27685
27686
27686
27687
27689
27689
27691
27692
27693
27693
27703
27704
27705
27705
27708
27710
27714
27715
27729
27735
27738
27739
27742
27743
27747
27747
27750
27754
27754
27755
27756
27762
27771
27783
27785
27789
27792
27794
27806
27814
27814
27814
27817
27821
27826
27831
27839
27846
27848
27849
27849
27852
27852
27852
27864
27865
27869
27878
27883
27884
27888
27888
27890
27898
27898
27899
27906
27906
27915
27916
27920
27920
27921
27925
27926
27929
27929
27929
27935
27937
27942
27943
27944
27946
27949
27953
27959
27965
27966
27967
27970
27970
27976
27979
27981
27981
27984
27987
27988
27995
27996
28005
28009
28014
28018
28028
28028
28039
28040
28041
28043
28045
28054
28057
28059
28068
28070
28072
28072
28072
28076
28078
28079
28084
28090
28091
28093
28096
28099
28105
28106
28112
28118
28119
28123
28125
28127
28128
28132
28134
28134
28137
28139
28142
28147
28147
28155
28156
28160
28172
28172
28174
28174
28180
28183
28189
28190
28194
28197
28205
28215
28219
28220
28222
28225
28232
28244
28245
28246
28246
28249
28249
28250
28251
28252
28257
28259
28259
28261
28270
28276
28278
28285
28285
28288
28293
28294
28298
28298
28308
28311
28313
28317
28324
28326
28326
28329
28330
28334
28334
28343
28345
28348
28351
28354
28356
28356
28359
28361
28365
28365
28369
28372
28372
28378
28379
28381
28382
28388
28397
28397
28403
28419
28433
28435
28438
28441
28441
28442
28456
28458
28459
28463
28463
28466
28467
28470
28474
28478
28483
28493
28493
28493
28493
28494
28499
28513
28514
28514
28514
28521
28532
28533
28534
28540
28544
28546
28549
28551
28557
28561
28569
28570
28573
28577
28585
28594
28600
28602
28602
28606
28606
28607
28609
28618
28619
28624
28624
28625
28625
28626
28634
28637
28641
28641
28643
28645
28656
28659
28672
28675
28682
28687
28688
28695
28697
28697
28702
28703
28703
28704
28711
28713
28720
28722
28722
28723
28723
28725
28731
28734
28738
28746
28751
28752
28757
28759
28759
28773
28780
28785
28791
28796
28799
28800
28805
28816
28824
28826
28828
28828
28829
28832
28832
28835
28835
28837
28848
28851
28854
28855
28861
28870
28872
28875
28880
28880
28884
28885
28887
28888
28892
28894
28897
28899
28908
28909
28915
28917
28923
28930
28931
28933
28937
28938
28947
28947
28953
28955
28957
28971
28973
28973
28974
28976
28977
28980
28981
28982
28989
28990
28991
28998
28998
29001
29001
29001
29003
29004
29014
29016
29022
29022
29029
29032
29032
29035
29051
29055
29056
29059
29060
29063
29064
29068
29070
29073
29078
29082
29083
29087
29092
29093
29095
29101
29106
29110
29112
29118
29118
29120
29121
29124
29126
29130
29131
29132
29132
29137
29143
29143
29149
29152
29159
29159
29160
29161
29164
29166
29169
29177
29184
29195
29195
29197
29204
29208
29213
29217
29224
29228
29233
29237
29238
29243
29243
29247
29252
29253
29255
29255
29260
29265
29266
29266
29267
29274
29275
29275
29278
29279
29280
29281
29281
29295
29295
29299
29302
29309
29310
29312
29318
29320
29321
29323
29324
29328
29332
29332
29334
29335
29339
29350
29352
29353
29356
29362
29362
29364
29367
29367
29367
29369
29371
29374
29376
29378
29381
29393
29400
29402
29402
29404
29405
29407
29410
29414
29415
29421
29421
29423
29427
29428
29434
29441
29441
29460
29461
29465
29467
29468
29470
29473
29481
29482
29503
29505
29505
29505
29505
29508
29509
29509
29510
29511
29513
29514
29524
29534
29536
29538
29541
29543
29544
29548
29548
29557
29559
29560
29562
29565
29567
29569
29571
29572
29574
29577
29579
29580
29584
29588
29589
29589
29593
29594
29603
29610
29612
29614
29617
29619
29620
29620
29623
29625
29627
29628
29632
29633
29633
29634
29637
29637
29640
29643
29650
29653
29654
29657
29658
29658
29658
29671
29680
29684
29692
29693
29695
29703
29708
29717
29717
29717
29719
29721
29721
29725
29726
29726
29727
29729
29730
29733
29738
29740
29740
29748
29751
29752
29753
29754
29755
29758
29759
29759
29762
29762
29765
29767
29772
29773
29775
29775
29776
29779
29780
29781
29787
29792
29801
29807
29810
29814
29816
29818
29819
29821
29821
29823
29823
29824
29826
29826
29827
29829
29837
29838
29839
29842
29845
29845
29848
29856
29859
29860
29870
29874
29876
29878
29884
29885
29890
29892
29893
29895
29900
29908
29917
29919
29921
29921
29926
29930
29931
29935
29936
29937
29938
29942
29942
29950
29954
29957
29964
29969
29972
29973
29976
29979
29986
29989
29989
29991
29995
29997
37070
7073
29997
