10000
0
5
6
10
18
20
25
25
26
28
29
30
30
32
33
35
37
37
42
43
47
48
53
53
56
62
62
64
64
65
67
69
76
77
89
95
101
110
110
118
118
128
131
133
134
136
142
147
147
148
151
151
153
154
155
155
155
156
161
178
191
197
205
209
210
212
215
218
222
222
222
224
225
226
235
242
244
248
259
260
263
266
268
270
276
285
288
290
298
298
299
300
303
303
303
304
305
307
309
311
316
320
331
337
348
349
351
351
352
353
355
356
360
365
367
368
368
374
378
378
382
386
391
391
393
394
396
396
396
397
401
404
405
418
418
428
429
433
438
449
449
449
450
450
450
451
452
456
459
465
469
473
477
479
479
483
483
483
485
485
491
493
494
499
500
501
502
504
506
507
510
516
517
522
528
531
536
538
547
547
554
554
563
569
573
576
588
592
595
596
599
601
604
608
610
612
612
620
624
632
638
645
647
654
658
660
662
669
670
672
678
681
682
686
694
695
696
703
706
707
709
715
715
715
723
734
735
738
740
745
747
747
750
755
762
773
774
778
778
780
784
786
789
791
791
799
803
805
807
809
810
819
837
839
852
853
854
856
856
858
868
872
874
874
874
880
884
885
891
892
896
897
902
904
906
910
912
912
914
920
927
930
931
932
934
934
937
938
940
946
946
947
947
956
958
962
964
968
969
971
971
978
981
983
989
990
991
991
1001
1005
1013
1015
1016
1017
1022
1026
1036
1038
1039
1041
1041
1043
1048
1055
1059
1060
1060
1065
1071
1071
1075
1078
1085
1086
1100
1103
1105
1107
1110
1111
1112
1117
1120
1129
1136
1138
1139
1141
1146
1146
1152
1154
1154
1157
1169
1170
1172
1173
1175
1177
1179
1183
1186
1187
1190
1191
1194
1195
1195
1196
1197
1200
1205
1207
1208
1212
1215
1220
1224
1224
1229
1237
1239
1247
1252
1256
1257
1267
1268
1273
1276
1278
1280
1281
1283
1284
1286
1289
1290
1292
1299
1305
1311
1312
1314
1323
1323
1328
1335
1344
1345
1356
1357
1357
1362
1362
1364
1365
1366
1366
1368
1372
1374
1378
1379
1381
1382
1391
1393
1393
1394
1396
1396
1399
1402
1406
1412
1417
1418
1421
1427
1432
1439
1442
1442
1445
1445
1446
1447
1447
1466
1471
1475
1477
1481
1482
1483
1491
1492
1492
1493
1493
1494
1496
1496
1507
1513
1515
1519
1519
1520
1524
1533
1536
1537
1537
1538
1540
1540
1540
1541
1548
1549
1553
1554
1556
1557
1559
1561
1563
1569
1574
1579
1585
1586
1586
1588
1589
1590
1590
1592
1594
1594
1597
1602
1605
1605
1611
1611
1619
1619
1625
1627
1631
1631
1635
1637
1638
1647
1651
1659
1661
1661
1668
1669
1672
1677
1684
1699
1700
1703
1705
1709
1711
1711
1713
1717
1717
1718
1718
1727
1730
1735
1739
1742
1745
1746
1752
1752
1752
1757
1765
1768
1770
1773
1782
1786
1787
1788
1791
1792
1793
1795
1797
1798
1798
1802
1808
1810
1815
1817
1817
1818
1820
1822
1826
1828
1837
1843
1844
1846
1846
1846
1847
1854
1854
1855
1855
1856
1856
1856
1858
1861
1864
1866
1869
1870
1870
1870
1875
1880
1883
1889
1889
1891
1891
1892
1893
1895
1895
1899
1902
1903
1906
1909
1910
1910
1914
1917
1921
1925
1931
1940
1940
1941
1942
1950
1950
1952
1954
1955
1960
1964
1965
1965
1966
1967
1967
1971
1972
1974
1976
1978
1983
1984
1985
1988
1990
1995
2002
2005
2008
2009
2010
2013
2016
2018
2024
2024
2026
2027
2027
2028
2031
2031
2034
2042
2043
2052
2062
2062
2067
2067
2069
2070
2075
2075
2076
2078
2081
2086
2088
2092
2094
2097
2099
2100
2110
2111
2112
2115
2116
2117
2121
2128
2134
2136
2138
2142
2145
2147
2152
2154
2157
2166
2172
2179
2182
2186
2198
2199
2204
2208
2211
2222
2229
2234
2238
2239
2240
2249
2250
2255
2255
2256
2256
2265
2270
2270
2271
2274
2275
2280
2282
2284
2284
2291
2291
2297
2297
2301
2306
2311
2314
2316
2316
2321
2321
2326
2327
2327
2328
2332
2334
2338
2342
2346
2347
2348
2355
2361
2362
2370
2379
2385
2387
2391
2392
2393
2394
2395
2401
2406
2407
2410
2411
2417
2417
2419
2419
2428
2429
2432
2433
2435
2442
2443
2445
2449
2451
2451
2453
2453
2454
2460
2460
2469
2472
2473
2475
2475
2481
2481
2481
2485
2498
2500
2503
2509
2511
2513
2516
2517
2518
2518
2521
2524
2526
2529
2531
2531
2532
2533
2534
2539
2545
2545
2547
2548
2551
2557
2558
2560
2563
2567
2571
2573
2578
2579
2581
2582
2585
2586
2587
2595
2596
2597
2607
2609
2609
2612
2621
2623
2625
2626
2627
2629
2630
2637
2643
2644
2650
2663
2665
2669
2670
2671
2674
2681
2682
2683
2684
2685
2685
2689
2694
2696
2698
2706
2707
2711
2711
2713
2715
2719
2721
2727
2733
2736
2738
2739
2743
2744
2745
2749
2762
2764
2765
2770
2770
2772
2772
2774
2780
2781
2782
2788
2801
2810
2811
2811
2813
2816
2816
2817
2817
2820
2821
2821
2821
2834
2834
2840
2842
2844
2846
2849
2850
2853
2853
2857
2863
2865
2870
2874
2878
2880
2883
2883
2889
2891
2899
2900
2900
2905
2906
2921
2922
2928
2930
2932
2937
2940
2958
2969
2973
2973
2974
2977
2983
2991
2993
3000
3002
3010
3014
3015
3017
3024
3025
3025
3028
3031
3037
3043
3050
3053
3054
3054
3058
3059
3060
3061
3062
3066
3076
3078
3079
3080
3084
3095
3109
3114
3118
3119
3120
3120
3123
3125
3128
3131
3134
3135
3137
3143
3144
3147
3151
3156
3157
3166
3167
3169
3178
3178
3189
3194
3204
3216
3219
3221
3226
3235
3241
3243
3245
3247
3248
3251
3258
3258
3265
3273
3276
3277
3282
3284
3286
3287
3288
3292
3301
3301
3301
3305
3306
3311
3314
3319
3320
3323
3325
3329
3337
3338
3338
3339
3339
3342
3343
3354
3354
3355
3357
3360
3366
3367
3367
3370
3373
3375
3380
3380
3386
3388
3389
3391
3394
3395
3395
3413
3414
3414
3416
3417
3420
3421
3422
3426
3427
3427
3432
3434
3434
3448
3448
3448
3449
3454
3462
3463
3465
3469
3470
3474
3478
3483
3486
3489
3494
3508
3514
3520
3521
3523
3524
3524
3535
3535
3543
3546
3549
3559
3564
3570
3570
3572
3574
3574
3576
3578
3580
3588
3592
3600
3601
3604
3610
3613
3613
3620
3628
3630
3632
3639
3640
3641
3648
3649
3661
3662
3664
3666
3668
3682
3683
3690
3694
3695
3697
3703
3704
3705
3706
3706
3709
3711
3713
3716
3718
3720
3720
3723
3732
3736
3739
3747
3756
3760
3764
3769
3769
3773
3783
3789
3793
3794
3796
3798
3798
3802
3806
3807
3807
3809
3810
3823
3830
3831
3832
3834
3838
3838
3838
3841
3844
3851
3852
3852
3854
3860
3861
3861
3866
3872
3873
3876
3879
3879
3880
3881
3882
3887
3887
3892
3895
3905
3906
3911
3913
3913
3920
3922
3929
3931
3931
3933
3935
3935
3940
3950
3950
3952
3953
3958
3963
3966
3968
3971
3974
3975
3979
3981
3982
3982
3983
3988
3990
3994
3994
3995
3997
3997
3997
4001
4005
4009
4014
4016
4022
4026
4033
4033
4042
4051
4053
4053
4057
4060
4061
4062
4062
4063
4070
4074
4090
4090
4092
4097
4099
4100
4102
4108
4114
4114
4114
4115
4118
4125
4129
4129
4134
4141
4141
4144
4146
4148
4149
4152
4155
4156
4157
4157
4158
4161
4162
4166
4170
4171
4172
4173
4176
4178
4182
4183
4186
4192
4193
4204
4204
4211
4213
4220
4220
4226
4228
4229
4232
4234
4234
4244
4245
4248
4250
4250
4252
4254
4257
4258
4263
4274
4274
4276
4277
4278
4279
4283
4288
4290
4291
4291
4291
4294
4296
4299
4300
4302
4304
4308
4309
4309
4312
4312
4314
4314
4316
4316
4316
4316
4318
4318
4319
4321
4322
4324
4327
4330
4332
4333
4335
4337
4339
4343
4344
4347
4351
4352
4355
4356
4360
4366
4376
4377
4387
4393
4394
4398
4406
4407
4413
4415
4417
4425
4426
4430
4433
4441
4450
4454
4455
4463
4464
4469
4471
4473
4484
4485
4486
4487
4490
4493
4499
4500
4502
4504
4505
4506
4508
4511
4513
4515
4520
4525
4526
4528
4529
4529
4535
4537
4540
4542
4543
4547
4547
4548
4549
4552
4555
4556
4556
4560
4561
4561
4567
4579
4579
4581
4586
4589
4595
4598
4599
4602
4603
4604
4608
4613
4619
4621
4621
4621
4623
4626
4627
4630
4640
4641
4645
4646
4646
4652
4666
4668
4668
4672
4677
4688
4689
4689
4697
4698
4699
4700
4702
4702
4703
4709
4715
4717
4717
4722
4723
4729
4730
4733
4734
4736
4739
4741
4742
4743
4745
4750
4760
4762
4764
4768
4769
4773
4775
4776
4777
4780
4798
4801
4807
4809
4812
4813
4820
4822
4829
4831
4835
4838
4846
4847
4854
4855
4857
4859
4860
4862
4865
4865
4871
4875
4878
4879
4895
4899
4900
4901
4907
4916
4924
4924
4925
4932
4932
4941
4944
4944
4948
4949
4951
4956
4957
4959
4963
4971
4973
4976
4978
4978
4994
4998
5004
5005
5027
5028
5032
5035
5038
5043
5051
5054
5060
5064
5067
5069
5074
5084
5084
5087
5089
5098
5101
5103
5109
5112
5112
5119
5123
5132
5135
5135
5144
5148
5152
5158
5159
5159
5160
5161
5162
5165
5168
5179
5182
5189
5190
5196
5197
5198
5207
5207
5207
5208
5212
5215
5215
5220
5224
5230
5235
5243
5245
5246
5248
5251
5252
5257
5257
5259
5265
5268
5272
5274
5275
5284
5287
5289
5290
5290
5292
5294
5302
5303
5306
5306
5310
5310
5313
5314
5315
5324
5325
5330
5333
5335
5335
5336
5338
5340
5342
5348
5351
5354
5355
5363
5369
5370
5377
5387
5392
5396
5398
5400
5401
5401
5405
5411
5412
5414
5417
5419
5420
5424
5425
5427
5427
5431
5432
5433
5433
5441
5445
5446
5446
5446
5452
5453
5454
5455
5457
5459
5463
5465
5466
5467
5470
5472
5473
5473
5477
5477
5478
5480
5481
5482
5489
5493
5496
5496
5497
5506
5506
5506
5510
5510
5512
5516
5530
5530
5530
5541
5543
5543
5546
5549
5552
5552
5561
5567
5570
5575
5578
5582
5585
5586
5587
5587
5590
5596
5599
5599
5601
5608
5610
5612
5613
5616
5618
5622
5628
5630
5632
5645
5645
5649
5650
5650
5656
5656
5658
5662
5665
5668
5672
5681
5684
5685
5687
5692
5694
5699
5701
5702
5710
5712
5712
5716
5717
5717
5721
5725
5730
5732
5732
5735
5736
5738
5742
5747
5747
5747
5749
5750
5753
5756
5757
5759
5760
5761
5769
5772
5775
5775
5776
5780
5781
5788
5790
5793
5794
5795
5803
5824
5826
5830
5831
5832
5832
5833
5837
5840
5842
5844
5845
5847
5848
5849
5850
5857
5859
5862
5864
5865
5866
5866
5869
5871
5873
5877
5878
5881
5885
5892
5892
5893
5895
5896
5901
5902
5907
5907
5907
5907
5915
5917
5920
5921
5924
5924
5925
5939
5942
5944
5946
5948
5961
5970
5971
5977
5979
5986
5989
5992
5994
5997
5998
5998
5998
6008
6009
6012
6015
6019
6022
6024
6028
6029
6034
6036
6039
6047
6053
6053
6054
6058
6060
6064
6064
6074
6082
6083
6085
6088
6089
6093
6096
6101
6101
6102
6107
6108
6108
6109
6110
6111
6111
6113
6116
6118
6120
6134
6136
6138
6141
6141
6142
6155
6162
6166
6173
6175
6177
6178
6179
6180
6185
6186
6189
6192
6194
6194
6195
6196
6202
6202
6204
6208
6211
6220
6226
6227
6229
6232
6236
6239
6242
6242
6243
6253
6261
6262
6263
6265
6270
6274
6279
6281
6283
6285
6286
6286
6289
6291
6296
6305
6308
6309
6312
6314
6317
6321
6321
6328
6331
6335
6338
6345
6345
6349
6349
6349
6360
6365
6366
6368
6369
6374
6375
6376
6378
6380
6383
6389
6392
6393
6401
6401
6407
6407
6408
6418
6418
6419
6421
6426
6426
6427
6427
6428
6429
6432
6447
6449
6450
6454
6464
6473
6473
6474
6480
6484
6487
6488
6489
6490
6496
6499
6501
6501
6504
6511
6512
6514
6517
6521
6524
6525
6530
6531
6531
6536
6538
6550
6550
6553
6556
6569
6571
6571
6571
6574
6577
6580
6581
6582
6582
6583
6585
6588
6590
6594
6597
6602
6602
6610
6612
6617
6620
6623
6627
6627
6640
6642
6643
6647
6648
6654
6659
6667
6667
6671
6672
6676
6682
6682
6692
6693
6694
6695
6699
6703
6704
6706
6707
6708
6715
6717
6719
6725
6725
6729
6734
6735
6745
6746
6748
6754
6755
6760
6767
6767
6781
6782
6784
6794
6795
6795
6799
6803
6803
6804
6813
6821
6824
6827
6827
6829
6830
6835
6836
6838
6841
6844
6859
6865
6866
6878
6878
6882
6885
6887
6892
6894
6898
6899
6902
6902
6905
6905
6907
6911
6913
6913
6914
6922
6923
6924
6926
6927
6928
6931
6931
6936
6940
6946
6953
6967
6974
6976
6980
6981
6986
6987
6990
7000
7001
7002
7008
7010
7011
7012
7013
7013
7015
7017
7029
7037
7043
7044
7045
7045
7046
7047
7049
7050
7052
7056
7059
7059
7060
7063
7065
7069
7070
7072
7073
7077
7077
7088
7089
7089
7095
7099
7102
7102
7103
7105
7106
7107
7117
7120
7121
7124
7129
7130
7132
7132
7139
7140
7142
7146
7148
7157
7158
7159
7163
7166
7178
7181
7188
7188
7188
7190
7192
7198
7202
7202
7204
7208
7213
7215
7217
7218
7218
7220
7222
7223
7224
7230
7236
7247
7248
7250
7253
7253
7255
7255
7257
7261
7262
7267
7267
7268
7273
7274
7282
7287
7289
7297
7303
7305
7307
7308
7311
7313
7313
7319
7322
7322
7324
7328
7328
7331
7333
7334
7336
7339
7340
7342
7353
7356
7362
7363
7365
7368
7375
7375
7376
7388
7392
7392
7392
7395
7398
7403
7405
7406
7407
7408
7414
7417
7419
7420
7421
7423
7435
7439
7441
7441
7445
7446
7454
7459
7460
7460
7461
7462
7462
7473
7473
7474
7475
7481
7482
7487
7487
7488
7496
7497
7497
7501
7501
7501
7503
7504
7509
7512
7515
7524
7531
7544
7549
7552
7557
7559
7560
7560
7566
7572
7578
7581
7583
7585
7587
7589
7594
7596
7599
7600
7601
7603
7610
7613
7614
7616
7618
7618
7619
7623
7623
7625
7625
7632
7634
7634
7647
7648
7654
7654
7665
7669
7671
7677
7678
7681
7683
7684
7688
7691
7693
7693
7697
7697
7700
7701
7705
7714
7718
7723
7723
7723
7723
7727
7732
7733
7736
7736
7739
7747
7748
7749
7753
7757
7759
7760
7763
7763
7765
7768
7770
7784
7785
7786
7786
7786
7787
7789
7790
7790
7791
7793
7796
7801
7804
7807
7808
7809
7812
7815
7815
7817
7817
7823
7825
7828
7829
7831
7831
7833
7835
7836
7836
7838
7839
7842
7843
7845
7846
7854
7855
7855
7857
7860
7861
7863
7864
7867
7871
7872
7876
7878
7879
7880
7894
7894
7895
7899
7899
7901
7907
7912
7913
7917
7919
7919
7922
7923
7923
7931
7931
7934
7936
7941
7947
7947
7948
7951
7951
7956
7961
7965
7966
7985
7987
7995
8000
8005
8010
8014
8016
8018
8018
8020
8026
8028
8029
8033
8034
8036
8036
8040
8040
8041
8049
8050
8054
8054
8055
8058
8076
8082
8083
8084
8087
8088
8089
8090
8092
8094
8094
8097
8098
8102
8104
8107
8108
8111
8112
8112
8114
8116
8117
8119
8120
8121
8124
8127
8130
8131
8131
8132
8135
8135
8136
8151
8156
8156
8162
8167
8177
8180
8185
8187
8188
8200
8200
8202
8204
8206
8208
8225
8226
8229
8240
8240
8241
8243
8246
8247
8247
8248
8249
8250
8255
8271
8272
8273
8280
8286
8288
8292
8297
8297
8299
8307
8313
8317
8320
8320
8321
8326
8329
8336
8341
8343
8345
8347
8347
8347
8350
8355
8357
8358
8360
8371
8377
8377
8378
8387
8389
8393
8399
8400
8406
8407
8410
8412
8416
8419
8421
8426
8427
8428
8430
8432
8433
8434
8437
8437
8437
8444
8447
8459
8459
8462
8466
8467
8469
8481
8485
8491
8493
8495
8511
8515
8519
8521
8521
8526
8528
8537
8540
8548
8553
8557
8557
8559
8561
8568
8578
8580
8584
8591
8592
8593
8593
8598
8598
8601
8601
8603
8607
8609
8610
8612
8617
8628
8633
8635
8643
8647
8647
8647
8648
8653
8654
8658
8659
8660
8663
8668
8674
8677
8678
8681
8684
8687
8706
8707
8711
8714
8716
8721
8721
8725
8725
8729
8731
8732
8733
8735
8739
8749
8751
8751
8758
8760
8761
8763
8765
8767
8769
8772
8775
8775
8776
8802
8804
8808
8813
8814
8816
8819
8821
8822
8830
8833
8837
8838
8843
8846
8851
8854
8861
8862
8862
8864
8866
8867
8869
8871
8878
8888
8888
8899
8901
8902
8903
8905
8913
8915
8917
8920
8922
8924
8924
8929
8932
8933
8934
8935
8939
8940
8946
8954
8955
8956
8959
8963
8964
8966
8970
8973
8974
8983
8991
8994
8995
9004
9009
9012
9016
9017
9018
9020
9024
9026
9030
9030
9033
9033
9037
9038
9039
9039
9048
9050
9051
9053
9057
9058
9060
9061
9069
9071
9081
9081
9082
9084
9092
9096
9097
9098
9103
9105
9118
9119
9120
9120
9121
9123
9127
9131
9141
9142
9157
9157
9158
9162
9165
9166
9168
9169
9172
9173
9174
9175
9176
9176
9183
9183
9183
9184
9185
9187
9191
9194
9196
9199
9199
9205
9207
9207
9210
9211
9214
9214
9216
9217
9217
9219
9224
9226
9232
9233
9236
9241
9244
9246
9247
9255
9258
9258
9259
9264
9264
9269
9272
9272
9274
9280
9286
9288
9290
9294
9297
9303
9307
9309
9310
9316
9323
9326
9327
9331
9333
9333
9333
9333
9333
9337
9339
9347
9348
9350
9354
9354
9362
9363
9376
9380
9384
9384
9386
9386
9386
9387
9392
9398
9399
9399
9399
9399
9401
9409
9410
9421
9425
9425
9426
9426
9428
9436
9438
9438
9438
9453
9459
9463
9464
9466
9467
9469
9470
9471
9471
9472
9474
9476
9479
9484
9486
9486
9488
9497
9497
9503
9504
9508
9509
9511
9511
9517
9517
9526
9531
9532
9532
9539
9541
9541
9544
9548
9554
9554
9557
9558
9561
9563
9566
9567
9567
9569
9571
9571
9575
9576
9578
9582
9586
9588
9592
9592
9596
9597
9600
9607
9611
9611
9616
9617
9621
9621
9623
9623
9623
9627
9632
9635
9637
9637
9638
9642
9645
9649
9649
9650
9654
9657
9658
9659
9664
9675
9678
9683
9689
9691
9693
9693
9694
9698
9699
9700
9702
9707
9708
9709
9709
9710
9712
9716
9718
9720
9723
9726
9730
9736
9739
9745
9749
9750
9756
9764
9769
9777
9781
9785
9786
9789
9791
9792
9792
9794
9796
9800
9801
9802
9807
9808
9813
9813
9816
9817
9817
9823
9826
9831
9847
9854
9856
9857
9859
9860
9865
9868
9870
9880
9885
9891
9894
9894
9895
9901
9902
9910
9917
9921
9923
9925
9926
9935
9937
9939
9941
9948
9954
9957
9960
9961
9963
9966
9966
9967
9968
9970
9971
9977
9978
9983
9989
9991
9999
10002
10005
10007
10008
10010
10011
10015
10016
10023
10024
10026
10040
10042
10044
10049
10049
10059
10074
10076
10080
10086
10088
10095
10097
10097
10103
10104
10106
10107
10107
10114
10118
10125
10126
10128
10128
10133
10138
10138
10141
10142
10143
10145
10148
10150
10153
10155
10157
10157
10157
10167
10170
10171
10171
10172
10173
10173
10176
10182
10182
10186
10188
10189
10190
10201
10202
10204
10216
10216
10220
10222
10223
10225
10226
10234
10240
10243
10244
10252
10255
10269
10270
10270
10270
10271
10272
10272
10274
10278
10278
10283
10285
10289
10294
10294
10295
10297
10303
10304
10307
10307
10311
10314
10316
10316
10324
10325
10330
10330
10330
10332
10334
10336
10347
10347
10348
10363
10371
10371
10372
10374
10381
10385
10385
10391
10391
10393
10394
10395
10399
10405
10406
10407
10413
10418
10419
10420
10420
10420
10426
10429
10430
10430
10435
10445
10452
10453
10453
10454
10455
10460
10463
10467
10467
10469
10470
10472
10473
10475
10477
10481
10494
10497
10498
10500
10500
10501
10502
10506
10510
10513
10517
10517
10528
10541
10544
10545
10545
10546
10549
10551
10556
10556
10557
10561
10563
10564
10569
10569
10570
10572
10572
10572
10580
10581
10582
10595
10596
10604
10606
10610
10612
10613
10613
10616
10624
10626
10630
10635
10636
10641
10642
10646
10650
10651
10651
10656
10658
10660
10661
10663
10667
10667
10667
10672
10675
10685
10686
10687
10689
10693
10704
10708
10708
10709
10711
10713
10716
10717
10718
10724
10727
10744
10746
10749
10751
10752
10753
10753
10754
10754
10758
10761
10761
10762
10763
10764
10764
10772
10773
10780
10780
10781
10791
10792
10794
10796
10799
10799
10801
10808
10819
10820
10820
10827
10828
10836
10841
10843
10846
10846
10847
10851
10855
10857
10859
10862
10868
10871
10875
10879
10883
10884
10888
10895
10898
10899
10904
10910
10914
10915
10916
10919
10919
10922
10923
10924
10928
10929
10935
10951
10952
10955
10955
10961
10964
10971
10980
10988
10990
10993
10995
10996
10998
11005
11007
11012
11014
11017
11018
11032
11034
11037
11043
11047
11050
11053
11057
11059
11060
11063
11063
11067
11069
11069
11072
11072
11077
11077
11077
11092
11093
11097
11100
11104
11106
11108
11116
11118
11119
11121
11125
11125
11130
11132
11132
11135
11138
11144
11148
11153
11154
11162
11164
11166
11168
11170
11171
11178
11183
11187
11188
11188
11188
11197
11198
11200
11202
11209
11211
11214
11214
11225
11226
11228
11228
11230
11236
11239
11240
11241
11241
11241
11243
11248
11252
11254
11257
11257
11273
11273
11274
11276
11276
11283
11289
11290
11295
11308
11311
11311
11312
11313
11321
11322
11325
11325
11339
11341
11344
11348
11349
11351
11353
11354
11356
11356
11358
11366
11366
11371
11376
11378
11379
11380
11380
11382
11387
11389
11391
11397
11398
11398
11399
11402
11402
11404
11404
11408
11409
11410
11415
11416
11417
11421
11421
11423
11424
11425
11427
11427
11431
11433
11435
11436
11437
11438
11445
11446
11448
11449
11452
11457
11457
11461
11462
11465
11466
11466
11474
11476
11485
11488
11494
11497
11503
11510
11511
11512
11513
11514
11518
11519
11525
11526
11533
11533
11536
11536
11537
11540
11541
11543
11544
11556
11560
11563
11563
11565
11567
11571
11571
11574
11580
11582
11593
11594
11597
11598
11598
11599
11601
11602
11608
11609
11617
11619
11619
11622
11627
11627
11631
11631
11633
11637
11640
11648
11653
11655
11657
11657
11658
11660
11672
11673
11678
11679
11690
11695
11702
11704
11707
11709
11713
11713
11717
11718
11720
11725
11726
11728
11732
11733
11733
11734
11736
11742
11744
11751
11752
11753
11762
11763
11766
11766
11768
11772
11774
11775
11776
11779
11782
11783
11789
11795
11796
11798
11800
11801
11802
11805
11806
11806
11809
11811
11811
11818
11823
11824
11824
11825
11826
11828
11830
11831
11845
11845
11846
11849
11852
11852
11853
11857
11858
11860
11861
11872
11883
11888
11901
11904
11906
11908
11909
11914
11916
11916
11917
11918
11923
11928
11931
11932
11936
11939
11939
11940
11946
11955
11961
11964
11971
11974
11976
11979
11982
11982
11986
11987
11991
11998
12000
12000
12001
12008
12008
12010
12010
12012
12017
12022
12022
12027
12027
12031
12034
12043
12047
12050
12050
12050
12053
12059
12063
12064
12068
12071
12072
12079
12081
12083
12084
12085
12096
12097
12099
12102
12108
12111
12114
12115
12116
12118
12119
12119
12120
12124
12124
12128
12133
12133
12135
12135
12137
12143
12148
12152
12152
12156
12159
12161
12163
12181
12182
12185
12188
12189
12190
12193
12194
12194
12199
12203
12211
12212
12215
12216
12220
12220
12220
12221
12225
12226
12226
12230
12232
12232
12233
12235
12236
12236
12237
12237
12238
12241
12242
12249
12255
12255
12257
12260
12265
12271
12272
12275
12278
12281
12282
12290
12290
12293
12298
12300
12310
12312
12314
12316
12320
12327
12330
12333
12336
12336
12340
12340
12343
12343
12345
12348
12349
12349
12350
12353
12356
12361
12362
12363
12369
12373
12373
12375
12381
12397
12397
12402
12404
12405
12406
12408
12416
12417
12420
12421
12422
12423
12426
12429
12454
12456
12457
12459
12459
12460
12461
12464
12465
12469
12472
12474
12475
12479
12480
12483
12486
12491
12493
12495
12496
12500
12504
12508
12511
12515
12518
12518
12520
12523
12526
12527
12529
12529
12531
12536
12537
12549
12549
12555
12559
12566
12568
12572
12573
12577
12586
12590
12595
12597
12598
12601
12602
12604
12606
12609
12611
12611
12611
12613
12619
12621
12622
12623
12624
12628
12628
12629
12635
12640
12645
12647
12651
12654
12655
12659
12661
12663
12668
12675
12677
12680
12681
12681
12689
12690
12693
12702
12708
12712
12716
12716
12718
12723
12730
12733
12734
12739
12742
12745
12754
12757
12762
12763
12767
12771
12777
12781
12782
12785
12786
12800
12802
12806
12807
12808
12811
12811
12813
12816
12817
12819
12825
12828
12829
12831
12832
12841
12846
12846
12847
12850
12852
12855
12857
12861
12862
12863
12865
12871
12872
12874
12874
12877
12877
12878
12879
12881
12882
12882
12885
12885
12885
12886
12891
12894
12895
12897
12901
12905
12905
12905
12907
12911
12914
12915
12930
12935
12941
12941
12942
12946
12947
12952
12953
12954
12957
12958
12963
12981
12983
12983
12984
12985
12986
12992
12992
12993
12999
13005
13006
13006
13006
13007
13008
13010
13010
13011
13011
13013
13027
13028
13034
13046
13054
13065
13067
13069
13070
13073
13076
13080
13080
13082
13087
13090
13096
13101
13103
13112
13120
13121
13122
13124
13125
13128
13130
13132
13133
13134
13136
13143
13143
13149
13149
13151
13151
13152
13159
13160
13166
13166
13168
13172
13172
13176
13188
13189
13191
13192
13202
13204
13226
13236
13236
13238
13238
13246
13251
13254
13257
13265
13270
13271
13273
13278
13280
13281
13285
13299
13303
13305
13309
13316
13320
13323
13335
13337
13339
13340
13344
13345
13349
13355
13357
13367
13367
13368
13372
13372
13373
13375
13378
13379
13381
13386
13394
13396
13398
13399
13400
13400
13400
13401
13402
13409
13409
13411
13411
13423
13425
13425
13431
13445
13451
13452
13458
13458
13459
13460
13462
13470
13470
13472
13474
13474
13474
13481
13481
13485
13488
13491
13491
13491
13492
13493
13495
13495
13498
13501
13512
13514
13522
13522
13525
13528
13529
13530
13541
13549
13552
13562
13572
13572
13572
13576
13586
13590
13592
13601
13603
13605
13607
13608
13617
13617
13621
13623
13629
13631
13645
13658
13663
13668
13670
13675
13676
13677
13680
13680
13681
13681
13682
13693
13693
13696
13699
13701
13703
13703
13706
13709
13710
13712
13712
13717
13719
13726
13728
13730
13730
13730
13732
13736
13737
13737
13745
13755
13756
13756
13758
13766
13768
13783
13784
13785
13785
13788
13795
13799
13804
13804
13805
13805
13807
13808
13809
13811
13813
13816
13818
13820
13821
13823
13830
13835
13838
13842
13843
13843
13844
13845
13854
13858
13859
13860
13862
13866
13869
13872
13872
13874
13874
13874
13877
13879
13879
13880
13880
13885
13888
13889
13890
13892
13894
13895
13903
13909
13910
13912
13913
13914
13919
13924
13924
13926
13930
13930
13931
13932
13932
13938
13941
13941
13942
13944
13946
13947
13949
13951
13953
13954
13956
13961
13962
13967
13968
13968
13975
13976
13979
13981
13982
13986
13986
13991
13991
13993
13996
13997
13998
13999
14000
14003
14004
14010
14011
14014
14015
14016
14016
14020
14024
14028
14030
14032
14036
14038
14044
14047
14052
14054
14057
14066
14069
14070
14078
14083
14087
14090
14091
14100
14103
14111
14115
14121
14125
14128
14130
14136
14138
14142
14144
14145
14145
14147
14148
14151
14155
14156
14157
14159
14161
14161
14165
14166
14167
14170
14170
14171
14176
14176
14180
14186
14187
14194
14198
14202
14203
14212
14213
14215
14221
14221
14222
14222
14225
14226
14227
14231
14238
14244
14245
14253
14254
14255
14265
14267
14269
14270
14274
14286
14288
14289
14293
14295
14295
14298
14299
14303
14306
14306
14318
14318
14324
14325
14328
14329
14332
14336
14337
14337
14339
14344
14351
14352
14355
14356
14357
14370
14373
14375
14375
14379
14380
14381
14382
14383
14387
14389
14396
14398
14400
14400
14403
14407
14407
14408
14412
14414
14415
14423
14427
14434
14434
14435
14436
14440
14444
14444
14452
14457
14465
14467
14473
14475
14475
14476
14476
14477
14481
14484
14486
14487
14488
14489
14491
14491
14492
14494
14497
14497
14498
14498
14498
14499
14499
14502
14505
14508
14510
14511
14512
14513
14513
14517
14519
14528
14528
14542
14544
14546
14552
14560
14562
14566
14566
14569
14571
14573
14580
14580
14584
14590
14591
14592
14594
14597
14599
14605
14605
14605
14608
14611
14616
14616
14617
14621
14624
14627
14632
14634
14639
14640
14640
14640
14646
14651
14656
14657
14659
14663
14665
14668
14671
14673
14674
14675
14676
14678
14679
14683
14684
14689
14696
14697
14699
14700
14700
14702
14702
14710
14712
14718
14718
14718
14719
14722
14727
14729
14729
14737
14738
14739
14740
14740
14750
14754
14760
14761
14762
14765
14768
14772
14772
14776
14782
14790
14791
14796
14799
14802
14802
14804
14808
14809
14809
14812
14812
14816
14820
14821
14821
14823
14824
14825
14827
14830
14830
14833
14835
14837
14840
14842
14845
14851
14853
14856
14859
14867
14872
14874
14876
14876
14880
14884
14884
14887
14890
14893
14898
14907
14907
14909
14910
14913
14919
14929
14932
14942
14944
14946
14950
14953
14958
14965
14968
14970
14971
14972
14977
14977
14981
14981
14986
14987
14988
14991
14991
14996
14997
15000
15011
15013
15017
15023
15031
15033
15040
15046
15057
15057
15058
15062
15064
15065
15071
15072
15072
15075
15076
15080
15080
15082
15083
15085
15086
15087
15088
15089
15101
15103
15104
15105
15106
15107
15107
15107
15110
15113
15115
15115
15119
15121
15129
15129
15130
15136
15137
15137
15147
15152
15159
15160
15161
15164
15167
15180
15185
15191
15193
15197
15207
15208
15212
15216
15220
15224
15230
15231
15236
15237
15239
15241
15243
15245
15246
15250
15251
15252
15253
15254
15254
15254
15255
15258
15262
15263
15266
15273
15276
15276
15278
15281
15286
15290
15293
15294
15295
15295
15295
15296
15298
15303
15304
15304
15307
15314
15321
15323
15324
15325
15329
15331
15331
15332
15340
15345
15346
15349
15355
15356
15357
15362
15362
15364
15364
15368
15368
15369
15373
15374
15380
15380
15381
15385
15386
15388
15393
15395
15396
15397
15408
15410
15411
15411
15414
15417
15417
15419
15421
15425
15427
15431
15432
15442
15443
15445
15451
15452
15458
15458
15463
15466
15469
15473
15473
15478
15479
15481
15482
15488
15489
15492
15494
15494
15497
15497
15498
15499
15514
15516
15519
15524
15529
15533
15535
15540
15547
15550
15551
15551
15555
15557
15564
15573
15573
15574
15578
15579
15581
15581
15583
15587
15589
15590
15591
15595
15595
15597
15603
15604
15609
15623
15633
15636
15640
15642
15642
15644
15646
15654
15656
15660
15663
15672
15677
15677
15678
15687
15688
15690
15694
15697
15707
15708
15711
15711
15714
15717
15718
15720
15723
15728
15734
15735
15735
15738
15744
15746
15746
15746
15753
15757
15758
15760
15760
15761
15762
15764
15765
15766
15776
15777
15781
15783
15786
15789
15791
15799
15799
15800
15803
15805
15805
15808
15816
15820
15824
15827
15828
15832
15832
15833
15839
15840
15849
15856
15857
15858
15861
15863
15864
15865
15866
15872
15872
15883
15885
15886
15888
15891
15892
15896
15898
15898
15907
15909
15917
15917
15922
15922
15922
15923
15932
15933
15934
15935
15939
15939
15943
15945
15947
15947
15950
15957
15958
15963
15967
15969
15970
15977
15978
15980
15989
15990
15990
15991
15995
16000
16000
16004
16004
16004
16006
16007
16007
16007
16009
16023
16024
16024
16025
16028
16028
16033
16034
16035
16037
16043
16045
16045
16051
16053
16057
16061
16063
16065
16077
16077
16079
16079
16083
16084
16085
16091
16095
16095
16095
16096
16096
16101
16104
16105
16105
16110
16110
16114
16114
16117
16117
16119
16123
16129
16130
16131
16133
16133
16144
16145
16146
16149
16153
16156
16157
16158
16162
16169
16170
16174
16174
16175
16181
16187
16188
16190
16196
16197
16198
16199
16204
16205
16211
16215
16225
16225
16225
16228
16233
16246
16257
16263
16274
16276
16279
16280
16281
16286
16287
16290
16290
16294
16294
16295
16298
16300
16308
16308
16310
16313
16319
16329
16330
16336
16336
16338
16343
16344
16345
16346
16351
16351
16354
16355
16356
16360
16360
16362
16365
16366
16366
16368
16371
16373
16384
16391
16391
16395
16397
16400
16400
16402
16402
16404
16406
16412
16413
16413
16420
16422
16425
16426
16427
16428
16428
16429
16435
16438
16441
16441
16444
16445
16446
16451
16456
16458
16460
16467
16468
16469
16470
16473
16473
16474
16476
16478
16481
16485
16489
16490
16491
16492
16492
16494
16497
16500
16505
16506
16509
16515
16517
16523
16525
16528
16531
16533
16534
16542
16545
16545
16549
16549
16551
16551
16556
16556
16557
16557
16559
16560
16562
16564
16564
16571
16575
16576
16581
16582
16584
16592
16593
16598
16600
16601
16604
16608
16609
16612
16618
16620
16620
16624
16628
16629
16630
16630
16631
16632
16634
16634
16638
16639
16639
16642
16642
16646
16647
16651
16651
16652
16659
16665
16666
16670
16673
16677
16679
16680
16680
16681
16684
16685
16686
16689
16699
16701
16702
16703
16710
16715
16719
16719
16732
16739
16744
16748
16749
16750
16750
16756
16758
16759
16762
16762
16765
16766
16767
16773
16778
16778
16778
16782
16785
16785
16794
16795
16795
16798
16806
16809
16811
16811
16815
16817
16817
16824
16831
16832
16832
16835
16838
16839
16844
16845
16845
16850
16852
16868
16873
16876
16878
16879
16882
16885
16888
16890
16893
16894
16894
16895
16901
16902
16907
16911
16913
16914
16920
16921
16924
16924
16928
16928
16929
16930
16932
16933
16936
16936
16940
16940
16941
16944
16947
16951
16952
16953
16956
16967
16968
16969
16972
16976
16981
16983
16990
16992
16998
16999
17003
17011
17012
17017
17021
17022
17023
17024
17026
17027
17033
17034
17037
17038
17040
17045
17047
17048
17053
17056
17056
17058
17061
17061
17062
17066
17067
17070
17081
17084
17091
17093
17095
17095
17095
17097
17102
17104
17105
17110
17111
17112
17119
17122
17124
17124
17124
17124
17129
17131
17132
17134
17135
17137
17145
17149
17152
17154
17155
17159
17165
17166
17166
17168
17168
17169
17173
17173
17185
17186
17186
17188
17190
17192
17194
17195
17198
17202
17209
17219
17222
17225
17228
17233
17235
17239
17242
17244
17245
17245
17246
17250
17256
17267
17268
17270
17273
17273
17276
17279
17280
17284
17286
17287
17289
17291
17296
17296
17312
17316
17318
17320
17321
17322
17322
17323
17329
17330
17332
17333
17334
17335
17338
17339
17344
17346
17350
17351
17356
17357
17358
17360
17371
17375
17381
17382
17382
17386
17387
17388
17390
17391
17392
17400
17400
17406
17409
17410
17410
17415
17415
17417
17419
17423
17439
17441
17442
17445
17454
17457
17461
17461
17463
17463
17471
17472
17475
17478
17478
17481
17482
17488
17493
17496
17506
17515
17517
17520
17522
17523
17529
17530
17536
17537
17540
17540
17545
17548
17556
17558
17560
17564
17565
17570
17570
17570
17574
17576
17580
17584
17587
17593
17593
17594
17597
17602
17604
17605
17608
17610
17610
17613
17613
17614
17618
17618
17618
17618
17618
17625
17626
17629
17630
17639
17640
17642
17642
17645
17648
17657
17658
17664
17665
17671
17671
17674
17675
17678
17682
17684
17688
17689
17689
17689
17690
17692
17693
17693
17697
17704
17706
17706
17712
17713
17713
17714
17717
17718
17728
17733
17733
17739
17741
17743
17745
17746
17747
17748
17749
17749
17750
17753
17759
17759
17759
17759
17760
17772
17775
17777
17779
17780
17783
17785
17785
17786
17796
17797
17798
17801
17805
17806
17810
17810
17813
17813
17818
17822
17829
17830
17831
17837
17837
17849
17850
17853
17876
17877
17886
17887
17891
17893
17894
17896
17899
17900
17909
17911
17912
17913
17914
17915
17917
17921
17922
17924
17928
17928
17929
17935
17936
17939
17941
17942
17945
17952
17955
17955
17957
17957
17960
17961
17962
17962
17963
17965
17967
17967
17969
17969
17972
17972
17977
17978
17980
17982
17983
17988
17990
17992
17996
17997
17997
18001
18004
18004
18005
18006
18007
18010
18012
18014
18018
18019
18020
18020
18022
18024
18029
18030
18039
18040
18051
18051
18059
18062
18063
18070
18070
18075
18075
18079
18084
18084
18085
18088
18091
18091
18095
18102
18102
18104
18106
18109
18110
18111
18121
18123
18125
18131
18131
18134
18134
18134
18139
18140
18144
18149
18149
18150
18168
18171
18171
18181
18183
18189
18191
18193
18195
18195
18196
18196
18197
18200
18203
18207
18208
18210
18219
18220
18222
18223
18225
18226
18227
18229
18231
18232
18232
18233
18243
18244
18245
18254
18255
18261
18262
18267
18273
18274
18279
18284
18284
18285
18288
18292
18293
18294
18295
18295
18301
18303
18304
18305
18307
18316
18320
18328
18335
18337
18340
18340
18341
18344
18348
18349
18350
18350
18354
18355
18358
18363
18366
18369
18371
18383
18384
18391
18401
18401
18404
18406
18411
18411
18413
18414
18414
18418
18424
18424
18426
18430
18433
18453
18457
18457
18458
18459
18460
18467
18470
18471
18486
18489
18499
18501
18502
18504
18504
18507
18507
18510
18511
18515
18515
18515
18518
18522
18523
18526
18528
18529
18535
18541
18542
18550
18554
18555
18556
18557
18563
18563
18567
18569
18582
18584
18587
18594
18597
18600
18602
18605
18605
18617
18621
18624
18626
18627
18627
18627
18629
18630
18633
18634
18635
18636
18637
18645
18647
18649
18649
18650
18653
18654
18657
18660
18680
18683
18683
18683
18685
18689
18689
18690
18693
18694
18699
18700
18702
18702
18702
18705
18708
18709
18713
18716
18721
18724
18731
18734
18739
18740
18741
18745
18745
18749
18752
18756
18757
18759
18761
18762
18764
18765
18768
18778
18778
18780
18780
18791
18794
18797
18798
18799
18801
18808
18812
18819
18830
18830
18831
18831
18834
18834
18842
18843
18844
18849
18850
18860
18864
18876
18878
18878
18878
18882
18891
18891
18893
18895
18898
18899
18900
18902
18902
18903
18907
18910
18912
18915
18915
18917
18917
18921
18923
18924
18924
18931
18933
18940
18944
18945
18949
18957
18958
18959
18967
18968
18971
18972
18976
18979
18980
18981
18983
18984
18988
18992
18997
19006
19006
19010
19011
19011
19013
19015
19020
19022
19025
19032
19040
19043
19043
19047
19058
19060
19060
19061
19064
19068
19070
19071
19071
19077
19084
19085
19087
19087
19087
19093
19097
19098
19100
19102
19105
19106
19106
19108
19108
19114
19122
19123
19124
19126
19130
19131
19132
19132
19136
19137
19143
19144
19147
19147
19148
19150
19151
19153
19153
19156
19160
19162
19167
19167
19174
19175
19175
19177
19177
19177
19180
19181
19190
19193
19207
19211
19212
19212
19213
19214
19215
19217
19231
19233
19243
19244
19244
19247
19251
19255
19261
19266
19266
19267
19267
19267
19269
19276
19281
19291
19301
19302
19303
19309
19320
19322
19329
19333
19335
19336
19336
19337
19340
19349
19359
19361
19362
19365
19365
19371
19371
19371
19372
19374
19379
19382
19385
19387
19388
19399
19400
19413
19415
19415
19419
19424
19429
19436
19437
19437
19457
19458
19461
19464
19464
19464
19465
19468
19468
19469
19470
19472
19475
19479
19479
19486
19489
19490
19492
19495
19503
19506
19507
19507
19509
19510
19511
19514
19515
19516
19519
19519
19525
19526
19526
19527
19529
19534
19535
19537
19551
19557
19558
19558
19559
19564
19573
19573
19576
19581
19591
19595
19595
19601
19611
19611
19612
19614
19617
19621
19621
19622
19623
19627
19629
19629
19630
19630
19637
19638
19638
19643
19643
19644
19649
19650
19650
19656
19665
19670
19670
19676
19678
19679
19680
19681
19683
19685
19687
19692
19693
19694
19700
19707
19714
19724
19726
19726
19727
19727
19731
19732
19737
19737
19738
19740
19740
19741
19747
19748
19748
19750
19762
19764
19765
19766
19767
19772
19779
19779
19781
19782
19784
19784
19790
19791
19797
19797
19802
19805
19806
19809
19811
19813
19820
19822
19822
19823
19823
19824
19825
19835
19837
19839
19839
19840
19846
19852
19854
19856
19856
19863
19864
19871
19879
19885
19885
19890
19893
19896
19897
19898
19901
19903
19905
19906
19906
19916
19930
19931
19932
19935
19938
19953
19957
19960
19964
19965
19966
19969
19971
19974
19976
19977
19982
19982
19987
19988
19990
19994
20000
20003
20004
20010
20012
20018
20020
20020
20030
20030
20031
20032
20035
20037
20040
20058
20060
20068
20070
20070
20073
20075
20079
20083
20083
20083
20087
20097
20102
20105
20107
20115
20125
20127
20130
20132
20138
20142
20143
20144
20148
20153
20156
20158
20163
20179
20180
20182
20184
20184
20184
20186
20194
20197
20205
20211
20211
20215
20215
20218
20219
20221
20225
20226
20228
20229
20230
20243
20251
20255
20260
20261
20261
20264
20268
20270
20271
20271
20274
20281
20285
20289
20290
20291
20293
20295
20296
20298
20303
20305
20307
20311
20311
20318
20321
20322
20324
20328
20328
20331
20335
20335
20336
20342
20345
20347
20347
20347
20349
20351
20354
20356
20357
20365
20366
20368
20370
20371
20373
20374
20374
20386
20386
20387
20392
20394
20395
20396
20412
20415
20415
20418
20418
20420
20420
20421
20424
20424
20430
20433
20434
20443
20444
20451
20451
20455
20457
20464
20470
20473
20476
20477
20481
20483
20489
20490
20494
20494
20497
20498
20506
20509
20509
20511
20516
20529
20533
20538
20539
20541
20547
20551
20553
20556
20556
20556
20564
20565
20566
20567
20570
20577
20583
20583
20590
20591
20593
20594
20596
20597
20598
20608
20620
20625
20627
20628
20628
20633
20643
20643
20647
20649
20651
20661
20666
20669
20675
20677
20680
20682
20685
20689
20695
20696
20700
20709
20710
20713
20720
20721
20726
20734
20734
20737
20739
20750
20759
20759
20764
20765
20768
20772
20773
20780
20785
20792
20803
20805
20805
20806
20806
20814
20817
20822
20823
20823
20824
20824
20825
20829
20832
20832
20835
20839
20839
20839
20839
20840
20840
20854
20859
20860
20861
20865
20868
20869
20870
20870
20872
20872
20874
20876
20881
20896
20898
20901
20904
20904
20912
20912
20914
20917
20918
20919
20919
20921
20922
20926
20933
20933
20934
20935
20943
20946
20956
20958
20962
20963
20967
20969
20973
20974
20975
20976
20977
20978
20979
20982
20986
20988
20989
20989
20992
20995
20999
21002
21006
21010
21011
21012
21018
21019
21022
21022
21033
21034
21046
21046
21053
21057
21061
21065
21066
21070
21076
21081
21082
21084
21090
21096
21097
21099
21100
21103
21103
21104
21108
21122
21122
21127
21127
21132
21135
21141
21146
21148
21148
21150
21151
21160
21161
21162
21174
21175
21178
21184
21189
21191
21199
21211
21214
21225
21228
21229
21234
21234
21235
21235
21236
21236
21247
21249
21250
21251
21254
21255
21256
21258
21261
21264
21267
21267
21269
21274
21275
21279
21281
21285
21287
21289
21290
21293
21299
21300
21300
21306
21310
21312
21312
21313
21313
21317
21320
21321
21326
21327
21329
21330
21332
21338
21340
21340
21343
21343
21344
21346
21346
21348
21350
21356
21359
21361
21363
21371
21373
21376
21378
21380
21383
21383
21384
21386
21388
21389
21393
21395
21402
21402
21402
21403
21404
21408
21414
21419
21419
21428
21430
21435
21435
21437
21438
21443
21443
21447
21447
21448
21449
21449
21457
21460
21461
21465
21466
21466
21466
21467
21474
21476
21480
21481
21482
21483
21487
21488
21497
21499
21500
21501
21506
21516
21517
21519
21520
21521
21521
21526
21528
21529
21531
21534
21541
21543
21546
21546
21547
21555
21563
21564
21576
21585
21587
21587
21588
21589
21590
21591
21592
21593
21595
21596
21597
21599
21600
21601
21607
21612
21614
21614
21617
21621
21623
21625
21629
21630
21633
21633
21634
21638
21642
21646
21647
21652
21653
21654
21656
21656
21659
21661
21661
21665
21666
21666
21667
21668
21673
21680
21684
21686
21687
21688
21689
21701
21702
21705
21708
21712
21712
21714
21715
21716
21717
21722
21725
21727
21728
21729
21729
21731
21735
21736
21740
21740
21743
21745
21746
21751
21752
21752
21754
21756
21757
21763
21777
21778
21780
21782
21784
21786
21786
21789
21792
21794
21796
21796
21797
21802
21803
21803
21810
21811
21821
21825
21832
21835
21839
21848
21850
21850
21851
21855
21856
21857
21862
21864
21872
21873
21877
21882
21890
21891
21897
21898
21898
21906
21906
21908
21910
21913
21916
21916
21916
21924
21925
21927
21936
21939
21944
21951
21952
21955
21958
21961
21963
21965
21966
21971
21973
21973
21974
21989
21992
21995
21998
22000
22005
22006
22008
22012
22015
22015
22023
22024
22026
22027
22036
22040
22041
22041
22044
22048
22054
22055
22056
22066
22068
22069
22079
22082
22083
22085
22092
22102
22111
22119
22121
22124
22130
22146
22147
22149
22152
22154
22155
22156
22156
22157
22159
22159
22161
22165
22170
22171
22171
22181
22186
22186
22189
22200
22204
22204
22204
22211
22211
22211
22223
22223
22224
22228
22233
22234
22240
22247
22254
22255
22256
22258
22262
22268
22273
22277
22280
22281
22283
22286
22288
22293
22298
22298
22299
22302
22303
22313
22313
22319
22321
22322
22329
22329
22330
22331
22336
22336
22338
22338
22339
22339
22340
22341
22343
22348
22352
22358
22360
22371
22377
22379
22381
22390
22391
22400
22400
22408
22410
22411
22416
22416
22420
22426
22427
22433
22434
22434
22438
22442
22449
22451
22452
22455
22455
22458
22463
22468
22471
22476
22478
22484
22488
22489
22500
22500
22502
22504
22510
22517
22518
22521
22523
22529
22529
22534
22535
22537
22540
22541
22544
22547
22556
22558
22559
22559
22560
22562
22577
22581
22581
22585
22586
22587
22590
22591
22593
22595
22597
22605
22609
22613
22617
22618
22618
22620
22620
22624
22627
22627
22629
22635
22635
22638
22640
22642
22644
22645
22649
22651
22655
22662
22663
22668
22668
22672
22677
22683
22690
22692
22692
22693
22693
22696
22701
22705
22709
22709
22717
22718
22718
22721
22726
22728
22732
22733
22733
22734
22734
22737
22739
22739
22740
22741
22743
22743
22745
22748
22749
22762
22764
22764
22765
22765
22769
22769
22770
22771
22772
22773
22777
22779
22780
22780
22785
22788
22788
22794
22794
22798
22799
22803
22804
22811
22812
22816
22817
22818
22819
22822
22824
22830
22830
22836
22838
22841
22846
22847
22849
22849
22859
22861
22862
22868
22870
22872
22872
22877
22879
22888
22899
22901
22905
22909
22913
22913
22916
22926
22931
22941
22944
22946
22952
22953
22953
22956
22956
22959
22960
22964
22964
22969
22976
22978
22981
22981
22984
22985
22990
22990
22994
23004
23012
23015
23018
23023
23025
23025
23030
23034
23035
23036
23037
23038
23038
23041
23042
23048
23053
23053
23054
23057
23058
23058
23063
23075
23076
23079
23081
23081
23084
23087
23087
23088
23088
23089
23091
23092
23104
23104
23108
23112
23119
23122
23127
23128
23130
23130
23132
23135
23136
23138
23142
23149
23152
23153
23154
23159
23167
23179
23179
23183
23186
23188
23188
23193
23193
23195
23198
23200
23200
23202
23202
23204
23205
23216
23220
23220
23224
23226
23227
23228
23228
23230
23231
23232
23233
23234
23241
23244
23250
23254
23264
23269
23270
23274
23282
23284
23284
23290
23292
23292
23293
23293
23295
23307
23307
23309
23309
23311
23314
23315
23319
23319
23330
23333
23334
23334
23339
23343
23345
23348
23350
23352
23353
23355
23360
23362
23362
23363
23363
23363
23371
23371
23373
23378
23379
23383
23384
23386
23391
23396
23398
23399
23399
23401
23407
23409
23413
23413
23413
23413
23415
23419
23428
23431
23433
23433
23435
23435
23436
23437
23440
23448
23453
23457
23458
23460
23460
23461
23467
23467
23470
23476
23478
23480
23480
23481
23485
23487
23496
23499
23502
23505
23507
23509
23510
23530
23530
23539
23543
23543
23547
23549
23553
23553
23553
23558
23567
23568
23569
23571
23572
23573
23579
23579
23587
23597
23599
23599
23599
23600
23605
23608
23611
23614
23615
23617
23623
23646
23649
23649
23650
23651
23656
23662
23663
23664
23664
23670
23679
23683
23684
23686
23688
23688
23689
23694
23695
23695
23696
23699
23701
23707
23717
23718
23719
23720
23720
23721
23722
23725
23726
23727
23728
23728
23735
23735
23737
23745
23749
23749
23750
23753
23753
23759
23759
23761
23766
23768
23771
23777
23778
23779
23779
23785
23786
23787
23788
23789
23789
23798
23803
23807
23809
23809
23822
23822
23823
23826
23829
23834
23837
23840
23840
23842
23845
23852
23859
23859
23862
23870
23887
23889
23891
23897
23900
23901
23902
23903
23918
23920
23920
23926
23926
23926
23934
23936
23941
23942
23942
23943
23943
23946
23956
23956
23957
23959
23960
23965
23968
23968
23969
23974
23974
23974
23976
23977
23979
23980
23983
23987
23994
23995
23996
23998
24003
24003
24006
24007
24007
24017
24024
24030
24037
24044
24050
24053
24072
24073
24075
24075
24078
24079
24083
24091
24094
24097
24099
24102
24102
24103
24103
24105
24106
24108
24108
24113
24119
24120
24124
24124
24134
24134
24145
24147
24162
24166
24168
24172
24175
24175
24180
24180
24183
24186
24187
24201
24211
24215
24219
24221
24229
24230
24232
24236
24248
24250
24255
24260
24261
24263
24271
24275
24282
24283
24286
24289
24290
24290
24293
24294
24303
24304
24304
24307
24308
24311
24327
24329
24336
24341
24345
24346
24354
24355
24356
24358
24359
24360
24368
24369
24370
24374
24381
24394
24395
24398
24400
24402
24404
24405
24405
24417
24428
24429
24433
24440
24441
24452
24453
24453
24453
24462
24465
24465
24466
24467
24468
24471
24476
24476
24478
24484
24484
24484
24489
24490
24495
24495
24497
24498
24499
24502
24505
24505
24511
24514
24518
24519
24522
24530
24542
24545
24545
24549
24552
24554
24556
24559
24563
24569
24573
24577
24577
24578
24579
24581
24582
24583
24591
24591
24598
24600
24601
24602
24606
24607
24608
24611
24620
24621
24626
24626
24627
24630
24635
24637
24638
24640
24641
24651
24653
24657
24662
24663
24664
24665
24667
24668
24680
24686
24688
24691
24691
24703
24706
24706
24708
24710
24719
24720
24722
24725
24730
24731
24734
24736
24747
24752
24755
24755
24756
24759
24773
24775
24777
24777
24778
24779
24786
24788
24788
24789
24789
24793
24797
24799
24803
24803
24804
24805
24807
24814
24814
24815
24815
24818
24833
24834
24838
24851
24853
24853
24855
24859
24875
24875
24883
24885
24890
24899
24900
24901
24908
24909
24911
24912
24913
24917
24922
24936
24937
24938
24949
24957
24964
24964
24965
24970
24973
24974
24975
24981
24986
24989
24991
24996
25005
25009
25011
25017
25021
25022
25026
25028
25038
25045
25053
25055
25058
25064
25064
25069
25073
25080
25081
25084
25086
25087
25087
25088
25089
25090
25090
25097
25099
25100
25103
25105
25107
25108
25108
25112
25112
25114
25115
25122
25128
25134
25135
25135
25139
25141
25145
25146
25147
25147
25149
25150
25152
25153
25170
25175
25179
25182
25182
25186
25187
25190
25191
25191
25191
25192
25194
25197
25202
25207
25211
25216
25218
25222
25227
25233
25237
25240
25244
25245
25248
25248
25253
25254
25256
25259
25259
25265
25265
25265
25266
25270
25282
25290
25299
25300
25307
25311
25314
25314
25314
25314
25318
25319
25320
25320
25324
25329
25329
25332
25344
25353
25358
25360
25363
25368
25371
25371
25379
25383
25384
25385
25386
25387
25388
25390
25392
25399
25402
25402
25403
25403
25405
25406
25409
25411
25417
25422
25425
25430
25433
25446
25450
25451
25453
25456
25460
25465
25466
25467
25473
25474
25476
25476
25477
25479
25482
25483
25489
25492
25494
25494
25497
25497
25506
25512
25513
25515
25520
25524
25528
25532
25532
25536
25537
25542
25546
25548
25552
25553
25558
25558
25561
25563
25563
25567
25569
25570
25571
25572
25573
25574
25580
25583
25583
25584
25588
25591
25592
25596
25598
25598
25598
25599
25599
25603
25606
25608
25609
25610
25612
25613
25620
25623
25626
25627
25630
25630
25636
25637
25637
25642
25646
25646
25650
25651
25652
25653
25655
25655
25655
25658
25664
25668
25672
25679
25680
25680
25682
25685
25688
25689
25698
25701
25702
25703
25703
25704
25707
25707
25712
25713
25714
25715
25719
25720
25720
25722
25724
25725
25729
25730
25732
25733
25741
25749
25754
25756
25757
25757
25758
25759
25766
25775
25777
25779
25780
25782
25788
25792
25792
25794
25794
25795
25796
25796
25798
25801
25802
25810
25811
25814
25814
25815
25816
25820
25826
25833
25839
25840
25845
25854
25856
25856
25856
25857
25857
25861
25861
25863
25867
25868
25871
25871
25872
25876
25879
25881
25882
25890
25895
25896
25898
25899
25904
25910
25910
25916
25918
25920
25925
25925
25931
25935
25937
25938
25941
25941
25941
25942
25943
25943
25944
25949
25950
25952
25952
25953
25957
25961
25969
25974
25975
25981
25981
25984
25985
25988
25990
25991
25992
25995
25995
26000
26000
26002
26004
26005
26007
26008
26009
26015
26017
26019
26022
26024
26026
26036
26039
26040
26043
26045
26046
26049
26049
26050
26052
26052
26053
26054
26055
26056
26058
26065
26067
26067
26068
26072
26072
26074
26074
26075
26075
26076
26077
26078
26080
26087
26087
26091
26098
26100
26101
26107
26109
26113
26114
26123
26124
26125
26127
26129
26131
26135
26135
26137
26146
26151
26161
26162
26169
26172
26173
26175
26179
26180
26182
26187
26187
26187
26190
26194
26194
26199
26201
26209
26211
26212
26213
26214
26214
26215
26216
26222
26223
26223
26224
26224
26225
26227
26227
26229
26231
26232
26232
26234
26234
26234
26243
26244
26248
26250
26251
26254
26257
26259
26267
26274
26276
26278
26281
26282
26282
26285
26291
26292
26295
26302
26307
26308
26309
26312
26314
26337
26337
26348
26352
26353
26354
26360
26362
26364
26365
26368
26372
26379
26381
26389
26394
26396
26397
26397
26402
26411
26414
26416
26418
26420
26421
26421
26421
26431
26437
26437
26438
26438
26443
26444
26447
26452
26460
26461
26461
26471
26472
26472
26474
26475
26476
26482
26483
26489
26494
26498
26499
26504
26505
26507
26524
26532
26532
26533
26540
26540
26540
26542
26542
26552
26556
26562
26563
26566
26566
26575
26575
26579
26579
26584
26587
26588
26595
26598
26602
26603
26608
26609
26609
26610
26612
26613
26614
26618
26621
26626
26639
26640
26641
26644
26646
26648
26648
26650
26657
26659
26662
26663
26664
26665
26665
26666
26670
26678
26691
26691
26692
26693
26694
26697
26698
26698
26701
26703
26707
26712
26714
26714
26722
26724
26728
26734
26735
26736
26736
26736
26739
26739
26741
26742
26743
26746
26746
26748
26748
26753
26754
26758
26760
26763
26766
26769
26770
26771
26776
26783
26784
26785
26790
26792
26795
26796
26800
26802
26808
26809
26814
26814
26816
26817
26817
26818
26821
26821
26825
26825
26827
26829
26830
26832
26833
26834
26836
26848
26850
26851
26852
26853
26858
26858
26859
26864
26866
26868
26868
26875
26880
26881
26881
26882
26882
26885
26895
26896
26899
26900
26901
26905
26912
26913
26915
26916
26922
26926
26926
26930
26933
26933
26938
26944
26945
26947
26952
26957
26961
26964
26966
26968
26970
26973
26974
26975
26978
26980
26980
26983
26985
26986
26991
26999
27002
27013
27013
27014
27018
27023
27024
27025
27026
27030
27030
27033
27034
27036
27039
27039
27041
27042
27043
27047
27048
27053
27054
27056
27059
27074
27082
27095
27103
27103
27104
27106
27109
27110
27111
27111
27117
27119
27119
27120
27123
27124
27128
27129
27129
27130
27130
27131
27133
27137
27138
27143
27146
27154
27155
27158
27159
27174
27177
27178
27180
27187
27196
27200
27207
27208
27211
27213
27217
27223
27224
27232
27237
27237
27239
27239
27245
27248
27255
27255
27266
27266
27266
27271
27271
27273
27274
27275
27275
27276
27276
27278
27278
27281
27281
27290
27291
27304
27304
27305
27305
27305
27310
27310
27311
27313
27318
27331
27334
27334
27344
27350
27351
27354
27356
27361
27362
27363
27364
27364
27366
27371
27378
27378
27379
27379
27379
27380
27382
27383
27388
27391
27391
27392
27394
27397
27397
27401
27404
27406
27408
27414
27419
27419
27421
27425
27426
27429
27431
27435
27437
27442
27443
27444
27448
27451
27457
27457
27458
27463
27464
27465
27468
27474
27476
27479
27481
27484
27487
27488
27492
27492
27495
27496
27498
27500
27501
27503
27504
27504
27507
27513
27514
27518
27520
27523
27524
27526
27527
27528
27530
27531
27531
27534
27534
27536
27538
27542
27546
27546
27551
27552
27558
27558
27558
27561
27568
27571
27576
27580
27589
27591
27595
27598
27599
27599
27605
27608
27610
27617
27622
27623
27625
27627
27629
27638
27638
27639
27639
27640
27641
27644
27653
27654
27658
27658
27660
27662
27664
27667
27671
27680
27684
27685
27687
27703
27708
27713
27715
27715
27719
27722
27723
27725
27734
27739
27740
27741
27744
27748
27749
27750
27754
27754
27755
27759
27760
27773
27776
27788
27789
27791
27792
27797
27797
27802
27802
27802
27809
27810
27823
27827
27828
27830
27832
27834
27841
27843
27846
27857
27861
27863
27872
27872
27874
27877
27883
27884
27887
27892
27893
27896
27901
27906
27908
27908
27909
27911
27914
27915
27915
27918
27919
27920
27922
27924
27925
27927
27927
27937
27939
27940
27941
27941
27944
27945
27947
27949
27949
27951
27953
27957
27960
27960
27963
27965
27965
27967
27967
27973
27985
27988
27989
27996
27999
28000
28001
28001
28003
28005
28005
28010
28011
28015
28022
28026
28029
28031
28041
28041
28044
28048
28048
28050
28055
28058
28065
28065
28066
28066
28070
28072
28074
28075
28075
28079
28087
28088
28089
28100
28104
28105
28108
28112
28115
28120
28123
28131
28137
28138
28143
28146
28152
28157
28160
28161
28162
28162
28164
28165
28168
28168
28170
28172
28179
28180
28181
28181
28183
28184
28189
28189
28190
28193
28196
28206
28209
28209
28210
28217
28224
28224
28228
28230
28233
28233
28239
28246
28252
28260
28262
28263
28263
28265
28266
28268
28273
28274
28275
28279
28279
28284
28285
28290
28291
28293
28298
28300
28300
28301
28303
28309
28310
28316
28322
28325
28325
28336
28339
28344
28345
28352
28352
28354
28356
28357
28357
28360
28360
28360
28361
28362
28362
28362
28362
28367
28371
28373
28378
28378
28379
28382
28388
28389
28391
28391
28391
28395
28406
28407
28407
28409
28409
28411
28420
28421
28426
28428
28443
28450
28450
28450
28457
28461
28463
28465
28466
28468
28470
28483
28485
28485
28486
28489
28493
28495
28495
28500
28500
28501
28505
28508
28509
28513
28520
28521
28522
28526
28533
28542
28548
28549
28553
28555
28556
28557
28559
28559
28564
28568
28575
28578
28579
28581
28583
28584
28589
28593
28597
28601
28605
28605
28607
28607
28610
28613
28613
28614
28615
28620
28622
28622
28622
28625
28627
28629
28630
28632
28636
28639
28639
28640
28641
28643
28645
28649
28651
28658
28663
28667
28671
28674
28679
28679
28684
28684
28684
28685
28687
28691
28691
28694
28695
28696
28703
28720
28724
28726
28731
28734
28735
28735
28738
28741
28741
28742
28747
28747
28750
28750
28754
28756
28756
28757
28762
28763
28765
28767
28767
28767
28767
28773
28775
28775
28778
28782
28782
28783
28787
28788
28791
28792
28801
28802
28807
28807
28818
28818
28829
28830
28831
28835
28841
28841
28842
28847
28849
28849
28853
28855
28861
28864
28870
28872
28873
28878
28885
28897
28897
28907
28907
28911
28913
28913
28920
28920
28921
28925
28927
28928
28929
28931
28937
28937
28942
28948
28951
28956
28961
28961
28963
28963
28965
28977
28981
28984
28988
28990
28993
28993
28997
29001
29007
29007
29009
29010
29011
29014
29017
29017
29020
29022
29023
29023
29038
29041
29044
29044
29048
29055
29055
29058
29060
29065
29067
29074
29077
29077
29078
29080
29084
29095
29100
29103
29105
29109
29110
29110
29112
29114
29116
29121
29121
29121
29125
29126
29126
29127
29127
29130
29151
29151
29155
29156
29165
29168
29170
29175
29179
29181
29184
29189
29191
29191
29197
29201
29205
29208
29210
29211
29211
29215
29216
29217
29221
29221
29222
29224
29239
29244
29245
29250
29253
29253
29256
29262
29263
29272
29275
29276
29276
29279
29281
29281
29286
29286
29288
29290
29292
29294
29296
29303
29306
29307
29310
29312
29312
29313
29315
29316
29317
29318
29319
29321
29327
29331
29340
29344
29344
29344
29348
29351
29351
29355
29362
29363
29367
29372
29372
29372
29374
29383
29386
29388
29392
29393
29397
29397
29398
29403
29410
29413
29419
29419
29420
29420
29421
29424
29425
29427
29429
29430
29430
29432
29435
29447
29450
29451
29453
29456
29458
29459
29460
29465
29466
29470
29472
29472
29475
29478
29481
29485
29488
29489
29490
29494
29496
29505
29505
29505
29512
29514
29521
29527
29530
29533
29535
29536
29541
29545
29547
29554
29555
29556
29556
29557
29559
29559
29561
29569
29569
29570
29573
29574
29575
29577
29586
29586
29590
29591
29592
29600
29606
29619
29619
29620
29624
29628
29630
29633
29637
29639
29645
29646
29650
29652
29654
29656
29658
29658
29662
29670
29675
29681
29682
29683
29687
29689
29692
29694
29695
29701
29711
29717
29718
29718
29719
29720
29727
29730
29731
29734
29735
29736
29738
29742
29750
29757
29760
29763
29785
29786
29786
29792
29792
29793
29794
29794
29795
29803
29809
29809
29810
29812
29815
29816
29817
29825
29827
29828
29838
29839
29840
29840
29845
29846
29850
29853
29855
29856
29859
29861
29870
29874
29874
29877
29878
29878
29882
29883
29885
29885
29889
29891
29898
29899
29904
29907
29907
29907
29912
29915
29916
29917
29921
29922
29926
29927
29929
29929
29932
29936
29939
29947
29952
29955
29955
29956
29957
29962
29964
29972
29978
29983
29984
29990
29996
28034
5
28029
