10000
0
3
7
7
10
12
14
15
19
25
30
35
42
42
47
47
50
54
54
56
57
58
65
67
68
70
71
76
81
82
84
84
84
85
88
88
93
95
97
98
99
100
102
106
106
110
111
114
120
120
122
124
126
129
129
132
134
135
138
141
147
149
154
162
164
165
167
167
175
176
177
178
178
184
184
185
191
194
195
202
204
206
209
212
225
226
230
234
237
247
248
256
260
263
268
275
275
277
282
289
293
293
293
304
314
318
321
321
324
330
335
335
335
338
342
347
351
352
353
357
364
365
367
370
370
370
370
372
374
375
381
382
385
392
392
395
398
398
399
400
402
405
405
408
410
413
414
420
421
422
423
424
426
426
426
431
434
438
438
439
441
445
446
448
452
457
461
462
468
469
469
473
474
476
478
482
482
483
485
486
487
489
494
502
504
506
508
509
509
514
519
522
527
528
528
534
537
540
546
549
557
559
564
565
566
567
569
569
574
576
580
581
586
591
593
602
604
610
612
613
632
633
641
643
645
661
663
663
664
665
667
670
674
674
676
685
688
695
698
702
708
709
710
712
716
717
718
721
721
725
727
727
729
729
736
739
744
746
746
749
750
751
751
753
757
762
763
765
765
767
768
770
781
783
785
790
792
797
799
799
800
814
814
816
821
822
834
834
842
848
848
854
859
863
865
866
870
871
875
878
879
880
882
886
888
888
892
900
903
911
911
918
919
921
925
928
930
945
945
948
952
956
959
962
963
963
965
966
967
967
967
970
972
973
977
978
979
982
984
987
993
995
996
997
1007
1008
1012
1014
1018
1020
1024
1025
1025
1026
1032
1034
1035
1039
1040
1048
1050
1053
1054
1054
1064
1066
1066
1069
1072
1073
1074
1075
1076
1077
1080
1080
1083
1086
1089
1090
1091
1095
1096
1097
1107
1110
1111
1116
1126
1127
1132
1132
1133
1137
1140
1148
1152
1155
1155
1156
1156
1157
1167
1167
1170
1172
1176
1180
1180
1182
1190
1191
1191
1192
1194
1196
1206
1209
1210
1216
1220
1221
1224
1225
1226
1228
1228
1230
1233
1237
1238
1239
1240
1241
1241
1244
1248
1249
1250
1251
1253
1253
1257
1259
1260
1261
1264
1265
1268
1273
1274
1278
1280
1281
1285
1285
1290
1290
1290
1290
1291
1294
1296
1297
1301
1301
1302
1308
1310
1317
1318
1322
1324
1324
1325
1328
1333
1340
1352
1363
1369
1372
1376
1378
1381
1385
1385
1388
1388
1389
1390
1391
1393
1398
1410
1416
1416
1418
1423
1431
1431
1435
1438
1445
1447
1448
1450
1452
1452
1454
1454
1459
1461
1461
1464
1464
1465
1469
1472
1478
1479
1483
1484
1486
1488
1488
1493
1493
1502
1505
1508
1508
1516
1520
1523
1524
1527
1528
1539
1539
1541
1543
1545
1547
1552
1555
1557
1563
1564
1565
1566
1570
1576
1582
1584
1591
1602
1602
1605
1611
1614
1614
1626
1627
1628
1635
1636
1639
1642
1642
1644
1646
1653
1653
1653
1657
1657
1659
1659
1666
1668
1672
1673
1674
1676
1676
1679
1682
1685
1685
1687
1691
1694
1695
1700
1702
1716
1717
1717
1718
1720
1725
1729
1730
1739
1742
1743
1743
1744
1746
1749
1752
1756
1762
1763
1774
1775
1783
1785
1786
1789
1795
1815
1817
1819
1823
1826
1826
1829
1840
1840
1841
1843
1844
1848
1852
1853
1856
1856
1857
1859
1861
1871
1877
1877
1880
1882
1894
1894
1897
1897
1900
1902
1902
1903
1903
1904
1904
1906
1908
1913
1914
1918
1920
1922
1926
1929
1935
1936
1936
1938
1944
1947
1948
1950
1951
1952
1955
1961
1961
1962
1966
1967
1967
1967
1976
1979
1981
1984
1985
1986
1988
1988
1991
1993
1993
1994
1998
2001
2010
2012
2013
2013
2015
2016
2019
2027
2028
2033
2039
2039
2043
2047
2049
2051
2059
2059
2065
2066
2069
2069
2075
2083
2098
2101
2102
2107
2120
2121
2125
2129
2130
2132
2132
2132
2133
2135
2136
2136
2139
2148
2148
2150
2152
2156
2159
2162
2164
2166
2168
2170
2172
2174
2176
2179
2181
2188
2190
2202
2218
2222
2226
2234
2235
2239
2240
2244
2244
2263
2265
2266
2268
2271
2273
2279
2286
2288
2290
2291
2291
2292
2294
2295
2298
2298
2300
2305
2306
2307
2317
2317
2327
2328
2333
2333
2337
2342
2345
2348
2355
2355
2360
2362
2363
2367
2376
2377
2377
2380
2381
2381
2384
2384
2386
2396
2396
2404
2405
2407
2412
2414
2416
2419
2426
2426
2427
2431
2432
2435
2438
2442
2457
2461
2465
2467
2470
2474
2475
2477
2482
2483
2488
2500
2501
2503
2507
2516
2519
2519
2523
2526
2531
2531
2540
2542
2545
2548
2548
2549
2551
2551
2552
2555
2562
2562
2562
2566
2570
2572
2577
2581
2584
2591
2598
2599
2601
2602
2605
2609
2616
2622
2635
2637
2640
2648
2649
2649
2663
2665
2678
2679
2680
2682
2688
2689
2693
2703
2704
2704
2708
2712
2713
2716
2717
2719
2720
2724
2729
2730
2731
2739
2744
2746
2752
2754
2761
2764
2766
2767
2768
2772
2772
2774
2774
2775
2775
2778
2782
2784
2794
2797
2797
2797
2799
2810
2811
2814
2819
2819
2823
2825
2828
2829
2835
2839
2843
2848
2854
2854
2855
2856
2858
2861
2867
2868
2868
2868
2881
2888
2892
2895
2897
2899
2902
2903
2906
2907
2922
2924
2924
2925
2926
2929
2932
2934
2936
2936
2939
2941
2941
2943
2948
2951
2951
2958
2961
2966
2977
2979
2983
2987
2993
2997
3010
3011
3012
3016
3017
3019
3024
3026
3028
3042
3048
3056
3060
3062
3067
3069
3070
3071
3073
3075
3075
3084
3095
3095
3097
3104
3106
3112
3113
3116
3116
3119
3120
3122
3124
3126
3127
3128
3129
3129
3136
3139
3140
3140
3149
3150
3152
3158
3162
3163
3164
3166
3170
3173
3175
3186
3187
3187
3189
3192
3194
3197
3199
3204
3205
3206
3207
3214
3214
3218
3219
3219
3220
3222
3224
3228
3233
3234
3238
3241
3243
3248
3249
3256
3265
3271
3272
3273
3276
3278
3279
3288
3290
3292
3296
3301
3305
3305
3313
3315
3321
3322
3323
3324
3326
3327
3327
3329
3339
3340
3346
3348
3351
3354
3358
3361
3362
3362
3373
3374
3376
3376
3378
3379
3381
3399
3400
3401
3401
3403
3403
3404
3409
3412
3413
3418
3420
3420
3424
3431
3433
3439
3443
3443
3447
3454
3455
3458
3458
3459
3461
3468
3469
3471
3472
3474
3474
3479
3480
3483
3485
3485
3488
3489
3496
3496
3499
3501
3502
3510
3515
3518
3521
3523
3524
3525
3525
3528
3530
3531
3532
3533
3540
3544
3547
3553
3553
3560
3565
3566
3570
3571
3575
3576
3576
3581
3581
3582
3582
3583
3583
3586
3587
3594
3594
3603
3607
3609
3612
3625
3629
3633
3640
3648
3653
3654
3656
3662
3663
3667
3670
3674
3678
3678
3692
3693
3705
3706
3706
3707
3711
3715
3718
3722
3722
3723
3733
3734
3735
3737
3737
3740
3744
3746
3747
3747
3751
3754
3754
3754
3763
3766
3767
3768
3770
3772
3774
3775
3777
3789
3796
3799
3801
3802
3805
3809
3810
3815
3824
3824
3825
3826
3826
3829
3831
3834
3834
3838
3839
3846
3846
3847
3855
3861
3862
3863
3874
3875
3876
3878
3883
3885
3892
3895
3896
3898
3899
3899
3902
3907
3907
3909
3914
3921
3921
3923
3924
3925
3929
3930
3932
3942
3942
3944
3948
3950
3950
3951
3952
3966
3966
3969
3969
3970
3971
3972
3973
3976
3981
3983
3987
3991
3991
3997
3998
4001
4007
4008
4012
4012
4013
4013
4015
4016
4018
4020
4021
4027
4029
4032
4038
4040
4053
4055
4056
4060
4063
4078
4080
4083
4086
4095
4095
4107
4111
4122
4126
4130
4132
4134
4135
4136
4137
4146
4151
4152
4155
4160
4161
4164
4165
4165
4166
4169
4171
4171
4179
4183
4185
4187
4187
4189
4190
4193
4204
4205
4212
4212
4217
4218
4223
4223
4224
4227
4233
4235
4236
4237
4242
4244
4244
4245
4248
4251
4255
4264
4266
4266
4270
4273
4275
4280
4285
4286
4292
4298
4300
4304
4308
4312
4314
4317
4317
4318
4321
4322
4322
4322
4328
4330
4332
4333
4335
4337
4340
4343
4346
4347
4348
4350
4351
4352
4354
4358
4358
4361
4363
4364
4364
4365
4365
4366
4366
4366
4369
4373
4374
4384
4385
4389
4391
4393
4395
4396
4398
4399
4404
4405
4411
4412
4412
4413
4415
4424
4428
4432
4439
4441
4442
4443
4448
4448
4455
4455
4461
4464
4467
4473
4473
4478
4479
4483
4484
4485
4496
4499
4500
4505
4509
4510
4512
4513
4516
4516
4519
4521
4523
4525
4528
4528
4530
4533
4533
4535
4538
4539
4539
4541
4541
4543
4545
4548
4548
4553
4554
4561
4562
4569
4570
4579
4580
4583
4585
4587
4588
4589
4591
4592
4593
4594
4594
4603
4607
4612
4616
4624
4629
4631
4642
4643
4644
4646
4651
4658
4658
4659
4663
4666
4667
4673
4673
4677
4677
4679
4682
4683
4686
4686
4690
4693
4695
4696
4696
4697
4697
4698
4702
4702
4703
4704
4708
4708
4710
4712
4715
4719
4721
4722
4726
4726
4728
4729
4732
4732
4742
4743
4744
4745
4747
4750
4750
4751
4766
4770
4771
4774
4775
4781
4784
4784
4785
4790
4798
4802
4803
4804
4807
4807
4818
4818
4820
4821
4823
4827
4832
4837
4843
4843
4844
4846
4847
4848
4849
4849
4853
4854
4864
4868
4870
4876
4878
4882
4885
4891
4900
4902
4903
4906
4911
4913
4915
4916
4917
4923
4927
4934
4936
4941
4944
4949
4953
4953
4954
4954
4956
4967
4970
4976
4977
4981
4987
4991
4991
5002
5002
5003
5003
5005
5007
5008
5016
5023
5023
5024
5028
5029
5030
5031
5031
5034
5040
5040
5041
5052
5053
5060
5064
5068
5085
5086
5088
5091
5091
5091
5092
5096
5097
5098
5103
5104
5106
5106
5108
5112
5116
5118
5119
5123
5124
5124
5128
5130
5131
5132
5132
5133
5137
5146
5148
5150
5151
5151
5165
5167
5169
5171
5175
5177
5181
5189
5190
5190
5190
5194
5203
5213
5213
5214
5219
5220
5223
5226
5229
5229
5230
5235
5242
5242
5246
5250
5250
5250
5258
5265
5267
5269
5272
5277
5277
5280
5283
5283
5288
5290
5291
5298
5298
5301
5303
5306
5311
5312
5313
5314
5314
5315
5316
5320
5322
5324
5326
5328
5333
5335
5336
5337
5337
5347
5347
5348
5349
5354
5360
5363
5364
5365
5368
5369
5372
5372
5375
5378
5379
5381
5391
5391
5394
5396
5397
5398
5399
5407
5408
5410
5410
5412
5412
5413
5417
5421
5422
5429
5443
5445
5447
5452
5452
5463
5466
5467
5468
5470
5472
5474
5474
5477
5482
5484
5484
5485
5492
5495
5499
5500
5501
5508
5510
5513
5513
5515
5517
5519
5529
5534
5535
5542
5560
5573
5574
5576
5583
5586
5592
5592
5594
5603
5605
5609
5611
5613
5614
5618
5621
5623
5628
5634
5635
5640
5647
5651
5652
5653
5655
5656
5659
5661
5663
5664
5665
5665
5666
5671
5671
5673
5674
5676
5682
5683
5688
5696
5697
5702
5706
5707
5708
5710
5713
5718
5720
5720
5721
5722
5733
5737
5739
5739
5742
5748
5749
5751
5753
5755
5759
5759
5760
5761
5765
5767
5772
5777
5777
5778
5779
5781
5786
5787
5787
5792
5797
5798
5800
5800
5802
5817
5819
5820
5820
5820
5824
5830
5830
5830
5844
5857
5859
5860
5861
5866
5872
5872
5879
5891
5899
5907
5909
5909
5911
5914
5916
5918
5920
5921
5923
5930
5930
5931
5931
5935
5936
5939
5942
5944
5949
5949
5957
5963
5967
5967
5969
5970
5971
5977
5978
5978
5987
5988
6003
6003
6011
6019
6023
6027
6029
6033
6034
6034
6039
6041
6046
6053
6054
6054
6055
6055
6062
6068
6070
6072
6073
6073
6075
6083
6083
6085
6093
6096
6102
6103
6109
6120
6130
6137
6150
6156
6156
6158
6158
6161
6163
6166
6166
6167
6168
6171
6172
6174
6181
6181
6182
6183
6192
6209
6215
6215
6219
6223
6225
6225
6228
6228
6236
6243
6245
6245
6250
6251
6254
6255
6258
6258
6260
6261
6266
6273
6279
6281
6283
6285
6286
6290
6292
6292
6292
6295
6297
6297
6300
6304
6307
6308
6309
6317
6320
6321
6321
6324
6324
6327
6331
6335
6336
6340
6341
6343
6344
6344
6344
6346
6348
6352
6353
6353
6354
6356
6356
6356
6370
6371
6372
6373
6373
6375
6379
6380
6385
6386
6386
6391
6398
6401
6403
6404
6405
6406
6408
6411
6415
6421
6421
6423
6425
6432
6433
6433
6441
6441
6443
6444
6452
6453
6455
6457
6460
6470
6471
6475
6481
6482
6489
6490
6499
6499
6499
6500
6501
6502
6505
6508
6517
6518
6518
6521
6521
6523
6524
6525
6526
6531
6532
6540
6544
6547
6547
6547
6562
6565
6568
6571
6573
6575
6579
6581
6581
6586
6589
6590
6590
6594
6595
6598
6599
6600
6601
6603
6605
6605
6606
6606
6608
6610
6610
6611
6612
6612
6622
6626
6628
6628
6631
6631
6632
6634
6635
6636
6638
6640
6641
6644
6646
6653
6659
6660
6665
6668
6672
6686
6686
6687
6688
6693
6695
6700
6703
6705
6708
6709
6711
6711
6715
6717
6717
6722
6723
6730
6734
6734
6736
6737
6739
6741
6741
6743
6745
6749
6749
6757
6760
6763
6766
6769
6770
6771
6772
6775
6777
6778
6778
6785
6786
6787
6790
6791
6793
6797
6798
6799
6802
6804
6814
6815
6824
6824
6830
6831
6835
6835
6837
6837
6838
6845
6851
6854
6854
6864
6870
6875
6877
6878
6880
6885
6890
6894
6895
6895
6898
6898
6914
6920
6921
6921
6925
6926
6927
6935
6937
6938
6938
6939
6941
6945
6945
6946
6950
6952
6953
6954
6955
6957
6963
6964
6964
6964
6965
6967
6969
6975
6982
6983
6986
6989
6994
6996
7002
7004
7007
7009
7010
7012
7014
7020
7022
7033
7042
7047
7049
7059
7060
7060
7063
7064
7066
7066
7066
7070
7071
7073
7075
7079
7082
7083
7097
7098
7102
7105
7108
7109
7111
7118
7119
7121
7123
7128
7133
7138
7149
7162
7165
7165
7166
7169
7173
7177
7178
7178
7179
7189
7189
7192
7196
7211
7212
7219
7221
7222
7237
7237
7241
7245
7248
7250
7257
7259
7259
7260
7265
7273
7278
7278
7278
7279
7282
7285
7286
7286
7291
7291
7291
7294
7295
7295
7296
7296
7299
7302
7305
7307
7307
7308
7309
7315
7320
7325
7328
7333
7341
7345
7350
7352
7356
7360
7363
7366
7369
7375
7375
7377
7377
7378
7378
7382
7383
7385
7391
7392
7394
7396
7397
7401
7408
7408
7416
7419
7420
7421
7424
7428
7430
7432
7441
7445
7448
7457
7460
7464
7467
7471
7473
7475
7478
7481
7485
7486
7487
7487
7488
7489
7489
7489
7498
7500
7502
7504
7504
7507
7510
7523
7525
7525
7526
7526
7527
7531
7542
7542
7546
7547
7554
7562
7573
7574
7576
7581
7584
7585
7587
7589
7594
7598
7604
7608
7614
7615
7616
7620
7620
7620
7621
7625
7626
7627
7631
7633
7634
7634
7638
7638
7643
7644
7647
7647
7656
7659
7662
7663
7668
7673
7674
7684
7684
7686
7688
7688
7691
7696
7696
7697
7697
7702
7704
7705
7707
7709
7711
7712
7712
7716
7722
7729
7730
7734
7737
7742
7744
7745
7746
7751
7753
7755
7757
7762
7767
7771
7772
7777
7779
7780
7782
7784
7788
7792
7793
7794
7795
7797
7798
7804
7804
7805
7805
7816
7822
7826
7829
7829
7831
7835
7835
7838
7846
7847
7849
7860
7863
7864
7865
7866
7867
7867
7867
7872
7874
7875
7876
7878
7892
7893
7897
7898
7898
7900
7901
7903
7906
7907
7909
7910
7911
7911
7911
7912
7923
7936
7937
7938
7944
7946
7946
7947
7947
7950
7956
7960
7961
7965
7968
7969
7970
7971
7973
7976
7976
7979
7986
7994
7994
7998
8001
8001
8005
8009
8019
8019
8039
8041
8042
8044
8045
8046
8058
8058
8072
8076
8079
8084
8084
8099
8103
8104
8108
8108
8116
8117
8121
8122
8124
8125
8127
8127
8130
8130
8132
8132
8136
8136
8139
8143
8155
8158
8158
8159
8162
8169
8171
8179
8180
8183
8184
8189
8191
8205
8208
8210
8211
8220
8221
8227
8229
8233
8233
8237
8237
8240
8240
8242
8245
8246
8248
8257
8260
8262
8262
8263
8266
8270
8271
8273
8276
8276
8279
8281
8284
8298
8300
8307
8311
8312
8316
8318
8320
8323
8325
8326
8327
8327
8327
8328
8329
8336
8344
8345
8352
8357
8360
8362
8362
8368
8368
8370
8376
8378
8381
8383
8384
8391
8392
8397
8399
8403
8412
8413
8416
8422
8423
8425
8428
8442
8443
8444
8446
8447
8455
8457
8461
8464
8465
8475
8476
8480
8482
8483
8484
8489
8491
8496
8500
8501
8502
8503
8506
8506
8507
8507
8521
8524
8527
8527
8530
8532
8533
8536
8537
8538
8538
8538
8539
8542
8551
8557
8560
8562
8564
8566
8567
8571
8580
8580
8583
8587
8593
8594
8594
8595
8595
8601
8615
8616
8623
8626
8626
8627
8630
8637
8639
8645
8658
8663
8664
8665
8668
8670
8671
8671
8672
8673
8674
8676
8677
8677
8678
8680
8683
8684
8687
8689
8699
8702
8705
8705
8707
8712
8712
8712
8712
8714
8724
8724
8728
8732
8732
8733
8733
8734
8737
8738
8740
8743
8745
8746
8747
8752
8756
8760
8769
8781
8783
8786
8789
8790
8791
8791
8793
8795
8795
8796
8802
8805
8807
8808
8813
8813
8814
8819
8821
8822
8823
8832
8832
8834
8835
8836
8841
8842
8842
8845
8847
8850
8855
8859
8860
8864
8877
8880
8886
8888
8895
8898
8900
8902
8902
8905
8907
8919
8920
8920
8925
8926
8928
8930
8931
8934
8938
8940
8942
8943
8945
8949
8950
8958
8960
8964
8965
8965
8970
8973
8988
8988
8992
8994
8994
8998
9000
9005
9007
9011
9014
9018
9018
9020
9021
9022
9026
9029
9033
9039
9040
9040
9048
9049
9049
9049
9053
9054
9056
9060
9062
9063
9065
9067
9068
9074
9075
9076
9080
9082
9086
9096
9102
9105
9107
9107
9108
9113
9119
9121
9133
9133
9133
9134
9137
9138
9138
9140
9151
9154
9155
9157
9161
9167
9167
9169
9173
9173
9174
9174
9176
9177
9185
9189
9190
9193
9201
9203
9203
9204
9204
9204
9206
9206
9210
9211
9214
9215
9218
9220
9221
9223
9225
9229
9235
9235
9240
9241
9243
9246
9248
9249
9250
9251
9254
9264
9265
9268
9271
9277
9279
9289
9292
9292
9297
9303
9303
9312
9315
9317
9318
9322
9324
9325
9332
9338
9341
9341
9342
9344
9346
9347
9347
9349
9356
9358
9362
9362
9364
9367
9369
9374
9374
9382
9387
9390
9392
9400
9401
9404
9405
9405
9408
9410
9412
9414
9415
9423
9423
9424
9426
9434
9435
9444
9451
9453
9455
9455
9461
9462
9478
9480
9483
9483
9483
9489
9494
9499
9501
9505
9506
9506
9509
9510
9511
9514
9515
9535
9536
9538
9542
9543
9545
9549
9552
9554
9562
9563
9564
9569
9571
9571
9582
9586
9595
9596
9599
9600
9609
9613
9617
9620
9636
9636
9637
9644
9644
9645
9648
9652
9655
9660
9662
9668
9669
9670
9673
9678
9680
9686
9692
9693
9695
9696
9696
9698
9699
9699
9701
9702
9702
9708
9721
9722
9723
9725
9729
9733
9734
9737
9741
9742
9744
9746
9751
9752
9752
9759
9763
9769
9770
9770
9774
9775
9775
9776
9777
9779
9782
9787
9790
9791
9799
9802
9802
9815
9815
9817
9823
9832
9832
9837
9842
9845
9849
9856
9862
9863
9870
9873
9878
9879
9883
9885
9885
9896
9899
9900
9900
9904
9908
9911
9919
9919
9920
9920
9920
9925
9927
9930
9933
9934
9934
9935
9937
9945
9948
9951
9953
9953
9955
9959
9959
9960
9960
9961
9961
9965
9966
9973
9979
9980
9981
9982
9984
9984
9985
9989
9989
9993
9994
9999
9999
10000
10002
10005
10006
10008
10010
10012
10014
10015
10016
10019
10027
10029
10033
10040
10040
10043
10045
10054
10064
10072
10088
10090
10095
10096
10100
10101
10102
10106
10107
10112
10113
10116
10118
10118
10126
10128
10128
10130
10131
10148
10148
10153
10156
10157
10164
10169
10174
10176
10178
10180
10187
10197
10197
10198
10200
10206
10207
10213
10217
10218
10223
10223
10225
10231
10232
10237
10247
10251
10251
10254
10260
10261
10261
10263
10266
10267
10269
10272
10274
10276
10279
10281
10282
10286
10287
10294
10296
10297
10302
10303
10304
10305
10306
10308
10311
10315
10317
10318
10324
10324
10324
10326
10329
10335
10338
10339
10347
10348
10355
10356
10359
10363
10365
10365
10365
10370
10370
10371
10373
10381
10384
10385
10388
10389
10391
10393
10394
10398
10402
10412
10427
10427
10432
10444
10446
10446
10447
10451
10458
10459
10463
10464
10470
10470
10472
10474
10474
10474
10483
10484
10486
10487
10490
10491
10496
10497
10508
10508
10517
10521
10523
10526
10529
10529
10531
10531
10534
10538
10538
10546
10555
10557
10557
10558
10560
10568
10573
10583
10585
10590
10596
10597
10601
10608
10618
10618
10619
10620
10628
10635
10635
10641
10644
10646
10652
10653
10657
10659
10663
10664
10666
10667
10672
10675
10676
10678
10680
10680
10681
10685
10687
10690
10691
10696
10697
10698
10701
10702
10703
10704
10705
10713
10721
10722
10724
10728
10728
10729
10730
10736
10740
10742
10750
10752
10755
10755
10758
10759
10759
10762
10764
10770
10776
10780
10786
10788
10790
10790
10792
10793
10798
10799
10802
10810
10815
10818
10821
10829
10829
10845
10849
10852
10852
10855
10858
10866
10877
10878
10882
10884
10886
10887
10890
10891
10891
10891
10892
10896
10897
10906
10906
10907
10908
10910
10910
10911
10914
10915
10918
10928
10931
10932
10933
10934
10934
10937
10941
10949
10952
10954
10955
10957
10958
10959
10961
10963
10963
10964
10968
10974
10986
11022
11028
11029
11030
11033
11035
11037
11045
11045
11047
11047
11050
11053
11054
11061
11063
11063
11068
11071
11072
11075
11085
11087
11091
11092
11098
11098
11101
11101
11104
11105
11111
11112
11114
11115
11119
11121
11122
11123
11130
11132
11132
11138
11139
11139
11149
11150
11152
11155
11157
11161
11163
11165
11166
11167
11168
11171
11172
11176
11176
11182
11184
11185
11192
11193
11199
11207
11208
11210
11212
11213
11215
11215
11215
11220
11223
11224
11225
11226
11226
11227
11231
11233
11233
11237
11239
11241
11241
11242
11245
11246
11250
11251
11251
11253
11255
11258
11264
11276
11277
11277
11282
11282
11284
11304
11306
11311
11311
11313
11317
11324
11326
11327
11331
11334
11334
11338
11348
11348
11348
11351
11352
11356
11359
11363
11365
11368
11370
11373
11381
11381
11382
11382
11391
11393
11399
11402
11403
11405
11406
11412
11415
11424
11424
11427
11434
11434
11435
11435
11438
11438
11444
11445
11448
11463
11464
11467
11467
11468
11472
11473
11477
11481
11489
11493
11496
11497
11499
11501
11504
11510
11510
11524
11525
11525
11527
11535
11538
11538
11538
11539
11540
11546
11551
11552
11555
11555
11555
11556
11556
11556
11557
11557
11574
11576
11582
11583
11585
11586
11587
11587
11597
11598
11601
11607
11608
11610
11611
11612
11613
11614
11614
11619
11619
11620
11620
11622
11623
11623
11624
11628
11631
11632
11632
11636
11638
11645
11647
11647
11648
11648
11649
11652
11661
11662
11662
11663
11663
11665
11665
11667
11668
11672
11672
11683
11683
11691
11691
11692
11692
11710
11712
11712
11713
11722
11725
11727
11735
11746
11748
11749
11751
11753
11754
11759
11760
11761
11763
11763
11765
11778
11781
11781
11782
11782
11786
11786
11787
11791
11794
11799
11800
11806
11809
11809
11809
11820
11821
11825
11829
11829
11829
11830
11833
11838
11838
11840
11840
11842
11842
11845
11847
11851
11852
11857
11865
11867
11867
11867
11868
11871
11873
11875
11877
11878
11880
11880
11881
11883
11885
11890
11894
11899
11906
11908
11910
11918
11918
11920
11927
11928
11932
11939
11945
11945
11947
11947
11948
11953
11958
11961
11961
11966
11967
11970
11977
11986
11994
11996
11996
11998
11998
11999
12000
12003
12003
12004
12010
12013
12016
12023
12023
12027
12044
12045
12045
12046
12052
12066
12068
12073
12076
12078
12080
12081
12084
12090
12093
12099
12100
12102
12103
12117
12119
12120
12121
12121
12124
12126
12129
12130
12135
12136
12140
12141
12143
12147
12149
12151
12152
12155
12157
12164
12165
12169
12176
12177
12179
12182
12183
12184
12203
12206
12206
12207
12208
12215
12217
12218
12221
12229
12230
12231
12236
12241
12243
12247
12251
12251
12251
12253
12256
12256
12257
12259
12264
12264
12265
12267
12275
12275
12276
12283
12286
12288
12289
12292
12296
12299
12299
12309
12315
12321
12324
12328
12328
12329
12329
12333
12337
12341
12342
12344
12346
12347
12348
12349
12354
12359
12359
12361
12365
12369
12369
12369
12370
12370
12372
12372
12375
12377
12381
12381
12385
12386
12390
12390
12397
12400
12404
12417
12419
12420
12420
12423
12426
12430
12438
12440
12441
12445
12446
12453
12453
12455
12456
12465
12466
12468
12469
12479
12481
12485
12487
12496
12497
12498
12499
12502
12504
12504
12505
12507
12509
12509
12510
12512
12513
12515
12516
12519
12520
12525
12526
12530
12532
12533
12535
12542
12543
12545
12545
12545
12547
12551
12552
12552
12553
12560
12561
12564
12565
12568
12572
12573
12573
12576
12578
12589
12592
12593
12594
12611
12614
12614
12618
12622
12624
12630
12633
12635
12636
12640
12643
12645
12647
12651
12652
12653
12654
12657
12661
12666
12668
12672
12682
12683
12688
12699
12699
12701
12709
12710
12728
12729
12730
12737
12740
12740
12742
12743
12751
12753
12758
12759
12763
12764
12766
12766
12767
12768
12770
12772
12773
12773
12775
12788
12794
12795
12795
12796
12800
12804
12805
12810
12811
12813
12813
12819
12825
12828
12834
12835
12840
12840
12841
12842
12842
12843
12844
12854
12861
12870
12871
12871
12872
12875
12883
12884
12897
12899
12900
12903
12903
12907
12909
12912
12921
12927
12929
12930
12930
12933
12935
12936
12938
12939
12949
12951
12954
12959
12960
12960
12965
12968
12969
12971
12974
12978
12980
12981
12993
12995
12997
13006
13007
13009
13013
13016
13017
13018
13018
13019
13035
13039
13040
13044
13046
13047
13048
13057
13061
13065
13066
13074
13075
13076
13084
13091
13094
13094
13098
13102
13104
13108
13109
13111
13112
13114
13120
13125
13133
13133
13137
13137
13138
13139
13143
13149
13151
13156
13157
13163
13166
13168
13174
13176
13179
13184
13185
13198
13198
13200
13207
13207
13213
13215
13215
13229
13237
13239
13243
13244
13244
13246
13249
13253
13256
13259
13259
13260
13262
13266
13267
13268
13269
13270
13271
13275
13276
13290
13291
13301
13302
13314
13324
13333
13346
13349
13351
13353
13356
13361
13361
13363
13365
13367
13372
13375
13377
13378
13387
13388
13391
13402
13409
13409
13410
13411
13413
13415
13424
13424
13426
13428
13428
13428
13438
13443
13445
13449
13458
13458
13459
13460
13461
13467
13472
13472
13472
13473
13473
13478
13482
13487
13494
13496
13497
13500
13501
13506
13511
13513
13516
13516
13517
13519
13523
13525
13528
13529
13531
13531
13535
13539
13542
13546
13547
13550
13550
13553
13554
13561
13561
13562
13566
13566
13576
13576
13578
13581
13581
13581
13589
13596
13603
13603
13607
13609
13614
13615
13616
13621
13624
13626
13633
13634
13642
13648
13648
13650
13655
13664
13667
13667
13668
13669
13671
13672
13673
13678
13679
13686
13687
13690
13699
13701
13702
13715
13725
13726
13733
13734
13735
13738
13738
13739
13739
13741
13743
13743
13746
13751
13751
13760
13762
13768
13771
13772
13773
13777
13778
13779
13780
13780
13781
13784
13788
13788
13788
13789
13790
13792
13794
13795
13795
13800
13802
13802
13805
13808
13812
13813
13817
13826
13830
13831
13832
13834
13836
13840
13840
13842
13849
13853
13858
13863
13865
13870
13870
13875
13880
13886
13888
13897
13899
13901
13903
13904
13905
13908
13913
13915
13921
13926
13926
13928
13929
13932
13933
13935
13937
13939
13940
13945
13947
13953
13954
13959
13966
13971
13976
13979
13982
13982
13982
13986
13986
13998
14001
14002
14003
14003
14005
14009
14009
14009
14014
14017
14018
14020
14020
14021
14030
14052
14054
14056
14057
14069
14075
14078
14078
14079
14079
14084
14084
14089
14091
14095
14100
14106
14107
14107
14110
14112
14112
14114
14117
14122
14123
14124
14128
14129
14134
14134
14136
14144
14145
14148
14148
14149
14152
14154
14155
14156
14157
14158
14166
14170
14171
14172
14176
14178
14180
14184
14187
14189
14192
14193
14198
14200
14201
14203
14204
14213
14215
14216
14219
14221
14221
14229
14231
14250
14252
14255
14256
14257
14258
14260
14262
14263
14267
14267
14269
14275
14277
14279
14281
14282
14295
14303
14303
14304
14307
14311
14315
14316
14322
14324
14325
14327
14327
14328
14328
14330
14335
14335
14339
14340
14341
14342
14347
14352
14354
14358
14359
14359
14360
14360
14366
14369
14369
14369
14371
14375
14386
14388
14388
14390
14391
14391
14392
14392
14393
14394
14395
14395
14399
14404
14406
14410
14430
14432
14434
14441
14443
14443
14446
14450
14452
14453
14454
14457
14459
14464
14465
14466
14467
14471
14471
14472
14477
14477
14478
14482
14483
14483
14490
14491
14494
14496
14502
14511
14515
14518
14525
14526
14527
14530
14535
14535
14536
14538
14544
14545
14547
14549
14550
14551
14555
14556
14567
14568
14568
14568
14570
14570
14570
14574
14587
14588
14594
14598
14599
14602
14605
14608
14610
14615
14615
14619
14628
14631
14633
14637
14639
14639
14641
14647
14650
14653
14653
14656
14659
14661
14661
14671
14673
14674
14674
14676
14678
14679
14682
14691
14694
14695
14704
14704
14707
14707
14709
14709
14711
14727
14728
14730
14736
14737
14738
14740
14741
14749
14754
14762
14765
14775
14777
14777
14779
14780
14785
14801
14802
14802
14805
14805
14808
14808
14809
14810
14814
14818
14821
14822
14824
14832
14834
14836
14840
14843
14850
14853
14859
14859
14861
14862
14864
14867
14886
14886
14888
14888
14889
14891
14894
14908
14908
14909
14915
14922
14922
14925
14935
14936
14945
14945
14947
14949
14957
14958
14959
14960
14962
14971
14975
14985
14994
14994
14994
14997
14999
15000
15004
15005
15007
15008
15010
15021
15029
15035
15040
15042
15043
15045
15047
15048
15056
15057
15058
15061
15062
15063
15066
15068
15071
15081
15081
15084
15085
15095
15097
15099
15100
15103
15104
15105
15113
15114
15115
15124
15126
15130
15131
15132
15133
15134
15136
15137
15139
15139
15140
15146
15146
15148
15151
15153
15154
15156
15163
15163
15174
15183
15183
15184
15186
15188
15189
15195
15196
15196
15198
15207
15210
15214
15218
15224
15227
15228
15229
15235
15240
15243
15250
15251
15252
15254
15259
15263
15266
15276
15278
15279
15281
15282
15292
15293
15294
15298
15301
15302
15305
15313
15323
15330
15332
15332
15334
15336
15336
15339
15345
15347
15348
15350
15354
15360
15365
15367
15371
15373
15373
15373
15376
15381
15384
15385
15386
15388
15389
15389
15390
15394
15394
15394
15396
15399
15400
15402
15406
15408
15408
15414
15417
15419
15419
15423
15424
15426
15426
15430
15431
15431
15433
15442
15445
15449
15450
15455
15466
15469
15473
15475
15476
15477
15477
15478
15479
15485
15485
15487
15488
15493
15495
15496
15497
15498
15501
15504
15504
15504
15509
15516
15517
15518
15521
15534
15535
15539
15540
15548
15550
15552
15553
15556
15558
15559
15565
15571
15578
15578
15579
15581
15582
15583
15586
15587
15588
15592
15594
15597
15600
15603
15606
15607
15607
15612
15618
15620
15623
15624
15629
15643
15643
15645
15647
15650
15653
15654
15667
15671
15671
15674
15674
15675
15676
15677
15678
15686
15686
15693
15696
15696
15696
15701
15706
15710
15716
15718
15723
15727
15727
15730
15732
15736
15737
15740
15740
15741
15743
15746
15747
15752
15758
15760
15768
15771
15774
15779
15779
15781
15788
15790
15795
15803
15807
15809
15810
15815
15815
15816
15819
15820
15823
15835
15842
15843
15851
15851
15852
15855
15859
15860
15860
15861
15864
15867
15869
15870
15877
15880
15881
15889
15895
15896
15897
15909
15912
15913
15922
15936
15942
15942
15943
15943
15944
15944
15945
15947
15947
15951
15960
15965
15972
15973
15974
15981
15982
15988
15988
15991
15996
16005
16007
16015
16018
16019
16021
16028
16033
16034
16034
16035
16036
16040
16044
16054
16059
16060
16061
16064
16069
16071
16072
16076
16076
16082
16086
16094
16094
16097
16103
16110
16111
16114
16116
16116
16116
16118
16119
16120
16121
16126
16130
16131
16135
16135
16144
16145
16147
16149
16152
16152
16154
16155
16157
16177
16179
16179
16180
16182
16184
16184
16185
16186
16186
16190
16190
16195
16197
16198
16202
16218
16218
16223
16224
16228
16236
16242
16245
16254
16254
16257
16259
16275
16283
16285
16291
16291
16292
16292
16292
16296
16299
16306
16309
16312
16325
16325
16336
16340
16340
16345
16347
16347
16359
16359
16360
16361
16370
16372
16373
16377
16388
16389
16391
16391
16398
16400
16403
16406
16408
16409
16412
16414
16418
16420
16423
16428
16429
16433
16434
16448
16449
16449
16450
16452
16453
16455
16459
16460
16462
16462
16463
16463
16467
16472
16473
16473
16478
16481
16486
16488
16489
16491
16493
16494
16494
16497
16501
16503
16504
16511
16517
16523
16533
16535
16537
16540
16541
16542
16557
16559
16561
16562
16567
16567
16568
16576
16579
16584
16586
16587
16588
16589
16603
16603
16605
16608
16613
16614
16623
16623
16624
16627
16629
16632
16634
16649
16654
16655
16656
16660
16662
16666
16671
16674
16679
16685
16696
16696
16697
16700
16702
16709
16710
16713
16714
16715
16726
16731
16732
16736
16748
16751
16760
16760
16760
16764
16765
16767
16771
16781
16782
16782
16790
16791
16799
16800
16804
16806
16809
16812
16814
16821
16822
16822
16827
16827
16829
16830
16836
16837
16839
16850
16851
16854
16858
16861
16862
16862
16870
16873
16873
16877
16879
16881
16881
16883
16883
16883
16884
16885
16885
16895
16898
16909
16910
16912
16913
16914
16918
16920
16924
16925
16926
16928
16930
16938
16949
16951
16952
16954
16956
16960
16960
16962
16963
16964
16966
16972
16972
16977
16979
16984
16985
16987
16989
16997
17000
17002
17003
17008
17009
17009
17010
17020
17026
17028
17029
17035
17036
17036
17042
17043
17049
17053
17053
17054
17056
17060
17061
17062
17064
17066
17067
17069
17070
17072
17074
17076
17078
17079
17081
17082
17083
17083
17086
17095
17096
17096
17099
17103
17104
17105
17110
17112
17117
17127
17128
17128
17129
17132
17142
17145
17152
17153
17157
17158
17158
17160
17162
17163
17165
17168
17168
17169
17170
17171
17172
17174
17175
17180
17180
17186
17186
17189
17190
17190
17192
17194
17198
17199
17200
17200
17201
17203
17204
17207
17210
17211
17214
17215
17215
17226
17229
17229
17231
17233
17239
17246
17248
17250
17251
17262
17262
17264
17271
17276
17281
17283
17285
17287
17298
17300
17301
17303
17304
17306
17307
17308
17308
17310
17312
17321
17327
17327
17328
17329
17329
17330
17332
17335
17337
17340
17346
17348
17351
17359
17359
17363
17363
17374
17380
17380
17381
17383
17384
17392
17395
17396
17407
17407
17412
17413
17415
17418
17421
17423
17426
17429
17430
17435
17436
17436
17440
17440
17440
17442
17444
17454
17455
17456
17461
17466
17469
17473
17476
17480
17486
17491
17495
17495
17496
17498
17499
17504
17520
17522
17533
17549
17551
17557
17562
17564
17564
17565
17565
17566
17566
17568
17571
17575
17583
17585
17586
17590
17595
17596
17598
17599
17601
17604
17604
17612
17615
17615
17617
17621
17625
17627
17631
17633
17633
17637
17641
17644
17645
17647
17650
17654
17655
17655
17655
17656
17660
17665
17668
17669
17670
17673
17675
17691
17695
17702
17706
17712
17715
17716
17716
17716
17723
17724
17724
17727
17731
17734
17735
17735
17736
17741
17746
17751
17752
17754
17756
17759
17765
17769
17776
17777
17780
17783
17783
17787
17796
17796
17798
17802
17804
17809
17814
17819
17822
17829
17833
17833
17838
17841
17845
17848
17851
17851
17853
17857
17858
17874
17878
17881
17884
17884
17888
17889
17899
17899
17902
17903
17909
17917
17920
17922
17922
17926
17926
17937
17940
17942
17946
17954
17955
17956
17957
17958
17966
17967
17972
17972
17975
17976
17979
17992
17994
17996
17996
17997
18009
18010
18012
18015
18019
18020
18020
18021
18021
18022
18025
18028
18029
18032
18033
18035
18036
18039
18043
18044
18045
18046
18053
18061
18061
18063
18066
18067
18075
18075
18078
18086
18103
18110
18112
18114
18119
18119
18122
18126
18126
18132
18138
18139
18140
18140
18144
18147
18150
18150
18153
18157
18157
18159
18160
18165
18167
18168
18169
18170
18177
18184
18185
18185
18185
18192
18195
18200
18203
18204
18205
18208
18214
18214
18220
18220
18220
18222
18223
18230
18231
18231
18232
18232
18242
18243
18244
18244
18245
18245
18246
18248
18251
18253
18256
18257
18260
18262
18264
18269
18271
18272
18275
18276
18277
18279
18281
18287
18294
18295
18304
18309
18317
18317
18318
18324
18327
18328
18330
18334
18335
18336
18337
18338
18339
18341
18349
18353
18363
18364
18373
18374
18374
18375
18377
18380
18383
18398
18402
18402
18403
18409
18410
18414
18417
18420
18420
18421
18422
18424
18432
18443
18445
18445
18448
18449
18449
18454
18460
18463
18472
18475
18478
18479
18480
18481
18488
18498
18503
18506
18510
18513
18518
18520
18521
18523
18523
18526
18528
18529
18530
18533
18536
18536
18537
18539
18540
18541
18552
18553
18554
18557
18557
18561
18564
18566
18567
18569
18571
18571
18572
18572
18576
18579
18580
18582
18583
18584
18586
18588
18600
18603
18604
18604
18605
18606
18607
18610
18611
18620
18620
18622
18623
18628
18630
18636
18638
18641
18641
18643
18644
18649
18657
18657
18661
18665
18666
18674
18676
18681
18687
18690
18695
18697
18698
18698
18700
18701
18701
18704
18705
18707
18710
18710
18714
18716
18716
18719
18723
18723
18733
18735
18738
18742
18763
18765
18766
18771
18773
18773
18774
18781
18786
18789
18790
18790
18792
18792
18793
18794
18806
18807
18807
18811
18827
18830
18841
18843
18846
18856
18860
18861
18866
18870
18873
18876
18879
18879
18882
18885
18886
18888
18896
18898
18900
18906
18908
18913
18913
18917
18920
18925
18925
18927
18927
18928
18930
18931
18937
18939
18948
18948
18953
18957
18958
18961
18962
18964
18972
18973
18975
18975
18975
18976
18979
18982
18982
18983
18983
18988
18990
18994
18996
18999
18999
19011
19012
19013
19013
19013
19015
19019
19019
19022
19023
19024
19024
19029
19030
19030
19030
19031
19046
19047
19051
19052
19055
19090
19090
19092
19097
19100
19101
19103
19104
19107
19113
19114
19116
19116
19121
19123
19124
19125
19126
19127
19129
19130
19148
19152
19154
19158
19160
19168
19172
19174
19175
19183
19184
19185
19196
19201
19205
19216
19217
19221
19222
19223
19227
19228
19231
19232
19233
19233
19233
19235
19236
19243
19244
19246
19249
19254
19255
19255
19260
19261
19270
19275
19285
19288
19290
19290
19290
19290
19295
19295
19296
19299
19305
19306
19310
19318
19319
19322
19323
19324
19330
19331
19332
19332
19334
19337
19342
19344
19348
19352
19354
19357
19358
19360
19364
19365
19369
19381
19381
19385
19390
19393
19395
19397
19399
19404
19412
19413
19413
19416
19419
19422
19425
19428
19431
19438
19439
19439
19441
19452
19452
19455
19455
19455
19459
19459
19460
19464
19465
19478
19484
19496
19498
19500
19504
19509
19512
19514
19516
19517
19519
19520
19522
19526
19528
19535
19539
19542
19546
19547
19549
19553
19555
19557
19558
19561
19563
19571
19578
19578
19579
19581
19582
19585
19587
19590
19590
19590
19592
19597
19598
19607
19615
19616
19622
19630
19632
19633
19638
19641
19643
19643
19650
19651
19651
19653
19658
19659
19660
19662
19664
19667
19667
19672
19672
19674
19690
19694
19694
19696
19698
19699
19701
19701
19703
19704
19706
19723
19724
19725
19725
19726
19726
19727
19728
19729
19731
19732
19733
19733
19735
19737
19739
19740
19747
19747
19752
19755
19758
19762
19762
19763
19766
19768
19788
19789
19790
19791
19794
19795
19803
19811
19812
19814
19816
19816
19816
19817
19818
19821
19822
19833
19835
19839
19841
19841
19843
19843
19848
19848
19849
19853
19853
19856
19859
19864
19867
19869
19872
19872
19880
19883
19884
19884
19885
19888
19900
19901
19907
19911
19921
19922
19924
19924
19932
19933
19934
19938
19940
19944
19945
19946
19953
19953
19968
19973
19976
19977
19977
19978
19988
20002
20003
20013
20014
20020
20021
20021
20023
20026
20034
20035
20037
20042
20047
20052
20052
20052
20053
20060
20068
20068
20068
20068
20069
20077
20078
20078
20081
20083
20085
20085
20087
20087
20089
20089
20090
20091
20091
20096
20099
20111
20111
20112
20114
20116
20117
20117
20118
20119
20121
20125
20129
20134
20135
20137
20140
20141
20145
20148
20151
20154
20158
20160
20161
20165
20165
20166
20168
20171
20172
20179
20183
20184
20185
20186
20187
20187
20195
20197
20199
20200
20200
20200
20203
20205
20206
20213
20213
20223
20223
20225
20229
20230
20236
20242
20247
20249
20255
20255
20255
20260
20261
20263
20263
20263
20264
20266
20266
20267
20268
20269
20271
20275
20278
20280
20283
20287
20298
20303
20309
20311
20316
20319
20322
20323
20325
20329
20332
20332
20333
20335
20343
20347
20359
20361
20363
20366
20371
20371
20373
20377
20377
20385
20385
20386
20387
20393
20395
20404
20405
20408
20409
20410
20411
20411
20412
20425
20427
20428
20428
20429
20430
20431
20441
20446
20446
20446
20455
20457
20458
20459
20460
20461
20468
20478
20480
20480
20485
20485
20489
20489
20492
20492
20492
20494
20499
20499
20501
20503
20511
20512
20515
20522
20524
20534
20537
20538
20539
20542
20545
20547
20553
20553
20556
20558
20561
20566
20568
20569
20571
20572
20573
20578
20586
20589
20601
20606
20607
20615
20615
20616
20616
20624
20628
20628
20632
20635
20637
20639
20658
20662
20666
20669
20671
20675
20688
20688
20688
20688
20689
20695
20704
20710
20717
20719
20719
20721
20726
20727
20728
20729
20731
20732
20733
20739
20741
20742
20743
20743
20751
20751
20757
20766
20767
20769
20773
20777
20781
20784
20786
20790
20792
20793
20796
20801
20803
20804
20806
20816
20825
20825
20825
20828
20831
20833
20834
20834
20835
20838
20839
20840
20841
20847
20849
20849
20855
20856
20858
20862
20864
20866
20867
20880
20881
20888
20889
20894
20894
20896
20897
20899
20904
20906
20908
20911
20913
20916
20916
20917
20920
20921
20921
20922
20932
20937
20941
20942
20947
20947
20955
20967
20968
20972
20972
20976
20976
20977
20981
20982
20983
20983
20986
20989
20991
20991
20992
20992
20993
20994
20994
20995
20998
20998
21001
21001
21004
21005
21008
21008
21009
21011
21017
21017
21023
21026
21027
21028
21037
21038
21042
21044
21046
21047
21052
21052
21061
21066
21068
21068
21070
21070
21070
21072
21074
21078
21078
21082
21084
21084
21085
21085
21095
21097
21098
21099
21099
21103
21106
21107
21107
21110
21116
21116
21121
21122
21128
21136
21143
21145
21150
21156
21162
21164
21165
21172
21172
21174
21179
21179
21180
21180
21185
21188
21191
21191
21193
21193
21196
21204
21207
21208
21213
21213
21214
21215
21215
21216
21216
21218
21221
21222
21223
21225
21225
21237
21242
21249
21250
21255
21256
21260
21263
21269
21271
21276
21285
21287
21288
21293
21298
21299
21301
21303
21310
21310
21315
21317
21318
21325
21327
21330
21333
21334
21336
21339
21343
21345
21345
21346
21346
21347
21350
21351
21352
21353
21357
21359
21368
21368
21369
21374
21384
21401
21405
21406
21408
21409
21411
21412
21415
21422
21424
21427
21427
21432
21436
21440
21443
21443
21445
21447
21449
21452
21456
21457
21459
21459
21461
21463
21463
21468
21490
21499
21499
21500
21502
21504
21506
21513
21514
21519
21519
21524
21532
21537
21542
21543
21545
21546
21549
21551
21553
21555
21555
21556
21564
21565
21565
21566
21566
21579
21584
21585
21588
21589
21592
21593
21602
21606
21613
21613
21616
21619
21620
21627
21629
21629
21635
21636
21638
21646
21652
21654
21657
21658
21658
21666
21666
21666
21667
21670
21673
21685
21688
21690
21700
21704
21707
21712
21717
21718
21722
21727
21730
21733
21733
21739
21740
21744
21745
21760
21773
21774
21774
21777
21779
21780
21780
21787
21789
21794
21796
21801
21804
21809
21811
21811
21820
21821
21831
21831
21834
21838
21839
21840
21844
21851
21856
21857
21859
21861
21862
21866
21871
21882
21883
21888
21890
21890
21894
21896
21902
21903
21904
21904
21905
21906
21912
21913
21915
21921
21926
21927
21932
21933
21936
21942
21944
21946
21949
21952
21955
21958
21959
21965
21970
21971
21976
21979
21980
21994
21995
22004
22007
22010
22011
22012
22017
22019
22020
22022
22024
22029
22029
22030
22032
22033
22045
22050
22050
22054
22059
22062
22063
22063
22066
22066
22067
22067
22069
22069
22079
22079
22081
22091
22092
22096
22097
22098
22099
22100
22101
22111
22114
22114
22118
22119
22121
22124
22125
22134
22136
22146
22151
22153
22156
22160
22162
22164
22165
22169
22170
22174
22182
22190
22190
22193
22202
22203
22205
22210
22219
22221
22222
22224
22224
22232
22238
22239
22244
22244
22248
22249
22255
22258
22262
22262
22263
22264
22264
22267
22268
22271
22273
22278
22283
22287
22296
22298
22298
22302
22303
22310
22311
22318
22322
22322
22325
22325
22336
22338
22341
22342
22343
22345
22345
22345
22346
22350
22351
22355
22356
22358
22369
22370
22371
22374
22375
22376
22382
22384
22404
22404
22406
22406
22406
22411
22417
22418
22418
22422
22426
22429
22433
22438
22442
22442
22444
22446
22447
22457
22458
22460
22474
22479
22480
22484
22492
22497
22499
22501
22504
22506
22506
22509
22512
22515
22519
22519
22522
22524
22526
22527
22529
22534
22534
22537
22541
22541
22544
22558
22564
22568
22576
22582
22582
22587
22590
22591
22597
22601
22602
22606
22606
22613
22626
22633
22633
22637
22640
22642
22642
22646
22648
22649
22654
22660
22661
22661
22669
22670
22671
22672
22675
22677
22679
22681
22682
22682
22685
22685
22688
22690
22692
22698
22699
22704
22704
22706
22709
22714
22717
22721
22723
22726
22726
22729
22730
22733
22736
22736
22737
22738
22738
22740
22744
22749
22749
22750
22751
22753
22755
22756
22758
22767
22769
22777
22778
22781
22787
22789
22790
22794
22794
22802
22809
22809
22812
22813
22815
22819
22823
22824
22827
22833
22838
22839
22841
22843
22843
22845
22847
22855
22856
22863
22866
22867
22874
22876
22877
22877
22880
22881
22895
22900
22908
22911
22912
22912
22913
22914
22915
22922
22923
22923
22927
22938
22943
22944
22944
22947
22948
22949
22950
22950
22958
22959
22960
22961
22962
22964
22965
22965
22970
22971
22974
22976
22983
22983
22985
22987
22988
22990
22998
22999
22999
22999
23003
23010
23010
23011
23013
23016
23016
23019
23020
23021
23024
23030
23034
23036
23046
23047
23047
23055
23055
23059
23060
23066
23068
23078
23083
23089
23090
23094
23109
23114
23117
23117
23121
23125
23126
23128
23137
23138
23141
23145
23147
23148
23160
23162
23163
23166
23168
23170
23174
23177
23180
23184
23185
23186
23190
23190
23203
23203
23205
23210
23212
23213
23213
23214
23216
23222
23224
23225
23226
23226
23227
23230
23234
23235
23238
23239
23240
23246
23250
23250
23253
23255
23257
23258
23258
23272
23272
23273
23278
23278
23279
23280
23287
23289
23289
23290
23297
23299
23305
23307
23309
23312
23312
23314
23321
23321
23328
23330
23332
23336
23338
23347
23350
23353
23358
23361
23365
23367
23367
23367
23374
23381
23382
23386
23389
23391
23394
23395
23399
23401
23403
23409
23416
23417
23418
23423
23428
23429
23430
23440
23444
23445
23448
23449
23455
23460
23461
23462
23465
23465
23469
23475
23478
23478
23486
23486
23487
23496
23497
23498
23499
23503
23506
23506
23507
23511
23515
23515
23518
23521
23521
23523
23530
23531
23535
23536
23540
23543
23548
23549
23562
23565
23567
23571
23579
23583
23587
23594
23595
23599
23606
23606
23609
23610
23615
23616
23617
23626
23628
23631
23632
23634
23637
23644
23646
23647
23647
23656
23659
23662
23663
23663
23664
23669
23669
23672
23672
23675
23675
23675
23679
23679
23689
23689
23696
23698
23701
23703
23706
23710
23713
23714
23714
23715
23716
23717
23718
23719
23721
23723
23723
23726
23733
23735
23739
23745
23747
23760
23767
23769
23771
23774
23776
23776
23777
23780
23782
23783
23785
23788
23791
23792
23793
23812
23813
23813
23814
23817
23822
23823
23826
23826
23827
23829
23831
23835
23840
23848
23853
23854
23857
23859
23859
23861
23863
23866
23876
23878
23879
23882
23884
23885
23886
23889
23891
23896
23899
23900
23902
23903
23914
23924
23925
23927
23928
23928
23929
23931
23937
23938
23940
23940
23943
23944
23946
23949
23955
23955
23958
23959
23974
23975
23975
23977
23980
23980
23981
23981
23993
23993
23993
23999
24006
24007
24008
24016
24017
24019
24019
24025
24031
24033
24043
24044
24044
24047
24050
24051
24053
24054
24055
24055
24058
24064
24065
24067
24067
24072
24073
24079
24081
24090
24091
24094
24094
24095
24097
24098
24104
24106
24110
24113
24115
24117
24119
24121
24121
24122
24123
24124
24127
24131
24133
24134
24138
24148
24148
24151
24152
24167
24171
24173
24183
24186
24189
24192
24194
24194
24195
24197
24200
24202
24203
24204
24204
24210
24214
24219
24221
24224
24225
24228
24237
24240
24243
24248
24252
24252
24258
24260
24268
24269
24270
24272
24273
24282
24290
24291
24291
24298
24304
24305
24308
24316
24316
24323
24327
24328
24329
24331
24332
24340
24342
24343
24344
24347
24349
24352
24360
24361
24366
24367
24371
24374
24377
24378
24378
24391
24398
24401
24402
24420
24424
24428
24431
24433
24439
24440
24442
24444
24445
24446
24447
24459
24470
24473
24474
24476
24477
24483
24486
24486
24493
24493
24494
24496
24511
24511
24513
24513
24515
24515
24518
24518
24524
24526
24527
24527
24527
24532
24532
24533
24534
24540
24543
24544
24544
24546
24549
24549
24553
24555
24556
24568
24571
24575
24579
24580
24583
24583
24587
24589
24589
24592
24594
24595
24596
24597
24601
24602
24606
24611
24613
24615
24618
24621
24623
24631
24632
24633
24636
24641
24641
24641
24642
24646
24648
24649
24650
24655
24659
24660
24662
24663
24666
24667
24667
24669
24681
24683
24684
24689
24697
24699
24699
24700
24700
24708
24714
24716
24721
24724
24724
24731
24735
24739
24739
24741
24745
24749
24750
24751
24754
24755
24757
24760
24761
24762
24763
24769
24770
24772
24776
24783
24784
24786
24788
24789
24794
24795
24795
24796
24806
24812
24812
24816
24817
24819
24827
24830
24836
24840
24840
24841
24841
24845
24846
24847
24847
24852
24858
24860
24861
24863
24873
24873
24880
24880
24883
24886
24888
24891
24892
24897
24902
24906
24907
24911
24921
24923
24924
24927
24929
24929
24930
24937
24945
24955
24958
24968
24973
24973
24978
24984
24985
24988
24990
24997
24999
25002
25002
25008
25012
25017
25018
25020
25022
25024
25032
25033
25034
25038
25039
25041
25041
25043
25047
25070
25071
25074
25083
25083
25086
25090
25092
25092
25105
25106
25106
25107
25107
25107
25109
25114
25120
25124
25127
25127
25128
25133
25136
25138
25142
25146
25147
25153
25158
25162
25163
25164
25171
25173
25178
25182
25187
25192
25193
25195
25195
25199
25200
25201
25206
25208
25210
25213
25213
25217
25219
25219
25225
25232
25233
25235
25236
25244
25250
25255
25263
25270
25270
25271
25278
25281
25282
25289
25290
25297
25297
25300
25303
25306
25312
25315
25317
25320
25329
25330
25330
25334
25334
25338
25340
25341
25341
25347
25351
25352
25357
25359
25359
25363
25363
25376
25376
25377
25379
25381
25381
25386
25392
25393
25394
25394
25401
25402
25403
25406
25410
25416
25416
25417
25422
25423
25424
25427
25432
25434
25436
25436
25436
25438
25439
25440
25442
25443
25444
25449
25449
25450
25450
25450
25450
25450
25451
25453
25460
25466
25467
25471
25473
25476
25492
25493
25494
25498
25499
25502
25504
25507
25508
25510
25514
25515
25521
25524
25526
25528
25535
25539
25548
25551
25552
25552
25552
25554
25561
25565
25566
25572
25575
25582
25584
25585
25590
25601
25603
25606
25608
25611
25613
25618
25625
25625
25626
25628
25630
25630
25639
25645
25646
25654
25654
25664
25664
25667
25668
25668
25671
25674
25675
25680
25682
25692
25699
25704
25706
25708
25709
25710
25711
25712
25713
25714
25714
25715
25716
25726
25729
25733
25735
25738
25739
25742
25746
25747
25761
25762
25763
25764
25772
25775
25775
25782
25788
25789
25790
25797
25798
25803
25805
25806
25807
25807
25813
25818
25820
25826
25826
25828
25829
25830
25834
25836
25838
25838
25838
25844
25851
25853
25859
25863
25865
25866
25869
25869
25870
25879
25884
25884
25887
25892
25892
25895
25896
25897
25899
25900
25900
25903
25903
25905
25908
25915
25921
25923
25924
25929
25935
25936
25939
25940
25942
25945
25952
25958
25959
25959
25962
25968
25969
25974
25974
25979
25981
25982
25983
25983
25985
25990
25992
25994
25995
25997
26005
26010
26011
26014
26023
26024
26025
26025
26026
26026
26031
26032
26033
26033
26041
26050
26052
26054
26056
26056
26057
26059
26064
26066
26067
26068
26072
26073
26073
26078
26078
26084
26085
26087
26093
26093
26102
26103
26112
26112
26113
26114
26118
26118
26120
26122
26123
26128
26129
26131
26132
26133
26138
26139
26140
26142
26143
26150
26152
26152
26160
26164
26167
26178
26182
26184
26185
26188
26190
26191
26199
26199
26199
26204
26208
26208
26211
26211
26215
26226
26227
26231
26239
26245
26248
26253
26255
26257
26258
26263
26265
26267
26267
26268
26273
26274
26276
26282
26289
26289
26293
26293
26301
26307
26308
26309
26309
26311
26314
26317
26317
26318
26318
26319
26326
26335
26337
26337
26340
26344
26349
26353
26355
26355
26362
26366
26366
26367
26367
26369
26372
26376
26379
26380
26385
26385
26386
26386
26389
26394
26397
26398
26399
26403
26408
26419
26420
26420
26422
26422
26423
26424
26425
26427
26428
26429
26429
26432
26433
26436
26438
26440
26440
26443
26448
26454
26455
26455
26458
26461
26462
26463
26464
26464
26464
26465
26467
26474
26474
26478
26480
26481
26481
26483
26486
26488
26489
26491
26492
26496
26497
26503
26507
26509
26510
26512
26513
26519
26527
26530
26531
26537
26538
26541
26542
26542
26544
26548
26559
26565
26565
26569
26569
26573
26575
26579
26584
26586
26598
26602
26606
26607
26609
26614
26615
26616
26616
26621
26623
26623
26624
26632
26633
26636
26636
26639
26640
26640
26640
26641
26643
26651
26652
26653
26666
26666
26667
26671
26671
26671
26683
26684
26684
26691
26695
26701
26703
26704
26708
26708
26718
26719
26722
26729
26730
26733
26736
26738
26741
26742
26743
26749
26768
26769
26771
26772
26785
26801
26803
26807
26813
26824
26830
26830
26839
26845
26846
26846
26853
26857
26857
26858
26862
26866
26874
26876
26884
26885
26890
26892
26893
26897
26902
26905
26905
26913
26914
26918
26920
26920
26922
26927
26928
26931
26931
26934
26938
26939
26943
26950
26952
26954
26956
26956
26956
26957
26958
26967
26969
26973
26974
26977
26977
26977
26979
26979
26981
26983
26987
26989
26996
26997
26997
27001
27002
27002
27003
27005
27006
27006
27011
27012
27013
27013
27016
27016
27018
27018
27020
27027
27028
27029
27030
27036
27036
27042
27043
27047
27053
27053
27054
27058
27067
27068
27074
27076
27079
27080
27081
27081
27084
27084
27086
27093
27095
27101
27104
27104
27106
27108
27111
27119
27120
27121
27125
27127
27131
27133
27134
27134
27134
27137
27140
27147
27147
27148
27148
27149
27151
27153
27155
27157
27158
27161
27163
27168
27169
27173
27175
27177
27177
27180
27184
27188
27192
27193
27195
27199
27202
27203
27204
27214
27217
27219
27219
27221
27224
27228
27229
27229
27232
27236
27240
27242
27246
27247
27247
27251
27255
27263
27271
27274
27275
27278
27280
27282
27285
27287
27287
27291
27293
27301
27305
27315
27316
27316
27318
27323
27326
27326
27326
27329
27329
27334
27338
27340
27346
27348
27350
27351
27352
27353
27355
27355
27355
27357
27363
27365
27366
27372
27375
27376
27385
27385
27397
27400
27403
27404
27409
27413
27419
27419
27424
27432
27432
27432
27434
27438
27440
27444
27450
27450
27452
27455
27455
27456
27461
27464
27467
27470
27473
27473
27480
27481
27482
27492
27495
27499
27499
27500
27500
27501
27504
27505
27506
27507
27511
27518
27525
27527
27529
27532
27533
27542
27549
27552
27557
27558
27559
27560
27562
27568
27568
27574
27579
27582
27588
27595
27603
27605
27608
27609
27613
27622
27624
27631
27632
27633
27634
27634
27636
27638
27641
27652
27659
27663
27663
27668
27669
27674
27675
27675
27676
27677
27685
27691
27694
27696
27699
27705
27706
27709
27710
27710
27710
27715
27716
27716
27719
27720
27726
27727
27729
27731
27732
27733
27736
27736
27737
27740
27742
27742
27744
27751
27753
27758
27760
27764
27770
27773
27777
27779
27780
27780
27782
27783
27783
27784
27802
27802
27802
27804
27807
27811
27814
27817
27819
27820
27823
27823
27825
27828
27831
27832
27835
27840
27842
27845
27846
27850
27850
27854
27856
27858
27872
27875
27882
27884
27886
27886
27887
27887
27888
27889
27890
27895
27900
27903
27905
27906
27906
27910
27912
27914
27917
27919
27922
27929
27932
27934
27939
27941
27945
27955
27963
27966
27972
27973
27974
27979
27980
27989
27990
27990
27991
27992
27992
27995
27996
28001
28005
28006
28008
28016
28026
28029
28033
28036
28036
28048
28055
28070
28073
28076
28078
28078
28080
28081
28084
28088
28088
28092
28093
28094
28104
28111
28112
28115
28119
28122
28123
28123
28127
28128
28129
28133
28134
28138
28139
28139
28149
28156
28157
28157
28157
28163
28166
28168
28178
28178
28182
28191
28196
28196
28201
28204
28206
28206
28214
28214
28217
28222
28223
28225
28226
28231
28233
28237
28239
28240
28242
28243
28244
28244
28245
28252
28254
28260
28272
28273
28274
28287
28287
28288
28289
28291
28294
28294
28302
28305
28305
28307
28308
28309
28310
28311
28313
28315
28320
28321
28322
28323
28323
28326
28327
28331
28332
28332
28333
28338
28339
28339
28339
28344
28346
28348
28353
28359
28371
28371
28374
28375
28386
28388
28389
28399
28402
28403
28405
28405
28406
28412
28412
28431
28435
28441
28441
28451
28452
28454
28454
28455
28457
28461
28462
28465
28465
28468
28470
28478
28479
28481
28482
28483
28485
28487
28488
28491
28492
28494
28496
28497
28500
28501
28503
28509
28509
28511
28512
28512
28513
28513
28515
28516
28524
28536
28542
28549
28553
28558
28559
28561
28561
28564
28566
28578
28581
28582
28584
28589
28593
28594
28601
28602
28602
28605
28606
28607
28610
28610
28613
28620
28622
28627
28628
28634
28634
28638
28638
28639
28644
28648
28652
28654
28657
28662
28664
28664
28665
28667
28667
28673
28677
28683
28683
28684
28691
28693
28698
28704
28708
28711
28715
28717
28725
28726
28729
28736
28737
28741
28745
28747
28749
28750
28751
28756
28757
28759
28760
28764
28767
28775
28775
28776
28786
28789
28794
28798
28800
28802
28806
28806
28812
28813
28813
28819
28822
28828
28831
28837
28845
28847
28848
28851
28861
28862
28864
28865
28866
28867
28867
28870
28871
28874
28874
28874
28886
28886
28889
28904
28906
28909
28913
28931
28938
28943
28948
28948
28950
28959
28961
28961
28962
28963
28967
28970
28971
28971
28972
28975
28978
28979
28979
28983
28991
28995
28998
28999
29001
29002
29011
29018
29019
29020
29021
29021
29023
29026
29028
29029
29032
29034
29034
29036
29036
29036
29042
29043
29044
29047
29049
29051
29051
29051
29051
29052
29053
29057
29059
29060
29060
29060
29061
29062
29065
29070
29071
29071
29076
29083
29083
29084
29086
29098
29102
29105
29105
29108
29110
29113
29125
29126
29129
29131
29134
29136
29138
29142
29143
29145
29151
29156
29160
29162
29162
29172
29173
29174
29176
29181
29184
29186
29186
29187
29189
29191
29196
29199
29200
29201
29204
29209
29209
29212
29215
29221
29227
29229
29231
29241
29245
29248
29249
29250
29251
29251
29252
29253
29255
29256
29258
29259
29260
29263
29265
29265
29266
29268
29274
29279
29279
29280
29281
29281
29282
29291
29295
29295
29301
29301
29302
29305
29307
29308
29310
29312
29316
29319
29321
29322
29325
29336
29337
29338
29346
29351
29355
29358
29365
29370
29378
29379
29386
29387
29389
29390
29392
29398
29399
29401
29403
29411
29413
29416
29416
29417
29417
29422
29423
29423
29424
29431
29434
29434
29438
29440
29446
29451
29454
29460
29463
29463
29467
29469
29471
29472
29473
29473
29476
29478
29479
29481
29482
29483
29485
29489
29491
29494
29495
29496
29503
29504
29506
29508
29510
29511
29515
29516
29521
29528
29538
29545
29555
29556
29558
29563
29565
29570
29574
29576
29580
29583
29591
29594
29599
29600
29602
29602
29602
29602
29604
29606
29607
29607
29610
29611
29616
29622
29622
29623
29635
29645
29651
29655
29656
29656
29657
29659
29664
29665
29666
29667
29668
29670
29672
29673
29675
29676
29680
29682
29682
29686
29687
29700
29706
29706
29706
29707
29712
29714
29715
29719
29723
29724
29731
29731
29737
29737
29755
29756
29762
29773
29775
29777
29782
29783
29783
29786
29786
29790
29791
29792
29801
29805
29809
29811
29811
29813
29814
29822
29834
29839
29839
29840
29841
29848
29852
29853
29854
29856
29858
29861
29863
29869
29870
29872
29874
29880
29884
29895
29897
29899
29910
29916
29917
29918
29920
29921
29922
29922
29923
29929
29932
29934
29936
29945
29946
29949
29951
29966
29968
29973
29982
29984
29987
49587
19638
29949
