10000
5
6
8
14
15
16
17
28
29
29
36
37
50
52
54
56
63
68
70
71
79
79
80
82
87
89
90
90
97
98
99
99
103
103
103
104
105
106
107
107
108
112
112
121
126
130
132
140
144
145
147
148
157
158
161
164
167
167
167
168
169
174
175
176
182
186
186
187
192
198
199
210
214
214
217
220
221
225
227
231
235
249
256
257
261
261
262
265
266
266
272
272
273
275
278
280
286
286
292
294
298
299
300
304
305
308
308
308
312
313
314
315
319
322
325
326
329
333
335
344
344
344
346
349
350
352
353
358
359
363
369
370
373
381
384
384
389
394
394
395
396
398
401
406
407
410
415
416
421
424
427
428
429
434
443
446
448
453
458
461
466
467
468
469
479
488
492
493
494
497
497
502
508
510
512
513
516
516
520
525
534
535
537
540
543
550
551
552
559
560
561
568
572
574
578
586
586
590
594
595
596
600
609
612
614
620
624
631
634
636
640
643
643
644
647
648
654
659
668
670
670
676
680
680
681
681
684
684
686
692
697
697
698
702
706
710
710
711
713
719
722
726
727
728
731
735
737
738
740
741
741
745
751
752
755
757
757
759
759
762
763
766
766
766
769
771
775
781
787
787
788
790
791
797
803
809
810
811
822
823
824
826
826
827
828
830
831
832
835
839
839
839
844
850
853
856
858
859
865
866
866
869
873
874
875
876
876
879
882
883
885
885
889
894
901
902
908
909
915
915
923
928
931
937
940
941
942
948
950
951
951
956
959
960
961
966
973
976
977
978
982
984
986
990
999
1003
1005
1008
1010
1014
1017
1023
1026
1028
1028
1029
1034
1036
1037
1038
1038
1039
1039
1047
1049
1050
1051
1054
1057
1057
1063
1067
1070
1072
1072
1074
1085
1086
1090
1091
1096
1097
1100
1101
1104
1104
1105
1117
1118
1121
1125
1125
1129
1130
1131
1135
1140
1152
1161
1164
1165
1167
1167
1174
1177
1177
1180
1184
1186
1188
1189
1192
1193
1196
1196
1197
1199
1200
1205
1211
1214
1224
1224
1228
1235
1238
1244
1245
1250
1250
1257
1257
1264
1265
1268
1274
1280
1286
1286
1287
1294
1298
1300
1303
1304
1306
1308
1312
1314
1316
1320
1328
1332
1335
1335
1345
1347
1350
1353
1354
1356
1359
1364
1364
1368
1371
1372
1373
1374
1376
1377
1379
1382
1385
1387
1387
1389
1389
1390
1392
1394
1398
1406
1409
1409
1422
1424
1425
1427
1430
1438
1438
1439
1440
1445
1446
1446
1449
1451
1452
1452
1453
1453
1464
1464
1468
1472
1474
1474
1476
1476
1480
1480
1482
1482
1486
1490
1490
1493
1494
1498
1503
1504
1507
1510
1517
1520
1524
1525
1531
1532
1534
1535
1542
1546
1549
1555
1555
1556
1565
1570
1574
1576
1580
1593
1594
1595
1596
1597
1597
1599
1603
1606
1606
1607
1609
1609
1611
1612
1612
1614
1618
1619
1622
1623
1623
1628
1631
1633
1636
1638
1645
1646
1647
1648
1649
1651
1659
1661
1663
1664
1675
1677
1683
1683
1684
1688
1690
1691
1691
1695
1705
1710
1712
1723
1724
1725
1738
1747
1749
1752
1758
1766
1768
1771
1774
1774
1780
1783
1784
1785
1801
1802
1802
1802
1808
1808
1815
1831
1831
1847
1847
1848
1850
1850
1855
1855
1859
1860
1862
1869
1869
1871
1873
1883
1889
1893
1895
1898
1899
1902
1902
1903
1904
1909
1915
1919
1920
1925
1927
1928
1932
1934
1936
1943
1947
1949
1949
1958
1960
1960
1961
1969
1973
1974
1976
1977
1983
1993
1993
1995
1997
1998
2003
2008
2012
2012
2013
2015
2016
2019
2022
2026
2026
2027
2032
2034
2038
2042
2045
2046
2048
2052
2053
2058
2063
2069
2069
2071
2071
2072
2078
2079
2082
2083
2089
2090
2090
2094
2095
2095
2097
2100
2102
2102
2102
2105
2105
2111
2115
2116
2119
2120
2121
2121
2125
2129
2137
2140
2143
2144
2145
2150
2158
2159
2160
2162
2163
2165
2168
2169
2172
2181
2183
2184
2186
2187
2187
2189
2194
2201
2210
2212
2213
2213
2215
2216
2217
2232
2232
2236
2237
2239
2240
2242
2246
2246
2247
2248
2249
2253
2254
2256
2261
2262
2263
2265
2267
2267
2269
2271
2274
2278
2282
2283
2284
2284
2284
2286
2288
2289
2291
2299
2301
2303
2318
2319
2320
2325
2328
2332
2333
2337
2337
2339
2340
2341
2347
2347
2348
2349
2364
2365
2367
2378
2379
2389
2391
2391
2394
2400
2402
2403
2412
2413
2415
2415
2418
2425
2431
2431
2435
2435
2440
2444
2448
2450
2454
2458
2459
2460
2462
2465
2469
2472
2476
2477
2482
2482
2482
2488
2489
2492
2495
2497
2501
2505
2510
2510
2511
2516
2519
2524
2526
2528
2530
2531
2533
2533
2534
2545
2545
2546
2550
2552
2557
2560
2562
2563
2563
2567
2569
2570
2576
2577
2587
2594
2597
2598
2599
2600
2613
2618
2621
2623
2625
2629
2629
2632
2637
2637
2645
2651
2654
2655
2671
2673
2683
2684
2686
2687
2709
2716
2716
2717
2727
2731
2735
2737
2739
2742
2746
2752
2754
2757
2763
2781
2781
2782
2788
2790
2792
2796
2801
2802
2803
2808
2810
2813
2821
2825
2827
2829
2830
2831
2835
2839
2840
2840
2843
2849
2852
2855
2856
2861
2862
2864
2865
2870
2872
2874
2877
2878
2879
2881
2882
2882
2886
2887
2888
2890
2896
2898
2898
2909
2911
2911
2912
2916
2918
2919
2922
2927
2928
2929
2933
2934
2935
2937
2945
2950
2955
2956
2956
2963
2970
2977
2977
2981
2981
2981
2984
2988
2999
2999
3001
3002
3003
3003
3007
3009
3010
3019
3020
3030
3033
3035
3037
3038
3044
3044
3045
3048
3049
3050
3054
3062
3063
3064
3065
3066
3067
3068
3068
3073
3074
3074
3076
3076
3077
3089
3089
3089
3093
3093
3095
3096
3100
3107
3111
3114
3121
3121
3123
3124
3124
3131
3134
3138
3142
3146
3147
3153
3156
3158
3159
3161
3163
3170
3172
3174
3175
3178
3186
3187
3188
3189
3192
3196
3199
3201
3208
3210
3214
3215
3219
3232
3232
3233
3234
3234
3241
3248
3251
3252
3253
3255
3259
3262
3263
3266
3267
3270
3273
3273
3276
3277
3279
3282
3287
3287
3289
3291
3292
3293
3296
3298
3300
3301
3302
3302
3303
3309
3315
3319
3324
3326
3326
3327
3329
3329
3335
3338
3339
3343
3345
3349
3361
3365
3369
3373
3376
3382
3383
3384
3385
3385
3396
3398
3398
3401
3403
3404
3406
3406
3408
3408
3414
3415
3417
3418
3419
3422
3425
3425
3426
3432
3434
3437
3441
3443
3445
3445
3448
3451
3452
3453
3458
3459
3462
3464
3466
3467
3470
3478
3479
3484
3487
3498
3499
3500
3504
3506
3506
3508
3512
3513
3514
3520
3520
3526
3529
3533
3538
3538
3544
3545
3546
3549
3551
3552
3559
3563
3567
3571
3573
3573
3575
3580
3581
3588
3592
3595
3603
3605
3607
3608
3618
3618
3625
3629
3632
3633
3636
3647
3649
3651
3651
3652
3655
3655
3663
3668
3670
3670
3673
3674
3677
3678
3681
3682
3683
3683
3685
3685
3687
3687
3688
3696
3698
3702
3704
3708
3709
3720
3727
3728
3729
3731
3732
3733
3737
3742
3746
3747
3749
3751
3762
3764
3765
3767
3768
3775
3775
3777
3783
3786
3788
3790
3796
3802
3803
3804
3805
3807
3810
3815
3816
3830
3834
3835
3836
3839
3840
3859
3872
3873
3877
3882
3885
3888
3893
3897
3897
3899
3901
3902
3905
3907
3909
3910
3913
3917
3920
3920
3927
3929
3931
3932
3937
3938
3943
3947
3948
3948
3951
3953
3954
3954
3956
3956
3957
3957
3958
3968
3970
3971
3979
3995
3999
4015
4021
4021
4021
4032
4036
4036
4037
4041
4048
4050
4052
4052
4055
4056
4057
4067
4069
4070
4073
4078
4079
4087
4090
4092
4093
4095
4098
4099
4101
4109
4114
4119
4121
4124
4129
4135
4136
4143
4143
4150
4151
4154
4157
4157
4159
4167
4168
4168
4173
4175
4175
4179
4180
4183
4185
4189
4189
4190
4191
4191
4192
4196
4197
4201
4205
4205
4211
4214
4215
4217
4220
4223
4228
4232
4235
4237
4240
4243
4243
4249
4251
4253
4257
4259
4264
4273
4273
4274
4277
4278
4279
4283
4295
4295
4299
4303
4307
4311
4312
4315
4315
4316
4316
4318
4319
4326
4332
4334
4336
4339
4341
4341
4344
4346
4358
4358
4360
4368
4373
4376
4376
4377
4383
4385
4386
4387
4389
4389
4393
4401
4410
4410
4410
4416
4417
4423
4424
4426
4430
4432
4435
4440
4447
4452
4464
4467
4474
4476
4478
4482
4488
4492
4494
4495
4502
4507
4513
4514
4514
4515
4515
4517
4519
4519
4523
4524
4527
4533
4534
4537
4537
4545
4547
4548
4549
4559
4565
4566
4569
4572
4574
4577
4579
4582
4582
4587
4589
4592
4594
4597
4599
4603
4603
4604
4605
4606
4606
4617
4618
4630
4632
4635
4639
4640
4648
4648
4649
4654
4656
4657
4658
4659
4660
4662
4670
4672
4673
4674
4676
4677
4682
4685
4688
4691
4694
4695
4702
4707
4713
4719
4720
4726
4733
4744
4744
4745
4747
4748
4749
4751
4762
4766
4767
4779
4779
4780
4786
4787
4789
4793
4799
4801
4805
4812
4819
4819
4823
4825
4840
4842
4842
4843
4848
4854
4859
4865
4866
4870
4871
4875
4878
4882
4886
4888
4888
4889
4897
4899
4900
4901
4909
4920
4936
4939
4940
4944
4946
4947
4950
4962
4965
4965
4975
4975
4979
4980
4982
4983
4984
4988
4996
5015
5019
5022
5023
5025
5029
5029
5030
5036
5038
5048
5054
5054
5056
5060
5061
5062
5063
5063
5067
5070
5074
5082
5084
5086
5092
5096
5098
5101
5102
5102
5103
5106
5113
5114
5117
5125
5125
5128
5131
5132
5138
5141
5142
5166
5175
5176
5181
5182
5185
5190
5190
5190
5194
5194
5198
5199
5200
5201
5201
5203
5213
5214
5220
5222
5225
5226
5232
5234
5239
5242
5245
5246
5248
5251
5256
5262
5266
5271
5274
5279
5279
5289
5292
5292
5294
5297
5299
5307
5312
5315
5318
5320
5323
5327
5331
5332
5334
5340
5351
5351
5355
5361
5363
5369
5369
5374
5375
5386
5387
5391
5392
5394
5396
5398
5400
5401
5406
5408
5408
5411
5413
5414
5416
5416
5417
5421
5422
5422
5422
5426
5432
5433
5433
5438
5438
5439
5442
5447
5456
5458
5460
5461
5461
5461
5465
5476
5483
5485
5485
5488
5488
5491
5492
5492
5498
5499
5504
5505
5509
5509
5512
5514
5515
5518
5518
5524
5525
5525
5531
5534
5535
5538
5539
5541
5541
5545
5545
5546
5549
5549
5550
5553
5558
5559
5560
5562
5562
5562
5563
5565
5572
5576
5577
5579
5581
5581
5584
5584
5585
5587
5591
5593
5595
5595
5596
5598
5598
5600
5603
5603
5604
5606
5610
5610
5615
5618
5623
5624
5625
5626
5628
5630
5633
5634
5635
5636
5636
5637
5641
5643
5646
5648
5650
5650
5651
5651
5652
5659
5662
5665
5666
5671
5671
5676
5676
5678
5680
5682
5683
5684
5684
5688
5692
5693
5698
5699
5699
5701
5702
5709
5722
5722
5730
5730
5731
5732
5734
5737
5739
5756
5763
5769
5776
5778
5780
5783
5788
5794
5795
5799
5800
5802
5808
5809
5811
5813
5814
5816
5818
5822
5824
5831
5833
5835
5837
5838
5839
5839
5840
5844
5844
5848
5851
5853
5857
5860
5861
5864
5865
5870
5871
5879
5881
5884
5884
5889
5891
5892
5898
5902
5902
5902
5903
5910
5913
5914
5917
5920
5922
5924
5924
5925
5928
5928
5936
5938
5939
5941
5943
5944
5946
5950
5953
5954
5959
5962
5967
5970
5970
5978
5978
5982
5982
5985
5988
5994
5997
5999
6003
6016
6020
6021
6022
6026
6031
6052
6057
6058
6059
6064
6068
6071
6073
6075
6075
6076
6080
6081
6082
6082
6086
6090
6092
6092
6095
6098
6103
6104
6114
6114
6122
6124
6125
6130
6131
6135
6144
6144
6145
6151
6155
6156
6157
6164
6171
6178
6183
6186
6190
6193
6198
6199
6205
6207
6208
6208
6215
6217
6218
6221
6229
6231
6233
6235
6239
6240
6242
6248
6251
6255
6258
6263
6263
6264
6268
6268
6271
6271
6273
6274
6274
6281
6285
6294
6295
6303
6307
6307
6307
6309
6312
6314
6316
6316
6317
6318
6321
6322
6332
6338
6339
6343
6344
6349
6353
6353
6355
6357
6359
6361
6366
6368
6377
6379
6382
6386
6387
6392
6396
6397
6398
6398
6398
6398
6400
6400
6401
6401
6407
6408
6408
6412
6424
6427
6431
6435
6438
6438
6447
6450
6453
6460
6464
6465
6471
6478
6479
6480
6481
6481
6489
6490
6498
6501
6507
6510
6520
6520
6521
6525
6537
6538
6538
6539
6540
6542
6542
6547
6553
6556
6559
6567
6567
6572
6572
6574
6576
6580
6586
6587
6599
6610
6615
6615
6623
6631
6635
6652
6658
6663
6665
6668
6671
6671
6673
6674
6683
6689
6693
6700
6707
6720
6726
6728
6729
6732
6733
6735
6736
6738
6738
6741
6743
6749
6754
6756
6758
6761
6761
6763
6764
6765
6769
6770
6777
6780
6782
6784
6790
6792
6795
6796
6797
6799
6803
6807
6810
6810
6814
6820
6823
6826
6829
6831
6831
6833
6838
6840
6840
6840
6841
6842
6842
6843
6849
6849
6851
6851
6853
6854
6855
6857
6859
6865
6865
6872
6877
6879
6881
6882
6884
6891
6895
6901
6902
6912
6913
6913
6914
6918
6921
6922
6925
6927
6930
6930
6932
6938
6939
6947
6947
6949
6954
6954
6956
6957
6959
6961
6963
6968
6968
6969
6981
6996
7001
7003
7004
7011
7013
7027
7029
7030
7031
7034
7034
7037
7037
7042
7042
7043
7043
7044
7044
7045
7047
7049
7051
7059
7059
7060
7062
7064
7067
7075
7089
7089
7090
7094
7106
7108
7110
7110
7112
7119
7120
7121
7123
7124
7124
7133
7136
7137
7138
7140
7142
7143
7143
7145
7145
7149
7151
7155
7156
7159
7159
7162
7168
7171
7179
7179
7188
7190
7190
7191
7193
7196
7197
7199
7199
7202
7210
7210
7211
7213
7215
7216
7216
7221
7222
7225
7230
7233
7234
7236
7243
7250
7252
7256
7258
7268
7276
7280
7284
7285
7290
7296
7296
7297
7300
7300
7306
7310
7311
7312
7316
7327
7328
7329
7338
7341
7342
7347
7347
7347
7350
7350
7353
7354
7356
7363
7364
7368
7369
7372
7375
7384
7389
7390
7392
7393
7396
7397
7409
7410
7413
7417
7422
7422
7434
7438
7452
7460
7461
7469
7471
7471
7479
7480
7485
7487
7487
7490
7495
7496
7499
7500
7505
7505
7507
7508
7511
7517
7518
7518
7523
7523
7523
7526
7526
7528
7530
7532
7534
7538
7540
7543
7545
7550
7556
7558
7559
7559
7562
7570
7574
7574
7577
7583
7587
7593
7595
7602
7607
7614
7618
7622
7626
7632
7647
7654
7656
7661
7663
7668
7671
7672
7674
7675
7681
7685
7691
7700
7701
7704
7706
7708
7709
7716
7716
7721
7725
7726
7729
7730
7733
7738
7743
7743
7744
7745
7746
7748
7750
7750
7753
7758
7758
7761
7762
7763
7764
7765
7770
7773
7774
7779
7779
7780
7783
7785
7785
7785
7788
7792
7792
7792
7793
7793
7795
7797
7800
7809
7809
7809
7812
7832
7833
7834
7834
7841
7843
7844
7844
7845
7849
7851
7852
7854
7858
7859
7864
7866
7866
7868
7868
7868
7870
7872
7876
7876
7880
7888
7891
7895
7897
7898
7902
7902
7903
7904
7904
7906
7916
7917
7917
7919
7921
7927
7927
7928
7930
7936
7937
7943
7949
7954
7956
7958
7958
7959
7959
7962
7967
7968
7972
7973
7973
7974
7980
7981
7983
7983
7984
7985
7986
7987
7989
7989
7991
7996
8005
8007
8008
8019
8021
8021
8023
8024
8025
8026
8027
8032
8034
8036
8037
8041
8043
8046
8046
8048
8052
8058
8061
8063
8064
8068
8068
8070
8073
8080
8084
8090
8091
8094
8095
8098
8100
8103
8105
8117
8118
8122
8123
8123
8124
8128
8135
8143
8144
8152
8152
8152
8153
8153
8160
8160
8168
8175
8178
8181
8182
8185
8195
8198
8199
8207
8214
8216
8216
8219
8221
8227
8235
8235
8237
8238
8242
8245
8248
8249
8249
8257
8261
8265
8265
8265
8267
8269
8270
8272
8272
8277
8279
8281
8283
8286
8289
8295
8298
8301
8308
8314
8317
8318
8324
8327
8331
8331
8331
8333
8333
8338
8342
8354
8354
8357
8358
8361
8363
8367
8372
8375
8377
8378
8378
8383
8387
8388
8390
8392
8396
8397
8399
8403
8409
8414
8416
8416
8429
8434
8442
8442
8451
8451
8455
8458
8465
8466
8467
8469
8469
8477
8484
8485
8486
8489
8490
8491
8491
8498
8500
8502
8505
8510
8510
8514
8516
8526
8527
8535
8546
8550
8551
8553
8558
8563
8565
8567
8567
8568
8569
8573
8573
8573
8575
8577
8583
8584
8584
8590
8591
8594
8597
8598
8601
8610
8611
8613
8618
8626
8628
8629
8631
8631
8632
8636
8639
8640
8641
8641
8642
8643
8649
8651
8655
8656
8657
8662
8667
8667
8668
8669
8669
8671
8673
8678
8681
8683
8686
8686
8688
8688
8689
8689
8692
8695
8704
8705
8709
8711
8714
8717
8718
8721
8724
8736
8736
8738
8739
8739
8741
8742
8744
8746
8748
8749
8753
8755
8755
8757
8760
8762
8763
8772
8774
8780
8780
8781
8786
8790
8808
8810
8814
8817
8821
8822
8822
8822
8825
8825
8825
8826
8831
8837
8839
8843
8847
8847
8852
8861
8861
8863
8864
8872
8876
8878
8882
8884
8885
8886
8886
8892
8899
8901
8912
8913
8913
8918
8918
8923
8925
8925
8926
8926
8929
8937
8946
8947
8949
8949
8954
8954
8955
8963
8970
8972
8981
8987
8993
8995
9004
9009
9012
9012
9018
9020
9024
9025
9029
9031
9034
9036
9036
9036
9037
9041
9042
9043
9048
9051
9056
9057
9060
9063
9066
9067
9067
9069
9073
9075
9075
9077
9081
9082
9082
9084
9085
9085
9089
9093
9094
9096
9099
9099
9112
9116
9120
9121
9123
9123
9124
9124
9125
9126
9129
9129
9134
9136
9138
9140
9141
9143
9146
9149
9153
9155
9157
9157
9166
9166
9169
9169
9170
9173
9174
9175
9176
9178
9184
9187
9190
9192
9192
9195
9196
9199
9201
9210
9218
9219
9222
9225
9229
9238
9238
9240
9242
9246
9247
9248
9259
9260
9260
9263
9264
9265
9266
9267
9267
9268
9282
9283
9284
9285
9288
9288
9289
9293
9296
9298
9301
9306
9317
9322
9323
9323
9327
9332
9333
9337
9339
9350
9350
9363
9377
9379
9379
9380
9383
9384
9385
9387
9390
9390
9391
9394
9395
9397
9400
9402
9404
9405
9406
9407
9408
9412
9413
9415
9418
9418
9422
9423
9428
9430
9440
9440
9441
9448
9449
9449
9450
9453
9457
9460
9461
9470
9473
9475
9475
9476
9482
9489
9492
9496
9496
9498
9500
9505
9508
9512
9518
9519
9526
9533
9535
9537
9543
9547
9561
9561
9563
9565
9567
9568
9568
9571
9573
9575
9576
9577
9579
9585
9587
9589
9591
9599
9601
9604
9606
9609
9611
9614
9615
9615
9624
9625
9628
9631
9633
9634
9641
9645
9649
9651
9652
9654
9657
9670
9672
9672
9672
9682
9682
9683
9687
9687
9691
9691
9693
9695
9703
9704
9706
9706
9706
9707
9710
9714
9714
9716
9731
9731
9732
9738
9738
9743
9752
9755
9758
9765
9770
9775
9778
9784
9789
9795
9795
9796
9797
9799
9802
9805
9806
9808
9813
9817
9818
9829
9829
9831
9837
9842
9843
9843
9843
9843
9844
9847
9848
9853
9853
9856
9857
9860
9864
9879
9879
9880
9880
9882
9882
9890
9900
9900
9907
9909
9911
9912
9914
9915
9918
9930
9932
9940
9940
9944
9948
9948
9951
9956
9960
9966
9967
9975
9977
9977
9980
9984
9984
9988
9991
9997
9999
10002
10003
10003
10007
10007
10008
10014
10014
10015
10016
10017
10019
10022
10025
10026
10037
10039
10048
10053
10053
10064
10065
10067
10068
10068
10069
10071
10071
10077
10088
10093
10093
10093
10095
10099
10102
10104
10106
10115
10119
10120
10121
10123
10125
10128
10132
10134
10139
10140
10141
10143
10144
10145
10147
10155
10155
10157
10161
10167
10168
10172
10173
10174
10177
10177
10180
10180
10183
10190
10192
10194
10201
10208
10211
10213
10215
10217
10219
10227
10229
10230
10238
10245
10249
10253
10255
10267
10275
10275
10287
10301
10303
10303
10307
10309
10311
10312
10313
10315
10316
10321
10321
10322
10332
10332
10339
10342
10343
10347
10348
10349
10350
10350
10351
10352
10354
10362
10365
10368
10368
10374
10377
10377
10384
10385
10388
10393
10394
10396
10398
10398
10404
10405
10405
10407
10421
10428
10428
10436
10440
10447
10447
10448
10449
10452
10455
10455
10458
10459
10462
10469
10472
10473
10474
10479
10480
10480
10487
10488
10495
10497
10507
10509
10511
10514
10521
10524
10526
10527
10531
10537
10540
10541
10543
10544
10547
10551
10551
10561
10561
10566
10567
10571
10572
10572
10577
10580
10582
10582
10586
10587
10588
10589
10590
10591
10596
10597
10600
10601
10604
10605
10612
10612
10613
10620
10621
10623
10628
10633
10636
10643
10643
10647
10647
10649
10655
10657
10662
10665
10668
10673
10678
10680
10680
10683
10686
10694
10699
10708
10709
10710
10712
10713
10716
10716
10717
10718
10718
10719
10723
10723
10723
10724
10726
10735
10745
10752
10753
10753
10760
10760
10760
10760
10763
10764
10768
10772
10773
10777
10780
10780
10783
10793
10794
10794
10798
10800
10801
10802
10811
10821
10821
10822
10824
10825
10826
10828
10842
10846
10847
10850
10853
10854
10858
10859
10860
10860
10861
10869
10874
10878
10878
10879
10881
10881
10882
10882
10885
10886
10889
10889
10890
10891
10894
10902
10913
10915
10915
10925
10928
10931
10931
10935
10936
10939
10945
10950
10951
10951
10953
10965
10965
10967
10967
10973
10977
10977
10979
10981
10987
10991
10995
10996
11001
11005
11010
11013
11015
11018
11021
11021
11023
11027
11030
11032
11033
11045
11045
11053
11055
11055
11057
11060
11062
11063
11069
11075
11075
11076
11080
11084
11084
11086
11086
11086
11087
11087
11088
11093
11094
11105
11107
11115
11119
11119
11121
11125
11125
11132
11134
11136
11149
11151
11151
11155
11157
11163
11164
11170
11172
11174
11174
11177
11177
11185
11185
11187
11189
11190
11194
11199
11200
11207
11212
11212
11213
11222
11224
11226
11228
11233
11233
11235
11243
11245
11249
11250
11257
11258
11258
11261
11262
11262
11263
11263
11274
11276
11277
11277
11279
11287
11287
11288
11288
11290
11290
11291
11296
11299
11300
11302
11309
11311
11313
11315
11317
11319
11324
11325
11335
11336
11337
11339
11340
11343
11344
11344
11348
11349
11351
11359
11365
11369
11383
11383
11392
11396
11402
11404
11410
11420
11421
11424
11424
11424
11427
11430
11431
11437
11444
11445
11452
11453
11456
11462
11463
11464
11465
11468
11469
11470
11472
11475
11475
11477
11482
11483
11487
11491
11491
11500
11501
11502
11504
11504
11509
11529
11532
11541
11544
11552
11554
11556
11558
11559
11566
11567
11570
11570
11571
11577
11578
11586
11588
11588
11591
11599
11616
11617
11619
11620
11621
11622
11624
11624
11627
11628
11628
11629
11630
11630
11639
11641
11649
11653
11655
11656
11661
11667
11670
11677
11683
11684
11684
11685
11686
11686
11692
11692
11703
11704
11707
11709
11716
11718
11720
11726
11735
11737
11737
11742
11743
11743
11745
11751
11752
11759
11764
11765
11766
11767
11768
11776
11778
11779
11779
11781
11782
11784
11785
11786
11789
11798
11809
11810
11811
11817
11819
11819
11821
11839
11842
11849
11864
11868
11868
11872
11874
11875
11875
11878
11884
11884
11885
11887
11891
11904
11905
11912
11916
11921
11924
11925
11926
11927
11927
11928
11930
11940
11941
11942
11945
11952
11953
11954
11955
11958
11964
11979
11979
11981
11983
11984
11984
11989
11990
11992
12001
12003
12004
12006
12008
12014
12015
12022
12027
12028
12029
12034
12044
12050
12050
12055
12059
12065
12066
12067
12068
12074
12076
12085
12089
12090
12091
12094
12098
12099
12104
12107
12108
12111
12112
12116
12117
12121
12125
12130
12132
12132
12134
12137
12142
12147
12148
12148
12148
12162
12164
12166
12169
12171
12174
12174
12175
12181
12192
12195
12196
12198
12206
12215
12219
12225
12229
12231
12231
12233
12233
12236
12237
12238
12245
12247
12248
12253
12269
12269
12275
12279
12279
12281
12283
12289
12290
12299
12303
12306
12312
12324
12326
12327
12330
12333
12342
12345
12346
12354
12354
12360
12361
12368
12370
12370
12372
12372
12372
12376
12388
12391
12398
12398
12399
12405
12406
12407
12408
12416
12416
12419
12421
12434
12449
12449
12450
12457
12465
12471
12474
12474
12484
12493
12496
12501
12504
12505
12511
12514
12517
12517
12518
12522
12540
12540
12553
12559
12562
12570
12571
12572
12576
12577
12584
12585
12588
12596
12598
12599
12601
12601
12603
12606
12606
12610
12613
12622
12624
12634
12637
12645
12645
12651
12654
12662
12664
12670
12670
12674
12682
12683
12692
12698
12700
12701
12702
12703
12706
12709
12711
12715
12718
12718
12720
12722
12724
12724
12729
12731
12733
12736
12738
12740
12741
12742
12742
12749
12760
12760
12764
12767
12771
12773
12774
12774
12775
12779
12781
12785
12788
12791
12792
12797
12807
12808
12812
12813
12814
12817
12818
12819
12821
12823
12824
12826
12828
12832
12835
12840
12842
12845
12845
12846
12848
12859
12860
12868
12869
12872
12874
12877
12879
12880
12881
12896
12905
12905
12906
12908
12909
12910
12912
12913
12921
12922
12922
12929
12929
12930
12931
12932
12934
12934
12935
12936
12936
12936
12942
12944
12948
12954
12955
12959
12966
12968
12977
12980
12981
12984
12984
12987
12996
12997
12998
13002
13004
13007
13008
13018
13019
13022
13022
13025
13030
13032
13038
13043
13043
13044
13051
13053
13055
13057
13063
13064
13066
13066
13070
13073
13077
13078
13084
13086
13092
13099
13101
13102
13105
13109
13111
13112
13112
13114
13115
13117
13120
13125
13126
13126
13133
13136
13138
13138
13139
13147
13148
13149
13151
13151
13152
13153
13157
13159
13162
13168
13169
13174
13178
13178
13183
13186
13193
13199
13205
13209
13210
13212
13214
13216
13216
13220
13222
13227
13232
13235
13237
13248
13251
13259
13264
13269
13270
13273
13273
13275
13277
13278
13280
13282
13283
13288
13289
13290
13291
13291
13292
13292
13293
13299
13302
13302
13305
13318
13320
13331
13333
13339
13344
13348
13349
13350
13351
13355
13358
13362
13362
13363
13365
13366
13369
13371
13371
13373
13374
13376
13376
13379
13380
13381
13385
13387
13389
13391
13398
13402
13405
13407
13408
13409
13412
13415
13416
13421
13423
13428
13431
13435
13439
13444
13447
13451
13454
13457
13458
13460
13465
13473
13474
13477
13477
13478
13480
13485
13492
13495
13498
13498
13499
13511
13513
13514
13523
13524
13525
13529
13531
13544
13544
13547
13548
13553
13554
13561
13562
13567
13571
13571
13571
13572
13572
13572
13578
13583
13587
13587
13588
13589
13593
13595
13597
13598
13603
13604
13606
13616
13616
13616
13618
13624
13628
13629
13630
13630
13633
13637
13637
13638
13644
13649
13652
13655
13662
13665
13666
13668
13669
13670
13673
13681
13685
13685
13687
13688
13693
13698
13701
13702
13704
13704
13705
13706
13706
13712
13715
13721
13723
13727
13727
13731
13733
13734
13736
13743
13753
13754
13754
13754
13755
13756
13758
13763
13763
13764
13769
13777
13783
13785
13786
13791
13800
13803
13805
13806
13809
13810
13812
13812
13817
13819
13825
13826
13832
13835
13836
13836
13836
13837
13846
13852
13853
13861
13862
13869
13870
13870
13870
13872
13873
13873
13875
13877
13880
13880
13887
13888
13902
13905
13911
13914
13923
13925
13925
13926
13927
13930
13931
13931
13932
13934
13938
13938
13942
13957
13959
13960
13960
13964
13967
13973
13988
13990
13992
13993
13996
13998
13999
14001
14001
14008
14020
14022
14023
14026
14029
14032
14036
14037
14037
14038
14042
14046
14047
14052
14055
14060
14064
14070
14074
14075
14076
14077
14080
14083
14083
14087
14088
14091
14091
14094
14095
14101
14103
14109
14111
14111
14112
14112
14119
14124
14125
14133
14135
14135
14140
14140
14140
14141
14142
14143
14144
14151
14153
14156
14161
14164
14165
14167
14168
14169
14170
14172
14172
14173
14173
14179
14181
14184
14187
14190
14193
14193
14195
14199
14201
14207
14209
14212
14213
14220
14222
14223
14223
14223
14226
14234
14260
14265
14266
14267
14268
14269
14271
14272
14273
14278
14282
14282
14282
14284
14287
14288
14292
14294
14301
14301
14303
14303
14305
14309
14322
14322
14323
14326
14334
14339
14346
14347
14348
14352
14352
14352
14360
14361
14363
14364
14366
14367
14368
14370
14374
14381
14386
14390
14391
14391
14402
14404
14406
14410
14417
14420
14421
14427
14427
14430
14431
14432
14434
14444
14449
14450
14450
14452
14452
14452
14454
14456
14461
14464
14465
14471
14474
14475
14477
14478
14479
14480
14483
14493
14495
14496
14501
14504
14509
14509
14519
14531
14532
14534
14537
14546
14548
14554
14554
14554
14555
14564
14566
14567
14569
14580
14580
14583
14585
14587
14587
14594
14597
14598
14598
14602
14610
14614
14615
14618
14619
14621
14622
14623
14624
14627
14631
14633
14640
14640
14641
14641
14649
14651
14651
14654
14655
14656
14662
14664
14669
14670
14670
14674
14685
14691
14694
14695
14696
14697
14702
14709
14709
14723
14724
14726
14734
14738
14739
14739
14753
14754
14761
14763
14764
14765
14765
14766
14771
14771
14771
14774
14774
14783
14794
14796
14801
14804
14805
14812
14815
14817
14818
14819
14820
14823
14827
14834
14835
14836
14839
14839
14840
14841
14848
14854
14860
14864
14868
14869
14870
14873
14873
14877
14880
14880
14884
14886
14886
14888
14889
14890
14894
14903
14903
14903
14904
14905
14908
14911
14914
14915
14916
14916
14920
14922
14923
14930
14931
14934
14944
14944
14945
14945
14950
14962
14964
14964
14965
14965
14966
14969
14971
14973
14974
14984
14985
14989
14990
14994
14997
15001
15003
15005
15006
15007
15013
15019
15022
15024
15033
15034
15034
15045
15049
15051
15052
15053
15055
15056
15057
15068
15069
15071
15071
15072
15077
15081
15085
15088
15089
15095
15097
15104
15104
15104
15110
15115
15116
15122
15123
15125
15126
15132
15133
15137
15137
15138
15143
15143
15146
15148
15154
15155
15157
15160
15162
15168
15172
15189
15190
15190
15190
15192
15194
15195
15196
15196
15199
15201
15203
15205
15208
15210
15214
15216
15216
15220
15221
15224
15226
15228
15229
15230
15235
15236
15238
15241
15242
15242
15245
15248
15253
15255
15256
15257
15258
15259
15259
15260
15269
15270
15270
15271
15272
15272
15274
15274
15274
15275
15275
15278
15278
15284
15288
15289
15290
15292
15294
15298
15300
15301
15304
15304
15305
15305
15307
15308
15309
15311
15311
15312
15317
15319
15320
15330
15337
15339
15339
15339
15340
15341
15346
15349
15352
15355
15360
15361
15367
15369
15372
15372
15375
15376
15378
15380
15382
15383
15388
15391
15392
15393
15394
15399
15404
15406
15407
15416
15420
15420
15429
15437
15439
15446
15447
15451
15452
15455
15455
15461
15462
15464
15464
15467
15469
15471
15475
15480
15482
15483
15483
15484
15486
15488
15491
15491
15492
15492
15498
15499
15499
15499
15501
15508
15511
15516
15517
15519
15520
15527
15532
15534
15534
15537
15538
15541
15542
15544
15546
15549
15549
15550
15556
15558
15561
15564
15564
15565
15565
15567
15568
15569
15570
15570
15571
15576
15577
15579
15581
15582
15582
15588
15591
15595
15596
15597
15598
15606
15606
15607
15612
15615
15624
15625
15627
15631
15635
15635
15637
15637
15649
15653
15655
15656
15656
15656
15672
15674
15675
15676
15683
15683
15684
15691
15698
15699
15700
15701
15702
15703
15706
15707
15711
15719
15722
15722
15725
15731
15743
15744
15744
15746
15748
15748
15761
15769
15771
15774
15779
15780
15783
15786
15787
15792
15793
15793
15795
15798
15799
15800
15800
15802
15802
15804
15814
15817
15821
15821
15822
15824
15825
15827
15827
15838
15839
15844
15847
15854
15854
15855
15856
15866
15866
15867
15868
15871
15872
15878
15879
15879
15880
15883
15883
15884
15884
15894
15899
15903
15905
15906
15910
15914
15916
15921
15924
15927
15929
15932
15934
15935
15935
15942
15949
15950
15957
15958
15958
15958
15959
15967
15976
15977
15977
15977
15979
15981
15988
15989
15989
15992
15995
15995
16003
16005
16007
16007
16009
16012
16020
16024
16025
16030
16033
16038
16042
16044
16046
16052
16059
16062
16064
16066
16066
16071
16076
16076
16085
16086
16093
16096
16096
16096
16097
16099
16100
16112
16119
16124
16126
16126
16128
16138
16142
16143
16146
16151
16151
16154
16155
16161
16163
16164
16165
16166
16168
16172
16173
16178
16182
16184
16187
16190
16192
16198
16199
16200
16201
16201
16205
16209
16219
16221
16222
16227
16231
16235
16238
16239
16242
16243
16245
16251
16253
16255
16260
16262
16264
16265
16270
16271
16275
16277
16278
16284
16286
16288
16288
16291
16294
16297
16297
16303
16309
16311
16312
16313
16314
16315
16315
16319
16321
16324
16325
16326
16332
16337
16339
16342
16349
16351
16353
16354
16357
16359
16363
16366
16366
16370
16372
16372
16374
16374
16374
16375
16376
16380
16381
16381
16383
16383
16383
16387
16392
16394
16402
16407
16410
16410
16411
16412
16418
16422
16424
16434
16440
16443
16445
16451
16461
16463
16468
16469
16471
16474
16476
16486
16502
16507
16509
16509
16510
16516
16517
16517
16520
16521
16523
16526
16535
16536
16542
16543
16544
16546
16546
16556
16558
16559
16559
16561
16568
16569
16571
16574
16575
16589
16592
16594
16595
16596
16602
16602
16608
16612
16622
16623
16625
16626
16626
16633
16635
16639
16641
16645
16648
16648
16650
16655
16656
16659
16663
16663
16665
16667
16669
16669
16674
16676
16682
16688
16688
16689
16692
16694
16702
16703
16705
16710
16716
16723
16726
16730
16730
16744
16750
16750
16754
16757
16757
16759
16760
16762
16767
16771
16771
16777
16780
16781
16783
16789
16794
16797
16798
16800
16801
16803
16803
16805
16806
16808
16808
16810
16815
16818
16819
16828
16831
16837
16838
16838
16844
16848
16852
16855
16859
16860
16867
16869
16870
16881
16884
16885
16885
16886
16887
16890
16891
16894
16900
16902
16903
16907
16910
16912
16912
16915
16917
16925
16935
16935
16936
16943
16944
16944
16952
16954
16959
16959
16965
16968
16968
16970
16976
16977
16978
16979
16985
16987
16988
16994
16995
16998
17001
17002
17007
17007
17010
17011
17012
17012
17013
17017
17020
17022
17028
17030
17031
17035
17035
17037
17038
17041
17042
17043
17047
17053
17063
17067
17068
17070
17074
17075
17087
17088
17089
17089
17099
17100
17108
17108
17110
17111
17114
17117
17117
17117
17118
17122
17122
17126
17126
17131
17133
17137
17140
17142
17146
17148
17153
17154
17156
17157
17169
17170
17170
17171
17171
17172
17176
17177
17185
17188
17188
17191
17192
17193
17195
17197
17197
17200
17202
17211
17213
17216
17218
17223
17223
17225
17229
17230
17231
17236
17239
17242
17244
17245
17246
17248
17251
17251
17262
17268
17272
17277
17280
17283
17283
17283
17288
17293
17302
17312
17313
17327
17328
17329
17330
17337
17344
17345
17357
17357
17358
17359
17359
17360
17361
17361
17362
17362
17365
17370
17372
17375
17379
17379
17379
17382
17384
17386
17395
17396
17399
17403
17406
17415
17418
17420
17422
17425
17427
17428
17430
17431
17432
17435
17438
17439
17440
17448
17451
17452
17453
17456
17461
17461
17474
17475
17480
17481
17487
17488
17500
17500
17501
17501
17504
17505
17509
17512
17515
17520
17521
17525
17531
17533
17533
17536
17536
17544
17546
17546
17551
17555
17557
17560
17564
17565
17577
17584
17585
17585
17586
17587
17588
17588
17595
17600
17605
17605
17608
17609
17613
17614
17615
17622
17622
17630
17638
17643
17644
17644
17652
17654
17654
17656
17657
17659
17659
17662
17663
17665
17668
17670
17677
17681
17681
17683
17683
17689
17690
17691
17695
17696
17696
17696
17697
17701
17707
17708
17709
17718
17720
17720
17722
17723
17735
17739
17741
17742
17749
17749
17757
17758
17764
17765
17768
17768
17770
17774
17777
17787
17788
17802
17808
17810
17815
17816
17817
17819
17823
17824
17829
17833
17833
17835
17839
17847
17850
17851
17852
17855
17875
17878
17880
17881
17885
17886
17887
17889
17891
17894
17897
17900
17904
17906
17913
17919
17922
17923
17925
17928
17929
17929
17934
17935
17937
17940
17941
17943
17945
17946
17954
17958
17965
17966
17966
17968
17971
17976
17979
17983
17984
17991
17992
17999
18003
18005
18005
18007
18007
18010
18010
18015
18015
18021
18026
18028
18029
18033
18036
18039
18039
18040
18042
18046
18047
18049
18051
18055
18058
18063
18065
18065
18066
18068
18081
18083
18086
18090
18090
18095
18096
18097
18110
18111
18118
18119
18133
18135
18140
18143
18143
18143
18146
18147
18148
18150
18150
18151
18152
18154
18160
18162
18164
18172
18174
18175
18176
18183
18187
18189
18196
18198
18200
18203
18207
18207
18209
18212
18220
18223
18224
18225
18234
18235
18237
18250
18259
18262
18265
18269
18271
18272
18277
18284
18286
18295
18296
18300
18302
18303
18317
18328
18330
18333
18338
18341
18342
18345
18345
18346
18346
18366
18372
18379
18380
18380
18381
18386
18393
18394
18395
18396
18396
18400
18400
18402
18403
18408
18412
18413
18414
18416
18417
18426
18427
18428
18430
18431
18433
18438
18438
18442
18451
18455
18469
18471
18471
18472
18473
18477
18478
18480
18481
18481
18485
18486
18487
18488
18494
18498
18499
18504
18507
18508
18510
18511
18511
18512
18515
18522
18523
18528
18542
18543
18549
18551
18553
18560
18563
18569
18573
18575
18578
18587
18588
18590
18591
18594
18599
18604
18604
18607
18607
18609
18609
18614
18616
18616
18617
18624
18627
18628
18630
18633
18639
18642
18646
18653
18654
18659
18659
18669
18674
18674
18674
18676
18677
18689
18689
18691
18691
18695
18703
18704
18707
18708
18710
18711
18716
18721
18724
18725
18725
18726
18729
18729
18730
18732
18734
18734
18736
18736
18742
18745
18746
18746
18752
18753
18755
18761
18761
18765
18766
18768
18768
18771
18771
18772
18772
18775
18781
18785
18790
18791
18804
18805
18810
18812
18813
18817
18821
18823
18828
18838
18839
18844
18850
18858
18859
18867
18875
18877
18880
18883
18887
18888
18897
18899
18901
18901
18902
18905
18906
18913
18913
18914
18915
18915
18921
18928
18928
18930
18942
18942
18946
18950
18953
18953
18953
18957
18957
18958
18959
18965
18965
18967
18968
18969
18971
18973
18973
18974
18977
18979
18981
18989
18989
18989
18990
18992
19001
19003
19010
19016
19018
19019
19020
19020
19022
19024
19024
19024
19026
19031
19033
19033
19034
19040
19046
19047
19049
19051
19053
19057
19061
19068
19070
19072
19086
19087
19087
19091
19100
19101
19102
19107
19109
19110
19111
19113
19117
19119
19123
19126
19127
19129
19131
19132
19144
19147
19152
19154
19158
19162
19165
19169
19173
19179
19180
19183
19183
19184
19185
19187
19194
19205
19209
19210
19211
19212
19213
19214
19214
19217
19227
19231
19232
19232
19239
19240
19241
19242
19243
19248
19252
19252
19254
19263
19267
19275
19276
19288
19290
19292
19293
19294
19295
19304
19312
19316
19319
19325
19330
19333
19340
19340
19342
19343
19352
19355
19361
19366
19366
19370
19370
19371
19375
19380
19380
19384
19385
19388
19390
19395
19401
19404
19407
19409
19411
19413
19413
19417
19418
19422
19424
19426
19429
19434
19435
19437
19441
19441
19443
19454
19456
19457
19457
19460
19462
19468
19469
19472
19472
19477
19477
19479
19480
19486
19500
19501
19505
19509
19513
19517
19517
19521
19528
19528
19532
19534
19534
19535
19538
19543
19544
19546
19547
19553
19555
19556
19559
19559
19560
19562
19564
19566
19575
19576
19577
19577
19580
19582
19583
19587
19589
19592
19595
19596
19599
19605
19605
19614
19619
19622
19623
19633
19633
19636
19638
19643
19645
19647
19651
19652
19655
19659
19659
19660
19662
19667
19668
19670
19676
19677
19679
19684
19688
19689
19692
19700
19708
19712
19712
19713
19714
19718
19722
19731
19735
19741
19742
19744
19744
19751
19754
19757
19758
19760
19760
19763
19763
19763
19765
19778
19785
19790
19791
19792
19792
19800
19803
19803
19806
19807
19807
19807
19813
19814
19817
19818
19821
19822
19825
19826
19828
19829
19833
19835
19835
19835
19838
19847
19848
19851
19851
19852
19856
19857
19857
19858
19858
19864
19864
19871
19882
19884
19886
19891
19891
19895
19898
19900
19906
19909
19914
19927
19929
19938
19942
19944
19948
19950
19951
19951
19955
19959
19960
19960
19967
19969
19979
19984
19985
19985
19986
19988
19989
19991
19992
19995
19996
19997
19999
20000
20008
20011
20014
20016
20020
20023
20023
20025
20028
20031
20031
20032
20034
20034
20039
20043
20046
20050
20050
20052
20054
20055
20057
20058
20063
20064
20064
20067
20070
20071
20071
20073
20074
20077
20077
20079
20079
20088
20090
20091
20094
20101
20104
20108
20110
20111
20112
20121
20122
20124
20125
20131
20132
20134
20136
20145
20148
20150
20153
20157
20157
20164
20170
20172
20179
20181
20196
20197
20198
20204
20207
20210
20226
20229
20237
20239
20251
20255
20257
20261
20262
20264
20270
20274
20276
20276
20278
20281
20281
20281
20282
20286
20288
20289
20290
20290
20291
20297
20299
20304
20306
20306
20308
20308
20312
20314
20316
20317
20321
20323
20325
20327
20327
20328
20329
20335
20336
20337
20340
20345
20352
20356
20357
20357
20362
20367
20368
20369
20370
20371
20374
20378
20380
20382
20386
20386
20388
20392
20393
20396
20397
20399
20405
20406
20408
20409
20415
20416
20417
20418
20424
20427
20428
20428
20431
20433
20433
20440
20451
20455
20461
20465
20467
20467
20470
20480
20481
20489
20491
20491
20492
20493
20493
20493
20494
20496
20506
20509
20514
20514
20519
20520
20533
20538
20540
20547
20547
20548
20555
20567
20567
20572
20576
20579
20580
20585
20589
20592
20592
20596
20599
20602
20603
20604
20604
20605
20608
20609
20621
20622
20624
20638
20645
20646
20646
20650
20651
20657
20657
20660
20665
20665
20666
20669
20674
20677
20678
20683
20684
20684
20685
20690
20695
20698
20699
20699
20702
20703
20703
20707
20707
20708
20712
20713
20717
20724
20731
20738
20739
20743
20751
20755
20757
20765
20766
20769
20771
20771
20771
20781
20782
20782
20786
20792
20794
20794
20797
20799
20800
20800
20801
20802
20803
20803
20812
20814
20824
20828
20829
20831
20831
20833
20840
20844
20850
20855
20856
20858
20858
20859
20861
20863
20866
20867
20871
20872
20873
20889
20889
20893
20895
20896
20897
20899
20899
20904
20905
20908
20909
20916
20916
20926
20930
20930
20934
20937
20939
20943
20944
20945
20946
20952
20955
20955
20958
20961
20963
20969
20970
20973
20979
20979
20987
20988
20994
20997
21001
21002
21010
21013
21016
21016
21018
21021
21025
21027
21029
21029
21037
21037
21042
21045
21048
21049
21051
21051
21056
21058
21063
21083
21084
21098
21103
21109
21110
21112
21115
21115
21118
21123
21123
21126
21128
21128
21130
21135
21135
21138
21139
21142
21151
21155
21156
21159
21159
21172
21174
21177
21180
21181
21185
21187
21197
21200
21200
21201
21206
21207
21210
21210
21211
21214
21218
21226
21235
21238
21240
21241
21241
21242
21244
21247
21248
21264
21267
21268
21269
21274
21276
21277
21277
21278
21280
21281
21281
21285
21287
21288
21290
21291
21294
21294
21300
21300
21305
21312
21322
21322
21322
21328
21330
21337
21338
21340
21342
21342
21343
21347
21352
21353
21354
21362
21375
21379
21380
21384
21389
21391
21396
21397
21399
21401
21401
21409
21409
21416
21419
21422
21425
21432
21434
21438
21438
21439
21441
21443
21444
21447
21450
21456
21462
21462
21468
21471
21471
21474
21478
21479
21484
21487
21490
21499
21502
21505
21506
21507
21507
21509
21511
21513
21515
21526
21537
21538
21550
21551
21552
21555
21556
21563
21566
21574
21580
21580
21581
21588
21589
21589
21589
21591
21594
21598
21604
21607
21609
21610
21613
21614
21617
21624
21626
21630
21631
21639
21649
21650
21660
21660
21664
21666
21667
21676
21678
21684
21687
21689
21689
21691
21692
21694
21698
21702
21705
21708
21709
21711
21713
21715
21727
21733
21736
21740
21744
21746
21748
21752
21753
21755
21755
21760
21765
21769
21772
21778
21780
21781
21783
21783
21788
21790
21806
21822
21823
21824
21826
21827
21829
21835
21842
21842
21847
21852
21853
21855
21864
21865
21865
21867
21872
21874
21881
21886
21887
21891
21899
21908
21913
21915
21915
21919
21921
21922
21923
21924
21939
21941
21942
21943
21946
21947
21954
21955
21959
21959
21962
21963
21969
21969
21973
21975
21993
21994
21995
21996
22001
22003
22003
22005
22007
22009
22010
22015
22016
22018
22024
22024
22026
22031
22036
22037
22039
22044
22048
22054
22056
22065
22072
22077
22080
22083
22093
22094
22098
22102
22102
22105
22107
22107
22120
22123
22127
22128
22129
22130
22131
22134
22135
22138
22150
22162
22164
22166
22168
22169
22171
22179
22180
22181
22182
22182
22191
22193
22195
22198
22200
22201
22204
22205
22209
22212
22213
22218
22219
22221
22228
22233
22233
22234
22235
22236
22236
22246
22247
22249
22255
22258
22261
22262
22263
22263
22264
22268
22269
22272
22280
22286
22288
22289
22294
22298
22298
22299
22300
22300
22306
22310
22313
22314
22320
22320
22323
22326
22327
22340
22340
22341
22359
22362
22362
22363
22365
22370
22375
22375
22377
22379
22382
22387
22396
22406
22410
22413
22414
22415
22415
22416
22422
22429
22431
22437
22444
22447
22449
22456
22457
22462
22465
22466
22466
22471
22472
22476
22483
22487
22487
22489
22493
22494
22494
22499
22500
22501
22504
22507
22507
22517
22519
22520
22525
22528
22528
22531
22545
22546
22551
22551
22552
22553
22554
22557
22562
22562
22565
22566
22571
22572
22583
22585
22590
22591
22593
22595
22596
22597
22602
22605
22622
22623
22626
22630
22636
22637
22639
22641
22645
22647
22648
22650
22650
22653
22654
22659
22660
22670
22674
22674
22678
22686
22686
22689
22700
22705
22715
22716
22718
22727
22729
22730
22733
22734
22739
22741
22746
22746
22747
22753
22753
22757
22757
22762
22762
22765
22766
22769
22769
22771
22771
22777
22783
22784
22787
22788
22791
22800
22810
22811
22812
22814
22818
22819
22822
22824
22824
22827
22828
22829
22831
22832
22834
22837
22842
22846
22847
22848
22848
22852
22854
22868
22868
22874
22879
22881
22883
22885
22885
22887
22888
22897
22900
22904
22905
22907
22908
22911
22914
22919
22920
22921
22926
22931
22935
22941
22942
22948
22951
22954
22955
22955
22956
22960
22962
22967
22970
22970
22971
22976
22979
22980
22981
22982
22985
22988
22988
22993
22995
22998
23000
23003
23003
23005
23006
23008
23008
23009
23009
23017
23018
23022
23025
23025
23027
23028
23029
23029
23032
23034
23036
23040
23042
23043
23046
23047
23049
23051
23051
23052
23052
23054
23055
23055
23061
23067
23068
23071
23074
23077
23078
23078
23080
23084
23087
23090
23091
23097
23098
23099
23104
23109
23110
23111
23113
23119
23120
23133
23138
23141
23146
23147
23148
23150
23154
23162
23163
23165
23172
23177
23179
23185
23188
23189
23191
23191
23191
23192
23193
23196
23197
23198
23201
23205
23210
23222
23226
23230
23232
23237
23241
23242
23243
23245
23250
23256
23259
23264
23265
23265
23267
23271
23272
23276
23283
23287
23290
23290
23292
23294
23297
23301
23302
23303
23310
23313
23315
23315
23316
23321
23322
23323
23323
23325
23325
23331
23332
23334
23341
23343
23344
23345
23348
23349
23351
23352
23357
23361
23362
23365
23366
23369
23369
23374
23376
23379
23380
23381
23389
23392
23400
23402
23407
23409
23410
23410
23412
23423
23434
23436
23437
23437
23444
23444
23445
23454
23454
23455
23459
23461
23466
23467
23472
23473
23476
23484
23488
23489
23490
23493
23497
23498
23506
23510
23514
23515
23515
23516
23521
23522
23531
23534
23534
23535
23536
23536
23537
23539
23542
23544
23549
23556
23560
23561
23561
23565
23569
23572
23573
23574
23575
23576
23576
23577
23578
23579
23585
23588
23590
23596
23598
23602
23616
23622
23624
23630
23630
23633
23636
23646
23647
23649
23649
23651
23654
23655
23660
23660
23663
23663
23665
23666
23667
23668
23674
23677
23678
23682
23685
23690
23690
23695
23696
23702
23705
23712
23713
23714
23714
23714
23720
23722
23723
23723
23733
23737
23739
23741
23742
23742
23748
23749
23755
23755
23757
23761
23770
23770
23776
23776
23781
23782
23783
23784
23784
23786
23791
23796
23799
23802
23803
23804
23806
23807
23810
23813
23815
23818
23820
23820
23821
23822
23822
23823
23824
23826
23829
23832
23835
23837
23850
23859
23859
23861
23863
23863
23867
23870
23871
23879
23880
23881
23881
23886
23890
23895
23897
23911
23919
23919
23921
23923
23923
23924
23928
23936
23937
23940
23945
23947
23948
23948
23956
23957
23963
23970
23971
23976
23978
23978
23979
23979
23980
23985
23987
23991
23992
23993
23998
24003
24006
24007
24008
24012
24016
24018
24021
24025
24031
24032
24034
24036
24036
24039
24041
24041
24042
24044
24045
24047
24049
24078
24078
24079
24085
24086
24086
24095
24101
24103
24103
24108
24110
24113
24115
24117
24119
24128
24132
24133
24140
24140
24145
24147
24148
24152
24156
24156
24158
24161
24162
24170
24181
24185
24187
24189
24197
24199
24200
24203
24203
24204
24205
24205
24205
24207
24207
24209
24214
24214
24220
24223
24228
24231
24232
24234
24237
24237
24241
24242
24242
24243
24246
24259
24260
24265
24272
24275
24278
24281
24283
24287
24287
24287
24287
24290
24290
24293
24298
24299
24305
24306
24310
24313
24313
24322
24329
24339
24339
24340
24340
24341
24345
24345
24347
24348
24350
24351
24352
24352
24354
24355
24358
24359
24359
24360
24368
24371
24373
24388
24390
24390
24392
24395
24397
24401
24402
24403
24404
24405
24408
24411
24412
24413
24414
24425
24439
24441
24443
24444
24448
24448
24461
24467
24467
24468
24468
24471
24472
24473
24484
24491
24498
24500
24500
24507
24509
24513
24517
24517
24521
24522
24522
24526
24529
24536
24538
24539
24539
24543
24543
24544
24545
24549
24551
24556
24566
24566
24572
24572
24573
24575
24577
24585
24589
24596
24599
24603
24604
24607
24612
24613
24620
24627
24630
24632
24632
24637
24637
24651
24653
24655
24655
24667
24672
24679
24688
24689
24689
24693
24693
24695
24697
24703
24711
24712
24712
24715
24722
24728
24730
24732
24734
24737
24742
24744
24747
24747
24750
24755
24759
24760
24761
24761
24762
24764
24767
24768
24778
24780
24784
24784
24785
24786
24789
24791
24791
24793
24796
24801
24805
24816
24820
24822
24823
24828
24833
24833
24834
24838
24854
24854
24855
24856
24859
24860
24860
24868
24868
24870
24872
24874
24879
24882
24883
24884
24890
24894
24895
24900
24901
24903
24905
24909
24914
24915
24916
24919
24922
24926
24927
24927
24929
24935
24942
24944
24951
24952
24952
24956
24956
24958
24958
24959
24965
24967
24968
24972
24978
24979
24983
24985
24985
24988
24995
25002
25006
25013
25022
25027
25030
25031
25033
25034
25038
25040
25041
25044
25051
25056
25057
25058
25059
25060
25062
25063
25065
25066
25068
25071
25072
25076
25077
25079
25079
25081
25084
25084
25088
25088
25089
25091
25096
25096
25097
25098
25099
25101
25103
25112
25121
25127
25130
25132
25132
25134
25138
25139
25144
25145
25152
25153
25158
25164
25164
25165
25169
25177
25179
25186
25189
25194
25196
25197
25201
25206
25206
25209
25210
25211
25213
25214
25218
25219
25221
25223
25225
25226
25226
25227
25237
25240
25240
25241
25252
25252
25259
25259
25260
25266
25269
25271
25271
25272
25275
25278
25288
25293
25294
25296
25298
25299
25300
25302
25303
25306
25307
25311
25318
25324
25324
25328
25333
25334
25343
25350
25350
25352
25355
25359
25363
25366
25369
25371
25373
25374
25376
25376
25376
25380
25380
25382
25384
25385
25388
25391
25393
25397
25398
25399
25402
25404
25405
25409
25410
25410
25410
25411
25416
25417
25422
25425
25428
25431
25453
25456
25457
25460
25480
25480
25480
25483
25487
25488
25490
25490
25493
25495
25496
25506
25508
25521
25522
25524
25526
25529
25530
25533
25537
25538
25541
25543
25544
25548
25548
25548
25550
25552
25556
25561
25562
25567
25569
25570
25576
25591
25595
25600
25600
25602
25614
25619
25619
25628
25629
25629
25629
25630
25633
25634
25642
25644
25645
25652
25654
25655
25659
25660
25660
25666
25675
25676
25677
25678
25686
25686
25687
25700
25705
25706
25706
25709
25711
25711
25715
25715
25716
25716
25722
25724
25724
25729
25730
25732
25733
25737
25738
25743
25743
25743
25746
25747
25750
25751
25751
25753
25755
25755
25758
25758
25764
25770
25773
25773
25775
25776
25776
25779
25784
25785
25786
25798
25803
25805
25807
25807
25811
25828
25831
25832
25834
25836
25838
25838
25839
25839
25843
25845
25847
25851
25853
25856
25858
25859
25860
25865
25866
25870
25874
25875
25877
25879
25880
25882
25884
25885
25894
25894
25904
25908
25910
25917
25921
25922
25924
25926
25926
25927
25928
25934
25944
25950
25950
25952
25953
25956
25963
25964
25965
25966
25967
25971
25977
25977
25984
25986
25991
26008
26009
26017
26019
26023
26024
26026
26026
26028
26030
26036
26036
26036
26040
26040
26043
26043
26050
26051
26056
26057
26062
26063
26064
26065
26070
26076
26078
26081
26084
26084
26084
26089
26090
26093
26104
26107
26108
26110
26111
26112
26113
26113
26115
26124
26128
26129
26132
26132
26132
26137
26142
26148
26148
26150
26151
26152
26155
26155
26156
26163
26168
26170
26172
26176
26179
26189
26191
26203
26203
26210
26211
26213
26216
26219
26224
26224
26228
26229
26233
26233
26233
26235
26238
26239
26243
26244
26247
26249
26249
26252
26255
26255
26257
26258
26267
26268
26270
26270
26272
26281
26283
26285
26286
26289
26292
26298
26303
26304
26305
26306
26309
26309
26310
26311
26312
26319
26321
26324
26332
26333
26337
26349
26351
26351
26355
26361
26361
26365
26378
26378
26381
26382
26383
26389
26390
26391
26400
26400
26418
26420
26420
26421
26426
26427
26427
26430
26437
26442
26444
26451
26454
26456
26456
26456
26460
26463
26463
26465
26465
26468
26472
26473
26474
26476
26477
26483
26483
26487
26488
26507
26514
26518
26520
26521
26521
26521
26524
26531
26538
26542
26544
26545
26545
26547
26547
26550
26555
26567
26570
26571
26571
26572
26573
26575
26575
26577
26579
26579
26581
26583
26588
26591
26595
26595
26599
26600
26601
26601
26602
26609
26610
26613
26616
26617
26620
26620
26621
26624
26625
26626
26634
26637
26639
26646
26650
26652
26653
26655
26664
26676
26676
26677
26682
26684
26694
26698
26698
26703
26712
26713
26717
26721
26723
26726
26727
26729
26729
26735
26736
26744
26746
26746
26747
26748
26749
26750
26758
26760
26766
26769
26771
26774
26786
26787
26790
26790
26791
26799
26801
26802
26803
26804
26805
26813
26815
26816
26818
26818
26820
26820
26826
26834
26834
26835
26836
26839
26841
26844
26853
26862
26863
26864
26868
26871
26872
26873
26874
26876
26880
26881
26881
26882
26885
26885
26888
26892
26892
26893
26897
26900
26901
26903
26905
26906
26909
26911
26920
26920
26923
26927
26929
26929
26931
26936
26937
26938
26940
26941
26950
26955
26965
26965
26966
26972
26972
26976
26977
26991
26992
26992
26993
26994
27000
27006
27013
27020
27020
27033
27034
27039
27047
27054
27055
27056
27061
27063
27066
27069
27070
27073
27077
27079
27079
27079
27083
27086
27091
27095
27101
27102
27102
27103
27105
27105
27107
27107
27111
27112
27114
27115
27117
27118
27120
27120
27133
27134
27137
27140
27141
27146
27148
27150
27153
27153
27154
27155
27158
27159
27162
27163
27164
27166
27166
27169
27170
27172
27177
27177
27177
27178
27181
27182
27183
27186
27187
27191
27192
27193
27198
27202
27203
27212
27212
27214
27215
27215
27229
27233
27234
27238
27238
27242
27244
27244
27246
27249
27251
27254
27258
27263
27263
27265
27266
27266
27268
27271
27277
27280
27287
27287
27289
27290
27292
27295
27295
27296
27298
27305
27306
27308
27309
27311
27312
27315
27315
27317
27321
27324
27324
27326
27334
27340
27340
27347
27350
27351
27352
27359
27359
27361
27361
27362
27369
27374
27374
27380
27380
27381
27387
27397
27397
27400
27402
27403
27406
27411
27414
27421
27421
27421
27422
27422
27425
27425
27425
27426
27428
27429
27434
27436
27438
27440
27447
27454
27458
27464
27464
27467
27467
27467
27467
27468
27471
27474
27476
27476
27480
27481
27483
27487
27487
27489
27499
27501
27503
27506
27508
27509
27513
27514
27515
27519
27519
27522
27525
27533
27539
27540
27540
27543
27546
27546
27547
27548
27548
27551
27554
27560
27560
27564
27564
27569
27575
27581
27584
27591
27596
27596
27599
27604
27612
27613
27617
27620
27624
27627
27633
27640
27640
27651
27651
27651
27651
27654
27654
27657
27658
27658
27660
27667
27670
27670
27671
27676
27676
27677
27680
27683
27684
27684
27701
27708
27708
27711
27712
27714
27716
27722
27722
27726
27735
27740
27743
27758
27760
27763
27763
27768
27769
27773
27775
27776
27779
27780
27786
27786
27788
27789
27789
27790
27791
27792
27794
27795
27799
27805
27805
27805
27807
27808
27814
27817
27823
27828
27839
27843
27851
27855
27860
27868
27872
27874
27874
27878
27879
27880
27881
27885
27888
27890
27895
27897
27898
27900
27910
27911
27918
27923
27926
27927
27927
27928
27929
27929
27930
27931
27943
27946
27948
27948
27951
27954
27954
27958
27959
27961
27963
27963
27967
27967
27968
27978
27984
28001
28003
28003
28005
28006
28009
28010
28013
28014
28017
28018
28019
28022
28023
28027
28031
28035
28036
28038
28042
28042
28052
28054
28056
28060
28066
28066
28067
28070
28073
28077
28078
28080
28081
28085
28086
28089
28097
28106
28107
28110
28123
28125
28127
28128
28131
28133
28140
28145
28145
28149
28152
28159
28159
28162
28163
28163
28164
28164
28165
28167
28168
28169
28172
28172
28176
28179
28189
28190
28190
28192
28195
28195
28199
28208
28210
28216
28216
28216
28218
28220
28230
28232
28232
28236
28236
28238
28239
28251
28254
28258
28261
28262
28266
28266
28267
28267
28274
28274
28275
28276
28277
28279
28281
28284
28285
28288
28290
28296
28297
28297
28307
28310
28316
28316
28319
28321
28321
28321
28322
28323
28333
28337
28349
28353
28360
28363
28365
28368
28375
28378
28383
28385
28386
28387
28389
28393
28395
28396
28396
28400
28402
28406
28407
28409
28411
28412
28420
28424
28425
28432
28433
28435
28443
28452
28453
28456
28456
28457
28461
28466
28470
28473
28474
28478
28479
28485
28486
28488
28496
28498
28499
28502
28504
28506
28510
28515
28519
28520
28530
28535
28537
28538
28542
28543
28544
28546
28556
28561
28562
28562
28564
28568
28570
28571
28573
28585
28586
28589
28590
28591
28591
28594
28610
28619
28619
28625
28626
28629
28630
28632
28633
28633
28634
28648
28650
28651
28662
28664
28669
28670
28680
28681
28683
28687
28687
28690
28703
28708
28709
28717
28719
28719
28727
28729
28730
28734
28734
28735
28737
28745
28745
28747
28749
28756
28760
28762
28767
28767
28768
28770
28770
28772
28773
28774
28784
28785
28785
28797
28801
28807
28808
28809
28810
28813
28815
28816
28818
28819
28820
28820
28822
28824
28824
28831
28831
28834
28842
28842
28851
28852
28858
28864
28868
28870
28870
28871
28871
28877
28880
28884
28885
28886
28891
28892
28893
28894
28898
28906
28913
28915
28916
28916
28918
28925
28928
28931
28933
28934
28935
28946
28952
28953
28959
28961
28964
28968
28969
28975
28976
28976
28976
28980
28986
28989
28994
28998
29001
29007
29008
29009
29010
29012
29014
29015
29030
29031
29032
29033
29038
29042
29046
29047
29051
29052
29054
29054
29056
29069
29071
29072
29073
29076
29077
29079
29095
29095
29097
29102
29105
29110
29120
29121
29124
29124
29125
29125
29138
29138
29152
29154
29160
29164
29167
29170
29173
29174
29175
29176
29178
29179
29180
29190
29190
29194
29195
29196
29206
29207
29207
29214
29216
29218
29225
29228
29228
29229
29230
29231
29234
29234
29239
29240
29250
29256
29262
29264
29265
29267
29270
29270
29271
29280
29281
29283
29284
29285
29286
29288
29290
29292
29295
29296
29304
29306
29311
29313
29313
29314
29318
29322
29324
29327
29328
29341
29344
29344
29346
29349
29350
29350
29362
29365
29365
29366
29374
29388
29389
29390
29391
29401
29403
29405
29408
29411
29411
29413
29416
29418
29428
29431
29431
29437
29439
29442
29445
29448
29455
29457
29457
29463
29463
29463
29466
29466
29466
29476
29476
29483
29484
29484
29486
29487
29488
29491
29493
29495
29495
29496
29505
29513
29515
29519
29519
29520
29524
29524
29529
29530
29531
29538
29541
29542
29543
29544
29545
29549
29549
29552
29555
29557
29561
29561
29563
29564
29566
29567
29572
29579
29579
29584
29589
29591
29592
29593
29594
29594
29595
29601
29605
29606
29608
29612
29615
29617
29621
29624
29624
29634
29637
29642
29648
29648
29651
29652
29652
29657
29658
29659
29663
29664
29670
29676
29682
29684
29685
29690
29706
29707
29717
29718
29723
29728
29733
29739
29739
29741
29743
29744
29748
29751
29753
29756
29756
29758
29759
29773
29781
29787
29804
29805
29809
29809
29810
29816
29816
29818
29825
29830
29831
29834
29836
29837
29837
29838
29839
29842
29842
29843
29844
29850
29853
29857
29865
29866
29866
29875
29877
29877
29879
29879
29880
29886
29887
29891
29893
29893
29893
29898
29904
29905
29905
29910
29912
29914
29914
29916
29918
29920
29921
29921
29924
29927
29931
29933
29933
29935
29936
29938
29941
29942
29947
29960
29960
29968
29969
29970
29970
29970
29972
29973
29978
29984
29988
29988
29995
29998
29998
11971
16
11955
