10000
1
3
5
6
7
14
18
19
26
26
27
27
28
32
37
37
40
42
46
49
50
54
56
58
64
68
69
70
76
76
80
85
88
88
91
95
96
99
101
103
108
110
114
116
116
116
126
128
128
135
136
145
146
151
152
156
156
159
164
168
177
180
181
181
189
191
193
195
197
209
209
211
211
212
215
217
224
227
234
234
235
238
241
244
244
245
248
249
251
252
256
259
262
262
263
264
265
266
266
266
266
267
268
268
269
271
272
282
283
289
291
293
295
295
295
305
307
308
309
315
317
320
324
325
327
335
336
338
343
346
347
350
354
359
359
364
365
372
372
375
378
378
383
385
385
387
391
393
395
398
398
400
401
403
411
413
417
420
420
422
422
424
433
435
435
438
440
443
445
449
449
454
455
460
461
462
465
477
478
481
481
481
482
483
491
502
512
517
525
528
528
534
537
539
539
544
547
548
552
552
555
557
558
560
571
571
574
579
581
582
582
585
592
594
596
598
599
602
605
609
611
611
617
619
621
628
631
634
637
641
641
643
654
654
655
655
656
668
670
671
674
680
682
686
688
701
704
706
707
707
713
714
716
716
716
718
736
737
737
738
745
745
753
754
755
756
757
759
762
764
767
768
769
773
773
774
780
780
783
783
788
797
797
810
812
812
820
821
821
823
826
832
835
841
842
846
848
849
856
856
858
861
862
864
865
867
868
871
882
885
886
886
888
891
892
893
900
902
912
913
914
919
923
927
927
930
935
935
937
944
954
956
957
959
959
961
967
967
969
972
972
976
977
982
985
993
994
1000
1002
1003
1005
1007
1008
1014
1024
1024
1027
1033
1034
1035
1039
1044
1044
1046
1047
1050
1053
1054
1055
1056
1058
1059
1059
1059
1061
1062
1064
1064
1068
1080
1082
1084
1085
1085
1089
1091
1095
1099
1100
1104
1111
1111
1112
1112
1122
1129
1131
1135
1137
1138
1139
1140
1143
1146
1147
1148
1154
1156
1159
1168
1173
1176
1177
1177
1178
1182
1182
1188
1189
1189
1191
1195
1198
1215
1219
1219
1225
1225
1228
1229
1233
1234
1237
1237
1238
1238
1246
1258
1258
1258
1267
1270
1277
1277
1279
1280
1281
1286
1288
1289
1297
1298
1302
1303
1308
1310
1311
1312
1314
1315
1323
1351
1354
1359
1360
1365
1366
1367
1368
1368
1372
1372
1379
1382
1383
1384
1385
1394
1406
1420
1420
1424
1428
1432
1433
1436
1437
1444
1453
1457
1461
1461
1464
1464
1467
1472
1477
1477
1478
1478
1479
1483
1487
1494
1499
1501
1505
1508
1515
1517
1517
1522
1523
1523
1524
1532
1533
1538
1543
1544
1545
1548
1548
1548
1549
1549
1551
1565
1568
1569
1569
1572
1578
1579
1580
1587
1589
1592
1592
1594
1596
1603
1604
1605
1609
1610
1612
1613
1626
1628
1632
1633
1633
1634
1635
1645
1647
1649
1655
1656
1657
1657
1659
1659
1664
1670
1671
1675
1681
1683
1684
1686
1688
1697
1698
1702
1705
1712
1715
1719
1719
1723
1732
1733
1738
1741
1742
1746
1747
1747
1754
1759
1771
1772
1780
1786
1786
1787
1789
1792
1793
1802
1802
1808
1809
1818
1818
1824
1825
1830
1839
1841
1844
1844
1849
1862
1866
1871
1881
1881
1892
1894
1899
1906
1907
1907
1907
1909
1922
1922
1922
1929
1930
1932
1943
1943
1944
1945
1946
1947
1948
1948
1953
1953
1956
1959
1961
1962
1968
1976
1976
1982
1984
1985
1986
1993
1995
1998
2003
2004
2006
2007
2014
2016
2019
2020
2030
2033
2034
2035
2040
2041
2047
2048
2051
2051
2052
2060
2066
2068
2069
2069
2076
2076
2077
2084
2084
2089
2090
2097
2102
2106
2107
2108
2109
2110
2112
2112
2114
2118
2119
2121
2125
2127
2128
2128
2140
2141
2149
2149
2150
2151
2156
2162
2170
2172
2175
2181
2181
2184
2188
2188
2193
2193
2196
2200
2200
2205
2216
2220
2221
2222
2223
2225
2228
2237
2241
2245
2246
2254
2254
2256
2259
2263
2272
2278
2289
2293
2295
2299
2299
2300
2305
2309
2311
2313
2314
2316
2325
2326
2328
2328
2335
2338
2348
2354
2362
2368
2369
2370
2372
2373
2373
2376
2383
2384
2384
2386
2394
2394
2402
2402
2407
2417
2419
2419
2419
2421
2423
2424
2427
2431
2436
2447
2448
2448
2457
2457
2459
2465
2469
2470
2470
2472
2488
2490
2493
2493
2498
2501
2516
2517
2518
2519
2525
2531
2535
2536
2538
2539
2542
2543
2548
2550
2553
2553
2559
2564
2565
2569
2570
2578
2584
2584
2585
2585
2593
2594
2596
2599
2606
2608
2611
2611
2617
2618
2619
2627
2630
2631
2636
2637
2638
2640
2642
2642
2646
2654
2655
2659
2664
2670
2670
2675
2675
2679
2679
2684
2690
2692
2702
2703
2711
2712
2712
2713
2717
2717
2725
2727
2728
2728
2736
2741
2743
2745
2745
2749
2756
2758
2759
2762
2762
2764
2764
2771
2774
2781
2785
2785
2792
2794
2801
2802
2802
2805
2807
2810
2812
2815
2831
2833
2838
2851
2855
2857
2860
2865
2866
2868
2872
2874
2876
2879
2880
2883
2883
2885
2889
2891
2894
2894
2895
2902
2906
2908
2909
2913
2915
2917
2929
2944
2951
2961
2961
2965
2968
2971
2971
2989
2990
2992
2994
2997
3000
3001
3009
3017
3020
3021
3021
3038
3039
3041
3045
3046
3048
3052
3053
3053
3057
3058
3060
3063
3065
3065
3069
3078
3078
3090
3104
3110
3111
3112
3122
3123
3124
3124
3128
3129
3141
3142
3147
3153
3161
3164
3166
3167
3169
3172
3173
3178
3179
3180
3184
3185
3187
3187
3189
3189
3215
3217
3219
3221
3221
3223
3226
3230
3230
3232
3232
3232
3232
3238
3241
3245
3250
3251
3255
3259
3262
3262
3264
3277
3279
3280
3284
3287
3288
3288
3292
3296
3297
3304
3309
3309
3311
3315
3317
3318
3318
3325
3326
3329
3329
3331
3340
3343
3343
3350
3353
3357
3359
3360
3361
3362
3366
3366
3372
3373
3375
3376
3378
3379
3387
3391
3394
3398
3399
3402
3403
3410
3413
3414
3422
3424
3425
3425
3428
3430
3432
3433
3433
3434
3439
3450
3462
3464
3466
3466
3467
3472
3475
3479
3480
3483
3491
3492
3495
3497
3503
3505
3509
3510
3516
3520
3521
3522
3531
3533
3538
3544
3544
3546
3548
3549
3549
3551
3556
3565
3571
3573
3575
3578
3579
3581
3583
3587
3588
3604
3607
3608
3611
3620
3621
3623
3627
3629
3630
3633
3634
3634
3636
3636
3641
3644
3645
3645
3647
3647
3648
3654
3655
3661
3666
3670
3670
3670
3672
3678
3681
3682
3684
3685
3687
3688
3690
3697
3697
3698
3699
3710
3711
3713
3713
3716
3717
3718
3719
3720
3722
3722
3725
3726
3728
3732
3736
3739
3739
3740
3745
3750
3757
3762
3762
3765
3766
3768
3769
3772
3774
3774
3775
3775
3776
3778
3784
3785
3785
3786
3791
3792
3796
3799
3800
3802
3805
3805
3805
3807
3810
3814
3814
3818
3827
3829
3835
3842
3842
3843
3845
3848
3853
3857
3862
3862
3867
3875
3879
3880
3884
3886
3886
3889
3889
3890
3892
3900
3903
3904
3908
3909
3914
3918
3921
3930
3933
3938
3943
3945
3947
3948
3951
3953
3957
3960
3964
3965
3969
3971
3975
3979
3981
3983
3983
3985
3986
3991
3991
4002
4005
4011
4014
4018
4022
4029
4030
4035
4042
4046
4053
4054
4061
4072
4077
4078
4078
4080
4082
4082
4083
4083
4087
4089
4091
4093
4099
4102
4104
4111
4112
4114
4117
4119
4122
4124
4134
4136
4140
4155
4156
4160
4160
4163
4164
4168
4170
4173
4174
4175
4176
4191
4197
4197
4198
4199
4200
4202
4205
4208
4208
4209
4211
4215
4216
4218
4218
4219
4222
4226
4229
4229
4231
4231
4235
4235
4238
4244
4249
4249
4250
4256
4261
4263
4265
4266
4270
4271
4271
4271
4274
4275
4278
4290
4293
4295
4295
4296
4296
4297
4300
4309
4318
4318
4327
4334
4340
4342
4343
4346
4348
4358
4361
4363
4366
4371
4377
4384
4386
4386
4387
4390
4394
4396
4398
4403
4403
4404
4405
4407
4409
4411
4412
4416
4423
4425
4426
4427
4428
4428
4428
4432
4437
4438
4439
4442
4445
4451
4452
4454
4455
4457
4460
4462
4467
4468
4469
4469
4471
4480
4482
4484
4487
4489
4490
4492
4492
4492
4494
4496
4497
4498
4507
4519
4519
4521
4522
4522
4524
4525
4526
4529
4532
4538
4543
4551
4554
4556
4566
4574
4581
4582
4582
4584
4585
4587
4589
4589
4590
4590
4594
4619
4620
4620
4627
4627
4628
4629
4632
4633
4638
4641
4641
4642
4647
4649
4654
4662
4664
4667
4673
4676
4680
4682
4696
4697
4700
4701
4704
4707
4719
4724
4728
4729
4733
4733
4739
4740
4743
4746
4750
4754
4755
4757
4759
4766
4768
4770
4776
4776
4776
4779
4782
4783
4784
4784
4788
4790
4790
4792
4803
4805
4808
4811
4811
4818
4818
4830
4830
4831
4832
4836
4838
4840
4843
4844
4845
4846
4849
4851
4853
4854
4856
4869
4870
4871
4880
4880
4881
4884
4884
4887
4888
4897
4897
4898
4899
4899
4906
4908
4908
4909
4909
4910
4912
4913
4918
4923
4925
4926
4929
4929
4932
4935
4936
4938
4940
4941
4941
4942
4944
4945
4954
4959
4960
4963
4963
4969
4970
4971
4986
4991
4994
4994
4995
4996
5000
5008
5009
5009
5009
5012
5012
5015
5016
5022
5025
5029
5030
5031
5036
5038
5043
5075
5077
5080
5080
5080
5083
5090
5094
5094
5095
5097
5103
5104
5105
5108
5115
5120
5121
5125
5132
5132
5138
5139
5142
5146
5156
5159
5177
5180
5181
5184
5184
5186
5186
5187
5191
5191
5194
5196
5202
5202
5202
5207
5210
5216
5218
5219
5222
5225
5227
5227
5233
5234
5241
5245
5254
5254
5254
5254
5258
5258
5262
5266
5267
5271
5271
5272
5276
5279
5280
5291
5293
5296
5298
5305
5305
5306
5312
5312
5319
5323
5324
5325
5328
5332
5338
5338
5342
5345
5348
5350
5355
5355
5357
5361
5364
5368
5371
5373
5376
5379
5386
5388
5389
5391
5393
5394
5403
5404
5408
5414
5415
5415
5416
5416
5421
5423
5425
5431
5434
5437
5445
5447
5450
5451
5455
5457
5464
5471
5478
5480
5482
5483
5486
5494
5495
5497
5502
5506
5507
5509
5510
5510
5515
5522
5523
5526
5528
5531
5532
5532
5537
5540
5540
5542
5546
5548
5549
5553
5558
5562
5564
5569
5581
5584
5585
5586
5591
5592
5597
5602
5602
5608
5608
5610
5619
5619
5619
5622
5625
5625
5627
5627
5630
5631
5632
5633
5633
5633
5641
5642
5650
5652
5656
5657
5660
5662
5663
5669
5670
5673
5678
5679
5682
5682
5687
5693
5695
5699
5699
5699
5700
5707
5708
5712
5713
5727
5728
5730
5737
5739
5740
5745
5748
5750
5754
5755
5760
5763
5763
5766
5775
5778
5778
5780
5780
5782
5783
5783
5786
5787
5795
5799
5804
5804
5804
5815
5820
5824
5829
5832
5836
5837
5838
5841
5842
5843
5849
5854
5858
5859
5866
5867
5867
5872
5874
5875
5881
5882
5885
5888
5891
5892
5893
5902
5902
5905
5913
5918
5926
5927
5927
5930
5930
5933
5937
5948
5949
5951
5953
5957
5957
5958
5959
5960
5961
5961
5965
5976
5977
5978
5979
5981
5981
5982
5987
5992
5993
5997
6001
6001
6003
6007
6007
6019
6020
6023
6025
6032
6038
6043
6043
6044
6048
6053
6053
6055
6058
6058
6059
6063
6067
6067
6068
6070
6074
6076
6081
6082
6082
6085
6089
6091
6091
6094
6095
6097
6097
6100
6105
6108
6110
6110
6111
6111
6111
6113
6116
6116
6117
6118
6118
6127
6127
6136
6144
6159
6161
6162
6164
6169
6169
6170
6176
6184
6186
6188
6189
6193
6196
6206
6209
6213
6219
6219
6226
6228
6233
6234
6234
6239
6239
6240
6244
6250
6252
6255
6260
6260
6261
6263
6274
6274
6275
6278
6282
6287
6289
6296
6297
6297
6297
6300
6302
6304
6308
6308
6309
6314
6314
6321
6332
6341
6342
6344
6351
6353
6360
6360
6360
6365
6369
6376
6379
6385
6388
6392
6395
6395
6396
6399
6400
6402
6406
6410
6410
6411
6414
6415
6416
6419
6420
6424
6431
6432
6433
6438
6438
6439
6444
6445
6446
6448
6449
6452
6455
6457
6459
6464
6465
6465
6470
6470
6478
6491
6492
6493
6493
6499
6502
6503
6503
6505
6508
6509
6510
6513
6518
6519
6522
6524
6533
6535
6538
6538
6540
6542
6542
6542
6543
6545
6547
6557
6558
6559
6566
6573
6577
6579
6587
6589
6593
6596
6599
6599
6599
6601
6613
6614
6614
6614
6615
6619
6619
6620
6621
6621
6621
6623
6623
6626
6626
6633
6639
6639
6641
6641
6648
6648
6648
6652
6655
6656
6656
6658
6659
6659
6659
6665
6666
6667
6669
6670
6671
6671
6674
6677
6680
6682
6683
6683
6688
6689
6690
6691
6691
6692
6695
6695
6696
6696
6698
6700
6704
6710
6713
6713
6718
6719
6724
6728
6731
6734
6737
6738
6751
6753
6755
6755
6757
6759
6759
6764
6766
6767
6773
6778
6778
6780
6782
6788
6788
6789
6789
6790
6793
6794
6794
6794
6798
6802
6804
6806
6808
6818
6818
6820
6822
6827
6827
6833
6835
6839
6843
6844
6846
6847
6848
6851
6866
6868
6871
6873
6874
6875
6876
6880
6881
6886
6888
6889
6891
6891
6892
6893
6893
6897
6899
6902
6903
6909
6912
6912
6912
6930
6936
6943
6943
6943
6947
6949
6954
6955
6955
6958
6959
6961
6963
6965
6966
6970
6974
6976
6977
6986
6989
6995
7005
7006
7017
7021
7024
7026
7027
7028
7044
7047
7052
7057
7061
7062
7066
7068
7069
7073
7074
7078
7090
7094
7095
7096
7097
7098
7105
7120
7129
7132
7135
7135
7136
7137
7143
7145
7147
7151
7154
7157
7160
7161
7166
7166
7168
7168
7169
7170
7173
7174
7177
7179
7184
7185
7190
7191
7193
7193
7199
7208
7214
7216
7217
7217
7221
7222
7229
7229
7229
7233
7234
7237
7239
7240
7241
7244
7246
7248
7250
7255
7258
7260
7262
7264
7264
7265
7266
7270
7270
7270
7271
7272
7272
7273
7288
7291
7292
7294
7294
7297
7297
7298
7301
7305
7308
7309
7313
7313
7314
7318
7318
7322
7326
7329
7330
7334
7335
7338
7341
7349
7352
7355
7359
7360
7360
7361
7361
7361
7365
7366
7366
7372
7372
7378
7379
7381
7383
7383
7395
7397
7398
7399
7399
7400
7401
7402
7405
7413
7414
7418
7420
7423
7424
7430
7433
7434
7435
7436
7443
7443
7447
7453
7454
7457
7459
7463
7464
7464
7466
7469
7469
7476
7476
7477
7480
7481
7482
7483
7483
7485
7486
7487
7487
7489
7490
7493
7493
7499
7502
7506
7508
7512
7515
7516
7525
7528
7529
7532
7536
7539
7541
7546
7549
7549
7559
7559
7563
7564
7565
7565
7567
7568
7569
7569
7579
7583
7585
7588
7590
7606
7611
7628
7630
7634
7639
7649
7652
7657
7658
7660
7664
7667
7667
7669
7671
7676
7677
7678
7679
7681
7688
7691
7701
7702
7705
7708
7710
7712
7717
7718
7728
7741
7743
7744
7749
7753
7758
7766
7768
7770
7775
7781
7781
7782
7786
7786
7788
7789
7789
7792
7792
7795
7799
7803
7803
7805
7811
7817
7818
7818
7830
7831
7838
7839
7846
7846
7846
7855
7858
7859
7861
7863
7863
7867
7871
7874
7876
7876
7881
7883
7884
7887
7889
7890
7896
7898
7907
7907
7908
7909
7915
7917
7918
7918
7920
7920
7922
7923
7932
7936
7936
7941
7944
7946
7956
7959
7959
7966
7969
7974
7982
7992
7992
7999
8002
8003
8004
8005
8005
8005
8006
8007
8009
8011
8013
8020
8021
8022
8030
8033
8040
8041
8042
8043
8045
8045
8047
8050
8051
8054
8054
8057
8060
8062
8066
8070
8071
8073
8076
8082
8083
8085
8086
8092
8097
8099
8099
8107
8116
8125
8130
8133
8136
8137
8137
8149
8150
8151
8162
8162
8164
8165
8175
8175
8181
8183
8183
8184
8190
8191
8197
8203
8207
8215
8219
8221
8223
8227
8230
8233
8237
8240
8240
8243
8246
8246
8247
8248
8251
8253
8255
8260
8262
8265
8267
8268
8270
8272
8274
8277
8278
8288
8293
8294
8296
8296
8297
8297
8297
8302
8306
8316
8317
8319
8323
8326
8329
8331
8334
8337
8338
8341
8348
8354
8354
8355
8356
8357
8363
8363
8363
8367
8370
8375
8375
8377
8380
8385
8385
8390
8392
8392
8396
8402
8403
8406
8407
8415
8415
8415
8417
8419
8420
8423
8424
8426
8426
8426
8442
8445
8447
8449
8450
8451
8451
8454
8454
8457
8467
8467
8469
8470
8471
8485
8489
8491
8493
8500
8503
8506
8513
8514
8521
8525
8525
8529
8533
8536
8552
8557
8563
8567
8568
8571
8575
8580
8585
8586
8587
8588
8597
8598
8604
8608
8614
8615
8619
8624
8626
8626
8630
8632
8633
8634
8636
8639
8643
8644
8655
8656
8658
8661
8664
8665
8670
8673
8674
8674
8677
8677
8677
8684
8685
8685
8686
8690
8694
8701
8701
8703
8705
8705
8708
8713
8714
8714
8715
8720
8725
8725
8729
8734
8739
8742
8744
8750
8752
8756
8758
8761
8768
8770
8771
8773
8775
8775
8781
8784
8788
8789
8794
8795
8795
8797
8799
8801
8801
8808
8809
8810
8816
8818
8822
8824
8824
8835
8838
8841
8842
8847
8849
8853
8855
8856
8858
8859
8862
8865
8865
8866
8867
8870
8873
8873
8879
8886
8888
8888
8891
8894
8894
8895
8897
8897
8898
8899
8901
8902
8903
8904
8905
8906
8907
8916
8923
8925
8926
8936
8936
8944
8947
8948
8950
8958
8962
8963
8970
8973
8978
8980
8984
8988
8988
8989
8999
8999
9000
9003
9008
9011
9011
9012
9013
9014
9017
9019
9020
9021
9023
9023
9024
9024
9025
9026
9026
9027
9034
9046
9051
9053
9053
9056
9056
9056
9057
9061
9061
9075
9079
9089
9089
9090
9100
9100
9101
9107
9113
9114
9118
9123
9127
9135
9139
9140
9143
9145
9146
9146
9146
9149
9150
9150
9151
9157
9158
9158
9162
9163
9164
9165
9172
9172
9173
9173
9173
9175
9177
9180
9186
9194
9202
9204
9205
9205
9205
9206
9208
9208
9210
9214
9216
9223
9225
9246
9252
9256
9256
9257
9260
9266
9268
9269
9271
9272
9274
9275
9281
9283
9285
9287
9287
9293
9293
9313
9316
9318
9322
9322
9323
9328
9330
9331
9331
9332
9333
9341
9344
9352
9354
9355
9359
9359
9362
9362
9364
9370
9371
9371
9372
9372
9377
9378
9382
9390
9392
9396
9396
9398
9399
9402
9408
9410
9411
9417
9417
9419
9423
9424
9425
9428
9430
9432
9434
9435
9436
9439
9444
9449
9453
9456
9457
9458
9462
9463
9464
9468
9470
9473
9477
9485
9486
9488
9489
9490
9493
9493
9496
9499
9500
9504
9506
9506
9510
9515
9517
9517
9518
9520
9522
9522
9523
9523
9524
9525
9527
9530
9530
9532
9534
9547
9551
9551
9554
9561
9563
9565
9566
9567
9569
9571
9571
9571
9573
9587
9591
9598
9600
9602
9602
9605
9614
9625
9631
9633
9637
9638
9640
9643
9647
9656
9659
9660
9667
9671
9671
9671
9671
9677
9678
9681
9682
9691
9700
9705
9706
9706
9708
9710
9718
9718
9727
9729
9732
9733
9737
9737
9737
9745
9753
9757
9757
9757
9758
9761
9762
9767
9770
9770
9775
9775
9775
9775
9778
9778
9789
9794
9794
9797
9798
9798
9799
9801
9803
9805
9810
9811
9813
9814
9817
9820
9821
9822
9823
9838
9839
9841
9843
9844
9847
9850
9853
9853
9856
9856
9861
9861
9865
9871
9875
9878
9881
9881
9895
9896
9913
9914
9915
9915
9915
9918
9926
9926
9929
9934
9935
9940
9940
9940
9941
9941
9945
9946
9946
9948
9948
9949
9949
9959
9960
9966
9967
9970
9971
9981
9984
9985
9985
10000
10004
10005
10006
10013
10014
10016
10017
10020
10027
10031
10032
10034
10039
10040
10040
10040
10040
10040
10041
10043
10047
10052
10055
10058
10059
10062
10065
10068
10070
10086
10088
10090
10092
10095
10097
10100
10100
10101
10105
10107
10109
10112
10114
10120
10121
10128
10128
10132
10134
10138
10140
10147
10148
10153
10154
10155
10158
10158
10168
10169
10173
10178
10179
10181
10184
10190
10191
10194
10198
10200
10204
10209
10210
10213
10214
10214
10215
10218
10222
10223
10225
10227
10230
10233
10235
10246
10246
10248
10250
10254
10254
10255
10255
10257
10265
10267
10270
10272
10279
10281
10289
10290
10308
10311
10312
10325
10325
10326
10328
10328
10330
10337
10339
10339
10341
10346
10346
10347
10349
10352
10352
10353
10354
10358
10366
10366
10372
10389
10394
10401
10401
10404
10407
10409
10411
10412
10416
10417
10417
10422
10426
10429
10432
10436
10440
10440
10441
10443
10444
10446
10449
10450
10453
10455
10459
10463
10465
10467
10469
10473
10476
10477
10477
10485
10488
10493
10495
10502
10505
10507
10507
10517
10518
10519
10524
10527
10528
10529
10530
10533
10533
10534
10534
10539
10543
10567
10569
10572
10573
10578
10581
10583
10585
10586
10586
10593
10593
10593
10595
10597
10598
10599
10603
10605
10606
10607
10607
10613
10616
10618
10624
10627
10628
10632
10633
10638
10639
10644
10646
10646
10648
10648
10652
10653
10654
10655
10655
10656
10657
10661
10663
10663
10666
10667
10667
10677
10680
10682
10687
10692
10694
10695
10696
10698
10706
10712
10717
10719
10722
10740
10759
10760
10762
10763
10763
10767
10773
10785
10788
10788
10793
10796
10797
10798
10802
10807
10808
10811
10812
10818
10822
10828
10829
10829
10834
10836
10838
10841
10843
10848
10849
10853
10854
10862
10863
10864
10868
10876
10882
10884
10884
10886
10887
10888
10891
10891
10894
10894
10896
10901
10901
10904
10906
10908
10912
10928
10931
10931
10938
10943
10943
10945
10946
10948
10954
10955
10957
10958
10968
10970
10971
10973
10980
10981
10982
10983
10984
10985
10988
10991
10994
10997
10999
11003
11004
11009
11011
11012
11012
11014
11015
11020
11027
11033
11040
11042
11043
11045
11049
11052
11053
11057
11063
11064
11067
11069
11070
11071
11079
11079
11080
11089
11091
11095
11099
11105
11107
11110
11111
11117
11121
11122
11124
11124
11125
11133
11136
11137
11141
11142
11146
11147
11148
11148
11150
11150
11151
11153
11154
11155
11158
11159
11164
11165
11168
11169
11170
11174
11176
11176
11176
11176
11178
11179
11181
11185
11186
11187
11190
11193
11197
11198
11198
11200
11206
11215
11217
11222
11224
11227
11235
11235
11237
11241
11247
11249
11253
11259
11259
11260
11262
11263
11265
11273
11276
11277
11279
11280
11280
11285
11290
11291
11293
11294
11294
11296
11301
11302
11303
11310
11311
11318
11322
11323
11324
11330
11333
11335
11338
11340
11342
11344
11348
11349
11353
11359
11367
11370
11373
11376
11376
11379
11382
11383
11384
11395
11396
11402
11403
11407
11411
11411
11413
11413
11421
11422
11422
11427
11433
11433
11434
11435
11444
11446
11447
11454
11456
11457
11479
11482
11482
11483
11492
11497
11503
11504
11508
11508
11508
11511
11514
11515
11517
11518
11519
11522
11523
11530
11532
11535
11535
11535
11541
11542
11545
11550
11554
11557
11559
11560
11561
11571
11579
11583
11585
11593
11593
11594
11596
11598
11600
11608
11608
11609
11611
11618
11620
11627
11631
11634
11635
11636
11637
11660
11666
11667
11673
11677
11681
11683
11687
11688
11692
11696
11696
11700
11701
11702
11706
11710
11713
11716
11718
11721
11727
11738
11739
11740
11741
11742
11747
11753
11764
11764
11774
11785
11786
11787
11792
11798
11799
11806
11807
11809
11812
11814
11816
11817
11832
11834
11835
11838
11843
11844
11845
11846
11847
11848
11852
11856
11858
11859
11859
11861
11864
11865
11866
11871
11874
11874
11876
11879
11880
11883
11885
11886
11898
11903
11904
11908
11910
11911
11912
11913
11919
11919
11921
11924
11928
11936
11936
11937
11940
11944
11949
11966
11968
11970
11974
11974
11983
11984
11986
11993
11998
11998
12004
12018
12019
12022
12026
12028
12028
12029
12030
12030
12041
12042
12046
12049
12049
12050
12051
12055
12057
12060
12061
12064
12075
12075
12087
12089
12095
12095
12102
12104
12122
12125
12128
12131
12134
12136
12141
12143
12143
12145
12149
12150
12153
12158
12162
12166
12166
12171
12172
12176
12177
12182
12190
12190
12192
12193
12194
12204
12205
12207
12207
12207
12208
12208
12211
12212
12218
12218
12227
12227
12228
12229
12229
12230
12231
12233
12235
12248
12257
12262
12267
12269
12272
12274
12275
12275
12282
12284
12286
12289
12289
12296
12298
12303
12311
12312
12313
12313
12314
12323
12328
12337
12343
12343
12346
12358
12359
12360
12365
12366
12374
12375
12375
12376
12378
12383
12384
12385
12398
12398
12406
12408
12409
12410
12411
12412
12420
12423
12425
12425
12427
12429
12434
12435
12440
12451
12453
12454
12455
12455
12456
12458
12460
12461
12465
12467
12468
12469
12477
12478
12482
12484
12489
12490
12491
12493
12493
12493
12500
12501
12505
12508
12510
12511
12516
12519
12520
12522
12522
12526
12528
12529
12530
12535
12535
12539
12540
12543
12546
12546
12547
12557
12559
12571
12574
12579
12586
12587
12587
12589
12593
12594
12598
12598
12610
12616
12617
12627
12634
12635
12638
12640
12645
12648
12648
12653
12654
12657
12661
12664
12665
12671
12678
12687
12689
12689
12689
12691
12692
12695
12696
12698
12699
12700
12706
12707
12714
12716
12720
12721
12730
12731
12732
12733
12734
12737
12740
12741
12744
12748
12752
12752
12757
12763
12767
12769
12771
12776
12777
12779
12779
12782
12788
12798
12802
12802
12808
12809
12810
12810
12811
12813
12816
12821
12824
12824
12830
12832
12835
12836
12840
12851
12856
12863
12864
12865
12867
12868
12869
12871
12875
12877
12877
12886
12894
12900
12900
12903
12908
12916
12920
12924
12927
12929
12930
12931
12931
12934
12935
12936
12939
12942
12943
12953
12959
12964
12968
12974
12975
12977
12977
12980
12983
12987
12993
12994
12995
12999
13006
13010
13018
13020
13024
13027
13028
13029
13036
13037
13039
13043
13054
13054
13055
13059
13059
13060
13062
13073
13074
13077
13081
13081
13084
13085
13085
13089
13092
13095
13096
13098
13100
13101
13101
13103
13104
13105
13108
13117
13122
13123
13124
13128
13133
13134
13135
13138
13138
13140
13145
13146
13154
13154
13157
13160
13168
13168
13182
13185
13187
13187
13188
13195
13203
13209
13209
13214
13216
13222
13224
13226
13238
13238
13240
13241
13243
13246
13251
13258
13263
13265
13268
13274
13274
13276
13282
13283
13288
13288
13290
13290
13294
13297
13300
13309
13311
13323
13324
13330
13330
13333
13334
13342
13345
13345
13352
13355
13356
13356
13359
13364
13366
13371
13373
13374
13378
13384
13389
13391
13393
13393
13401
13403
13404
13407
13409
13411
13411
13414
13415
13425
13426
13428
13430
13430
13431
13433
13434
13438
13439
13448
13458
13459
13460
13462
13464
13470
13472
13472
13472
13474
13476
13478
13479
13484
13490
13495
13498
13504
13504
13507
13514
13517
13519
13521
13524
13526
13529
13529
13530
13531
13531
13532
13532
13534
13535
13538
13540
13543
13546
13546
13552
13553
13557
13558
13564
13568
13574
13575
13575
13577
13582
13590
13591
13592
13592
13598
13608
13611
13621
13623
13629
13632
13638
13642
13643
13646
13647
13652
13652
13654
13656
13657
13660
13664
13665
13665
13671
13676
13677
13678
13680
13681
13683
13685
13687
13691
13691
13691
13697
13699
13700
13703
13704
13706
13711
13716
13724
13725
13726
13727
13729
13733
13733
13734
13738
13743
13744
13745
13745
13745
13747
13748
13750
13750
13751
13751
13755
13757
13760
13760
13760
13761
13764
13784
13788
13788
13796
13796
13797
13798
13799
13800
13809
13813
13814
13815
13817
13818
13828
13835
13836
13837
13838
13839
13843
13855
13860
13867
13870
13872
13877
13877
13879
13881
13882
13884
13891
13895
13898
13898
13901
13903
13907
13908
13910
13910
13910
13913
13914
13915
13916
13919
13920
13922
13924
13925
13927
13928
13937
13951
13953
13964
13968
13971
13971
13972
13982
13984
13985
13985
13988
13988
13989
13990
13991
13991
13992
13994
13997
13997
13999
14000
14000
14001
14001
14005
14010
14017
14021
14026
14029
14029
14032
14032
14036
14047
14050
14060
14062
14063
14064
14064
14066
14078
14081
14085
14087
14088
14089
14090
14092
14093
14100
14103
14103
14110
14116
14119
14125
14126
14130
14132
14133
14139
14142
14144
14146
14147
14148
14149
14152
14152
14153
14159
14162
14163
14163
14168
14171
14171
14173
14175
14177
14190
14191
14193
14200
14206
14207
14209
14210
14213
14219
14222
14225
14227
14228
14229
14231
14231
14232
14236
14243
14246
14246
14247
14249
14255
14256
14256
14257
14257
14260
14261
14262
14268
14272
14272
14273
14276
14282
14284
14285
14288
14289
14289
14290
14291
14291
14296
14296
14296
14298
14298
14300
14301
14307
14313
14319
14319
14332
14332
14333
14334
14334
14335
14349
14352
14356
14358
14362
14363
14368
14370
14371
14373
14373
14381
14382
14382
14388
14392
14394
14394
14401
14402
14406
14407
14407
14411
14412
14414
14416
14420
14420
14420
14423
14424
14426
14428
14430
14434
14440
14443
14445
14448
14453
14457
14458
14468
14471
14472
14472
14472
14473
14473
14475
14484
14485
14486
14486
14487
14489
14490
14490
14492
14496
14497
14498
14502
14504
14508
14508
14522
14527
14530
14534
14540
14541
14541
14542
14543
14547
14548
14555
14558
14562
14564
14574
14575
14580
14588
14588
14589
14589
14590
14593
14594
14596
14602
14607
14608
14608
14611
14612
14614
14615
14619
14627
14627
14628
14632
14635
14639
14640
14643
14645
14646
14651
14655
14655
14661
14661
14663
14668
14669
14673
14673
14683
14684
14686
14687
14690
14691
14696
14697
14699
14705
14710
14713
14718
14719
14721
14724
14727
14727
14729
14734
14737
14745
14746
14748
14752
14754
14757
14757
14759
14765
14771
14772
14773
14783
14786
14786
14792
14798
14798
14799
14799
14813
14817
14819
14822
14833
14845
14846
14850
14856
14860
14861
14861
14862
14862
14868
14870
14884
14887
14894
14895
14897
14900
14900
14904
14906
14907
14908
14915
14917
14920
14929
14931
14932
14932
14933
14935
14942
14944
14946
14948
14949
14954
14955
14960
14964
14965
14973
14976
14978
14979
14980
14985
14985
14986
14993
14996
14997
14998
15002
15002
15010
15015
15015
15018
15019
15022
15024
15028
15038
15038
15039
15044
15047
15047
15049
15055
15071
15076
15080
15092
15092
15093
15093
15098
15101
15101
15102
15107
15112
15118
15124
15127
15128
15131
15132
15133
15137
15138
15141
15141
15142
15145
15150
15150
15150
15160
15163
15163
15164
15167
15169
15169
15169
15173
15173
15178
15180
15181
15182
15182
15183
15184
15185
15188
15196
15199
15201
15202
15202
15210
15211
15212
15227
15227
15230
15230
15231
15241
15242
15243
15245
15247
15249
15255
15257
15259
15273
15278
15280
15291
15294
15295
15299
15306
15311
15311
15315
15315
15318
15320
15320
15320
15321
15322
15323
15330
15336
15345
15350
15350
15351
15356
15357
15357
15363
15365
15368
15372
15374
15375
15377
15379
15383
15383
15388
15392
15394
15394
15398
15400
15408
15409
15411
15413
15418
15423
15426
15427
15428
15429
15430
15430
15432
15435
15436
15440
15448
15449
15449
15450
15456
15459
15461
15462
15462
15463
15467
15472
15472
15474
15474
15475
15480
15481
15483
15486
15487
15489
15490
15491
15493
15493
15496
15497
15503
15504
15506
15508
15510
15514
15514
15516
15521
15526
15527
15528
15537
15537
15538
15539
15544
15544
15546
15547
15560
15561
15562
15567
15568
15570
15571
15573
15573
15582
15586
15589
15592
15596
15597
15602
15606
15606
15611
15615
15617
15625
15630
15636
15640
15644
15648
15649
15650
15650
15653
15664
15664
15667
15671
15671
15672
15673
15676
15678
15678
15679
15681
15682
15682
15685
15688
15689
15690
15690
15693
15694
15701
15705
15706
15708
15708
15708
15710
15713
15714
15719
15725
15731
15731
15737
15738
15740
15740
15745
15751
15753
15759
15763
15775
15782
15786
15787
15791
15793
15796
15799
15800
15815
15815
15816
15821
15823
15823
15824
15826
15828
15830
15838
15839
15839
15844
15845
15847
15848
15848
15868
15868
15871
15871
15887
15891
15894
15895
15896
15907
15907
15914
15916
15918
15920
15921
15923
15924
15924
15931
15933
15934
15936
15938
15940
15942
15942
15942
15948
15950
15951
15963
15965
15972
15972
15980
15982
15983
15984
15990
15990
15992
15993
15994
15994
15997
15998
15998
16002
16002
16002
16002
16003
16004
16004
16005
16005
16006
16007
16008
16008
16010
16012
16014
16015
16016
16017
16020
16025
16026
16026
16027
16027
16028
16035
16035
16042
16043
16043
16045
16047
16051
16057
16057
16061
16066
16071
16074
16075
16078
16078
16079
16080
16083
16085
16087
16087
16093
16105
16105
16106
16111
16112
16116
16121
16140
16143
16144
16145
16148
16149
16149
16150
16163
16164
16164
16165
16171
16179
16180
16185
16186
16189
16200
16201
16201
16203
16208
16215
16216
16217
16224
16230
16232
16239
16250
16251
16259
16260
16261
16261
16266
16270
16273
16274
16274
16286
16291
16291
16291
16295
16295
16298
16301
16310
16311
16311
16312
16317
16319
16325
16328
16334
16335
16337
16341
16344
16351
16354
16355
16364
16365
16366
16371
16372
16372
16376
16386
16389
16391
16392
16393
16394
16394
16396
16399
16402
16403
16406
16406
16413
16418
16420
16427
16429
16431
16435
16436
16437
16438
16438
16439
16440
16441
16447
16450
16450
16452
16456
16460
16464
16467
16470
16471
16471
16476
16477
16478
16478
16479
16485
16489
16493
16494
16494
16496
16497
16500
16502
16504
16506
16515
16516
16518
16523
16526
16527
16531
16535
16536
16545
16546
16550
16552
16554
16561
16566
16566
16566
16567
16573
16575
16576
16576
16577
16580
16581
16584
16589
16589
16590
16591
16593
16603
16605
16605
16606
16608
16609
16609
16610
16613
16615
16620
16621
16622
16624
16625
16625
16639
16641
16642
16646
16649
16651
16652
16655
16660
16662
16662
16665
16667
16668
16673
16678
16679
16691
16692
16692
16696
16704
16705
16708
16710
16711
16716
16724
16725
16729
16731
16731
16735
16743
16745
16747
16748
16751
16755
16761
16761
16763
16766
16766
16768
16768
16770
16772
16784
16786
16788
16790
16799
16801
16802
16803
16803
16808
16810
16812
16819
16829
16832
16838
16841
16843
16856
16862
16866
16884
16886
16886
16891
16893
16893
16894
16902
16905
16909
16913
16916
16919
16924
16925
16926
16933
16933
16937
16941
16951
16956
16959
16964
16969
16976
16980
16980
16983
16987
16987
16993
16994
16998
17000
17003
17009
17010
17013
17016
17027
17030
17032
17034
17034
17035
17042
17043
17047
17054
17058
17065
17068
17072
17074
17075
17077
17078
17078
17085
17085
17087
17090
17090
17092
17092
17098
17098
17102
17102
17111
17116
17117
17118
17119
17121
17123
17126
17127
17134
17142
17142
17143
17146
17154
17158
17159
17159
17162
17169
17171
17175
17179
17181
17183
17184
17191
17191
17192
17194
17194
17197
17198
17200
17201
17201
17202
17205
17207
17210
17213
17217
17219
17222
17228
17233
17236
17236
17240
17247
17251
17252
17253
17255
17256
17257
17258
17258
17259
17262
17264
17264
17265
17273
17279
17280
17281
17284
17292
17293
17296
17298
17304
17307
17311
17312
17318
17319
17322
17322
17323
17323
17323
17326
17338
17340
17342
17346
17349
17349
17349
17350
17353
17356
17359
17360
17362
17368
17373
17375
17377
17382
17390
17394
17397
17407
17408
17409
17410
17414
17418
17418
17419
17433
17433
17433
17434
17435
17440
17442
17444
17444
17449
17449
17459
17459
17463
17464
17465
17468
17477
17480
17494
17496
17501
17506
17509
17515
17517
17519
17535
17537
17538
17549
17568
17581
17582
17584
17585
17588
17589
17591
17594
17595
17599
17603
17614
17615
17617
17620
17622
17626
17636
17637
17638
17640
17646
17647
17651
17652
17655
17656
17660
17660
17665
17670
17676
17676
17701
17711
17722
17723
17725
17727
17729
17732
17734
17735
17741
17741
17744
17754
17755
17756
17761
17763
17763
17764
17765
17767
17768
17775
17776
17778
17778
17789
17795
17801
17802
17806
17808
17808
17814
17821
17822
17822
17826
17826
17836
17837
17837
17838
17840
17841
17842
17844
17846
17847
17847
17849
17853
17853
17855
17856
17857
17859
17861
17870
17871
17881
17884
17885
17888
17891
17896
17896
17897
17897
17898
17902
17902
17906
17919
17920
17922
17923
17924
17928
17933
17934
17938
17940
17950
17952
17958
17965
17969
17969
17970
17979
17981
17983
17983
17988
17992
17997
17998
18000
18005
18005
18012
18013
18017
18021
18028
18028
18029
18033
18034
18034
18042
18053
18057
18060
18061
18065
18070
18083
18083
18083
18089
18090
18095
18096
18103
18104
18104
18108
18116
18121
18122
18122
18126
18127
18128
18134
18137
18139
18149
18161
18172
18172
18175
18178
18180
18180
18181
18185
18187
18189
18191
18192
18194
18197
18198
18201
18204
18210
18212
18214
18215
18221
18221
18223
18223
18228
18234
18234
18234
18236
18243
18245
18245
18249
18251
18252
18252
18256
18259
18259
18259
18262
18267
18269
18270
18283
18283
18284
18284
18290
18290
18291
18293
18293
18298
18301
18307
18310
18311
18311
18320
18323
18334
18335
18337
18347
18348
18351
18353
18353
18353
18356
18357
18358
18359
18364
18367
18368
18370
18371
18373
18375
18377
18378
18381
18385
18394
18408
18409
18414
18415
18418
18419
18423
18425
18426
18434
18436
18442
18444
18445
18449
18449
18449
18450
18456
18460
18461
18476
18477
18478
18479
18479
18481
18489
18490
18495
18495
18500
18500
18501
18503
18504
18504
18505
18509
18510
18511
18515
18516
18517
18534
18536
18541
18544
18544
18545
18546
18547
18551
18551
18553
18555
18557
18558
18563
18563
18564
18574
18580
18584
18589
18594
18595
18598
18599
18604
18604
18605
18607
18613
18613
18627
18635
18644
18648
18650
18650
18651
18654
18656
18659
18660
18664
18674
18684
18687
18691
18692
18694
18697
18699
18702
18703
18704
18705
18708
18708
18714
18714
18719
18720
18723
18724
18728
18729
18734
18735
18742
18742
18743
18745
18746
18749
18750
18752
18753
18754
18757
18761
18762
18762
18762
18763
18767
18777
18777
18780
18782
18782
18785
18792
18792
18794
18795
18797
18798
18799
18803
18811
18811
18816
18817
18822
18824
18827
18827
18829
18831
18831
18836
18844
18844
18846
18848
18850
18850
18852
18858
18862
18872
18874
18875
18877
18884
18886
18888
18894
18895
18915
18921
18922
18924
18926
18931
18936
18937
18938
18940
18942
18951
18952
18954
18955
18961
18964
18966
18971
18975
18980
18986
18987
18991
18992
18999
19002
19007
19008
19009
19011
19014
19018
19019
19021
19022
19029
19034
19036
19039
19042
19045
19045
19049
19050
19051
19053
19059
19061
19062
19065
19069
19075
19078
19078
19083
19084
19085
19087
19091
19093
19111
19116
19118
19118
19120
19130
19136
19141
19147
19147
19149
19156
19156
19157
19160
19166
19170
19172
19174
19178
19179
19187
19191
19193
19193
19194
19195
19207
19207
19207
19208
19211
19212
19219
19223
19223
19226
19226
19229
19229
19232
19236
19254
19259
19268
19268
19269
19270
19272
19273
19275
19275
19276
19279
19280
19283
19285
19287
19293
19293
19300
19301
19304
19307
19307
19316
19317
19318
19322
19326
19330
19330
19333
19339
19343
19345
19345
19349
19354
19356
19363
19369
19370
19373
19374
19379
19384
19386
19388
19389
19390
19392
19392
19392
19397
19397
19401
19421
19424
19429
19429
19429
19434
19435
19437
19438
19441
19447
19447
19450
19452
19464
19467
19467
19472
19475
19475
19476
19478
19480
19482
19488
19493
19494
19496
19503
19504
19510
19512
19513
19514
19518
19520
19521
19521
19531
19532
19534
19536
19536
19539
19545
19548
19551
19552
19556
19557
19559
19565
19567
19570
19572
19574
19578
19579
19580
19583
19583
19584
19586
19587
19590
19591
19592
19593
19596
19597
19598
19600
19602
19605
19606
19609
19613
19614
19615
19622
19622
19623
19631
19632
19633
19634
19634
19639
19642
19645
19645
19649
19650
19651
19653
19665
19672
19674
19677
19682
19682
19684
19690
19699
19703
19703
19705
19710
19718
19729
19731
19732
19732
19758
19768
19768
19769
19773
19774
19779
19780
19781
19792
19795
19797
19798
19798
19799
19810
19812
19812
19815
19816
19818
19818
19821
19822
19822
19824
19828
19828
19829
19833
19833
19834
19836
19836
19837
19838
19840
19845
19845
19849
19851
19853
19858
19861
19864
19866
19874
19877
19883
19884
19884
19884
19886
19887
19892
19895
19898
19899
19904
19904
19904
19905
19910
19910
19916
19926
19930
19932
19934
19939
19943
19945
19948
19950
19954
19956
19959
19959
19963
19964
19965
19965
19966
19966
19968
19969
19970
19970
19976
19980
19980
19980
19985
19988
19990
19990
19994
20001
20003
20009
20015
20018
20018
20019
20020
20025
20029
20030
20033
20037
20037
20044
20048
20049
20051
20052
20053
20064
20070
20073
20076
20080
20090
20092
20092
20096
20099
20101
20101
20102
20102
20102
20110
20112
20116
20117
20122
20122
20128
20131
20131
20132
20133
20137
20140
20141
20143
20150
20151
20152
20155
20157
20157
20161
20164
20174
20175
20176
20178
20178
20182
20183
20186
20187
20187
20190
20193
20193
20194
20197
20199
20200
20202
20207
20215
20217
20218
20219
20220
20222
20225
20225
20233
20235
20239
20242
20244
20246
20246
20247
20248
20250
20251
20253
20257
20261
20261
20262
20264
20267
20270
20273
20278
20280
20286
20288
20299
20301
20309
20310
20310
20311
20311
20315
20320
20320
20321
20327
20327
20327
20329
20332
20334
20335
20353
20357
20360
20362
20367
20370
20374
20374
20374
20376
20379
20380
20381
20385
20385
20389
20396
20409
20411
20412
20412
20413
20416
20416
20416
20424
20425
20428
20429
20429
20431
20432
20432
20433
20433
20437
20440
20443
20444
20449
20455
20457
20458
20459
20461
20463
20464
20466
20467
20468
20469
20474
20474
20475
20476
20481
20484
20486
20488
20491
20498
20502
20507
20509
20514
20515
20520
20522
20523
20542
20544
20545
20550
20559
20559
20560
20563
20563
20563
20565
20566
20568
20572
20573
20587
20588
20593
20594
20606
20609
20609
20622
20623
20633
20635
20640
20641
20642
20643
20643
20647
20649
20650
20657
20659
20659
20663
20664
20664
20668
20669
20672
20672
20673
20674
20688
20701
20706
20707
20709
20710
20711
20711
20715
20715
20716
20720
20722
20723
20723
20726
20731
20732
20733
20736
20737
20737
20737
20740
20748
20748
20754
20767
20772
20780
20782
20791
20793
20793
20794
20795
20796
20797
20798
20800
20805
20808
20809
20810
20816
20818
20818
20818
20825
20827
20828
20828
20829
20831
20833
20839
20842
20845
20851
20854
20855
20856
20859
20865
20865
20868
20869
20873
20873
20873
20874
20874
20876
20881
20884
20889
20890
20892
20896
20904
20907
20908
20909
20910
20916
20919
20920
20922
20922
20924
20926
20929
20929
20931
20933
20934
20941
20946
20948
20951
20952
20961
20968
20976
20981
20984
20984
20987
21009
21011
21014
21022
21029
21031
21034
21037
21045
21046
21047
21051
21051
21057
21062
21065
21067
21071
21075
21078
21079
21088
21092
21093
21094
21099
21103
21104
21106
21109
21110
21111
21111
21112
21113
21119
21123
21124
21126
21127
21138
21141
21147
21149
21156
21156
21157
21158
21166
21168
21171
21176
21182
21184
21185
21187
21195
21202
21210
21210
21214
21216
21217
21219
21221
21224
21226
21227
21229
21234
21234
21237
21240
21242
21245
21248
21249
21251
21256
21270
21281
21282
21283
21297
21298
21298
21299
21303
21307
21308
21311
21311
21312
21314
21315
21316
21318
21323
21325
21325
21327
21330
21332
21333
21333
21334
21334
21337
21340
21347
21354
21356
21357
21357
21359
21360
21363
21367
21368
21372
21375
21376
21379
21391
21409
21410
21411
21423
21425
21425
21429
21429
21433
21433
21435
21435
21439
21439
21442
21443
21443
21443
21443
21445
21446
21449
21455
21457
21459
21463
21466
21466
21466
21469
21481
21482
21482
21488
21488
21488
21496
21500
21500
21500
21503
21517
21518
21521
21522
21523
21526
21529
21534
21540
21548
21550
21551
21552
21553
21556
21563
21565
21570
21572
21573
21582
21583
21585
21588
21588
21593
21594
21595
21599
21605
21610
21610
21611
21618
21618
21620
21621
21625
21626
21628
21630
21632
21632
21634
21635
21640
21642
21643
21647
21648
21651
21652
21652
21655
21659
21660
21662
21663
21664
21665
21665
21668
21670
21673
21674
21675
21676
21679
21682
21685
21688
21691
21692
21692
21697
21698
21698
21699
21700
21703
21707
21713
21715
21720
21728
21737
21741
21744
21745
21747
21757
21761
21762
21764
21767
21772
21773
21774
21781
21784
21796
21801
21804
21808
21809
21809
21810
21812
21813
21813
21813
21814
21815
21815
21816
21817
21819
21822
21824
21824
21829
21839
21865
21866
21868
21872
21875
21878
21879
21879
21885
21887
21887
21888
21890
21894
21894
21897
21898
21901
21901
21904
21906
21909
21913
21913
21918
21921
21923
21926
21927
21930
21932
21934
21936
21937
21939
21941
21950
21954
21955
21958
21958
21959
21960
21966
21972
21973
21974
21975
21978
21984
21991
22002
22006
22006
22012
22013
22014
22016
22019
22023
22025
22027
22028
22037
22040
22040
22047
22051
22065
22067
22071
22071
22073
22073
22074
22082
22084
22086
22089
22092
22093
22096
22106
22109
22111
22116
22117
22122
22123
22128
22134
22139
22141
22154
22171
22172
22179
22188
22189
22191
22192
22192
22196
22198
22200
22203
22209
22212
22212
22217
22219
22219
22219
22221
22222
22225
22226
22233
22237
22240
22245
22246
22249
22252
22256
22264
22266
22273
22274
22274
22276
22278
22278
22280
22281
22283
22284
22286
22291
22296
22296
22308
22309
22309
22312
22326
22333
22333
22335
22336
22336
22344
22361
22366
22367
22373
22373
22379
22382
22384
22397
22398
22411
22426
22428
22433
22441
22442
22443
22448
22449
22453
22454
22456
22459
22462
22465
22469
22472
22473
22480
22482
22482
22495
22495
22496
22499
22499
22500
22502
22513
22514
22516
22523
22523
22525
22525
22527
22531
22535
22539
22539
22543
22547
22550
22553
22557
22558
22560
22564
22566
22571
22573
22574
22578
22585
22592
22593
22595
22595
22597
22599
22601
22602
22606
22615
22617
22620
22622
22624
22627
22628
22628
22630
22635
22637
22640
22644
22645
22646
22646
22647
22654
22657
22658
22665
22667
22683
22695
22695
22700
22703
22706
22706
22707
22709
22711
22711
22711
22715
22716
22717
22723
22724
22725
22728
22729
22730
22731
22732
22738
22738
22743
22745
22748
22749
22750
22750
22754
22765
22767
22767
22771
22771
22771
22776
22779
22781
22781
22786
22788
22791
22796
22800
22802
22805
22806
22809
22811
22818
22818
22829
22830
22831
22839
22841
22842
22843
22847
22849
22855
22856
22862
22868
22869
22869
22871
22873
22873
22875
22875
22876
22884
22885
22888
22891
22904
22905
22911
22917
22918
22922
22924
22935
22940
22941
22948
22949
22954
22955
22956
22957
22961
22962
22962
22964
22968
22969
22973
22977
22978
22981
22981
22983
22985
22986
22998
23001
23004
23006
23008
23010
23011
23012
23014
23015
23016
23017
23033
23035
23037
23042
23044
23044
23053
23055
23056
23059
23059
23061
23061
23066
23072
23075
23080
23080
23081
23086
23087
23092
23092
23092
23093
23107
23110
23112
23113
23115
23117
23119
23120
23121
23123
23124
23126
23130
23133
23154
23154
23166
23169
23171
23172
23173
23174
23179
23182
23189
23192
23194
23195
23198
23203
23204
23204
23205
23207
23208
23212
23215
23225
23228
23229
23230
23231
23233
23237
23239
23244
23246
23248
23250
23254
23258
23259
23263
23265
23267
23268
23270
23275
23280
23281
23282
23286
23287
23287
23289
23294
23301
23303
23303
23305
23308
23310
23320
23328
23329
23329
23332
23335
23346
23346
23350
23350
23351
23356
23357
23359
23367
23368
23373
23373
23374
23375
23379
23385
23387
23388
23388
23393
23398
23403
23405
23406
23408
23408
23409
23412
23413
23415
23415
23418
23419
23419
23424
23434
23457
23458
23461
23465
23466
23467
23468
23471
23474
23478
23478
23499
23512
23513
23515
23518
23525
23532
23535
23542
23545
23548
23551
23551
23552
23554
23554
23557
23558
23561
23570
23575
23578
23580
23584
23591
23591
23592
23609
23610
23611
23614
23616
23621
23621
23622
23626
23631
23633
23633
23633
23634
23635
23636
23640
23641
23650
23656
23657
23658
23664
23665
23666
23677
23681
23686
23687
23688
23690
23694
23695
23698
23701
23702
23703
23704
23710
23713
23713
23714
23718
23718
23721
23721
23722
23724
23730
23730
23732
23733
23741
23742
23744
23744
23744
23750
23751
23751
23752
23754
23754
23756
23760
23763
23763
23765
23766
23766
23767
23767
23768
23769
23771
23775
23779
23780
23787
23788
23790
23790
23793
23796
23797
23798
23809
23814
23816
23817
23829
23829
23833
23835
23836
23840
23842
23843
23843
23845
23846
23854
23856
23859
23861
23863
23866
23879
23880
23881
23882
23882
23883
23893
23893
23898
23899
23903
23907
23908
23912
23916
23916
23918
23919
23921
23923
23925
23927
23933
23933
23937
23938
23939
23939
23939
23940
23947
23956
23962
23969
23972
23975
23980
23983
23986
23989
23999
24000
24002
24003
24009
24018
24020
24023
24027
24047
24047
24053
24058
24059
24063
24067
24067
24070
24079
24081
24086
24088
24089
24095
24096
24098
24098
24103
24105
24111
24118
24119
24120
24121
24123
24127
24127
24128
24131
24133
24134
24139
24142
24143
24143
24143
24147
24148
24149
24154
24157
24159
24161
24167
24167
24168
24168
24173
24175
24176
24179
24180
24181
24187
24190
24191
24192
24196
24197
24203
24204
24205
24211
24211
24213
24213
24218
24219
24230
24231
24233
24233
24234
24239
24246
24247
24252
24253
24261
24264
24270
24271
24274
24275
24275
24276
24277
24287
24289
24289
24295
24296
24300
24302
24304
24304
24308
24315
24320
24320
24327
24330
24332
24332
24333
24334
24337
24340
24340
24345
24347
24347
24347
24358
24358
24371
24371
24377
24378
24384
24386
24390
24397
24399
24400
24400
24400
24401
24407
24413
24419
24422
24427
24427
24431
24432
24433
24434
24435
24436
24436
24437
24443
24445
24446
24449
24450
24452
24459
24460
24461
24461
24462
24462
24464
24466
24467
24467
24471
24475
24477
24478
24481
24483
24483
24484
24488
24488
24493
24494
24498
24502
24505
24507
24511
24514
24520
24520
24521
24524
24528
24530
24537
24538
24539
24543
24543
24549
24550
24551
24551
24554
24556
24563
24565
24566
24580
24592
24613
24614
24618
24623
24627
24629
24638
24640
24644
24650
24654
24654
24659
24663
24667
24668
24669
24672
24673
24675
24678
24678
24679
24685
24692
24695
24696
24697
24699
24699
24708
24710
24713
24713
24720
24726
24728
24739
24740
24742
24742
24744
24750
24752
24755
24758
24762
24764
24765
24766
24771
24774
24780
24781
24782
24796
24798
24802
24807
24809
24810
24811
24819
24821
24821
24822
24823
24827
24828
24829
24830
24830
24830
24834
24838
24841
24843
24845
24849
24854
24854
24860
24861
24861
24862
24872
24872
24875
24876
24878
24880
24881
24886
24891
24895
24898
24898
24901
24902
24904
24905
24910
24912
24914
24915
24916
24923
24926
24927
24927
24930
24931
24932
24935
24937
24939
24945
24945
24947
24947
24948
24950
24952
24953
24957
24958
24961
24967
24973
24982
24987
24990
24992
24993
24996
24998
25006
25013
25013
25014
25014
25018
25022
25028
25030
25039
25042
25043
25061
25063
25064
25065
25072
25074
25074
25074
25074
25076
25076
25079
25082
25084
25085
25085
25090
25090
25095
25096
25101
25104
25115
25115
25120
25121
25122
25128
25130
25130
25135
25135
25138
25142
25146
25147
25150
25152
25154
25157
25163
25172
25180
25184
25186
25186
25191
25194
25217
25222
25229
25237
25238
25238
25240
25243
25244
25253
25253
25255
25270
25275
25279
25280
25281
25285
25289
25290
25291
25292
25293
25294
25300
25301
25304
25304
25307
25307
25309
25315
25317
25320
25324
25324
25336
25340
25341
25349
25351
25362
25362
25362
25366
25373
25373
25374
25378
25380
25389
25389
25390
25394
25401
25403
25403
25404
25407
25407
25411
25411
25433
25440
25442
25443
25444
25444
25444
25452
25452
25455
25462
25463
25463
25465
25474
25474
25476
25476
25478
25483
25487
25494
25500
25504
25504
25505
25509
25509
25518
25522
25523
25525
25527
25537
25537
25539
25545
25551
25553
25554
25556
25556
25559
25559
25560
25565
25572
25577
25581
25582
25583
25585
25585
25588
25592
25597
25606
25618
25622
25624
25626
25627
25630
25632
25635
25635
25636
25645
25645
25649
25651
25652
25653
25654
25671
25673
25674
25675
25679
25680
25681
25685
25686
25686
25690
25691
25696
25704
25707
25715
25717
25718
25721
25725
25729
25730
25731
25731
25735
25740
25743
25748
25748
25750
25754
25758
25759
25765
25765
25773
25777
25784
25792
25796
25797
25798
25803
25807
25809
25809
25812
25816
25818
25820
25825
25832
25834
25837
25837
25837
25842
25844
25844
25845
25851
25851
25856
25862
25862
25864
25865
25873
25874
25881
25884
25900
25900
25901
25908
25909
25910
25911
25918
25922
25923
25929
25934
25938
25941
25945
25947
25950
25955
25961
25967
25983
25983
25985
25985
25985
25986
25990
25999
26001
26005
26018
26020
26028
26031
26032
26033
26042
26047
26050
26053
26056
26065
26066
26067
26070
26071
26084
26084
26087
26089
26090
26091
26097
26097
26101
26104
26109
26111
26111
26112
26113
26115
26115
26115
26115
26121
26122
26123
26126
26129
26135
26135
26136
26139
26144
26145
26150
26158
26167
26167
26171
26173
26175
26176
26182
26186
26187
26189
26190
26195
26197
26204
26204
26206
26208
26210
26210
26217
26227
26227
26235
26236
26239
26240
26245
26253
26255
26255
26257
26257
26258
26259
26262
26264
26266
26268
26272
26273
26281
26286
26286
26289
26290
26295
26298
26302
26306
26306
26307
26309
26313
26314
26315
26321
26332
26332
26333
26335
26336
26343
26347
26349
26349
26352
26367
26369
26376
26377
26381
26381
26395
26403
26403
26406
26424
26429
26431
26432
26435
26436
26436
26437
26442
26451
26452
26453
26455
26457
26458
26460
26460
26462
26471
26474
26476
26482
26482
26488
26491
26494
26495
26496
26497
26498
26507
26509
26511
26516
26516
26517
26523
26525
26528
26540
26551
26551
26552
26559
26564
26565
26565
26567
26567
26568
26569
26576
26579
26583
26592
26595
26597
26599
26600
26606
26610
26619
26623
26640
26642
26644
26648
26651
26656
26658
26662
26669
26670
26674
26692
26692
26696
26700
26705
26707
26710
26711
26715
26722
26723
26730
26732
26736
26736
26738
26741
26747
26750
26753
26758
26760
26761
26761
26763
26763
26764
26764
26770
26771
26774
26776
26779
26780
26782
26782
26786
26787
26790
26790
26793
26795
26795
26801
26804
26806
26806
26810
26811
26811
26815
26821
26826
26827
26828
26831
26834
26836
26838
26840
26847
26854
26855
26857
26858
26858
26873
26875
26876
26876
26881
26882
26882
26886
26888
26889
26892
26897
26901
26912
26917
26923
26923
26924
26928
26929
26934
26941
26941
26943
26945
26948
26949
26949
26951
26955
26959
26959
26960
26966
26968
26970
26972
26975
26977
26978
26979
26979
26981
26988
26990
27000
27001
27009
27010
27016
27017
27019
27019
27025
27027
27031
27032
27038
27039
27051
27051
27051
27053
27055
27056
27058
27058
27060
27061
27061
27067
27070
27075
27079
27080
27083
27084
27085
27088
27090
27097
27097
27100
27100
27101
27108
27109
27110
27111
27115
27119
27119
27122
27126
27127
27128
27130
27131
27133
27134
27135
27138
27141
27142
27142
27144
27144
27159
27170
27173
27178
27181
27183
27183
27190
27192
27204
27215
27216
27222
27223
27231
27231
27235
27238
27240
27242
27243
27244
27246
27254
27259
27263
27264
27267
27269
27271
27275
27275
27277
27279
27282
27284
27286
27287
27291
27295
27298
27303
27310
27313
27315
27316
27316
27317
27320
27336
27337
27337
27338
27341
27343
27344
27354
27358
27359
27364
27365
27366
27370
27372
27373
27374
27374
27376
27378
27380
27380
27381
27391
27392
27392
27399
27401
27403
27405
27407
27408
27413
27416
27417
27419
27420
27423
27429
27429
27432
27437
27440
27447
27461
27462
27468
27469
27470
27476
27478
27481
27485
27489
27490
27494
27496
27497
27498
27500
27502
27506
27513
27518
27520
27520
27525
27526
27527
27533
27541
27543
27543
27544
27546
27546
27551
27552
27563
27563
27567
27568
27569
27569
27575
27586
27587
27588
27593
27596
27603
27608
27612
27612
27621
27628
27634
27638
27641
27643
27643
27647
27649
27654
27659
27663
27667
27672
27672
27674
27675
27675
27676
27686
27687
27690
27691
27693
27697
27701
27702
27703
27704
27705
27709
27714
27714
27718
27718
27720
27728
27729
27729
27734
27739
27745
27749
27749
27753
27753
27754
27755
27755
27756
27757
27759
27763
27765
27772
27774
27774
27774
27776
27782
27782
27786
27799
27804
27804
27811
27814
27815
27818
27820
27832
27833
27834
27834
27835
27842
27849
27851
27851
27852
27852
27853
27856
27856
27858
27866
27868
27869
27869
27870
27870
27870
27871
27874
27877
27877
27884
27885
27885
27885
27886
27891
27894
27898
27899
27901
27904
27904
27907
27908
27911
27920
27921
27921
27922
27929
27943
27948
27948
27952
27963
27967
27970
27970
27972
27974
27975
27975
27979
27983
27985
27989
27989
27994
27996
28005
28006
28009
28009
28009
28013
28013
28015
28017
28018
28020
28021
28025
28030
28033
28036
28041
28041
28046
28052
28054
28057
28059
28059
28059
28064
28071
28075
28075
28076
28080
28081
28082
28085
28088
28088
28091
28096
28096
28098
28108
28109
28110
28112
28117
28119
28119
28123
28127
28130
28130
28136
28138
28142
28142
28145
28149
28149
28150
28151
28153
28154
28158
28159
28159
28172
28174
28180
28182
28186
28189
28194
28194
28201
28201
28206
28208
28211
28214
28216
28220
28221
28226
28237
28244
28245
28246
28255
28255
28265
28266
28268
28272
28277
28280
28280
28281
28282
28283
28286
28289
28289
28290
28292
28293
28294
28300
28301
28306
28307
28308
28308
28310
28312
28313
28322
28332
28345
28346
28349
28350
28352
28358
28362
28369
28371
28378
28380
28381
28382
28385
28387
28387
28387
28390
28392
28396
28398
28402
28403
28405
28407
28410
28414
28415
28417
28422
28424
28425
28429
28429
28432
28435
28436
28439
28443
28444
28446
28456
28461
28461
28462
28463
28464
28482
28482
28492
28495
28495
28498
28499
28517
28518
28519
28520
28520
28521
28523
28527
28529
28542
28542
28544
28546
28548
28549
28563
28571
28576
28576
28582
28585
28585
28588
28590
28592
28593
28595
28602
28611
28612
28613
28617
28618
28621
28622
28622
28627
28631
28632
28639
28643
28645
28649
28656
28657
28660
28660
28663
28664
28669
28672
28677
28681
28684
28687
28689
28690
28690
28691
28694
28698
28700
28705
28708
28710
28715
28716
28716
28719
28721
28729
28730
28731
28731
28734
28737
28742
28749
28762
28766
28767
28768
28770
28773
28776
28779
28783
28787
28788
28789
28791
28799
28802
28806
28807
28812
28813
28815
28824
28826
28829
28829
28830
28830
28831
28831
28832
28840
28844
28846
28846
28848
28849
28851
28853
28855
28857
28857
28857
28862
28863
28869
28869
28871
28875
28876
28877
28885
28886
28888
28888
28889
28891
28894
28896
28897
28897
28900
28902
28905
28908
28910
28911
28918
28919
28922
28924
28924
28925
28927
28928
28929
28930
28933
28937
28938
28940
28945
28949
28954
28958
28959
28969
28977
28980
28980
28986
28986
28988
28992
28993
28995
29002
29005
29010
29012
29012
29012
29018
29019
29020
29021
29023
29026
29029
29032
29035
29036
29038
29038
29045
29045
29047
29048
29052
29057
29057
29061
29062
29064
29066
29070
29072
29074
29078
29082
29085
29087
29089
29089
29092
29093
29095
29097
29102
29103
29105
29118
29119
29120
29126
29127
29127
29137
29141
29141
29142
29143
29143
29145
29146
29148
29150
29151
29159
29160
29162
29165
29167
29169
29172
29172
29178
29182
29182
29185
29189
29197
29197
29197
29197
29199
29201
29205
29205
29206
29209
29214
29214
29218
29220
29225
29229
29235
29237
29239
29240
29240
29244
29244
29245
29246
29252
29255
29260
29265
29267
29270
29276
29281
29285
29288
29289
29291
29291
29292
29300
29305
29305
29310
29312
29313
29317
29319
29326
29330
29331
29331
29332
29335
29336
29338
29339
29339
29339
29340
29350
29355
29361
29364
29364
29366
29370
29370
29371
29372
29374
29388
29390
29394
29395
29397
29398
29401
29404
29406
29407
29408
29410
29411
29412
29413
29421
29422
29427
29430
29431
29431
29433
29434
29436
29440
29442
29443
29445
29447
29453
29454
29456
29458
29459
29461
29463
29468
29469
29470
29473
29474
29478
29483
29488
29489
29491
29494
29495
29497
29497
29499
29508
29512
29513
29517
29520
29521
29522
29525
29528
29539
29540
29541
29541
29541
29545
29554
29556
29557
29558
29565
29566
29574
29574
29582
29582
29582
29583
29586
29586
29590
29591
29592
29604
29605
29607
29608
29609
29611
29611
29612
29618
29619
29619
29619
29622
29624
29624
29626
29629
29632
29638
29638
29640
29641
29642
29642
29643
29651
29655
29656
29659
29659
29661
29669
29676
29677
29681
29683
29685
29685
29687
29694
29697
29701
29702
29703
29703
29703
29713
29714
29719
29720
29722
29722
29725
29730
29731
29732
29732
29733
29733
29734
29735
29737
29743
29744
29748
29749
29752
29762
29763
29763
29767
29769
29769
29770
29777
29787
29789
29806
29807
29809
29811
29814
29815
29815
29824
29825
29828
29833
29833
29834
29840
29845
29846
29847
29848
29851
29852
29852
29853
29854
29856
29857
29859
29867
29868
29870
29871
29872
29878
29886
29898
29903
29913
29916
29918
29931
29932
29933
29937
29940
29942
29944
29952
29954
29956
29969
29971
29971
29972
29979
29982
29990
29990
29994
29994
29996
29999
28047
1
28046
