10000
1
4
4
5
16
16
18
18
18
19
20
20
23
26
34
43
49
53
56
64
66
69
77
79
79
85
86
88
96
101
104
106
107
107
110
111
111
112
119
122
124
128
130
130
131
134
134
135
135
138
140
141
144
159
160
165
168
169
171
174
175
176
177
182
184
185
190
192
202
210
215
218
221
222
224
228
229
232
233
235
241
244
248
249
253
261
262
271
279
281
283
283
287
289
291
292
293
295
295
296
296
298
307
315
317
325
326
329
332
336
337
341
344
346
347
348
351
351
356
361
367
371
374
380
382
387
387
388
392
393
395
396
398
400
403
406
406
409
409
409
411
414
419
423
433
433
435
436
437
442
445
451
455
459
460
460
471
480
484
487
489
491
493
494
498
501
505
510
510
510
510
513
516
516
524
527
529
538
542
543
545
551
551
557
562
567
573
580
580
588
590
602
602
604
607
608
610
615
619
619
621
625
632
642
645
648
654
656
657
659
662
662
665
668
669
674
675
683
685
688
688
702
704
705
708
712
713
718
718
722
725
727
727
728
729
730
735
735
744
748
754
757
758
759
760
764
765
765
775
775
780
786
787
790
792
801
807
808
812
813
815
815
815
820
826
828
830
831
839
842
843
846
851
856
858
861
867
870
871
874
876
880
883
884
884
888
889
895
904
910
919
926
929
930
931
933
942
948
956
959
967
967
968
968
969
972
972
978
978
985
985
985
986
986
986
987
988
989
991
993
996
996
997
1005
1012
1016
1017
1019
1021
1025
1031
1031
1045
1052
1052
1064
1071
1074
1075
1076
1080
1082
1085
1087
1089
1091
1091
1091
1092
1094
1095
1100
1101
1106
1113
1114
1118
1119
1124
1125
1125
1125
1131
1132
1134
1138
1140
1142
1142
1144
1149
1149
1150
1153
1154
1154
1154
1154
1156
1158
1168
1170
1171
1174
1181
1182
1186
1187
1188
1188
1191
1193
1194
1194
1195
1200
1204
1207
1215
1218
1220
1220
1228
1231
1232
1236
1236
1248
1252
1256
1263
1263
1266
1267
1271
1272
1272
1275
1277
1281
1284
1285
1289
1290
1293
1293
1293
1294
1295
1297
1302
1305
1307
1317
1321
1322
1325
1337
1337
1343
1344
1347
1350
1352
1356
1356
1359
1360
1360
1363
1363
1365
1368
1371
1372
1373
1378
1378
1378
1379
1381
1385
1387
1389
1397
1400
1407
1409
1415
1417
1419
1422
1424
1424
1425
1425
1431
1432
1435
1436
1441
1441
1444
1445
1448
1449
1449
1449
1450
1457
1458
1465
1467
1472
1475
1480
1481
1481
1481
1483
1491
1493
1500
1502
1502
1503
1504
1504
1504
1505
1505
1508
1513
1517
1532
1532
1533
1534
1539
1544
1547
1548
1550
1552
1555
1557
1558
1559
1564
1567
1567
1567
1569
1571
1571
1577
1579
1582
1582
1584
1584
1586
1587
1588
1592
1594
1598
1605
1607
1608
1611
1616
1619
1619
1628
1630
1644
1658
1665
1669
1677
1687
1688
1691
1692
1693
1694
1696
1697
1700
1700
1703
1704
1707
1708
1713
1713
1722
1726
1736
1738
1740
1741
1748
1748
1752
1757
1761
1767
1777
1779
1781
1789
1792
1793
1796
1796
1804
1816
1823
1825
1825
1826
1828
1829
1835
1840
1843
1843
1843
1852
1856
1858
1860
1866
1866
1868
1869
1880
1882
1884
1888
1890
1890
1897
1898
1898
1900
1907
1909
1914
1919
1919
1925
1928
1931
1933
1935
1943
1944
1954
1954
1963
1964
1967
1971
1977
1979
1979
1980
1981
1981
1985
1989
1989
1991
1994
1995
2011
2020
2020
2022
2023
2023
2028
2029
2040
2043
2045
2052
2056
2059
2061
2062
2062
2063
2069
2071
2071
2072
2075
2079
2079
2083
2092
2093
2094
2100
2100
2101
2102
2103
2104
2108
2111
2113
2118
2118
2121
2124
2127
2127
2135
2137
2147
2149
2159
2162
2163
2165
2166
2167
2169
2172
2174
2174
2178
2178
2181
2185
2191
2191
2194
2197
2200
2201
2202
2210
2210
2211
2222
2224
2224
2226
2227
2230
2237
2239
2241
2243
2247
2249
2250
2251
2253
2254
2255
2261
2262
2267
2274
2276
2277
2282
2283
2289
2293
2294
2295
2299
2304
2307
2312
2320
2326
2331
2334
2335
2335
2336
2338
2339
2340
2345
2349
2353
2354
2357
2358
2359
2360
2363
2364
2366
2366
2368
2368
2369
2371
2372
2373
2374
2375
2383
2383
2388
2391
2395
2400
2404
2406
2409
2410
2410
2411
2413
2417
2422
2424
2425
2427
2431
2431
2432
2435
2436
2445
2446
2450
2450
2451
2453
2459
2461
2462
2465
2465
2467
2467
2473
2474
2476
2478
2486
2487
2489
2491
2494
2494
2495
2496
2498
2501
2504
2506
2507
2513
2518
2520
2525
2529
2530
2535
2536
2544
2544
2544
2545
2546
2549
2552
2554
2558
2564
2564
2567
2567
2567
2572
2580
2585
2586
2597
2606
2607
2609
2613
2614
2616
2618
2622
2622
2624
2625
2628
2632
2632
2634
2636
2637
2641
2650
2658
2668
2671
2673
2674
2679
2681
2682
2683
2685
2686
2686
2689
2690
2691
2696
2701
2703
2705
2709
2716
2716
2718
2721
2723
2725
2732
2732
2734
2734
2736
2740
2744
2746
2752
2758
2759
2761
2765
2767
2769
2774
2780
2780
2781
2786
2786
2790
2803
2806
2807
2809
2816
2820
2826
2837
2837
2838
2839
2841
2842
2842
2847
2854
2856
2861
2864
2868
2871
2878
2889
2895
2898
2899
2899
2899
2904
2904
2906
2909
2920
2923
2924
2933
2933
2934
2935
2938
2940
2941
2941
2942
2944
2944
2946
2947
2948
2949
2949
2950
2953
2953
2956
2960
2962
2964
2969
2970
2970
2970
2975
2978
2979
2979
2981
2982
2983
2989
2993
2997
2999
3000
3001
3001
3002
3003
3004
3004
3017
3020
3023
3029
3030
3030
3034
3035
3041
3042
3050
3051
3059
3060
3061
3066
3067
3070
3074
3076
3087
3089
3095
3095
3097
3099
3101
3103
3104
3110
3114
3117
3117
3120
3121
3124
3128
3128
3136
3137
3144
3145
3146
3147
3150
3159
3159
3160
3166
3167
3168
3168
3169
3170
3171
3171
3173
3173
3174
3180
3181
3185
3188
3188
3197
3200
3203
3205
3208
3210
3210
3213
3214
3215
3216
3223
3224
3224
3225
3228
3235
3235
3238
3238
3242
3245
3248
3254
3254
3257
3258
3263
3265
3268
3270
3271
3273
3274
3275
3282
3283
3283
3283
3284
3286
3287
3288
3292
3300
3305
3305
3308
3310
3316
3324
3326
3338
3338
3352
3356
3361
3365
3369
3371
3378
3381
3382
3382
3385
3386
3388
3389
3391
3394
3395
3397
3402
3402
3404
3406
3407
3409
3412
3414
3415
3416
3418
3422
3425
3426
3429
3431
3431
3433
3437
3437
3445
3448
3455
3456
3457
3461
3463
3465
3468
3468
3471
3473
3477
3483
3484
3484
3489
3490
3492
3492
3492
3495
3495
3507
3509
3511
3516
3516
3517
3518
3519
3521
3524
3532
3535
3537
3540
3545
3546
3546
3549
3552
3556
3557
3560
3565
3565
3569
3572
3577
3581
3583
3584
3589
3591
3592
3599
3600
3600
3600
3604
3606
3606
3608
3610
3612
3612
3614
3615
3619
3625
3626
3632
3635
3647
3654
3656
3657
3661
3663
3670
3670
3671
3676
3678
3680
3682
3683
3683
3687
3698
3701
3702
3712
3713
3714
3715
3715
3718
3724
3727
3728
3729
3740
3742
3743
3749
3753
3766
3768
3769
3771
3778
3782
3785
3789
3793
3794
3798
3800
3803
3809
3813
3813
3818
3820
3820
3822
3824
3827
3827
3829
3837
3837
3840
3846
3856
3864
3867
3870
3880
3884
3885
3890
3896
3903
3909
3913
3915
3916
3917
3923
3926
3926
3936
3937
3942
3949
3950
3954
3957
3958
3960
3960
3963
3964
3964
3966
3967
3975
3979
3979
3984
3987
3987
3990
3990
3995
4002
4004
4005
4013
4022
4022
4022
4027
4033
4035
4040
4041
4042
4043
4050
4054
4059
4060
4065
4066
4068
4070
4070
4072
4072
4074
4076
4081
4081
4085
4085
4090
4099
4099
4100
4101
4104
4104
4105
4105
4114
4114
4116
4116
4117
4128
4130
4131
4132
4136
4144
4145
4155
4156
4156
4156
4157
4158
4159
4160
4165
4172
4172
4180
4180
4184
4185
4186
4190
4192
4204
4205
4208
4209
4213
4214
4219
4220
4221
4226
4231
4232
4236
4237
4238
4239
4241
4249
4254
4255
4255
4259
4267
4268
4268
4269
4271
4275
4278
4282
4284
4287
4288
4294
4295
4296
4297
4300
4304
4308
4315
4317
4319
4322
4322
4324
4342
4342
4350
4351
4352
4353
4356
4358
4358
4363
4363
4365
4365
4367
4376
4386
4387
4387
4391
4395
4398
4401
4403
4409
4410
4412
4414
4418
4418
4419
4420
4423
4424
4424
4427
4428
4430
4430
4433
4434
4435
4435
4436
4443
4452
4455
4455
4456
4457
4458
4459
4461
4466
4471
4477
4480
4481
4483
4487
4491
4492
4492
4493
4504
4508
4512
4518
4521
4533
4541
4542
4544
4544
4553
4555
4559
4561
4563
4570
4571
4573
4584
4584
4590
4594
4599
4605
4605
4606
4606
4610
4614
4615
4616
4620
4621
4625
4630
4631
4633
4633
4633
4644
4644
4645
4656
4663
4674
4674
4677
4677
4683
4686
4689
4690
4695
4698
4700
4705
4707
4707
4722
4726
4727
4727
4729
4734
4739
4740
4748
4750
4753
4754
4756
4757
4761
4762
4765
4773
4775
4776
4778
4779
4783
4783
4784
4787
4790
4799
4799
4800
4805
4807
4814
4815
4820
4825
4827
4831
4831
4834
4837
4841
4850
4851
4851
4852
4853
4853
4854
4854
4858
4859
4863
4866
4868
4875
4875
4878
4885
4886
4886
4887
4893
4895
4898
4898
4900
4903
4904
4908
4909
4912
4912
4915
4916
4921
4922
4932
4932
4932
4932
4932
4933
4935
4935
4939
4941
4943
4949
4952
4956
4956
4958
4961
4962
4962
4963
4971
4972
4984
4993
4994
4997
4997
4997
5000
5009
5011
5013
5015
5015
5023
5026
5035
5035
5036
5042
5043
5044
5045
5046
5057
5058
5059
5060
5061
5069
5072
5073
5073
5074
5075
5076
5077
5079
5090
5092
5093
5100
5109
5110
5118
5122
5123
5124
5126
5132
5132
5142
5148
5152
5158
5162
5163
5164
5166
5170
5183
5185
5186
5193
5196
5200
5201
5204
5206
5207
5211
5211
5214
5218
5218
5220
5224
5229
5229
5230
5231
5233
5236
5245
5247
5254
5259
5260
5272
5277
5285
5288
5293
5301
5303
5314
5339
5340
5346
5352
5354
5356
5356
5356
5365
5365
5366
5370
5378
5381
5385
5388
5389
5392
5397
5404
5407
5408
5410
5412
5417
5419
5420
5427
5432
5433
5433
5436
5437
5438
5439
5439
5440
5443
5443
5447
5447
5450
5451
5453
5454
5455
5458
5465
5466
5471
5478
5479
5489
5494
5494
5495
5495
5499
5504
5505
5505
5507
5508
5508
5513
5515
5517
5517
5518
5533
5534
5543
5545
5547
5553
5554
5559
5560
5564
5571
5573
5577
5579
5587
5600
5600
5603
5604
5605
5609
5616
5617
5619
5624
5626
5628
5628
5634
5644
5644
5645
5645
5651
5652
5654
5659
5664
5669
5677
5678
5681
5682
5685
5686
5688
5688
5689
5701
5703
5708
5709
5716
5716
5716
5718
5721
5742
5742
5743
5748
5749
5752
5754
5754
5756
5759
5765
5766
5768
5768
5770
5780
5781
5788
5793
5796
5801
5802
5803
5803
5804
5806
5806
5810
5811
5815
5818
5819
5819
5820
5820
5823
5823
5824
5831
5831
5835
5835
5837
5839
5840
5840
5841
5843
5843
5846
5855
5862
5864
5865
5866
5868
5868
5870
5871
5872
5873
5875
5877
5878
5883
5884
5887
5888
5892
5894
5900
5903
5910
5910
5913
5916
5919
5921
5923
5924
5924
5925
5925
5927
5929
5930
5933
5934
5936
5937
5941
5942
5944
5950
5951
5956
5956
5961
5962
5964
5964
5964
5965
5967
5968
5971
5972
5973
5977
5977
5984
5991
6000
6003
6004
6004
6006
6008
6009
6011
6013
6014
6023
6025
6036
6038
6045
6049
6053
6054
6055
6060
6062
6062
6067
6070
6070
6070
6074
6076
6081
6085
6087
6087
6087
6088
6090
6091
6093
6104
6108
6109
6114
6116
6116
6117
6123
6128
6128
6129
6130
6132
6135
6137
6139
6142
6142
6148
6153
6157
6157
6164
6166
6176
6181
6189
6189
6190
6190
6192
6192
6195
6200
6200
6201
6210
6210
6211
6213
6232
6236
6236
6239
6242
6249
6249
6250
6254
6256
6257
6261
6261
6263
6263
6266
6267
6271
6274
6274
6282
6286
6289
6292
6292
6294
6294
6299
6300
6301
6303
6304
6307
6318
6320
6320
6325
6327
6329
6330
6330
6333
6334
6334
6336
6338
6338
6340
6340
6346
6348
6349
6352
6352
6352
6353
6355
6355
6356
6361
6362
6366
6369
6373
6375
6381
6383
6389
6398
6399
6410
6411
6414
6415
6418
6421
6421
6421
6423
6426
6431
6431
6432
6433
6435
6437
6441
6443
6449
6453
6456
6458
6458
6460
6463
6464
6467
6473
6480
6484
6487
6487
6491
6492
6492
6494
6494
6505
6508
6511
6512
6512
6517
6520
6521
6521
6521
6533
6534
6535
6536
6543
6544
6546
6547
6548
6548
6550
6552
6556
6560
6562
6563
6563
6566
6567
6573
6575
6579
6579
6581
6588
6588
6590
6590
6591
6593
6594
6598
6599
6600
6604
6608
6611
6617
6622
6626
6633
6635
6635
6638
6641
6643
6645
6645
6648
6652
6653
6657
6657
6662
6664
6666
6671
6675
6677
6685
6688
6689
6689
6692
6693
6699
6699
6706
6708
6710
6711
6715
6717
6719
6720
6727
6732
6735
6735
6737
6742
6742
6744
6749
6756
6763
6767
6770
6770
6772
6782
6783
6787
6789
6799
6801
6803
6803
6808
6809
6818
6819
6821
6830
6830
6835
6836
6839
6850
6856
6856
6858
6859
6859
6860
6865
6866
6866
6868
6869
6869
6872
6876
6877
6882
6883
6883
6885
6896
6898
6899
6900
6900
6901
6906
6907
6907
6913
6915
6918
6919
6925
6928
6932
6933
6933
6939
6941
6943
6950
6958
6959
6960
6962
6964
6967
6968
6970
6972
6974
6974
6975
6976
6981
6984
6988
6988
6989
6992
6993
6997
7007
7009
7013
7014
7017
7018
7028
7028
7029
7038
7040
7040
7044
7046
7047
7047
7056
7056
7062
7066
7069
7073
7078
7078
7079
7080
7092
7092
7098
7099
7100
7103
7108
7115
7126
7134
7139
7140
7145
7148
7158
7162
7162
7164
7164
7165
7172
7173
7177
7181
7186
7188
7188
7189
7191
7196
7205
7206
7208
7210
7216
7219
7220
7220
7221
7229
7233
7234
7234
7236
7236
7237
7237
7237
7242
7243
7244
7245
7246
7247
7247
7248
7249
7249
7250
7251
7253
7257
7265
7266
7271
7275
7285
7287
7290
7296
7299
7299
7305
7305
7307
7312
7314
7321
7324
7326
7331
7336
7336
7337
7342
7351
7358
7359
7363
7363
7371
7372
7373
7374
7374
7375
7375
7375
7386
7389
7394
7396
7401
7409
7411
7417
7421
7422
7427
7428
7429
7431
7432
7432
7433
7434
7436
7439
7440
7440
7441
7442
7444
7444
7451
7451
7452
7454
7455
7465
7467
7469
7477
7485
7486
7486
7490
7490
7495
7496
7501
7504
7504
7507
7511
7514
7520
7522
7523
7526
7528
7538
7538
7540
7540
7542
7545
7562
7566
7567
7569
7575
7575
7576
7576
7576
7582
7592
7594
7596
7599
7600
7602
7604
7610
7610
7613
7614
7618
7628
7628
7629
7635
7636
7638
7641
7641
7641
7643
7647
7648
7650
7652
7654
7659
7662
7672
7673
7676
7683
7683
7684
7686
7694
7695
7696
7699
7704
7706
7712
7713
7719
7721
7722
7725
7729
7730
7730
7732
7733
7738
7744
7750
7752
7757
7760
7760
7763
7767
7773
7774
7778
7791
7796
7805
7807
7812
7815
7816
7817
7818
7819
7822
7823
7824
7827
7828
7830
7834
7839
7848
7848
7850
7851
7860
7861
7862
7864
7867
7870
7872
7872
7877
7879
7880
7881
7892
7892
7892
7893
7894
7897
7897
7907
7907
7909
7910
7911
7920
7922
7924
7926
7935
7936
7940
7940
7943
7965
7966
7966
7972
7976
7987
7989
7994
7999
7999
7999
8010
8011
8017
8025
8026
8032
8036
8037
8044
8049
8051
8051
8053
8060
8060
8062
8067
8069
8070
8070
8071
8077
8081
8091
8091
8091
8102
8111
8111
8116
8117
8119
8125
8126
8127
8128
8130
8133
8134
8136
8136
8140
8140
8140
8140
8144
8145
8151
8152
8153
8160
8161
8162
8165
8167
8169
8170
8171
8171
8172
8175
8181
8185
8185
8189
8192
8193
8197
8207
8209
8212
8213
8213
8215
8223
8229
8230
8230
8233
8235
8237
8237
8238
8244
8248
8248
8251
8253
8261
8262
8268
8272
8279
8280
8288
8289
8292
8292
8293
8295
8301
8301
8302
8310
8311
8312
8313
8315
8315
8323
8324
8324
8331
8333
8337
8338
8338
8341
8344
8346
8346
8349
8354
8360
8367
8369
8371
8372
8377
8377
8379
8383
8387
8388
8388
8389
8389
8389
8390
8392
8396
8397
8399
8400
8408
8412
8413
8419
8424
8426
8434
8439
8444
8445
8445
8449
8449
8458
8458
8462
8462
8470
8471
8472
8473
8478
8483
8489
8491
8493
8495
8497
8500
8501
8505
8513
8514
8517
8520
8521
8523
8527
8528
8528
8536
8537
8544
8548
8553
8554
8554
8557
8558
8560
8565
8565
8565
8566
8570
8572
8575
8576
8576
8581
8592
8592
8596
8597
8600
8600
8602
8602
8606
8610
8610
8611
8615
8629
8630
8632
8633
8634
8638
8638
8643
8644
8649
8654
8654
8658
8659
8659
8660
8663
8664
8668
8671
8676
8686
8689
8690
8693
8697
8697
8699
8702
8703
8703
8708
8709
8710
8712
8715
8716
8722
8725
8726
8726
8729
8729
8738
8738
8739
8739
8741
8741
8742
8742
8750
8751
8751
8754
8754
8760
8763
8765
8767
8769
8774
8775
8777
8792
8795
8802
8805
8809
8809
8814
8822
8825
8826
8831
8834
8834
8842
8846
8853
8857
8861
8861
8863
8863
8863
8867
8869
8872
8875
8878
8878
8879
8883
8888
8892
8896
8899
8900
8900
8903
8905
8906
8908
8909
8912
8914
8919
8920
8923
8924
8924
8927
8928
8934
8934
8936
8940
8944
8945
8945
8946
8952
8956
8957
8961
8963
8969
8975
8979
8992
8993
8997
8997
9002
9007
9008
9012
9026
9027
9030
9036
9039
9041
9043
9043
9048
9059
9061
9063
9064
9074
9074
9077
9083
9085
9090
9092
9094
9095
9095
9097
9098
9100
9103
9104
9108
9109
9111
9113
9117
9118
9122
9122
9124
9125
9126
9128
9129
9134
9138
9141
9146
9153
9159
9159
9165
9168
9174
9180
9186
9188
9190
9191
9193
9193
9194
9199
9200
9201
9201
9204
9208
9210
9210
9215
9217
9220
9221
9225
9226
9230
9234
9237
9237
9238
9238
9242
9244
9246
9249
9252
9255
9257
9268
9270
9272
9277
9278
9282
9287
9289
9296
9300
9300
9303
9305
9305
9308
9314
9315
9317
9318
9323
9327
9327
9337
9340
9340
9341
9353
9361
9361
9364
9365
9366
9367
9368
9371
9380
9381
9383
9384
9384
9385
9389
9389
9390
9390
9390
9394
9405
9408
9411
9417
9419
9423
9424
9434
9434
9435
9437
9437
9446
9446
9448
9449
9454
9458
9460
9466
9485
9486
9489
9489
9494
9496
9498
9498
9499
9500
9507
9510
9510
9511
9512
9514
9520
9520
9523
9528
9532
9533
9534
9535
9539
9543
9553
9556
9558
9564
9565
9565
9570
9570
9572
9577
9579
9581
9584
9584
9585
9591
9596
9598
9603
9605
9609
9618
9620
9621
9623
9624
9630
9633
9634
9634
9635
9636
9636
9639
9647
9649
9650
9652
9660
9675
9676
9677
9679
9679
9689
9693
9694
9696
9698
9700
9704
9704
9705
9705
9711
9714
9714
9718
9723
9723
9725
9727
9727
9729
9731
9731
9738
9738
9739
9743
9744
9745
9752
9752
9752
9754
9760
9761
9766
9768
9771
9778
9779
9781
9787
9788
9788
9790
9791
9794
9795
9800
9810
9817
9820
9823
9823
9827
9829
9839
9839
9842
9845
9847
9848
9850
9852
9853
9867
9872
9873
9874
9876
9877
9879
9880
9883
9885
9886
9890
9895
9898
9901
9901
9901
9901
9904
9906
9912
9916
9920
9921
9926
9931
9934
9940
9940
9943
9944
9949
9950
9954
9956
9957
9959
9962
9962
9962
9965
9966
9970
9973
9977
9979
9984
9984
9990
9991
9993
9993
9995
9997
9997
10000
10000
10003
10004
10005
10013
10020
10021
10023
10024
10025
10029
10032
10042
10045
10060
10063
10065
10068
10068
10069
10073
10074
10077
10080
10081
10085
10087
10091
10093
10094
10100
10102
10106
10108
10112
10120
10122
10123
10126
10128
10130
10132
10132
10133
10137
10137
10139
10142
10146
10160
10160
10166
10168
10172
10172
10174
10174
10175
10176
10182
10183
10185
10186
10189
10192
10195
10196
10198
10199
10200
10202
10209
10215
10216
10217
10218
10225
10227
10231
10231
10232
10237
10248
10251
10252
10269
10270
10272
10272
10273
10275
10276
10280
10284
10291
10295
10295
10297
10301
10302
10306
10307
10312
10315
10318
10320
10321
10328
10332
10335
10337
10338
10338
10340
10341
10342
10342
10343
10345
10346
10347
10349
10353
10353
10355
10356
10360
10362
10362
10370
10375
10377
10378
10381
10381
10381
10385
10389
10391
10394
10400
10402
10405
10408
10409
10412
10419
10420
10426
10431
10431
10436
10441
10442
10444
10445
10449
10452
10453
10462
10462
10464
10472
10479
10482
10484
10493
10494
10494
10495
10499
10500
10502
10502
10507
10507
10512
10513
10524
10524
10532
10537
10542
10542
10542
10547
10549
10550
10550
10553
10558
10564
10566
10573
10574
10576
10579
10591
10593
10597
10597
10600
10602
10604
10604
10607
10608
10628
10630
10633
10634
10637
10638
10642
10643
10643
10644
10645
10646
10647
10649
10652
10653
10654
10654
10655
10661
10663
10669
10670
10677
10680
10683
10689
10690
10692
10694
10696
10696
10698
10698
10709
10711
10715
10717
10717
10727
10734
10736
10740
10742
10744
10754
10755
10758
10759
10759
10760
10762
10762
10764
10766
10767
10770
10771
10778
10779
10782
10791
10793
10795
10797
10804
10808
10817
10819
10823
10826
10830
10836
10837
10838
10846
10846
10848
10849
10859
10860
10860
10869
10872
10875
10891
10895
10898
10898
10900
10901
10901
10904
10906
10911
10916
10918
10926
10927
10934
10943
10950
10951
10957
10964
10965
10968
10988
10990
10991
10991
11002
11002
11005
11010
11010
11014
11014
11014
11022
11025
11037
11045
11048
11054
11056
11059
11059
11064
11074
11075
11075
11078
11079
11080
11081
11083
11085
11085
11086
11086
11097
11102
11104
11105
11106
11109
11114
11124
11127
11129
11134
11137
11144
11146
11146
11146
11151
11153
11156
11158
11174
11179
11183
11184
11186
11187
11192
11194
11196
11198
11205
11215
11217
11217
11224
11225
11233
11234
11235
11242
11250
11251
11256
11256
11256
11260
11261
11262
11271
11272
11273
11280
11283
11285
11287
11288
11288
11300
11302
11307
11310
11312
11318
11320
11322
11323
11326
11327
11328
11336
11341
11341
11342
11346
11347
11351
11356
11357
11357
11359
11361
11361
11364
11366
11378
11379
11380
11382
11383
11394
11395
11403
11406
11407
11417
11419
11426
11432
11434
11435
11442
11457
11459
11463
11468
11468
11474
11476
11476
11478
11479
11480
11486
11491
11502
11503
11504
11509
11511
11514
11521
11524
11526
11526
11528
11539
11540
11543
11550
11551
11552
11554
11554
11559
11564
11566
11566
11571
11577
11579
11581
11587
11590
11592
11592
11595
11599
11613
11615
11617
11624
11624
11624
11624
11628
11629
11629
11630
11634
11635
11635
11638
11640
11643
11643
11644
11645
11646
11646
11647
11651
11655
11656
11656
11658
11663
11668
11671
11674
11677
11681
11682
11682
11693
11698
11698
11702
11704
11710
11714
11715
11721
11725
11729
11739
11739
11739
11741
11741
11743
11749
11755
11755
11756
11757
11764
11768
11773
11773
11777
11778
11778
11784
11786
11786
11787
11795
11796
11797
11798
11806
11809
11813
11823
11834
11834
11837
11841
11844
11851
11851
11856
11871
11876
11878
11880
11882
11888
11900
11902
11905
11905
11907
11909
11910
11912
11913
11918
11923
11929
11931
11932
11934
11934
11936
11942
11943
11944
11949
11956
11965
11966
11972
11981
11982
11982
11983
11987
11994
11995
11996
12005
12006
12012
12023
12025
12026
12028
12028
12029
12032
12033
12037
12038
12043
12046
12050
12051
12054
12055
12055
12056
12057
12058
12059
12060
12076
12077
12079
12080
12080
12085
12086
12086
12087
12087
12089
12100
12101
12101
12105
12105
12106
12109
12109
12111
12113
12113
12113
12115
12116
12127
12128
12130
12133
12134
12154
12156
12156
12157
12158
12158
12166
12166
12173
12173
12178
12188
12189
12191
12195
12197
12199
12202
12203
12204
12210
12218
12222
12223
12225
12232
12233
12233
12241
12243
12249
12251
12258
12259
12262
12266
12267
12270
12282
12285
12287
12287
12289
12291
12293
12306
12306
12308
12308
12310
12310
12314
12317
12318
12318
12320
12322
12325
12325
12326
12329
12331
12338
12343
12344
12345
12361
12367
12367
12368
12374
12379
12379
12382
12387
12389
12392
12393
12395
12397
12397
12400
12406
12407
12411
12411
12413
12421
12424
12424
12426
12436
12438
12439
12441
12442
12447
12449
12449
12454
12460
12462
12465
12467
12472
12475
12479
12486
12488
12489
12489
12489
12500
12503
12504
12510
12514
12516
12516
12522
12523
12525
12526
12532
12534
12535
12536
12539
12546
12546
12548
12551
12556
12558
12566
12575
12576
12583
12584
12586
12592
12593
12594
12597
12600
12602
12602
12606
12606
12607
12607
12610
12612
12614
12615
12616
12617
12618
12618
12623
12628
12638
12647
12648
12648
12650
12651
12651
12658
12659
12663
12668
12669
12671
12675
12677
12678
12681
12684
12693
12697
12700
12703
12709
12711
12715
12720
12720
12720
12724
12727
12734
12738
12739
12744
12747
12747
12752
12755
12760
12763
12772
12779
12781
12783
12786
12786
12790
12795
12805
12807
12808
12812
12813
12813
12820
12827
12828
12829
12830
12836
12839
12839
12839
12845
12845
12848
12855
12858
12863
12865
12865
12873
12882
12885
12891
12891
12900
12904
12912
12917
12917
12924
12925
12927
12928
12930
12930
12932
12934
12944
12950
12960
12961
12962
12965
12971
12976
12980
12981
12987
12988
12991
12991
12992
12992
12993
12994
12998
13000
13004
13004
13013
13020
13023
13026
13026
13028
13029
13030
13039
13042
13043
13056
13063
13071
13075
13079
13081
13083
13085
13087
13090
13095
13098
13105
13105
13113
13115
13118
13119
13122
13127
13128
13130
13130
13130
13132
13133
13137
13143
13147
13148
13150
13151
13158
13158
13159
13160
13163
13164
13165
13170
13172
13176
13177
13179
13182
13187
13189
13190
13193
13197
13202
13206
13212
13213
13220
13221
13221
13222
13222
13223
13224
13230
13230
13231
13232
13237
13238
13250
13254
13260
13265
13270
13272
13273
13274
13276
13278
13285
13285
13288
13294
13297
13300
13302
13312
13313
13315
13322
13329
13329
13337
13340
13340
13342
13344
13345
13346
13348
13352
13352
13358
13363
13364
13366
13370
13371
13374
13376
13377
13377
13377
13378
13382
13382
13383
13388
13388
13389
13393
13393
13399
13409
13411
13413
13414
13414
13415
13417
13419
13421
13421
13422
13423
13423
13425
13431
13433
13433
13435
13438
13443
13443
13448
13453
13458
13462
13463
13465
13469
13470
13471
13475
13479
13485
13486
13488
13488
13504
13508
13516
13516
13517
13519
13519
13522
13522
13523
13523
13527
13530
13541
13542
13545
13545
13546
13549
13555
13558
13560
13565
13566
13570
13570
13572
13574
13579
13582
13586
13588
13588
13594
13596
13596
13608
13609
13613
13617
13617
13619
13630
13636
13640
13644
13647
13653
13660
13661
13664
13665
13665
13669
13670
13673
13676
13681
13684
13693
13695
13695
13695
13696
13710
13710
13717
13721
13727
13727
13728
13728
13731
13734
13734
13751
13751
13755
13761
13761
13764
13768
13768
13772
13776
13777
13786
13790
13790
13795
13795
13800
13801
13801
13801
13802
13803
13804
13810
13811
13811
13813
13814
13815
13816
13819
13822
13827
13831
13834
13837
13839
13840
13844
13847
13860
13863
13866
13870
13873
13875
13876
13884
13890
13895
13896
13896
13901
13902
13911
13911
13916
13916
13922
13923
13923
13925
13930
13933
13936
13936
13938
13941
13946
13950
13956
13956
13961
13961
13961
13971
13978
13983
13984
13985
13988
13988
13991
13991
13993
13995
14001
14002
14009
14011
14014
14020
14023
14026
14028
14031
14035
14041
14052
14052
14053
14055
14060
14060
14062
14065
14076
14077
14085
14085
14088
14088
14091
14092
14099
14103
14107
14118
14123
14123
14124
14124
14126
14130
14132
14137
14143
14146
14146
14149
14149
14153
14155
14160
14165
14166
14170
14179
14182
14185
14186
14187
14190
14191
14195
14196
14196
14199
14201
14207
14212
14216
14218
14218
14225
14226
14227
14237
14238
14244
14245
14251
14254
14262
14265
14276
14278
14280
14281
14285
14285
14295
14299
14302
14310
14310
14316
14328
14328
14330
14331
14333
14337
14343
14344
14345
14345
14349
14350
14352
14353
14355
14365
14371
14372
14372
14382
14383
14384
14385
14387
14389
14390
14393
14394
14399
14400
14408
14415
14417
14419
14421
14422
14424
14424
14425
14427
14428
14430
14430
14440
14443
14446
14446
14448
14449
14454
14455
14457
14458
14458
14460
14465
14470
14470
14482
14482
14483
14485
14499
14500
14504
14505
14508
14514
14514
14522
14522
14524
14528
14529
14531
14532
14532
14535
14537
14538
14540
14541
14543
14547
14548
14567
14568
14570
14571
14577
14585
14587
14588
14590
14592
14594
14595
14599
14604
14612
14612
14614
14617
14629
14630
14634
14638
14642
14644
14646
14646
14647
14648
14651
14654
14657
14658
14658
14661
14662
14663
14665
14666
14667
14672
14675
14677
14681
14682
14685
14686
14686
14688
14690
14695
14697
14701
14707
14713
14719
14721
14721
14723
14724
14724
14729
14733
14733
14738
14739
14748
14752
14755
14756
14757
14757
14758
14765
14765
14766
14771
14772
14774
14778
14779
14783
14785
14787
14795
14796
14796
14798
14810
14816
14818
14822
14826
14826
14832
14834
14835
14836
14837
14841
14850
14851
14852
14853
14859
14866
14867
14872
14873
14878
14885
14886
14893
14894
14896
14897
14905
14907
14909
14910
14912
14914
14915
14919
14922
14923
14926
14929
14930
14932
14933
14938
14942
14948
14948
14950
14954
14954
14956
14959
14968
14985
14986
14993
14995
14997
15001
15003
15009
15022
15026
15027
15027
15029
15036
15037
15039
15039
15045
15047
15047
15058
15060
15060
15061
15061
15061
15065
15074
15074
15074
15075
15079
15081
15088
15089
15090
15094
15098
15100
15105
15108
15117
15121
15122
15123
15124
15128
15130
15137
15142
15143
15144
15159
15162
15166
15166
15167
15170
15171
15171
15173
15175
15176
15181
15184
15185
15195
15205
15209
15209
15210
15214
15214
15217
15222
15228
15234
15234
15236
15239
15239
15248
15248
15249
15249
15254
15256
15259
15262
15267
15268
15269
15276
15276
15277
15278
15279
15284
15304
15307
15314
15315
15315
15328
15337
15339
15344
15350
15364
15366
15378
15385
15386
15388
15389
15392
15392
15393
15395
15399
15403
15405
15410
15418
15422
15423
15426
15431
15432
15438
15438
15439
15439
15443
15447
15453
15453
15455
15456
15458
15458
15460
15460
15462
15463
15464
15464
15465
15466
15466
15469
15476
15482
15485
15488
15490
15496
15500
15500
15500
15501
15504
15505
15512
15514
15514
15514
15515
15516
15516
15518
15524
15525
15528
15532
15536
15539
15539
15540
15543
15555
15558
15559
15561
15563
15565
15568
15576
15581
15583
15591
15601
15602
15610
15612
15613
15615
15615
15616
15629
15629
15632
15632
15641
15649
15651
15656
15657
15659
15669
15671
15671
15674
15675
15681
15682
15684
15685
15688
15697
15698
15698
15699
15708
15708
15710
15715
15721
15724
15725
15727
15728
15728
15729
15732
15734
15737
15739
15740
15743
15745
15752
15759
15761
15762
15763
15763
15764
15765
15769
15770
15770
15771
15776
15778
15779
15785
15789
15790
15794
15794
15795
15796
15796
15806
15806
15808
15808
15815
15826
15831
15831
15832
15836
15837
15837
15842
15845
15845
15845
15847
15847
15851
15856
15858
15863
15876
15881
15882
15884
15887
15889
15898
15907
15907
15910
15914
15915
15916
15916
15917
15920
15932
15934
15935
15938
15939
15940
15944
15945
15958
15963
15963
15964
15965
15965
15967
15975
15976
15976
15977
15981
15981
15984
15986
15987
15990
15993
16000
16002
16003
16006
16010
16011
16018
16020
16021
16023
16025
16027
16028
16036
16036
16039
16040
16049
16051
16056
16061
16064
16066
16075
16077
16086
16089
16091
16094
16098
16103
16105
16105
16108
16109
16115
16117
16119
16119
16123
16126
16130
16130
16131
16133
16136
16137
16144
16146
16149
16154
16154
16156
16158
16164
16164
16167
16169
16174
16178
16179
16181
16183
16183
16190
16191
16194
16197
16202
16202
16203
16205
16208
16212
16220
16222
16226
16227
16228
16229
16235
16237
16247
16253
16253
16263
16265
16270
16276
16279
16279
16282
16285
16293
16304
16313
16314
16315
16317
16321
16324
16326
16329
16333
16336
16338
16338
16343
16346
16347
16347
16347
16349
16352
16354
16359
16360
16360
16360
16361
16362
16362
16367
16381
16384
16384
16392
16394
16396
16403
16405
16417
16417
16423
16424
16425
16426
16429
16431
16436
16439
16440
16446
16449
16453
16453
16458
16459
16464
16471
16473
16476
16479
16480
16487
16488
16489
16493
16497
16498
16500
16501
16501
16508
16508
16511
16512
16513
16513
16514
16526
16527
16527
16529
16533
16538
16547
16548
16552
16554
16556
16556
16560
16564
16571
16571
16575
16577
16577
16579
16579
16579
16582
16587
16587
16591
16593
16597
16597
16598
16603
16610
16617
16619
16621
16628
16630
16636
16638
16639
16642
16646
16646
16652
16657
16660
16660
16667
16668
16670
16674
16675
16681
16681
16687
16692
16697
16699
16700
16710
16713
16713
16716
16730
16748
16751
16754
16754
16755
16764
16764
16768
16771
16774
16778
16783
16784
16784
16786
16786
16790
16792
16792
16796
16806
16812
16815
16815
16815
16816
16816
16818
16819
16819
16820
16823
16824
16827
16831
16832
16833
16835
16836
16841
16842
16846
16859
16864
16865
16867
16871
16872
16872
16873
16876
16878
16879
16880
16881
16883
16892
16897
16897
16899
16900
16900
16903
16904
16909
16909
16909
16910
16910
16912
16913
16919
16925
16929
16932
16933
16934
16934
16940
16946
16949
16949
16954
16955
16956
16956
16956
16958
16959
16963
16966
16969
16976
16977
16987
16988
16992
16994
16998
16999
17000
17000
17001
17002
17013
17015
17017
17018
17018
17018
17023
17025
17027
17033
17042
17042
17048
17058
17059
17062
17063
17065
17069
17069
17074
17075
17076
17083
17084
17089
17092
17092
17093
17093
17096
17097
17102
17102
17109
17111
17111
17113
17119
17120
17121
17122
17124
17124
17126
17127
17131
17132
17137
17139
17142
17147
17150
17150
17153
17153
17158
17163
17163
17169
17169
17182
17187
17188
17195
17207
17209
17210
17213
17213
17215
17217
17218
17229
17231
17233
17233
17233
17241
17243
17252
17267
17268
17268
17276
17277
17283
17283
17283
17287
17288
17294
17295
17296
17296
17309
17309
17310
17318
17319
17324
17335
17337
17343
17345
17345
17345
17346
17356
17356
17356
17361
17362
17362
17364
17367
17368
17371
17384
17386
17398
17400
17402
17402
17405
17408
17408
17411
17411
17417
17424
17424
17425
17426
17434
17436
17444
17445
17448
17451
17456
17462
17463
17463
17468
17470
17472
17473
17475
17477
17480
17481
17486
17489
17503
17505
17508
17510
17510
17510
17519
17521
17523
17528
17528
17529
17529
17529
17542
17543
17546
17555
17556
17564
17566
17570
17570
17578
17581
17584
17585
17585
17586
17588
17593
17595
17595
17601
17612
17615
17616
17617
17624
17625
17630
17631
17639
17640
17645
17647
17648
17649
17650
17656
17658
17658
17663
17665
17669
17681
17683
17683
17684
17684
17685
17687
17688
17688
17690
17692
17694
17698
17703
17705
17711
17713
17713
17720
17722
17727
17732
17732
17733
17736
17739
17745
17757
17757
17757
17761
17765
17767
17768
17769
17769
17770
17772
17775
17776
17778
17779
17782
17793
17794
17794
17800
17800
17804
17808
17811
17813
17814
17815
17818
17833
17847
17848
17850
17851
17851
17851
17856
17859
17860
17863
17864
17864
17867
17870
17871
17875
17875
17875
17875
17876
17886
17889
17894
17895
17898
17902
17906
17908
17918
17921
17923
17926
17933
17934
17936
17938
17939
17940
17942
17949
17949
17955
17956
17957
17958
17958
17960
17968
17969
17975
17983
17984
17984
17991
17994
17995
18002
18007
18010
18012
18012
18012
18020
18027
18030
18030
18032
18035
18039
18039
18040
18044
18044
18045
18050
18051
18052
18059
18060
18060
18060
18060
18061
18065
18066
18067
18068
18070
18071
18071
18071
18073
18080
18080
18082
18083
18087
18087
18090
18090
18090
18095
18098
18102
18104
18112
18115
18117
18127
18128
18131
18136
18140
18142
18144
18144
18145
18146
18146
18151
18154
18154
18155
18156
18156
18156
18156
18167
18168
18169
18170
18170
18173
18173
18176
18177
18177
18180
18181
18186
18195
18196
18202
18203
18204
18206
18206
18212
18215
18217
18225
18229
18231
18237
18240
18241
18246
18252
18252
18258
18261
18266
18267
18267
18274
18275
18278
18282
18290
18292
18294
18297
18297
18298
18301
18304
18304
18306
18308
18319
18323
18324
18324
18334
18339
18343
18345
18353
18353
18357
18363
18366
18366
18370
18379
18384
18384
18390
18391
18397
18402
18402
18405
18407
18407
18414
18416
18418
18420
18420
18428
18430
18431
18432
18433
18434
18437
18438
18448
18449
18450
18454
18455
18459
18459
18459
18464
18473
18474
18475
18481
18484
18489
18492
18501
18502
18504
18505
18511
18513
18524
18530
18539
18544
18546
18555
18563
18564
18565
18566
18569
18570
18572
18579
18580
18580
18581
18581
18582
18588
18588
18589
18591
18596
18598
18601
18601
18610
18613
18615
18616
18620
18620
18624
18625
18630
18639
18640
18641
18642
18643
18645
18645
18649
18650
18651
18652
18653
18653
18653
18654
18655
18657
18657
18662
18663
18667
18668
18672
18674
18678
18678
18683
18683
18685
18689
18689
18690
18691
18691
18691
18694
18697
18705
18705
18710
18710
18716
18717
18722
18724
18727
18729
18732
18733
18734
18735
18736
18736
18737
18738
18742
18746
18748
18755
18758
18761
18767
18772
18778
18792
18794
18795
18795
18797
18803
18804
18808
18809
18817
18818
18819
18827
18830
18832
18838
18839
18842
18846
18846
18847
18855
18855
18855
18857
18857
18857
18864
18864
18865
18875
18875
18879
18879
18884
18885
18890
18892
18896
18896
18897
18898
18898
18906
18911
18915
18915
18916
18922
18924
18925
18928
18929
18938
18940
18943
18946
18949
18951
18951
18961
18962
18968
18969
18977
18981
18982
18984
18986
18994
18995
18996
18998
18999
19002
19003
19009
19014
19019
19027
19028
19030
19031
19036
19042
19043
19044
19046
19054
19055
19055
19059
19060
19060
19061
19064
19064
19068
19068
19073
19075
19076
19080
19083
19087
19092
19100
19107
19118
19120
19121
19123
19124
19126
19127
19136
19137
19137
19139
19139
19141
19143
19144
19151
19153
19158
19158
19160
19164
19164
19166
19169
19172
19174
19177
19177
19178
19179
19179
19183
19185
19187
19191
19196
19197
19201
19206
19210
19211
19219
19220
19224
19227
19228
19231
19233
19238
19242
19243
19243
19249
19249
19253
19255
19255
19256
19264
19271
19278
19282
19283
19288
19290
19293
19297
19297
19301
19302
19303
19305
19308
19312
19312
19316
19318
19321
19321
19323
19326
19328
19332
19334
19338
19340
19341
19342
19343
19344
19356
19356
19362
19367
19371
19371
19373
19376
19377
19379
19389
19390
19394
19397
19404
19413
19420
19424
19428
19430
19433
19437
19438
19441
19444
19446
19462
19464
19471
19479
19482
19486
19486
19490
19491
19491
19495
19498
19499
19501
19504
19510
19510
19511
19520
19522
19522
19530
19531
19535
19536
19537
19539
19540
19546
19555
19558
19558
19560
19571
19579
19581
19584
19590
19599
19603
19605
19611
19611
19619
19627
19629
19630
19636
19638
19643
19644
19645
19646
19647
19647
19649
19650
19651
19652
19654
19655
19655
19662
19665
19667
19670
19672
19673
19674
19678
19685
19685
19689
19691
19692
19693
19693
19695
19696
19696
19698
19706
19711
19720
19720
19728
19737
19739
19740
19740
19745
19749
19751
19753
19769
19772
19773
19779
19779
19782
19790
19791
19792
19793
19796
19796
19799
19800
19801
19804
19808
19812
19816
19816
19817
19823
19825
19833
19834
19834
19834
19834
19839
19841
19844
19845
19845
19845
19847
19852
19855
19861
19861
19865
19867
19867
19870
19872
19872
19872
19873
19874
19875
19877
19878
19878
19879
19881
19881
19882
19884
19890
19890
19891
19894
19895
19900
19901
19901
19907
19907
19909
19912
19912
19913
19921
19939
19943
19944
19944
19948
19953
19960
19961
19966
19972
19972
19977
19978
19980
19983
19988
19992
20004
20008
20009
20013
20015
20018
20030
20035
20036
20043
20050
20052
20052
20054
20054
20057
20058
20059
20062
20062
20063
20067
20068
20069
20072
20076
20079
20083
20086
20087
20088
20089
20092
20093
20096
20097
20098
20098
20098
20099
20101
20118
20123
20126
20129
20137
20139
20144
20147
20150
20152
20155
20159
20168
20174
20182
20183
20189
20193
20196
20200
20201
20208
20211
20211
20211
20214
20216
20225
20228
20229
20230
20244
20245
20245
20245
20246
20253
20269
20274
20275
20275
20276
20280
20283
20285
20287
20287
20307
20311
20312
20312
20313
20317
20319
20320
20334
20336
20338
20357
20357
20358
20358
20360
20361
20371
20371
20376
20379
20382
20385
20387
20387
20387
20392
20393
20394
20397
20402
20403
20408
20412
20413
20421
20423
20424
20424
20431
20431
20432
20436
20438
20441
20444
20452
20453
20453
20455
20461
20461
20462
20471
20483
20485
20492
20493
20494
20502
20502
20506
20512
20512
20515
20518
20519
20520
20521
20524
20527
20529
20530
20530
20531
20537
20541
20541
20550
20551
20556
20557
20570
20570
20583
20584
20587
20589
20595
20600
20601
20602
20602
20604
20604
20605
20609
20612
20614
20615
20617
20617
20620
20623
20625
20631
20632
20635
20635
20639
20642
20643
20648
20659
20662
20670
20674
20680
20687
20689
20691
20692
20693
20700
20705
20712
20716
20718
20720
20721
20723
20724
20726
20730
20730
20734
20735
20736
20741
20743
20747
20748
20750
20750
20751
20752
20758
20758
20765
20769
20771
20771
20771
20774
20779
20779
20780
20782
20782
20785
20791
20796
20798
20806
20806
20808
20810
20811
20811
20812
20813
20817
20818
20844
20845
20846
20847
20848
20854
20854
20855
20855
20856
20862
20869
20869
20871
20871
20872
20875
20876
20879
20881
20882
20884
20884
20887
20888
20889
20892
20895
20900
20902
20908
20910
20911
20912
20913
20915
20921
20921
20922
20927
20929
20929
20930
20932
20932
20934
20936
20942
20944
20944
20945
20951
20954
20955
20957
20958
20964
20965
20972
20972
20975
20976
20981
20983
20986
20987
20990
20992
21008
21009
21009
21024
21031
21035
21038
21038
21040
21041
21043
21043
21046
21049
21051
21052
21053
21055
21067
21070
21072
21078
21082
21086
21089
21089
21092
21095
21095
21096
21103
21103
21103
21104
21105
21106
21108
21109
21109
21109
21113
21115
21122
21123
21128
21131
21132
21133
21135
21135
21137
21137
21138
21145
21145
21146
21147
21147
21154
21155
21156
21157
21158
21159
21161
21162
21162
21163
21167
21168
21169
21171
21173
21175
21183
21185
21194
21197
21203
21204
21204
21206
21210
21223
21225
21226
21230
21234
21236
21237
21242
21243
21243
21249
21249
21250
21251
21254
21256
21264
21268
21271
21272
21274
21280
21288
21290
21292
21292
21293
21296
21301
21302
21305
21305
21307
21308
21313
21316
21316
21319
21319
21322
21322
21330
21332
21340
21342
21345
21349
21351
21356
21360
21362
21363
21363
21365
21365
21366
21367
21372
21382
21384
21389
21391
21393
21393
21394
21398
21398
21399
21403
21405
21406
21408
21412
21416
21419
21419
21423
21426
21434
21434
21436
21436
21438
21442
21444
21448
21451
21453
21454
21457
21459
21463
21465
21467
21468
21468
21469
21470
21473
21473
21475
21477
21486
21486
21489
21497
21497
21498
21502
21511
21513
21514
21514
21517
21517
21521
21522
21529
21531
21536
21537
21543
21546
21546
21551
21558
21564
21565
21567
21568
21569
21570
21570
21572
21574
21576
21578
21581
21581
21584
21585
21587
21592
21593
21594
21594
21598
21599
21600
21600
21600
21607
21611
21614
21619
21619
21622
21623
21623
21625
21625
21629
21631
21639
21641
21644
21647
21648
21649
21650
21651
21653
21653
21656
21659
21661
21663
21664
21666
21667
21672
21678
21679
21679
21682
21685
21690
21691
21692
21693
21693
21697
21697
21708
21710
21710
21713
21714
21714
21715
21721
21727
21734
21747
21747
21759
21763
21764
21780
21783
21786
21794
21797
21797
21804
21805
21809
21811
21815
21818
21819
21819
21820
21822
21822
21825
21826
21834
21837
21840
21840
21841
21845
21847
21851
21851
21852
21852
21852
21853
21853
21857
21870
21871
21872
21873
21874
21883
21891
21901
21907
21907
21913
21914
21916
21921
21925
21925
21927
21931
21932
21932
21934
21934
21948
21955
21958
21964
21964
21967
21974
21977
21978
21979
21980
21985
21991
21992
21994
21996
21996
22002
22012
22012
22024
22025
22025
22025
22028
22029
22032
22033
22037
22042
22049
22051
22053
22054
22058
22059
22061
22061
22065
22071
22077
22079
22080
22080
22086
22088
22090
22092
22093
22093
22095
22095
22096
22101
22103
22104
22104
22116
22117
22119
22119
22119
22121
22122
22122
22123
22124
22125
22130
22131
22132
22141
22146
22148
22151
22151
22153
22156
22165
22168
22168
22170
22177
22177
22178
22179
22181
22183
22194
22194
22196
22198
22204
22204
22205
22207
22208
22209
22210
22211
22211
22215
22218
22220
22243
22244
22245
22245
22247
22248
22248
22251
22255
22259
22261
22263
22264
22264
22266
22271
22273
22275
22275
22275
22277
22277
22279
22281
22281
22283
22284
22284
22289
22289
22292
22292
22301
22302
22306
22307
22309
22314
22317
22322
22323
22323
22325
22330
22330
22334
22337
22337
22340
22342
22343
22344
22348
22356
22357
22361
22364
22366
22368
22370
22374
22377
22378
22380
22392
22396
22399
22402
22405
22406
22409
22409
22420
22427
22428
22429
22434
22435
22437
22439
22443
22444
22446
22449
22456
22456
22458
22459
22460
22460
22460
22463
22465
22468
22470
22472
22477
22478
22478
22478
22479
22481
22481
22482
22484
22485
22487
22490
22490
22505
22506
22506
22506
22506
22509
22511
22512
22513
22521
22522
22522
22522
22534
22541
22542
22545
22552
22557
22557
22568
22570
22571
22576
22578
22578
22580
22580
22581
22582
22583
22583
22587
22588
22588
22591
22597
22598
22600
22601
22605
22605
22611
22612
22621
22623
22623
22629
22630
22634
22634
22638
22639
22642
22652
22656
22661
22664
22668
22669
22674
22675
22677
22678
22679
22687
22690
22692
22692
22693
22696
22704
22706
22714
22715
22718
22725
22725
22725
22727
22728
22729
22733
22733
22740
22743
22756
22756
22758
22762
22765
22770
22776
22783
22785
22789
22793
22797
22797
22798
22799
22800
22804
22805
22807
22810
22812
22814
22819
22829
22830
22831
22833
22834
22835
22835
22840
22841
22844
22844
22844
22853
22854
22856
22862
22864
22871
22877
22878
22879
22886
22887
22890
22890
22896
22897
22897
22899
22902
22913
22924
22924
22925
22925
22926
22926
22932
22936
22938
22945
22953
22956
22959
22961
22966
22969
22970
22970
22977
22978
22981
22981
22985
22986
22989
22992
22994
22994
22997
22998
23001
23003
23003
23005
23008
23009
23011
23013
23015
23020
23022
23024
23025
23025
23025
23026
23028
23028
23029
23031
23034
23034
23038
23040
23041
23042
23042
23045
23059
23059
23065
23080
23082
23085
23088
23102
23103
23105
23108
23109
23110
23111
23118
23119
23121
23122
23123
23126
23129
23134
23140
23144
23147
23150
23151
23157
23164
23169
23169
23171
23173
23173
23175
23176
23179
23189
23189
23191
23203
23206
23211
23213
23217
23217
23218
23218
23222
23223
23224
23229
23230
23232
23236
23238
23241
23246
23246
23246
23258
23261
23271
23277
23279
23292
23296
23297
23300
23305
23311
23314
23315
23319
23322
23326
23326
23337
23341
23344
23351
23361
23364
23365
23366
23369
23370
23371
23373
23376
23376
23378
23383
23386
23387
23387
23389
23406
23406
23408
23409
23409
23410
23410
23411
23414
23417
23417
23418
23420
23425
23432
23436
23436
23439
23439
23440
23444
23452
23466
23466
23467
23469
23476
23482
23484
23489
23495
23496
23498
23504
23505
23505
23506
23508
23508
23516
23521
23523
23524
23530
23533
23534
23538
23540
23545
23546
23547
23547
23547
23552
23558
23558
23564
23565
23569
23572
23572
23573
23576
23578
23582
23584
23588
23589
23589
23597
23600
23604
23604
23613
23615
23617
23617
23623
23624
23624
23624
23628
23630
23645
23646
23651
23651
23657
23658
23659
23659
23660
23661
23671
23677
23680
23680
23688
23694
23695
23696
23700
23707
23707
23708
23710
23710
23717
23719
23719
23720
23734
23737
23741
23741
23748
23748
23752
23755
23759
23762
23762
23764
23765
23767
23770
23775
23776
23778
23782
23782
23782
23791
23792
23793
23795
23798
23803
23821
23825
23825
23830
23830
23834
23843
23846
23848
23851
23852
23863
23869
23872
23879
23889
23893
23893
23903
23905
23906
23906
23909
23910
23913
23916
23918
23925
23926
23927
23931
23941
23953
23953
23960
23961
23964
23966
23970
23973
23976
23976
23984
23988
23989
23994
23997
23997
24000
24004
24005
24007
24024
24024
24025
24043
24044
24053
24053
24056
24058
24059
24067
24069
24071
24074
24079
24089
24091
24095
24098
24103
24103
24107
24107
24114
24115
24116
24119
24133
24133
24137
24142
24143
24147
24148
24150
24156
24168
24170
24173
24175
24179
24182
24183
24184
24188
24188
24190
24196
24198
24211
24212
24216
24217
24221
24222
24224
24231
24234
24238
24239
24243
24244
24244
24249
24250
24251
24252
24254
24259
24265
24265
24272
24275
24285
24287
24289
24293
24294
24294
24294
24296
24298
24298
24299
24303
24308
24308
24308
24310
24319
24320
24321
24330
24330
24331
24333
24337
24337
24353
24356
24357
24359
24363
24363
24366
24374
24374
24378
24382
24385
24389
24392
24393
24394
24395
24395
24396
24399
24399
24406
24408
24415
24417
24418
24422
24426
24428
24429
24434
24439
24443
24449
24453
24456
24460
24462
24463
24463
24463
24464
24468
24468
24468
24473
24475
24477
24482
24485
24486
24488
24498
24499
24507
24507
24508
24510
24522
24523
24523
24526
24528
24530
24532
24532
24535
24539
24542
24542
24542
24545
24550
24554
24555
24555
24556
24556
24559
24562
24564
24571
24573
24573
24582
24583
24588
24591
24592
24594
24596
24602
24605
24608
24609
24612
24614
24615
24618
24619
24619
24625
24627
24629
24635
24639
24639
24648
24657
24660
24661
24665
24668
24669
24669
24674
24676
24680
24681
24683
24686
24687
24690
24693
24700
24703
24703
24708
24709
24718
24718
24720
24720
24720
24724
24725
24728
24729
24732
24733
24734
24736
24737
24738
24738
24740
24742
24744
24745
24746
24746
24759
24763
24766
24767
24768
24771
24774
24774
24786
24794
24798
24808
24810
24815
24817
24819
24825
24825
24828
24829
24832
24836
24837
24839
24845
24849
24850
24850
24854
24855
24856
24859
24861
24863
24865
24867
24868
24871
24876
24877
24881
24882
24882
24887
24889
24890
24903
24908
24909
24909
24910
24910
24912
24913
24913
24919
24919
24919
24921
24924
24930
24933
24935
24938
24938
24939
24949
24956
24956
24958
24962
24976
24977
24979
24980
24984
24988
24988
24989
24993
24993
24996
25000
25001
25003
25012
25012
25014
25019
25021
25027
25027
25029
25029
25031
25031
25032
25035
25037
25047
25050
25052
25060
25069
25072
25075
25075
25088
25090
25098
25098
25099
25100
25104
25110
25111
25112
25113
25115
25115
25117
25120
25125
25126
25133
25137
25145
25147
25152
25153
25159
25163
25163
25164
25165
25176
25177
25181
25183
25184
25197
25199
25206
25211
25218
25218
25221
25226
25227
25229
25231
25237
25238
25238
25247
25249
25251
25254
25254
25259
25263
25281
25284
25297
25301
25302
25306
25312
25313
25315
25335
25340
25342
25345
25348
25352
25353
25354
25355
25357
25364
25364
25366
25366
25371
25378
25379
25382
25389
25392
25395
25396
25402
25405
25405
25406
25408
25410
25410
25413
25417
25419
25419
25426
25430
25431
25432
25435
25436
25444
25444
25448
25450
25450
25452
25455
25457
25467
25468
25472
25473
25477
25482
25483
25487
25488
25495
25495
25495
25497
25499
25507
25507
25508
25510
25514
25515
25515
25529
25529
25531
25533
25534
25534
25535
25539
25539
25540
25541
25542
25543
25543
25545
25553
25560
25561
25564
25568
25568
25573
25575
25575
25586
25587
25588
25591
25592
25596
25603
25606
25611
25616
25618
25619
25619
25619
25620
25621
25625
25629
25630
25631
25632
25636
25638
25641
25641
25642
25643
25643
25651
25652
25653
25655
25662
25666
25669
25670
25670
25673
25675
25676
25680
25681
25682
25691
25691
25698
25699
25702
25705
25706
25709
25714
25726
25728
25740
25750
25751
25756
25758
25758
25760
25760
25762
25763
25766
25767
25768
25774
25776
25778
25780
25781
25786
25791
25793
25795
25795
25797
25801
25802
25804
25805
25805
25806
25809
25819
25821
25823
25825
25828
25829
25832
25834
25835
25835
25838
25839
25839
25842
25843
25845
25849
25850
25858
25861
25862
25865
25865
25872
25876
25883
25886
25890
25891
25895
25896
25897
25897
25899
25899
25903
25909
25912
25915
25915
25915
25918
25918
25919
25922
25924
25927
25928
25930
25939
25941
25949
25949
25950
25951
25951
25958
25963
25975
25977
25988
25989
25991
25991
25992
25993
25998
25998
26005
26007
26008
26011
26015
26018
26019
26022
26025
26026
26030
26030
26032
26034
26038
26040
26054
26054
26062
26062
26065
26074
26075
26080
26084
26084
26087
26090
26092
26097
26099
26099
26102
26106
26107
26109
26116
26118
26118
26121
26123
26126
26126
26127
26128
26129
26131
26133
26135
26137
26138
26149
26153
26153
26154
26155
26160
26161
26163
26164
26168
26178
26197
26198
26203
26213
26213
26215
26215
26217
26219
26226
26226
26228
26234
26234
26239
26241
26254
26255
26256
26257
26262
26262
26268
26269
26273
26277
26282
26285
26289
26296
26303
26310
26315
26315
26322
26322
26325
26325
26326
26329
26333
26336
26341
26343
26346
26347
26347
26356
26357
26357
26367
26372
26374
26379
26389
26389
26392
26400
26404
26405
26407
26418
26423
26425
26429
26430
26433
26434
26446
26446
26446
26454
26464
26466
26466
26467
26467
26470
26484
26485
26490
26494
26502
26502
26502
26508
26514
26514
26517
26518
26522
26523
26524
26524
26525
26527
26528
26529
26531
26535
26535
26538
26539
26539
26544
26547
26549
26564
26565
26566
26567
26569
26571
26578
26579
26581
26588
26595
26597
26598
26600
26601
26608
26613
26614
26616
26621
26627
26629
26636
26642
26643
26651
26669
26674
26675
26679
26686
26686
26686
26689
26693
26694
26695
26696
26698
26699
26700
26701
26703
26706
26708
26711
26723
26732
26732
26736
26739
26742
26749
26751
26754
26758
26768
26772
26775
26776
26778
26782
26787
26788
26790
26792
26793
26795
26795
26798
26802
26802
26803
26808
26811
26813
26815
26819
26819
26819
26820
26822
26825
26826
26828
26830
26836
26839
26841
26844
26844
26851
26854
26870
26870
26873
26873
26875
26880
26883
26887
26889
26895
26899
26900
26900
26903
26906
26906
26907
26908
26911
26915
26925
26929
26931
26937
26944
26949
26964
26974
26977
26981
26983
26988
26990
26994
26998
26999
26999
27000
27001
27001
27013
27021
27021
27022
27023
27026
27028
27028
27039
27043
27045
27046
27047
27048
27048
27049
27053
27059
27060
27061
27078
27081
27081
27083
27085
27088
27089
27089
27100
27102
27104
27110
27111
27111
27113
27115
27115
27117
27121
27125
27127
27132
27133
27134
27138
27139
27143
27143
27151
27156
27159
27159
27160
27160
27163
27164
27166
27166
27167
27171
27174
27182
27183
27183
27184
27186
27186
27188
27194
27195
27198
27199
27201
27202
27204
27205
27207
27208
27215
27218
27219
27219
27223
27229
27230
27233
27234
27236
27236
27249
27250
27252
27252
27253
27255
27257
27258
27263
27268
27269
27272
27275
27275
27276
27279
27290
27291
27292
27304
27306
27306
27307
27307
27311
27311
27314
27315
27317
27319
27321
27326
27328
27330
27333
27338
27339
27343
27350
27358
27358
27359
27359
27360
27365
27366
27367
27368
27370
27384
27388
27389
27391
27394
27396
27399
27411
27415
27418
27422
27426
27428
27431
27432
27437
27441
27445
27445
27447
27449
27453
27453
27454
27465
27466
27470
27470
27476
27477
27501
27505
27509
27512
27515
27517
27518
27519
27523
27526
27535
27535
27548
27554
27556
27557
27559
27565
27569
27572
27576
27583
27583
27584
27592
27595
27596
27598
27600
27602
27604
27610
27613
27617
27619
27629
27631
27632
27634
27637
27640
27643
27646
27649
27654
27658
27661
27665
27670
27672
27676
27679
27684
27687
27691
27692
27693
27696
27696
27707
27707
27711
27712
27714
27724
27727
27729
27729
27729
27734
27736
27740
27741
27748
27751
27764
27765
27765
27768
27772
27772
27778
27786
27791
27792
27798
27804
27806
27808
27812
27816
27821
27827
27831
27835
27842
27842
27845
27847
27847
27849
27849
27853
27857
27858
27860
27865
27866
27867
27872
27874
27874
27880
27880
27882
27887
27892
27894
27898
27901
27904
27905
27909
27910
27910
27911
27912
27915
27915
27920
27920
27922
27924
27925
27925
27928
27932
27933
27935
27939
27941
27944
27951
27952
27954
27958
27962
27967
27971
27972
27972
27972
27974
27974
27978
27980
27986
27997
27999
28001
28009
28010
28015
28017
28022
28024
28028
28028
28029
28030
28034
28035
28038
28040
28042
28042
28049
28051
28067
28067
28068
28071
28073
28077
28080
28080
28080
28081
28084
28090
28095
28095
28097
28098
28103
28104
28109
28112
28113
28114
28120
28121
28122
28128
28133
28135
28135
28137
28141
28145
28145
28148
28149
28149
28150
28152
28153
28157
28159
28161
28162
28164
28164
28166
28169
28170
28171
28175
28179
28185
28188
28189
28189
28195
28197
28199
28199
28203
28203
28209
28213
28214
28223
28224
28233
28241
28244
28247
28254
28254
28256
28257
28257
28258
28258
28260
28263
28263
28267
28271
28272
28272
28273
28275
28295
28296
28300
28303
28304
28308
28310
28312
28313
28314
28314
28317
28317
28319
28320
28323
28325
28334
28338
28340
28342
28343
28345
28347
28362
28363
28364
28366
28372
28386
28392
28400
28403
28408
28409
28417
28440
28440
28444
28447
28450
28452
28453
28457
28467
28467
28468
28469
28470
28471
28474
28482
28482
28483
28484
28488
28493
28495
28497
28498
28500
28507
28514
28515
28519
28520
28524
28524
28525
28528
28544
28552
28555
28556
28558
28560
28561
28574
28577
28580
28583
28590
28593
28595
28595
28603
28604
28607
28612
28612
28613
28613
28613
28614
28615
28618
28618
28620
28621
28624
28625
28626
28628
28630
28633
28636
28643
28645
28646
28652
28653
28654
28657
28659
28659
28659
28666
28668
28668
28669
28674
28676
28678
28681
28686
28690
28691
28692
28694
28696
28698
28698
28702
28712
28712
28712
28712
28715
28721
28721
28723
28723
28725
28726
28726
28727
28731
28732
28736
28738
28742
28744
28744
28748
28750
28751
28754
28759
28765
28766
28769
28770
28771
28775
28778
28779
28779
28782
28788
28801
28805
28807
28810
28816
28818
28820
28821
28822
28829
28830
28830
28830
28831
28834
28837
28837
28839
28840
28843
28852
28852
28853
28854
28856
28857
28858
28863
28864
28865
28867
28867
28878
28879
28885
28886
28886
28888
28898
28903
28904
28909
28910
28921
28926
28931
28943
28947
28949
28950
28954
28955
28956
28957
28966
28968
28969
28970
28975
28981
28985
28987
28996
28996
29000
29007
29007
29008
29012
29012
29013
29018
29027
29031
29031
29033
29039
29041
29041
29042
29043
29045
29050
29052
29056
29064
29065
29067
29070
29072
29074
29079
29079
29086
29087
29087
29088
29090
29095
29096
29097
29104
29113
29119
29121
29128
29133
29135
29151
29151
29161
29162
29163
29164
29166
29168
29168
29179
29186
29194
29200
29201
29204
29208
29209
29212
29219
29221
29224
29224
29227
29228
29247
29252
29253
29259
29261
29266
29266
29267
29270
29273
29273
29276
29278
29301
29304
29305
29305
29327
29329
29333
29337
29342
29348
29349
29356
29356
29359
29359
29361
29361
29361
29366
29369
29370
29372
29373
29377
29378
29379
29380
29381
29382
29385
29386
29395
29396
29398
29403
29403
29404
29405
29409
29420
29423
29428
29432
29438
29444
29449
29449
29453
29458
29463
29463
29465
29468
29471
29480
29483
29483
29491
29494
29496
29502
29508
29509
29511
29511
29512
29521
29524
29525
29531
29533
29535
29542
29544
29548
29550
29551
29553
29554
29556
29559
29561
29562
29566
29567
29567
29569
29580
29581
29581
29584
29586
29587
29588
29589
29590
29590
29593
29594
29594
29597
29602
29603
29605
29612
29619
29624
29626
29628
29634
29637
29637
29642
29648
29651
29654
29656
29660
29662
29663
29665
29667
29667
29670
29671
29682
29682
29684
29686
29688
29695
29699
29701
29703
29703
29706
29707
29708
29709
29710
29710
29712
29714
29715
29716
29716
29727
29733
29736
29743
29745
29746
29751
29753
29758
29758
29761
29764
29768
29770
29774
29774
29783
29784
29794
29795
29803
29803
29804
29806
29806
29807
29817
29821
29825
29829
29836
29836
29838
29839
29844
29846
29851
29869
29870
29881
29881
29881
29885
29887
29889
29891
29895
29895
29895
29898
29901
29902
29903
29904
29905
29907
29909
29909
29910
29920
29925
29930
29930
29930
29933
29934
29943
29947
29947
29948
29948
29948
29951
29955
29958
29961
29963
29966
29967
29976
29978
29981
29989
29990
29990
29991
29993
29997
29999
29999
9107
4
9103
