10000
0
2
4
5
5
9
11
13
13
15
18
22
25
26
29
31
31
35
36
39
42
44
46
48
58
62
64
66
68
68
70
70
72
72
75
76
81
84
85
92
93
94
96
98
99
105
105
106
107
108
113
115
116
118
119
124
127
128
132
134
134
137
142
144
145
155
156
162
168
169
170
170
172
177
182
183
186
186
186
189
195
196
199
202
203
206
207
210
212
215
218
222
224
228
228
229
236
241
241
242
248
251
255
258
260
260
261
264
266
276
285
285
288
298
299
310
310
311
313
316
318
324
327
331
332
333
347
348
349
351
362
368
371
372
374
383
384
385
389
390
392
395
396
400
410
412
420
423
427
428
428
431
434
440
444
448
451
452
453
457
459
459
460
461
462
462
465
467
467
468
469
471
473
477
480
482
483
496
503
504
512
513
514
514
515
518
518
519
519
529
531
532
534
536
550
551
552
556
559
562
569
569
570
577
585
586
589
589
592
609
611
613
613
617
619
621
623
626
626
630
633
633
634
636
642
644
644
647
648
653
653
655
659
665
667
672
675
675
676
681
683
684
684
685
702
720
721
722
728
733
737
739
745
745
746
746
751
751
751
752
758
763
765
765
774
778
782
789
789
790
790
790
802
804
805
806
808
811
812
824
829
831
832
844
844
848
848
849
853
853
855
856
859
862
863
864
865
865
870
880
883
890
892
893
894
904
904
904
908
909
911
915
917
919
927
930
934
943
950
960
962
963
965
968
968
969
970
972
972
972
973
982
986
994
997
999
999
1000
1002
1002
1004
1005
1006
1010
1010
1011
1013
1015
1019
1023
1025
1028
1028
1035
1037
1039
1044
1045
1046
1046
1053
1054
1054
1056
1057
1058
1064
1064
1076
1079
1080
1083
1084
1088
1089
1100
1103
1106
1108
1109
1109
1112
1118
1121
1122
1125
1125
1127
1128
1129
1141
1144
1145
1151
1152
1153
1155
1160
1161
1163
1163
1164
1167
1171
1182
1182
1186
1190
1198
1207
1207
1208
1214
1220
1229
1232
1234
1239
1242
1244
1244
1255
1261
1263
1268
1273
1274
1275
1279
1281
1285
1290
1292
1293
1294
1307
1310
1312
1313
1314
1315
1319
1321
1321
1325
1326
1328
1328
1335
1336
1338
1338
1339
1340
1341
1342
1347
1349
1353
1358
1362
1362
1366
1370
1372
1377
1380
1381
1382
1386
1391
1393
1394
1409
1410
1412
1413
1415
1418
1420
1427
1429
1434
1440
1445
1448
1456
1457
1463
1464
1466
1467
1468
1472
1477
1479
1489
1490
1493
1496
1503
1508
1511
1516
1518
1521
1523
1529
1532
1536
1538
1544
1545
1550
1551
1552
1556
1558
1560
1562
1568
1568
1569
1570
1570
1574
1577
1584
1586
1590
1591
1592
1594
1596
1599
1600
1601
1602
1605
1606
1615
1615
1615
1619
1619
1621
1622
1624
1626
1627
1630
1631
1635
1638
1640
1640
1642
1642
1653
1653
1654
1655
1657
1663
1663
1664
1665
1672
1690
1702
1703
1705
1712
1713
1716
1718
1721
1721
1723
1729
1730
1732
1733
1740
1744
1745
1749
1750
1750
1752
1754
1759
1760
1767
1779
1780
1781
1783
1785
1789
1790
1795
1795
1796
1800
1801
1801
1805
1808
1814
1817
1817
1817
1817
1818
1818
1822
1822
1825
1830
1830
1834
1835
1840
1842
1846
1846
1847
1862
1864
1866
1868
1871
1883
1884
1886
1890
1893
1897
1901
1905
1906
1909
1911
1920
1920
1923
1923
1923
1924
1933
1934
1936
1939
1940
1946
1946
1948
1950
1951
1953
1955
1959
1968
1972
1974
1978
1981
1981
1984
1990
1993
1997
1998
2000
2003
2007
2009
2010
2014
2018
2019
2023
2029
2031
2035
2039
2040
2045
2053
2057
2060
2061
2062
2064
2067
2069
2071
2074
2076
2077
2078
2079
2081
2089
2091
2091
2093
2100
2104
2105
2108
2109
2115
2119
2130
2132
2140
2145
2146
2149
2152
2160
2161
2162
2163
2164
2170
2175
2175
2177
2179
2190
2193
2195
2204
2205
2206
2217
2221
2222
2230
2237
2242
2244
2245
2246
2246
2249
2252
2259
2259
2261
2262
2264
2265
2265
2268
2270
2272
2287
2288
2290
2292
2292
2293
2295
2295
2306
2306
2307
2316
2317
2317
2321
2322
2323
2325
2326
2331
2332
2335
2338
2345
2346
2346
2348
2351
2351
2356
2363
2365
2367
2368
2368
2372
2378
2380
2383
2389
2397
2402
2405
2406
2406
2410
2418
2420
2423
2430
2433
2437
2437
2438
2439
2443
2446
2449
2451
2456
2456
2461
2462
2467
2468
2474
2474
2474
2475
2478
2481
2503
2508
2509
2510
2511
2515
2520
2522
2534
2536
2537
2539
2541
2545
2546
2546
2549
2550
2552
2562
2566
2567
2569
2573
2574
2574
2577
2580
2581
2581
2582
2586
2592
2595
2596
2597
2602
2603
2603
2605
2606
2611
2615
2616
2619
2619
2622
2623
2624
2624
2627
2628
2638
2641
2645
2648
2655
2656
2657
2658
2664
2664
2666
2669
2673
2673
2673
2679
2680
2681
2686
2691
2691
2692
2695
2695
2702
2702
2704
2706
2707
2711
2716
2717
2719
2723
2727
2728
2734
2735
2737
2737
2740
2741
2742
2742
2742
2742
2743
2746
2749
2749
2750
2751
2759
2760
2761
2764
2764
2765
2768
2769
2770
2771
2772
2772
2774
2775
2781
2791
2792
2800
2806
2807
2807
2813
2814
2815
2819
2821
2822
2823
2826
2827
2835
2837
2839
2848
2849
2851
2852
2856
2856
2857
2858
2863
2866
2871
2873
2880
2881
2881
2886
2886
2887
2895
2901
2903
2905
2913
2916
2921
2925
2926
2927
2934
2935
2939
2941
2942
2945
2949
2954
2956
2957
2958
2963
2964
2964
2970
2975
2976
2978
2987
2987
2988
3005
3006
3008
3009
3020
3025
3029
3034
3036
3037
3037
3038
3039
3040
3042
3047
3049
3051
3051
3051
3053
3054
3054
3055
3055
3057
3058
3059
3065
3074
3078
3082
3084
3086
3088
3089
3096
3098
3104
3105
3113
3117
3117
3121
3123
3124
3126
3127
3129
3139
3140
3141
3147
3159
3162
3165
3166
3169
3175
3177
3177
3181
3183
3183
3186
3187
3190
3194
3196
3196
3196
3199
3200
3204
3210
3210
3215
3215
3216
3216
3217
3218
3219
3221
3221
3221
3222
3224
3225
3225
3225
3226
3245
3247
3248
3250
3253
3257
3265
3268
3268
3276
3279
3281
3288
3290
3295
3298
3299
3299
3302
3305
3308
3308
3311
3315
3319
3321
3328
3331
3337
3341
3345
3350
3357
3357
3360
3364
3365
3373
3375
3378
3380
3388
3394
3395
3396
3399
3406
3407
3407
3416
3417
3426
3429
3432
3448
3449
3451
3452
3454
3455
3457
3458
3461
3462
3463
3469
3475
3475
3479
3480
3481
3485
3485
3489
3492
3492
3497
3499
3502
3504
3507
3507
3511
3512
3513
3517
3519
3520
3528
3531
3533
3535
3536
3536
3537
3538
3540
3543
3544
3548
3550
3553
3553
3553
3557
3573
3574
3575
3577
3582
3584
3585
3590
3592
3598
3602
3605
3621
3623
3624
3624
3628
3630
3634
3638
3640
3647
3651
3655
3657
3658
3659
3665
3669
3672
3675
3678
3684
3687
3690
3693
3694
3695
3696
3698
3703
3710
3711
3712
3716
3723
3724
3727
3728
3729
3734
3737
3740
3742
3745
3745
3747
3750
3753
3753
3754
3754
3755
3758
3761
3763
3764
3765
3765
3770
3775
3777
3778
3785
3786
3790
3790
3798
3799
3814
3817
3823
3823
3826
3829
3831
3833
3834
3834
3836
3837
3840
3840
3841
3845
3845
3846
3848
3849
3858
3864
3866
3866
3869
3878
3880
3880
3881
3881
3889
3891
3898
3898
3900
3901
3904
3906
3908
3908
3912
3914
3918
3919
3923
3935
3938
3939
3945
3949
3950
3952
3952
3954
3957
3971
3973
3979
3986
3987
3990
3994
3995
3999
4000
4006
4007
4008
4008
4009
4010
4011
4012
4020
4020
4021
4022
4024
4034
4038
4040
4045
4047
4047
4049
4050
4051
4052
4053
4059
4061
4062
4063
4066
4067
4067
4067
4068
4069
4070
4075
4075
4075
4077
4080
4082
4085
4090
4095
4102
4104
4106
4128
4129
4129
4129
4140
4141
4141
4142
4143
4143
4146
4146
4147
4156
4160
4160
4169
4176
4181
4186
4192
4197
4200
4200
4204
4208
4212
4213
4214
4216
4220
4223
4224
4226
4226
4240
4242
4243
4244
4245
4248
4251
4252
4257
4258
4267
4281
4284
4286
4289
4291
4292
4296
4296
4298
4300
4329
4330
4331
4332
4333
4341
4343
4344
4346
4349
4354
4359
4360
4361
4361
4363
4370
4372
4372
4379
4380
4381
4384
4389
4394
4402
4416
4416
4417
4418
4423
4430
4433
4434
4436
4439
4443
4444
4445
4445
4449
4453
4454
4458
4460
4468
4490
4490
4492
4495
4496
4499
4505
4505
4508
4510
4510
4512
4512
4515
4517
4518
4524
4525
4525
4534
4534
4536
4536
4541
4542
4543
4547
4548
4548
4552
4552
4553
4558
4559
4564
4567
4572
4573
4573
4573
4574
4578
4581
4593
4594
4594
4595
4606
4619
4620
4621
4622
4622
4625
4626
4627
4627
4628
4629
4631
4633
4637
4639
4639
4641
4641
4643
4644
4646
4646
4652
4657
4657
4662
4667
4669
4677
4679
4685
4688
4689
4690
4697
4702
4711
4716
4725
4732
4733
4742
4746
4749
4751
4753
4754
4755
4756
4756
4756
4757
4760
4765
4770
4771
4773
4773
4776
4777
4787
4788
4796
4805
4806
4814
4816
4818
4820
4820
4824
4827
4828
4831
4845
4845
4847
4847
4848
4850
4863
4865
4869
4873
4875
4876
4877
4881
4881
4883
4883
4891
4895
4901
4902
4903
4904
4904
4915
4916
4917
4924
4929
4935
4936
4952
4953
4957
4959
4964
4966
4966
4971
4973
4977
4982
4987
4988
4994
4998
4999
5001
5001
5003
5006
5006
5006
5008
5009
5013
5015
5016
5021
5024
5029
5029
5031
5034
5042
5043
5045
5045
5050
5051
5058
5061
5065
5066
5068
5071
5072
5077
5083
5083
5084
5085
5090
5100
5101
5102
5103
5104
5112
5112
5116
5117
5117
5120
5122
5122
5131
5137
5138
5157
5157
5158
5159
5159
5163
5164
5169
5171
5175
5179
5197
5201
5208
5211
5212
5213
5214
5214
5216
5218
5220
5220
5221
5223
5223
5225
5238
5250
5253
5261
5267
5287
5289
5290
5292
5293
5296
5304
5307
5309
5309
5309
5314
5315
5315
5320
5322
5325
5325
5325
5326
5331
5331
5333
5337
5341
5344
5344
5352
5352
5354
5355
5355
5359
5362
5368
5373
5378
5380
5381
5384
5388
5392
5395
5397
5398
5403
5413
5413
5417
5419
5423
5424
5426
5428
5430
5432
5434
5434
5439
5443
5447
5450
5453
5457
5459
5461
5461
5476
5478
5489
5506
5506
5508
5509
5514
5514
5530
5540
5540
5549
5551
5552
5556
5556
5563
5564
5568
5568
5572
5577
5587
5593
5594
5604
5605
5609
5609
5613
5614
5619
5620
5622
5625
5628
5628
5630
5634
5635
5640
5641
5643
5645
5647
5649
5650
5652
5657
5658
5658
5661
5662
5663
5665
5665
5667
5678
5678
5684
5689
5690
5691
5692
5698
5700
5701
5702
5704
5706
5707
5707
5711
5713
5715
5715
5717
5718
5723
5727
5729
5734
5746
5747
5748
5749
5752
5755
5756
5765
5765
5767
5773
5775
5779
5780
5781
5783
5783
5789
5796
5801
5805
5807
5808
5809
5811
5812
5812
5818
5822
5823
5833
5833
5837
5842
5846
5847
5850
5851
5853
5853
5855
5860
5860
5864
5865
5870
5871
5872
5874
5884
5890
5894
5898
5898
5899
5899
5901
5901
5906
5910
5911
5913
5914
5914
5922
5923
5923
5924
5924
5924
5930
5938
5941
5941
5951
5954
5956
5965
5967
5969
5969
5971
5972
5979
5979
5980
5982
5984
5987
5994
5994
5997
6002
6004
6020
6021
6025
6029
6035
6036
6037
6039
6040
6046
6053
6053
6055
6055
6055
6057
6059
6060
6064
6065
6076
6080
6085
6085
6087
6088
6092
6099
6102
6102
6103
6104
6109
6110
6112
6116
6118
6118
6120
6123
6124
6129
6130
6134
6135
6139
6139
6140
6143
6143
6144
6144
6155
6158
6162
6166
6167
6168
6172
6177
6178
6179
6183
6186
6197
6204
6207
6207
6210
6211
6217
6219
6223
6227
6231
6232
6235
6238
6240
6243
6243
6245
6248
6249
6256
6261
6264
6266
6272
6275
6275
6277
6278
6280
6282
6284
6285
6287
6293
6298
6301
6307
6314
6322
6324
6332
6332
6338
6339
6340
6341
6343
6344
6348
6349
6365
6372
6377
6381
6383
6385
6389
6396
6401
6407
6409
6414
6419
6423
6426
6427
6432
6433
6439
6442
6444
6446
6447
6450
6453
6458
6465
6467
6469
6469
6472
6475
6478
6485
6486
6488
6497
6497
6501
6507
6510
6511
6513
6517
6517
6518
6520
6522
6525
6529
6530
6532
6533
6533
6544
6545
6545
6548
6548
6550
6551
6551
6551
6557
6558
6575
6578
6579
6580
6586
6589
6593
6593
6598
6603
6607
6610
6610
6612
6619
6621
6623
6626
6627
6627
6632
6633
6633
6635
6637
6637
6637
6638
6640
6640
6640
6640
6643
6652
6654
6657
6657
6660
6660
6662
6666
6666
6671
6675
6676
6678
6679
6684
6696
6697
6697
6711
6716
6717
6720
6726
6727
6728
6737
6737
6740
6743
6745
6746
6748
6750
6750
6752
6756
6758
6762
6763
6773
6774
6776
6780
6784
6789
6791
6794
6794
6799
6799
6805
6810
6811
6815
6817
6817
6825
6826
6829
6831
6831
6837
6839
6842
6844
6849
6853
6855
6855
6860
6861
6862
6866
6868
6870
6870
6872
6873
6874
6875
6878
6883
6887
6888
6891
6913
6917
6917
6918
6918
6920
6923
6924
6927
6930
6937
6940
6941
6945
6946
6948
6948
6956
6956
6965
6965
6966
6969
6976
6976
6987
6999
6999
7005
7005
7009
7013
7015
7017
7023
7028
7028
7040
7040
7044
7044
7046
7048
7052
7054
7064
7065
7070
7074
7075
7082
7084
7085
7097
7098
7098
7104
7105
7106
7110
7110
7111
7112
7114
7118
7122
7123
7124
7126
7131
7131
7134
7135
7136
7136
7139
7140
7141
7145
7146
7147
7149
7154
7155
7155
7157
7159
7161
7166
7166
7169
7173
7178
7178
7179
7181
7185
7191
7194
7195
7195
7196
7197
7197
7212
7213
7214
7215
7222
7222
7230
7243
7244
7245
7248
7256
7256
7260
7264
7265
7268
7270
7273
7277
7277
7279
7280
7284
7290
7291
7291
7306
7309
7312
7312
7316
7319
7323
7336
7339
7344
7346
7349
7351
7354
7354
7354
7359
7362
7367
7369
7371
7374
7377
7381
7386
7386
7395
7403
7417
7421
7422
7425
7428
7430
7432
7432
7437
7437
7438
7439
7440
7441
7443
7447
7451
7451
7460
7461
7466
7481
7483
7486
7488
7490
7494
7497
7499
7501
7504
7509
7511
7511
7519
7522
7522
7535
7537
7538
7539
7542
7542
7544
7547
7557
7558
7565
7574
7575
7576
7580
7580
7584
7584
7585
7587
7588
7591
7591
7605
7610
7612
7617
7618
7620
7622
7622
7626
7627
7640
7642
7644
7646
7653
7656
7658
7658
7658
7659
7660
7662
7668
7669
7675
7675
7691
7691
7695
7696
7697
7697
7699
7700
7712
7713
7715
7716
7717
7719
7726
7734
7736
7738
7739
7740
7743
7744
7747
7751
7763
7764
7766
7769
7770
7772
7773
7774
7775
7776
7777
7777
7777
7782
7786
7786
7789
7792
7794
7794
7797
7798
7800
7813
7815
7821
7825
7827
7828
7828
7830
7835
7840
7845
7852
7862
7864
7874
7878
7879
7880
7881
7887
7888
7888
7899
7901
7908
7910
7910
7916
7916
7918
7924
7925
7932
7932
7938
7949
7953
7955
7964
7965
7967
7970
7973
7974
7975
7976
7977
7978
7979
7983
7985
7986
7994
7996
7998
8000
8001
8007
8009
8010
8013
8018
8019
8021
8021
8029
8032
8032
8034
8036
8041
8041
8043
8044
8062
8062
8064
8065
8070
8079
8081
8084
8086
8086
8089
8091
8091
8095
8099
8101
8105
8110
8114
8120
8121
8121
8128
8131
8135
8136
8136
8139
8140
8144
8146
8148
8152
8153
8157
8163
8172
8173
8175
8175
8177
8178
8180
8185
8186
8187
8189
8194
8198
8203
8206
8212
8219
8220
8226
8234
8237
8241
8245
8247
8247
8254
8262
8265
8269
8269
8269
8270
8279
8288
8292
8295
8296
8297
8301
8301
8303
8309
8312
8314
8320
8321
8321
8328
8336
8340
8345
8346
8346
8358
8366
8366
8370
8378
8379
8384
8386
8387
8394
8394
8398
8401
8402
8403
8403
8404
8409
8413
8413
8421
8421
8427
8430
8432
8432
8434
8447
8449
8449
8451
8454
8458
8461
8463
8466
8467
8468
8470
8471
8472
8473
8473
8474
8479
8483
8484
8490
8494
8498
8499
8500
8502
8502
8504
8505
8507
8516
8518
8521
8521
8522
8526
8527
8534
8536
8536
8538
8543
8548
8561
8561
8563
8578
8593
8601
8604
8605
8606
8608
8612
8620
8630
8632
8633
8635
8636
8639
8643
8644
8646
8648
8649
8651
8652
8652
8659
8662
8667
8673
8676
8677
8678
8680
8681
8682
8687
8690
8693
8694
8694
8699
8704
8708
8708
8711
8714
8714
8720
8723
8724
8725
8727
8728
8731
8736
8737
8739
8741
8742
8745
8746
8746
8748
8749
8753
8756
8759
8760
8761
8762
8763
8768
8771
8774
8774
8778
8784
8787
8791
8793
8794
8794
8795
8802
8804
8805
8808
8810
8810
8815
8819
8826
8826
8829
8836
8840
8840
8843
8844
8846
8850
8854
8854
8864
8864
8868
8871
8874
8883
8889
8889
8904
8906
8906
8906
8907
8912
8920
8924
8928
8934
8935
8941
8942
8951
8952
8953
8957
8957
8958
8964
8967
8974
8979
8981
8982
8982
8984
8987
8990
8991
8991
8993
8994
8995
9003
9009
9010
9013
9015
9015
9016
9016
9021
9022
9023
9042
9044
9047
9049
9050
9056
9062
9067
9069
9072
9072
9077
9080
9082
9083
9089
9091
9095
9096
9097
9098
9099
9099
9108
9114
9114
9118
9120
9121
9126
9126
9127
9128
9128
9133
9135
9136
9137
9139
9140
9150
9150
9151
9151
9153
9168
9173
9175
9183
9183
9183
9186
9189
9190
9192
9196
9196
9199
9204
9209
9219
9219
9224
9227
9229
9231
9231
9232
9234
9238
9239
9241
9242
9246
9251
9253
9268
9281
9281
9282
9285
9300
9302
9307
9309
9311
9315
9323
9329
9329
9332
9334
9335
9336
9344
9344
9349
9365
9366
9371
9373
9374
9376
9380
9380
9380
9384
9390
9397
9397
9398
9400
9400
9406
9406
9407
9408
9408
9414
9425
9432
9437
9446
9458
9462
9462
9464
9474
9478
9478
9484
9489
9490
9491
9494
9497
9499
9501
9505
9507
9513
9514
9516
9520
9522
9523
9531
9531
9532
9535
9538
9539
9540
9540
9543
9544
9545
9547
9549
9554
9554
9555
9558
9561
9562
9563
9563
9564
9566
9567
9567
9570
9573
9579
9583
9587
9587
9588
9588
9593
9597
9598
9601
9604
9608
9612
9614
9623
9625
9629
9631
9633
9633
9639
9640
9641
9643
9649
9650
9655
9656
9659
9660
9661
9662
9662
9665
9665
9668
9669
9675
9677
9679
9680
9682
9687
9689
9691
9691
9693
9694
9697
9699
9699
9700
9705
9713
9715
9716
9716
9722
9723
9725
9727
9738
9740
9744
9750
9751
9753
9754
9762
9763
9773
9774
9775
9779
9780
9783
9785
9792
9797
9797
9805
9807
9809
9810
9812
9813
9815
9820
9821
9821
9826
9827
9832
9833
9840
9840
9843
9844
9847
9848
9851
9853
9855
9870
9873
9874
9879
9879
9884
9885
9885
9886
9889
9889
9896
9898
9899
9900
9901
9907
9908
9911
9916
9918
9922
9926
9927
9936
9936
9937
9948
9952
9955
9958
9959
9960
9963
9963
9964
9965
9966
9968
9971
9976
9976
9977
9978
9979
9980
9981
9981
9982
9986
9998
10004
10005
10005
10011
10012
10017
10020
10021
10021
10023
10023
10025
10028
10030
10033
10034
10036
10036
10039
10041
10042
10070
10070
10074
10076
10077
10080
10090
10091
10092
10097
10097
10097
10104
10107
10107
10109
10110
10112
10112
10118
10119
10125
10126
10128
10134
10136
10140
10147
10148
10154
10155
10158
10169
10174
10175
10175
10175
10179
10182
10189
10189
10189
10193
10197
10198
10199
10199
10202
10206
10208
10209
10209
10217
10221
10223
10223
10224
10225
10237
10237
10248
10254
10255
10259
10273
10273
10274
10278
10282
10283
10285
10285
10296
10297
10306
10306
10307
10307
10310
10326
10326
10327
10333
10335
10339
10340
10340
10341
10348
10351
10353
10358
10361
10368
10370
10370
10376
10377
10382
10389
10389
10391
10393
10398
10402
10403
10405
10406
10410
10412
10414
10414
10414
10415
10422
10422
10430
10434
10438
10439
10440
10442
10447
10448
10452
10454
10456
10461
10461
10465
10467
10485
10488
10489
10489
10496
10497
10499
10501
10502
10504
10510
10515
10521
10524
10526
10527
10527
10538
10539
10540
10541
10543
10544
10545
10545
10546
10552
10552
10559
10560
10562
10563
10564
10564
10566
10581
10581
10583
10584
10586
10588
10590
10591
10594
10599
10600
10606
10608
10614
10615
10616
10618
10619
10620
10621
10623
10629
10630
10631
10633
10643
10645
10647
10649
10649
10650
10651
10653
10653
10656
10658
10660
10662
10665
10669
10671
10671
10676
10677
10679
10680
10684
10684
10685
10689
10693
10694
10694
10695
10698
10699
10701
10703
10704
10706
10706
10710
10711
10713
10715
10716
10717
10720
10724
10728
10731
10734
10740
10741
10742
10743
10743
10744
10750
10765
10769
10770
10770
10772
10776
10786
10786
10789
10796
10797
10797
10804
10806
10806
10809
10813
10823
10825
10825
10828
10831
10833
10837
10841
10843
10843
10846
10847
10851
10852
10852
10853
10856
10860
10860
10861
10866
10867
10868
10872
10877
10881
10891
10892
10898
10901
10904
10915
10921
10925
10927
10937
10941
10942
10943
10945
10947
10948
10949
10958
10959
10962
10962
10972
10973
10975
10977
10978
10979
10980
10983
10983
10983
10987
10987
10991
10994
10998
11002
11006
11007
11007
11012
11019
11023
11023
11032
11034
11036
11041
11043
11047
11052
11054
11057
11059
11064
11067
11078
11080
11080
11080
11086
11092
11095
11096
11097
11098
11098
11099
11101
11102
11107
11111
11115
11121
11128
11132
11133
11134
11135
11138
11139
11139
11140
11140
11144
11146
11152
11153
11156
11159
11169
11178
11179
11180
11181
11182
11182
11182
11187
11188
11189
11189
11191
11193
11197
11215
11216
11217
11221
11222
11225
11225
11226
11227
11230
11238
11246
11258
11261
11262
11264
11265
11265
11266
11268
11271
11283
11287
11290
11292
11295
11298
11303
11306
11307
11315
11316
11317
11323
11327
11329
11329
11330
11331
11337
11344
11345
11347
11351
11354
11357
11360
11361
11364
11366
11369
11370
11371
11373
11386
11387
11388
11390
11390
11393
11393
11400
11402
11403
11408
11412
11416
11420
11421
11425
11431
11433
11436
11441
11442
11449
11449
11450
11451
11452
11459
11459
11461
11462
11464
11471
11477
11478
11480
11482
11485
11485
11489
11490
11491
11491
11492
11494
11495
11502
11509
11510
11512
11514
11514
11515
11516
11517
11522
11525
11527
11534
11536
11547
11548
11549
11549
11549
11551
11551
11552
11553
11554
11558
11558
11559
11564
11566
11576
11581
11582
11582
11584
11586
11590
11591
11592
11595
11597
11600
11603
11608
11608
11610
11612
11615
11618
11618
11620
11623
11628
11628
11629
11631
11643
11652
11657
11663
11668
11669
11670
11673
11681
11684
11687
11688
11690
11691
11693
11696
11702
11703
11708
11712
11715
11717
11721
11724
11730
11731
11737
11741
11744
11746
11749
11759
11766
11772
11779
11779
11780
11784
11786
11787
11789
11789
11794
11797
11806
11806
11809
11812
11814
11821
11821
11822
11822
11823
11838
11846
11848
11851
11853
11853
11854
11857
11857
11861
11878
11879
11880
11881
11889
11890
11892
11895
11897
11900
11900
11902
11902
11904
11913
11917
11921
11921
11922
11923
11924
11925
11930
11930
11937
11939
11940
11952
11953
11954
11955
11956
11960
11962
11962
11963
11968
11969
11969
11972
11974
11975
11981
11981
11981
11986
11986
12000
12007
12008
12010
12017
12017
12020
12024
12025
12026
12026
12033
12038
12039
12043
12045
12049
12056
12057
12064
12067
12069
12070
12076
12080
12081
12083
12084
12084
12084
12091
12094
12098
12099
12100
12100
12105
12108
12116
12116
12117
12119
12120
12120
12124
12128
12130
12133
12143
12145
12148
12152
12153
12164
12182
12187
12188
12189
12189
12191
12191
12194
12199
12199
12200
12203
12204
12207
12209
12212
12213
12217
12219
12220
12222
12224
12227
12231
12233
12242
12242
12249
12251
12254
12258
12264
12264
12265
12267
12274
12280
12290
12302
12302
12304
12308
12309
12311
12313
12314
12317
12322
12323
12324
12333
12337
12339
12346
12355
12359
12367
12368
12373
12373
12375
12376
12376
12379
12384
12387
12394
12396
12397
12402
12407
12415
12419
12420
12427
12433
12433
12439
12446
12447
12452
12454
12465
12468
12475
12475
12477
12479
12481
12481
12483
12483
12484
12485
12487
12488
12494
12495
12496
12499
12503
12504
12509
12512
12515
12525
12528
12531
12532
12537
12540
12545
12550
12550
12551
12556
12557
12557
12558
12562
12563
12566
12574
12575
12578
12578
12580
12581
12583
12583
12584
12587
12588
12594
12595
12598
12600
12601
12601
12603
12608
12608
12608
12612
12615
12620
12621
12622
12626
12627
12628
12630
12637
12639
12643
12646
12646
12648
12661
12662
12662
12666
12666
12666
12669
12670
12674
12675
12675
12676
12678
12680
12680
12684
12687
12692
12696
12699
12700
12705
12707
12710
12713
12715
12717
12718
12719
12726
12731
12732
12740
12744
12746
12749
12753
12755
12757
12757
12759
12762
12764
12765
12765
12767
12768
12769
12775
12781
12782
12783
12784
12789
12798
12802
12802
12804
12804
12809
12809
12812
12813
12814
12817
12820
12821
12822
12827
12833
12836
12841
12841
12846
12847
12849
12856
12862
12863
12864
12864
12867
12871
12879
12884
12891
12899
12904
12907
12908
12909
12910
12912
12916
12919
12920
12921
12922
12924
12928
12933
12935
12936
12938
12940
12947
12947
12959
12961
12961
12963
12965
12967
12969
12971
12972
12975
12975
12980
12984
12997
12999
12999
12999
13001
13006
13010
13012
13023
13030
13031
13034
13036
13037
13039
13039
13040
13040
13041
13042
13043
13044
13052
13057
13058
13059
13060
13066
13069
13071
13073
13074
13076
13084
13087
13090
13093
13094
13098
13101
13102
13105
13106
13108
13108
13109
13109
13110
13111
13112
13115
13115
13115
13118
13120
13121
13125
13125
13126
13129
13131
13133
13143
13144
13148
13151
13156
13162
13164
13165
13165
13167
13170
13171
13172
13175
13178
13178
13183
13186
13192
13193
13202
13215
13228
13229
13239
13240
13252
13255
13258
13262
13269
13277
13281
13284
13286
13288
13292
13309
13314
13315
13316
13322
13326
13334
13336
13339
13340
13350
13353
13357
13359
13360
13360
13360
13365
13366
13369
13375
13382
13383
13387
13389
13389
13393
13396
13397
13400
13404
13404
13413
13413
13413
13414
13414
13432
13433
13435
13435
13435
13440
13443
13449
13451
13454
13457
13458
13462
13471
13472
13473
13474
13476
13480
13485
13487
13489
13492
13495
13496
13499
13500
13500
13502
13506
13506
13509
13510
13510
13518
13522
13523
13524
13526
13529
13530
13532
13536
13540
13545
13547
13550
13552
13552
13556
13557
13562
13563
13564
13571
13572
13582
13586
13587
13588
13589
13590
13597
13599
13599
13601
13603
13609
13611
13612
13613
13625
13632
13635
13638
13640
13646
13648
13650
13650
13652
13655
13662
13663
13664
13665
13677
13680
13686
13688
13688
13689
13690
13694
13698
13699
13703
13711
13711
13716
13723
13726
13726
13728
13728
13733
13738
13739
13751
13752
13756
13766
13777
13778
13782
13787
13791
13794
13795
13798
13798
13798
13800
13804
13805
13810
13814
13815
13817
13825
13826
13829
13834
13837
13838
13839
13840
13847
13848
13853
13857
13860
13863
13867
13869
13877
13891
13897
13897
13898
13899
13902
13903
13903
13910
13915
13918
13920
13926
13931
13935
13942
13943
13948
13951
13952
13959
13964
13965
13966
13966
13970
13974
13985
13989
13990
13994
13994
14000
14002
14003
14003
14004
14010
14015
14020
14023
14024
14025
14027
14040
14041
14046
14047
14051
14054
14055
14059
14065
14066
14069
14073
14077
14079
14080
14084
14090
14091
14093
14096
14099
14102
14102
14105
14105
14107
14109
14111
14121
14122
14125
14128
14129
14131
14133
14141
14141
14146
14147
14156
14157
14159
14161
14162
14163
14167
14174
14177
14178
14178
14179
14181
14182
14185
14186
14186
14192
14194
14196
14206
14211
14212
14214
14218
14223
14230
14231
14234
14252
14259
14262
14262
14267
14268
14271
14271
14272
14273
14281
14285
14286
14288
14294
14300
14302
14304
14309
14310
14314
14315
14317
14317
14324
14331
14333
14334
14334
14336
14336
14338
14341
14341
14342
14343
14349
14351
14351
14352
14353
14356
14360
14360
14362
14363
14363
14366
14375
14376
14378
14378
14386
14386
14387
14394
14394
14398
14405
14405
14414
14414
14415
14418
14421
14421
14423
14424
14425
14433
14435
14436
14437
14445
14453
14453
14457
14458
14460
14461
14464
14470
14475
14479
14482
14485
14486
14492
14493
14494
14499
14500
14500
14501
14503
14507
14507
14512
14513
14515
14519
14522
14528
14530
14532
14534
14540
14540
14551
14554
14558
14558
14561
14564
14565
14565
14565
14574
14576
14582
14583
14583
14584
14586
14589
14589
14592
14592
14597
14597
14606
14608
14614
14616
14621
14621
14625
14628
14630
14639
14640
14641
14642
14654
14661
14661
14662
14662
14662
14664
14664
14667
14670
14672
14673
14673
14674
14675
14675
14678
14680
14686
14688
14690
14709
14712
14718
14719
14721
14722
14722
14725
14731
14736
14738
14738
14739
14741
14745
14745
14751
14751
14754
14759
14759
14759
14767
14771
14772
14777
14777
14777
14778
14783
14786
14790
14799
14809
14813
14821
14825
14827
14833
14838
14841
14843
14843
14857
14859
14860
14866
14868
14875
14877
14883
14885
14900
14904
14906
14909
14913
14914
14915
14915
14916
14917
14917
14920
14920
14922
14923
14924
14925
14925
14926
14933
14941
14945
14946
14949
14949
14951
14951
14953
14956
14956
14959
14961
14964
14966
14971
14978
14978
14985
14985
14987
14991
14994
14997
15003
15007
15011
15019
15019
15023
15025
15028
15031
15033
15034
15037
15047
15047
15055
15057
15063
15067
15067
15067
15070
15077
15077
15077
15079
15083
15084
15085
15087
15089
15092
15096
15097
15106
15112
15122
15122
15125
15127
15127
15133
15134
15134
15135
15138
15139
15140
15141
15145
15146
15150
15151
15164
15164
15164
15165
15166
15167
15167
15168
15168
15169
15169
15173
15173
15174
15176
15189
15191
15195
15202
15203
15208
15208
15209
15212
15214
15216
15217
15220
15221
15222
15230
15235
15237
15238
15240
15242
15246
15250
15261
15262
15264
15266
15272
15273
15274
15276
15278
15279
15281
15284
15287
15289
15300
15302
15304
15305
15309
15319
15321
15323
15327
15328
15333
15334
15335
15340
15344
15345
15354
15354
15354
15355
15358
15360
15370
15372
15373
15375
15376
15378
15382
15383
15383
15386
15386
15387
15389
15389
15389
15389
15391
15392
15397
15398
15403
15404
15406
15410
15412
15414
15416
15418
15421
15426
15433
15437
15444
15445
15446
15447
15449
15453
15465
15471
15476
15479
15482
15484
15485
15490
15490
15494
15496
15499
15504
15504
15504
15505
15508
15513
15515
15515
15516
15519
15524
15525
15526
15530
15531
15532
15537
15540
15542
15549
15549
15550
15552
15557
15562
15564
15567
15567
15568
15569
15570
15577
15577
15582
15586
15589
15595
15600
15604
15609
15610
15614
15615
15621
15622
15624
15636
15637
15638
15639
15640
15643
15647
15649
15652
15653
15656
15657
15661
15665
15669
15674
15680
15683
15686
15687
15687
15696
15696
15697
15705
15706
15706
15707
15710
15718
15719
15722
15723
15728
15730
15731
15731
15732
15733
15738
15738
15740
15742
15742
15744
15745
15750
15756
15759
15760
15762
15763
15764
15765
15765
15769
15769
15778
15778
15783
15784
15787
15796
15805
15811
15812
15813
15818
15821
15829
15830
15834
15840
15844
15846
15846
15846
15849
15858
15859
15861
15862
15866
15870
15874
15874
15877
15881
15882
15884
15891
15898
15898
15899
15899
15899
15900
15905
15907
15909
15910
15911
15914
15918
15920
15923
15924
15927
15931
15934
15935
15938
15941
15943
15945
15946
15947
15956
15957
15957
15962
15972
15974
15975
15978
15984
15987
15998
16007
16010
16012
16019
16024
16031
16033
16037
16038
16041
16043
16045
16046
16056
16069
16069
16070
16075
16082
16082
16083
16086
16087
16088
16089
16089
16092
16092
16094
16096
16098
16098
16098
16100
16101
16104
16105
16106
16108
16112
16120
16120
16121
16127
16131
16132
16135
16136
16146
16146
16157
16158
16159
16161
16165
16170
16171
16172
16174
16177
16181
16182
16185
16185
16197
16197
16199
16202
16206
16211
16214
16215
16216
16222
16225
16233
16247
16249
16250
16262
16264
16264
16269
16272
16276
16285
16285
16286
16287
16288
16292
16296
16296
16301
16308
16309
16310
16310
16318
16323
16326
16330
16341
16341
16344
16346
16346
16348
16348
16350
16353
16357
16361
16363
16363
16364
16367
16370
16371
16371
16375
16378
16378
16382
16382
16385
16386
16388
16389
16392
16398
16400
16409
16409
16412
16414
16415
16415
16415
16420
16426
16433
16444
16446
16446
16448
16449
16453
16453
16456
16457
16461
16461
16464
16466
16471
16474
16475
16475
16476
16476
16477
16480
16482
16486
16488
16488
16488
16497
16504
16509
16514
16514
16515
16519
16519
16533
16537
16538
16540
16543
16543
16548
16549
16552
16557
16557
16560
16561
16561
16564
16567
16567
16574
16574
16576
16576
16578
16579
16581
16582
16583
16584
16585
16587
16587
16591
16593
16599
16606
16610
16611
16614
16618
16619
16620
16623
16624
16628
16633
16635
16637
16638
16641
16641
16644
16644
16652
16656
16666
16668
16671
16674
16678
16683
16686
16693
16694
16695
16699
16703
16704
16705
16711
16723
16723
16724
16726
16727
16728
16730
16734
16735
16740
16746
16757
16764
16768
16769
16783
16786
16790
16790
16792
16793
16798
16799
16803
16804
16804
16805
16806
16808
16812
16814
16831
16832
16835
16836
16836
16838
16843
16844
16852
16854
16855
16855
16859
16867
16875
16884
16885
16886
16887
16892
16898
16899
16899
16904
16906
16908
16909
16909
16926
16927
16928
16928
16930
16931
16933
16935
16944
16947
16953
16954
16955
16956
16957
16969
16973
16980
16984
16986
16986
16992
16996
16996
16998
16999
17001
17003
17004
17005
17006
17010
17013
17015
17015
17024
17028
17029
17030
17031
17044
17046
17049
17053
17053
17054
17055
17058
17065
17068
17080
17081
17089
17090
17090
17095
17099
17103
17104
17109
17114
17117
17119
17123
17124
17125
17125
17127
17129
17131
17132
17134
17136
17138
17143
17144
17148
17149
17151
17152
17154
17156
17156
17157
17161
17162
17164
17170
17173
17176
17176
17177
17177
17181
17183
17186
17187
17189
17189
17190
17190
17192
17192
17194
17203
17205
17208
17208
17211
17213
17215
17218
17218
17219
17223
17225
17233
17235
17238
17241
17243
17245
17252
17261
17262
17262
17263
17263
17266
17267
17275
17275
17276
17278
17280
17281
17288
17288
17288
17293
17294
17294
17299
17299
17307
17321
17328
17328
17330
17335
17337
17337
17338
17339
17339
17341
17342
17344
17347
17349
17352
17355
17355
17357
17368
17371
17377
17383
17385
17386
17389
17391
17394
17399
17400
17401
17403
17408
17411
17414
17420
17432
17434
17436
17445
17447
17450
17452
17453
17454
17456
17465
17466
17466
17467
17467
17469
17473
17478
17483
17495
17495
17497
17497
17498
17498
17498
17499
17504
17505
17506
17511
17513
17516
17516
17522
17526
17527
17528
17530
17533
17533
17535
17543
17546
17547
17556
17560
17561
17561
17562
17562
17562
17564
17567
17569
17570
17576
17593
17596
17599
17607
17610
17612
17616
17624
17629
17635
17642
17644
17646
17646
17650
17655
17657
17662
17666
17666
17669
17674
17679
17679
17679
17680
17685
17687
17687
17688
17688
17701
17707
17708
17711
17713
17717
17720
17724
17726
17726
17738
17738
17741
17742
17744
17749
17755
17755
17760
17762
17764
17765
17766
17766
17773
17773
17775
17776
17782
17789
17792
17798
17800
17806
17808
17809
17810
17812
17813
17818
17821
17821
17822
17831
17831
17833
17836
17837
17837
17839
17842
17852
17862
17863
17871
17872
17873
17873
17876
17878
17882
17884
17886
17891
17902
17903
17904
17904
17908
17908
17910
17920
17921
17921
17921
17926
17927
17932
17934
17935
17939
17942
17942
17945
17946
17947
17947
17953
17955
17958
17958
17959
17959
17960
17960
17962
17964
17969
17970
17976
17977
17979
17979
17988
17989
17989
17990
17991
17991
17993
17994
17996
18008
18011
18012
18023
18025
18027
18037
18040
18040
18041
18049
18050
18052
18053
18058
18062
18065
18066
18068
18075
18077
18081
18083
18085
18091
18095
18097
18098
18106
18121
18123
18127
18131
18132
18141
18147
18150
18151
18159
18163
18172
18176
18176
18180
18181
18182
18191
18192
18192
18192
18198
18199
18200
18202
18203
18208
18209
18217
18218
18219
18226
18227
18229
18229
18235
18238
18240
18241
18244
18249
18250
18252
18257
18259
18261
18265
18272
18280
18281
18283
18283
18286
18295
18304
18308
18310
18310
18311
18311
18312
18312
18321
18324
18331
18338
18338
18340
18342
18349
18351
18355
18356
18362
18367
18369
18372
18373
18373
18378
18378
18390
18407
18408
18410
18413
18415
18418
18436
18442
18444
18446
18451
18457
18459
18461
18463
18473
18474
18478
18486
18491
18499
18502
18507
18508
18512
18517
18523
18526
18536
18537
18537
18537
18543
18545
18547
18554
18554
18556
18563
18564
18566
18573
18579
18585
18587
18591
18592
18594
18594
18594
18601
18603
18605
18611
18622
18623
18632
18637
18642
18645
18647
18650
18653
18654
18656
18656
18662
18665
18672
18679
18694
18695
18699
18705
18705
18707
18714
18724
18729
18730
18732
18733
18735
18739
18739
18740
18742
18744
18746
18748
18750
18754
18763
18766
18769
18770
18770
18770
18788
18795
18801
18813
18815
18817
18817
18818
18819
18831
18831
18834
18836
18837
18842
18847
18855
18855
18858
18865
18867
18867
18869
18869
18871
18872
18874
18878
18880
18880
18884
18884
18885
18888
18888
18891
18891
18896
18900
18901
18902
18911
18917
18917
18919
18919
18919
18921
18921
18922
18925
18926
18927
18931
18936
18936
18938
18939
18939
18943
18944
18949
18956
18956
18956
18964
18968
18969
18971
18973
18974
18975
18986
18987
18997
19000
19000
19012
19012
19015
19020
19026
19029
19031
19032
19033
19035
19035
19047
19050
19057
19060
19068
19071
19076
19081
19089
19091
19091
19094
19097
19097
19102
19105
19114
19116
19118
19125
19128
19131
19132
19132
19135
19135
19135
19135
19137
19138
19139
19140
19140
19148
19149
19152
19155
19155
19163
19163
19168
19181
19184
19196
19198
19201
19204
19205
19206
19213
19214
19214
19215
19221
19222
19233
19234
19240
19241
19248
19256
19260
19262
19267
19268
19274
19275
19280
19283
19293
19296
19298
19299
19300
19314
19316
19325
19331
19337
19342
19346
19349
19351
19353
19354
19355
19360
19363
19363
19364
19366
19367
19368
19368
19368
19370
19373
19379
19383
19386
19387
19390
19391
19392
19405
19408
19409
19409
19410
19411
19413
19418
19420
19427
19427
19433
19433
19434
19436
19437
19443
19461
19463
19464
19464
19469
19469
19471
19473
19478
19479
19486
19490
19495
19499
19501
19501
19504
19505
19508
19510
19511
19512
19523
19523
19525
19527
19533
19547
19550
19554
19554
19558
19559
19559
19570
19572
19583
19584
19585
19586
19588
19599
19602
19603
19604
19604
19608
19611
19616
19619
19622
19627
19629
19635
19636
19637
19639
19640
19641
19648
19648
19650
19652
19657
19660
19661
19662
19664
19672
19674
19680
19686
19690
19693
19695
19697
19699
19704
19709
19711
19712
19713
19719
19723
19727
19729
19730
19733
19736
19745
19746
19746
19749
19755
19757
19758
19760
19761
19761
19766
19769
19771
19774
19782
19784
19791
19795
19796
19803
19804
19804
19808
19810
19816
19817
19818
19818
19820
19821
19826
19828
19832
19834
19836
19838
19843
19846
19847
19854
19859
19863
19863
19864
19868
19869
19871
19872
19874
19875
19878
19880
19887
19888
19888
19896
19898
19903
19906
19917
19918
19925
19925
19925
19926
19928
19928
19932
19933
19939
19939
19948
19948
19953
19956
19965
19969
19971
19974
19976
19976
19981
19987
19987
19989
19990
19998
19998
19999
20000
20001
20002
20007
20011
20012
20013
20016
20016
20018
20019
20020
20024
20027
20030
20032
20034
20035
20039
20049
20055
20055
20056
20060
20062
20062
20064
20067
20071
20080
20090
20091
20095
20096
20106
20106
20110
20111
20111
20112
20113
20118
20124
20125
20126
20128
20130
20132
20133
20133
20140
20150
20150
20151
20151
20152
20152
20154
20155
20156
20159
20173
20177
20179
20179
20181
20183
20183
20184
20198
20205
20210
20213
20213
20215
20219
20221
20221
20221
20223
20231
20233
20243
20245
20245
20258
20260
20261
20266
20270
20274
20274
20281
20282
20282
20283
20285
20285
20286
20287
20292
20293
20294
20300
20312
20315
20315
20321
20323
20326
20328
20330
20336
20336
20341
20342
20345
20348
20350
20352
20355
20356
20371
20372
20377
20382
20383
20384
20385
20388
20399
20404
20406
20410
20412
20416
20417
20418
20419
20425
20433
20436
20438
20438
20439
20443
20449
20456
20459
20463
20465
20471
20472
20474
20475
20478
20481
20481
20483
20491
20494
20495
20498
20503
20504
20508
20510
20513
20514
20518
20521
20526
20528
20528
20533
20539
20543
20545
20553
20553
20556
20557
20562
20565
20571
20571
20572
20573
20579
20579
20587
20588
20589
20590
20592
20592
20592
20594
20595
20596
20597
20597
20603
20605
20609
20612
20615
20616
20616
20618
20621
20621
20622
20623
20625
20628
20632
20633
20634
20634
20634
20635
20640
20643
20646
20647
20648
20649
20654
20656
20658
20659
20659
20660
20662
20665
20666
20667
20671
20674
20676
20678
20680
20682
20682
20683
20689
20689
20698
20705
20711
20711
20719
20724
20734
20734
20744
20748
20752
20754
20755
20756
20758
20758
20758
20760
20760
20767
20783
20783
20787
20788
20790
20794
20794
20798
20799
20799
20801
20801
20802
20802
20805
20805
20806
20807
20811
20811
20812
20816
20817
20820
20821
20822
20824
20825
20827
20830
20830
20832
20835
20840
20840
20842
20844
20849
20853
20854
20855
20860
20860
20862
20867
20867
20872
20876
20882
20886
20887
20890
20896
20903
20908
20910
20911
20913
20915
20919
20919
20926
20926
20931
20943
20945
20945
20951
20955
20955
20956
20958
20960
20964
20965
20966
20973
20975
20977
20985
20988
20990
20997
21002
21003
21005
21013
21015
21024
21025
21026
21028
21032
21033
21036
21040
21043
21043
21044
21045
21046
21048
21054
21057
21059
21060
21063
21064
21066
21070
21073
21076
21080
21082
21082
21083
21090
21093
21093
21094
21096
21096
21098
21101
21104
21106
21108
21116
21118
21121
21125
21131
21133
21140
21140
21141
21144
21145
21146
21147
21153
21153
21157
21158
21163
21165
21166
21166
21167
21167
21169
21169
21171
21174
21177
21177
21178
21179
21184
21185
21192
21198
21198
21201
21203
21219
21221
21223
21225
21230
21233
21236
21239
21241
21248
21248
21250
21250
21253
21262
21266
21269
21272
21274
21275
21276
21276
21286
21290
21294
21298
21299
21301
21305
21311
21313
21313
21314
21315
21318
21319
21319
21320
21323
21323
21327
21330
21331
21331
21334
21334
21336
21337
21340
21342
21343
21350
21351
21351
21356
21358
21360
21362
21364
21367
21372
21372
21374
21377
21380
21382
21383
21386
21390
21391
21392
21392
21394
21396
21396
21398
21400
21406
21409
21413
21413
21420
21420
21432
21435
21436
21436
21441
21441
21442
21452
21454
21455
21455
21456
21467
21468
21469
21478
21478
21479
21481
21485
21509
21510
21513
21521
21523
21524
21530
21532
21533
21538
21544
21546
21548
21551
21551
21552
21558
21563
21566
21569
21572
21579
21580
21580
21584
21585
21590
21592
21600
21604
21604
21604
21607
21612
21613
21617
21624
21624
21633
21633
21635
21639
21639
21647
21649
21658
21659
21664
21665
21667
21667
21671
21674
21678
21679
21679
21679
21685
21688
21690
21690
21692
21693
21694
21695
21695
21700
21701
21703
21705
21707
21710
21711
21712
21717
21725
21732
21739
21740
21743
21743
21743
21745
21746
21748
21749
21751
21755
21762
21764
21767
21771
21772
21773
21773
21776
21783
21797
21798
21806
21808
21808
21812
21813
21814
21818
21819
21820
21825
21826
21829
21833
21834
21834
21835
21836
21840
21840
21843
21844
21845
21850
21853
21853
21858
21859
21864
21867
21870
21875
21875
21878
21883
21885
21890
21892
21905
21905
21907
21907
21914
21915
21916
21918
21920
21924
21934
21934
21936
21937
21940
21943
21946
21949
21949
21951
21952
21955
21961
21961
21969
21972
21975
21978
21984
21984
21999
22006
22007
22015
22017
22018
22021
22024
22025
22025
22026
22030
22034
22040
22041
22042
22043
22044
22049
22055
22057
22058
22059
22060
22062
22072
22073
22077
22081
22084
22084
22091
22092
22097
22102
22104
22111
22115
22119
22123
22125
22126
22135
22137
22151
22153
22159
22161
22161
22162
22163
22165
22168
22169
22172
22173
22178
22188
22188
22191
22194
22196
22197
22198
22208
22213
22214
22214
22214
22215
22217
22222
22228
22229
22235
22238
22239
22239
22240
22243
22248
22248
22251
22254
22257
22263
22264
22265
22266
22266
22267
22267
22267
22270
22270
22272
22276
22278
22280
22281
22288
22291
22291
22295
22298
22301
22302
22310
22315
22319
22323
22324
22324
22325
22327
22328
22329
22339
22339
22344
22344
22345
22349
22349
22350
22353
22356
22357
22359
22360
22365
22372
22374
22374
22379
22380
22381
22385
22387
22390
22400
22404
22404
22405
22405
22408
22410
22412
22431
22434
22438
22439
22444
22444
22446
22448
22451
22457
22458
22459
22463
22470
22470
22472
22472
22477
22479
22486
22486
22490
22491
22492
22494
22496
22499
22503
22505
22511
22514
22516
22520
22521
22522
22528
22529
22534
22534
22543
22546
22548
22550
22556
22564
22565
22578
22579
22579
22584
22584
22587
22587
22589
22593
22597
22597
22606
22607
22609
22612
22613
22613
22615
22615
22615
22618
22622
22629
22630
22632
22634
22641
22646
22646
22648
22651
22651
22653
22657
22665
22675
22680
22680
22685
22686
22687
22687
22688
22688
22688
22691
22696
22700
22701
22704
22712
22713
22714
22716
22717
22718
22722
22722
22722
22724
22727
22729
22736
22739
22741
22742
22750
22753
22758
22762
22776
22779
22782
22782
22787
22787
22789
22795
22805
22806
22807
22822
22825
22826
22827
22830
22837
22839
22839
22844
22845
22846
22859
22862
22863
22864
22864
22866
22868
22871
22879
22881
22892
22896
22899
22900
22903
22905
22907
22913
22916
22917
22917
22919
22921
22933
22944
22946
22948
22949
22956
22957
22960
22961
22963
22971
22973
22975
22978
22987
22990
22996
22996
22998
22999
23003
23005
23006
23007
23013
23018
23019
23020
23021
23032
23039
23041
23046
23047
23047
23051
23056
23060
23066
23069
23072
23073
23075
23081
23086
23087
23089
23094
23095
23105
23107
23112
23118
23119
23126
23129
23132
23134
23139
23141
23146
23147
23152
23159
23159
23162
23163
23167
23172
23173
23176
23181
23182
23183
23184
23189
23190
23191
23198
23199
23200
23208
23211
23212
23212
23213
23213
23223
23237
23242
23243
23245
23246
23248
23250
23252
23254
23255
23257
23261
23266
23269
23273
23275
23275
23277
23277
23278
23280
23280
23284
23286
23287
23305
23307
23307
23308
23311
23314
23323
23325
23332
23342
23349
23350
23353
23354
23358
23362
23363
23363
23372
23374
23380
23387
23388
23397
23398
23400
23400
23401
23402
23403
23405
23407
23411
23417
23417
23419
23419
23419
23422
23423
23423
23435
23439
23448
23452
23454
23454
23454
23456
23459
23465
23465
23466
23470
23476
23479
23480
23483
23485
23491
23493
23494
23495
23498
23500
23503
23505
23506
23509
23510
23510
23515
23520
23523
23524
23526
23529
23530
23530
23532
23537
23539
23539
23539
23543
23549
23549
23559
23559
23559
23562
23564
23568
23573
23573
23573
23580
23581
23581
23583
23585
23597
23598
23600
23610
23611
23613
23613
23615
23615
23617
23617
23618
23621
23623
23624
23625
23626
23627
23629
23630
23634
23636
23641
23646
23652
23654
23661
23661
23663
23664
23664
23673
23674
23675
23683
23683
23684
23685
23691
23693
23693
23693
23694
23695
23700
23705
23705
23706
23707
23711
23712
23718
23718
23721
23725
23737
23740
23741
23741
23742
23744
23752
23754
23759
23761
23761
23762
23763
23765
23765
23767
23771
23771
23774
23777
23777
23780
23781
23786
23786
23791
23791
23795
23804
23813
23815
23816
23828
23832
23838
23839
23840
23846
23848
23848
23848
23849
23854
23856
23856
23857
23860
23864
23871
23872
23874
23874
23875
23876
23880
23882
23883
23883
23889
23889
23890
23890
23892
23893
23895
23895
23900
23909
23918
23919
23920
23927
23932
23937
23945
23945
23951
23951
23953
23954
23956
23956
23957
23958
23959
23960
23969
23972
23973
23980
23983
23989
23994
23994
23996
24006
24007
24008
24015
24016
24017
24021
24022
24024
24024
24028
24031
24032
24032
24032
24050
24053
24057
24061
24063
24063
24068
24068
24070
24073
24074
24078
24078
24082
24088
24089
24093
24096
24097
24098
24101
24106
24107
24108
24111
24113
24117
24118
24118
24120
24121
24121
24123
24124
24125
24132
24132
24134
24135
24138
24139
24143
24148
24150
24152
24154
24157
24157
24158
24166
24166
24166
24166
24169
24170
24173
24180
24184
24185
24185
24188
24191
24191
24196
24197
24198
24204
24205
24205
24206
24207
24211
24213
24218
24221
24222
24222
24229
24229
24230
24251
24256
24260
24260
24263
24266
24269
24270
24271
24273
24278
24278
24279
24280
24282
24283
24289
24290
24290
24292
24294
24294
24301
24301
24301
24304
24307
24313
24314
24321
24322
24323
24325
24325
24331
24332
24336
24338
24343
24348
24350
24352
24353
24355
24358
24361
24361
24363
24365
24367
24374
24378
24381
24388
24389
24395
24400
24401
24405
24406
24409
24416
24417
24420
24421
24424
24430
24430
24433
24438
24438
24444
24447
24450
24451
24453
24456
24457
24459
24463
24466
24467
24473
24476
24480
24483
24493
24497
24498
24499
24501
24503
24505
24506
24506
24506
24509
24510
24513
24523
24525
24528
24530
24537
24537
24539
24544
24544
24545
24546
24547
24549
24563
24564
24564
24566
24568
24572
24574
24575
24577
24580
24581
24581
24586
24589
24591
24593
24595
24596
24600
24607
24608
24608
24615
24615
24618
24620
24624
24624
24626
24626
24629
24630
24635
24638
24639
24656
24657
24663
24666
24667
24668
24671
24676
24677
24677
24679
24680
24680
24685
24687
24687
24690
24692
24692
24695
24697
24699
24704
24707
24709
24718
24718
24733
24738
24741
24741
24743
24744
24744
24745
24747
24759
24774
24774
24778
24786
24787
24788
24790
24792
24793
24797
24812
24812
24815
24821
24822
24824
24825
24827
24827
24834
24837
24842
24844
24846
24847
24852
24852
24857
24862
24871
24875
24876
24876
24880
24883
24884
24885
24889
24893
24897
24902
24904
24913
24916
24916
24918
24918
24918
24920
24921
24923
24925
24926
24933
24933
24942
24947
24955
24963
24971
24973
24973
24973
24974
24979
24985
24987
24988
24990
24995
24996
25000
25005
25017
25018
25025
25035
25045
25052
25053
25056
25057
25058
25071
25075
25083
25084
25084
25085
25089
25090
25091
25098
25099
25099
25100
25103
25103
25107
25110
25112
25121
25126
25131
25131
25131
25133
25137
25137
25139
25143
25145
25149
25151
25153
25155
25156
25158
25160
25160
25163
25163
25165
25165
25165
25181
25181
25182
25182
25184
25187
25188
25191
25192
25195
25199
25199
25204
25206
25210
25214
25216
25220
25224
25225
25226
25228
25228
25232
25233
25233
25236
25239
25240
25243
25248
25248
25251
25252
25257
25261
25265
25269
25281
25292
25292
25298
25306
25308
25321
25322
25336
25336
25336
25346
25349
25350
25354
25355
25356
25359
25359
25360
25369
25372
25373
25374
25374
25374
25375
25376
25379
25391
25396
25397
25400
25414
25416
25419
25420
25425
25426
25428
25429
25433
25433
25433
25434
25434
25437
25441
25444
25445
25446
25448
25452
25453
25454
25457
25457
25461
25461
25468
25468
25469
25470
25480
25487
25489
25495
25498
25500
25512
25513
25514
25517
25517
25520
25524
25525
25526
25527
25527
25541
25543
25545
25546
25547
25551
25552
25555
25558
25558
25558
25558
25562
25564
25565
25570
25581
25586
25586
25592
25594
25599
25601
25610
25610
25612
25617
25621
25622
25623
25629
25643
25645
25645
25646
25651
25652
25656
25657
25664
25665
25666
25667
25669
25670
25671
25676
25678
25681
25681
25687
25693
25693
25694
25694
25695
25695
25703
25704
25707
25709
25709
25710
25711
25714
25715
25715
25716
25718
25721
25726
25726
25732
25736
25737
25740
25742
25747
25750
25752
25761
25761
25767
25770
25770
25780
25793
25794
25801
25804
25806
25809
25813
25813
25818
25819
25823
25829
25832
25834
25836
25842
25846
25846
25848
25854
25858
25859
25862
25862
25862
25865
25868
25872
25874
25878
25881
25883
25889
25890
25893
25894
25896
25903
25906
25911
25912
25914
25916
25918
25920
25921
25926
25927
25928
25930
25936
25942
25944
25946
25955
25956
25959
25960
25962
25972
25974
25974
25974
25975
25978
25979
25985
25988
25991
25991
25991
25994
25996
25997
26006
26007
26010
26020
26021
26022
26034
26038
26039
26040
26042
26043
26043
26043
26054
26057
26057
26064
26068
26072
26075
26082
26090
26090
26090
26090
26103
26104
26108
26113
26115
26115
26116
26118
26120
26120
26125
26133
26134
26137
26137
26139
26141
26142
26142
26143
26145
26145
26146
26151
26163
26163
26170
26172
26177
26179
26182
26186
26188
26200
26202
26207
26209
26209
26211
26215
26221
26228
26231
26236
26238
26243
26244
26245
26247
26250
26256
26257
26263
26266
26270
26270
26271
26274
26274
26277
26277
26278
26281
26286
26287
26288
26288
26289
26293
26295
26309
26310
26315
26315
26322
26329
26333
26336
26338
26342
26350
26360
26360
26361
26361
26361
26363
26365
26366
26369
26369
26372
26374
26374
26376
26381
26385
26392
26392
26403
26406
26406
26412
26415
26416
26417
26419
26420
26423
26435
26436
26439
26440
26441
26443
26445
26453
26456
26459
26463
26467
26470
26472
26474
26474
26478
26486
26489
26491
26492
26497
26497
26498
26502
26505
26507
26508
26509
26511
26512
26518
26519
26521
26528
26534
26535
26536
26537
26544
26545
26546
26546
26547
26548
26549
26550
26556
26557
26561
26561
26573
26576
26579
26580
26582
26586
26587
26588
26589
26592
26592
26595
26604
26604
26611
26613
26615
26619
26626
26626
26627
26630
26632
26633
26634
26637
26638
26639
26641
26643
26646
26647
26647
26647
26648
26649
26650
26653
26654
26656
26662
26667
26668
26672
26674
26679
26679
26679
26682
26682
26684
26686
26697
26699
26703
26706
26706
26709
26709
26719
26722
26722
26724
26725
26731
26735
26739
26744
26745
26747
26756
26757
26761
26762
26764
26765
26767
26768
26775
26779
26780
26781
26788
26792
26793
26793
26795
26797
26797
26799
26801
26806
26808
26812
26816
26818
26824
26826
26830
26833
26838
26841
26842
26844
26845
26845
26847
26858
26862
26864
26868
26870
26873
26874
26876
26879
26880
26883
26897
26899
26900
26900
26906
26910
26910
26912
26917
26918
26919
26920
26927
26928
26929
26930
26934
26940
26941
26941
26944
26944
26946
26958
26961
26964
26973
26974
26976
26976
26976
26976
26978
26979
26982
26984
26985
26985
26988
26993
26994
26996
27001
27008
27009
27011
27012
27021
27028
27030
27031
27036
27037
27037
27043
27056
27072
27077
27081
27083
27083
27084
27086
27089
27090
27090
27090
27094
27096
27097
27097
27101
27102
27104
27106
27109
27112
27114
27114
27116
27117
27120
27123
27123
27126
27129
27129
27130
27132
27133
27133
27134
27143
27147
27148
27149
27152
27164
27176
27178
27178
27179
27180
27185
27186
27198
27204
27204
27207
27211
27214
27219
27221
27223
27232
27234
27237
27244
27248
27248
27253
27261
27261
27262
27274
27276
27277
27285
27290
27298
27298
27299
27306
27308
27309
27312
27313
27322
27325
27325
27325
27333
27339
27342
27343
27354
27359
27360
27361
27361
27367
27368
27370
27372
27373
27374
27383
27385
27385
27387
27387
27392
27393
27401
27408
27415
27421
27422
27422
27423
27424
27427
27429
27437
27458
27461
27470
27480
27487
27489
27501
27502
27507
27509
27509
27510
27510
27510
27513
27514
27515
27520
27531
27534
27535
27537
27539
27541
27543
27547
27551
27552
27559
27560
27561
27567
27568
27569
27570
27571
27572
27575
27576
27577
27577
27579
27590
27594
27600
27601
27606
27607
27623
27632
27633
27634
27638
27640
27641
27647
27647
27648
27652
27653
27657
27673
27674
27675
27677
27677
27680
27680
27681
27684
27684
27686
27689
27700
27703
27708
27711
27712
27715
27724
27724
27733
27739
27743
27755
27762
27763
27781
27782
27786
27788
27789
27793
27794
27794
27798
27805
27806
27808
27811
27814
27815
27820
27820
27823
27826
27831
27833
27834
27838
27839
27840
27841
27841
27844
27844
27845
27847
27857
27860
27861
27866
27867
27868
27868
27872
27875
27879
27880
27885
27885
27888
27888
27891
27893
27896
27896
27901
27901
27901
27904
27904
27906
27913
27915
27916
27916
27917
27931
27936
27939
27946
27946
27950
27951
27951
27951
27952
27953
27953
27956
27957
27958
27960
27960
27961
27964
27968
27970
27975
27983
27987
27992
27992
27992
27992
28001
28002
28003
28008
28009
28009
28009
28011
28016
28016
28021
28021
28021
28025
28027
28028
28032
28033
28034
28037
28044
28051
28052
28055
28058
28065
28067
28070
28076
28078
28078
28079
28089
28094
28098
28101
28109
28111
28117
28117
28120
28121
28125
28126
28127
28131
28133
28133
28139
28142
28147
28147
28151
28156
28162
28166
28178
28178
28178
28179
28180
28181
28183
28187
28189
28190
28195
28195
28199
28200
28202
28203
28208
28214
28214
28218
28222
28225
28227
28236
28244
28247
28253
28255
28256
28256
28260
28260
28260
28272
28273
28274
28275
28276
28280
28286
28289
28294
28294
28295
28295
28296
28300
28301
28302
28306
28316
28320
28329
28331
28336
28340
28341
28341
28343
28343
28353
28355
28357
28359
28367
28371
28372
28376
28386
28387
28388
28390
28391
28398
28401
28402
28405
28406
28406
28408
28409
28413
28415
28420
28421
28429
28431
28432
28433
28446
28448
28450
28452
28453
28459
28460
28461
28462
28468
28471
28475
28479
28479
28493
28495
28501
28505
28505
28507
28509
28511
28516
28517
28518
28524
28526
28546
28548
28550
28552
28559
28563
28566
28567
28567
28572
28573
28576
28584
28589
28591
28594
28596
28597
28597
28598
28603
28603
28607
28611
28614
28614
28618
28620
28625
28630
28632
28634
28635
28637
28641
28643
28649
28649
28655
28657
28657
28658
28659
28661
28662
28664
28666
28667
28668
28670
28677
28677
28678
28679
28679
28683
28693
28697
28702
28707
28709
28711
28713
28713
28718
28719
28727
28727
28728
28731
28732
28737
28743
28745
28748
28748
28750
28752
28757
28762
28765
28768
28771
28779
28782
28789
28792
28794
28794
28795
28796
28797
28798
28803
28808
28812
28812
28815
28818
28819
28822
28828
28831
28835
28835
28842
28843
28843
28844
28850
28852
28853
28855
28861
28869
28879
28885
28886
28886
28888
28890
28892
28895
28895
28898
28900
28900
28901
28902
28904
28905
28905
28905
28908
28910
28911
28913
28913
28915
28920
28922
28926
28928
28930
28932
28933
28934
28935
28936
28939
28941
28942
28942
28948
28949
28954
28954
28955
28956
28958
28959
28961
28961
28965
28965
28967
28968
28973
28979
28992
28992
28998
28998
29001
29003
29006
29007
29013
29013
29014
29019
29021
29024
29026
29029
29031
29032
29033
29033
29034
29035
29038
29038
29039
29047
29047
29051
29052
29055
29055
29059
29069
29070
29072
29078
29081
29084
29087
29094
29095
29097
29098
29102
29107
29110
29113
29114
29118
29120
29124
29124
29127
29129
29132
29134
29136
29139
29139
29142
29149
29149
29153
29154
29155
29159
29162
29162
29167
29169
29169
29182
29184
29186
29188
29193
29194
29197
29199
29201
29202
29202
29211
29219
29224
29224
29225
29226
29227
29238
29239
29242
29246
29251
29259
29261
29263
29264
29268
29282
29283
29286
29288
29290
29294
29294
29295
29296
29297
29306
29309
29312
29313
29316
29321
29321
29328
29331
29334
29334
29336
29339
29340
29343
29344
29344
29348
29349
29350
29354
29362
29365
29373
29376
29383
29385
29389
29392
29395
29396
29396
29399
29402
29403
29407
29409
29412
29412
29412
29418
29419
29420
29422
29422
29430
29433
29434
29443
29445
29446
29450
29450
29451
29452
29452
29454
29454
29454
29458
29462
29466
29467
29470
29470
29472
29473
29477
29478
29478
29479
29481
29482
29489
29492
29494
29496
29502
29503
29511
29514
29518
29524
29532
29533
29534
29537
29538
29548
29551
29553
29554
29558
29563
29565
29568
29569
29571
29572
29579
29582
29585
29590
29590
29594
29597
29599
29603
29609
29610
29618
29620
29626
29627
29628
29631
29640
29647
29651
29655
29659
29662
29670
29672
29674
29683
29685
29687
29687
29688
29699
29703
29707
29709
29709
29711
29712
29714
29716
29720
29721
29722
29724
29726
29728
29731
29731
29742
29744
29751
29753
29755
29755
29763
29765
29774
29777
29780
29781
29787
29787
29790
29790
29792
29794
29796
29797
29797
29801
29807
29814
29816
29817
29819
29819
29820
29822
29825
29832
29834
29838
29843
29849
29852
29852
29854
29857
29861
29865
29875
29876
29879
29879
29885
29890
29890
29898
29898
29900
29906
29906
29911
29914
29914
29916
29916
29916
29917
29918
29922
29922
29934
29937
29938
29942
29943
29944
29946
29948
29954
29956
29957
29958
29963
29965
29972
29972
29974
29978
29981
29982
29982
29982
29992
49678
19686
29992
