10000
0
4
7
8
11
20
20
26
27
29
30
31
32
33
34
34
37
40
40
50
51
54
54
58
65
65
66
67
68
69
71
73
78
82
85
86
90
92
93
96
99
101
103
103
106
107
108
116
117
119
121
121
125
130
132
143
143
144
145
149
152
153
162
165
169
172
178
186
187
197
202
202
205
206
206
208
210
212
213
219
224
228
231
236
237
237
240
247
250
252
254
265
266
267
268
272
275
277
278
282
286
298
303
308
308
310
316
319
325
326
329
338
339
340
343
348
351
352
354
363
366
372
373
374
375
376
380
382
387
390
391
392
394
397
409
410
410
412
415
418
427
434
440
442
450
460
465
474
475
487
489
490
493
508
509
510
511
511
518
519
521
522
524
526
527
530
533
538
541
541
541
542
560
563
569
571
579
582
586
593
594
594
595
595
596
598
601
601
616
621
631
631
639
641
643
649
653
658
662
663
664
669
671
672
675
676
676
678
682
686
688
689
697
697
701
701
702
702
703
706
706
713
717
723
727
732
736
738
739
741
746
747
748
754
761
763
766
767
768
784
801
805
806
809
810
811
812
812
816
818
826
831
838
838
847
851
852
852
855
855
860
862
867
867
870
877
880
882
887
887
888
888
895
902
904
906
910
914
920
926
926
932
934
935
938
939
941
944
946
960
961
974
975
976
981
983
983
987
989
994
997
1000
1002
1002
1007
1007
1007
1011
1012
1014
1014
1020
1023
1031
1031
1032
1033
1034
1035
1036
1037
1041
1045
1048
1054
1058
1061
1063
1065
1083
1087
1088
1094
1111
1112
1112
1116
1118
1120
1125
1132
1139
1143
1148
1155
1155
1156
1159
1161
1162
1164
1164
1165
1166
1174
1190
1192
1192
1193
1193
1198
1204
1204
1204
1205
1209
1210
1218
1224
1227
1229
1230
1233
1233
1235
1238
1244
1245
1251
1252
1257
1259
1264
1269
1274
1277
1278
1280
1281
1282
1288
1294
1295
1300
1300
1304
1313
1316
1318
1318
1324
1324
1324
1326
1327
1327
1328
1332
1332
1335
1338
1338
1339
1341
1360
1362
1364
1366
1368
1369
1369
1370
1372
1376
1376
1379
1379
1382
1384
1389
1390
1394
1396
1399
1404
1404
1405
1407
1410
1413
1415
1418
1418
1419
1422
1428
1428
1429
1430
1441
1458
1459
1463
1463
1464
1469
1474
1482
1482
1489
1492
1494
1495
1496
1496
1505
1505
1506
1508
1511
1511
1512
1513
1520
1528
1533
1533
1535
1537
1540
1540
1541
1544
1547
1554
1557
1558
1559
1560
1561
1563
1563
1566
1569
1572
1573
1581
1582
1582
1584
1589
1596
1599
1600
1602
1603
1603
1605
1613
1613
1614
1616
1621
1623
1624
1640
1644
1647
1653
1655
1659
1667
1671
1674
1679
1681
1682
1683
1685
1688
1693
1699
1705
1706
1710
1715
1717
1724
1728
1728
1730
1731
1735
1740
1742
1742
1744
1747
1748
1753
1753
1754
1755
1760
1764
1764
1766
1771
1776
1776
1785
1787
1788
1790
1793
1794
1797
1797
1800
1803
1806
1811
1815
1821
1824
1825
1838
1847
1850
1853
1858
1859
1860
1862
1862
1864
1868
1868
1869
1871
1872
1875
1876
1880
1880
1882
1886
1889
1891
1892
1893
1897
1899
1904
1906
1908
1909
1915
1918
1919
1922
1923
1924
1927
1932
1932
1933
1935
1941
1944
1945
1947
1947
1947
1951
1954
1956
1957
1958
1959
1960
1963
1969
1969
1970
1974
1976
1978
1980
1981
1986
1987
1992
1993
1998
2001
2001
2002
2002
2002
2006
2008
2017
2018
2019
2020
2024
2026
2029
2029
2033
2044
2047
2047
2056
2062
2063
2087
2087
2087
2094
2098
2101
2103
2109
2110
2118
2119
2120
2120
2125
2125
2126
2131
2134
2137
2138
2141
2145
2148
2151
2154
2156
2160
2161
2167
2170
2173
2186
2189
2191
2201
2206
2207
2207
2208
2215
2216
2218
2221
2228
2234
2234
2236
2237
2238
2241
2245
2246
2248
2251
2253
2254
2256
2257
2258
2260
2261
2261
2261
2262
2264
2264
2265
2269
2269
2272
2278
2280
2281
2286
2287
2290
2291
2291
2293
2302
2307
2316
2318
2322
2323
2328
2329
2332
2339
2344
2344
2349
2352
2354
2357
2363
2368
2372
2375
2377
2383
2386
2392
2393
2393
2401
2403
2405
2413
2418
2419
2424
2427
2427
2433
2434
2440
2448
2451
2454
2457
2465
2468
2472
2476
2477
2479
2480
2483
2492
2495
2497
2502
2507
2517
2523
2523
2543
2544
2547
2548
2558
2559
2561
2564
2565
2565
2566
2567
2569
2570
2580
2585
2588
2590
2595
2599
2599
2601
2602
2604
2610
2611
2613
2614
2616
2621
2622
2623
2624
2625
2626
2629
2631
2632
2638
2639
2639
2649
2650
2658
2661
2663
2666
2667
2672
2683
2685
2694
2696
2703
2704
2706
2706
2708
2717
2718
2723
2729
2734
2735
2740
2740
2741
2745
2747
2754
2763
2763
2766
2767
2776
2778
2779
2784
2785
2788
2788
2790
2793
2800
2802
2804
2805
2808
2816
2817
2817
2827
2827
2828
2828
2830
2832
2834
2835
2839
2841
2841
2844
2844
2845
2852
2861
2863
2867
2878
2878
2880
2881
2882
2885
2888
2893
2893
2896
2898
2902
2904
2906
2909
2910
2910
2910
2911
2914
2918
2919
2921
2922
2925
2927
2932
2938
2940
2940
2946
2954
2957
2960
2964
2967
2972
2972
2973
2975
2977
2978
2980
2980
2982
2986
2987
2992
2995
2996
2998
3004
3004
3014
3018
3018
3024
3025
3027
3036
3037
3037
3046
3047
3054
3056
3059
3062
3064
3069
3072
3073
3073
3076
3079
3082
3085
3088
3089
3092
3093
3094
3095
3098
3099
3100
3101
3101
3101
3103
3110
3110
3111
3112
3113
3114
3118
3119
3119
3122
3127
3136
3138
3139
3139
3140
3141
3143
3148
3150
3151
3154
3160
3165
3168
3169
3170
3170
3176
3176
3182
3183
3187
3191
3196
3199
3202
3203
3204
3205
3214
3215
3225
3225
3228
3229
3232
3234
3236
3236
3241
3244
3246
3253
3262
3265
3266
3269
3272
3273
3277
3279
3289
3289
3298
3301
3304
3305
3307
3309
3310
3310
3313
3315
3321
3323
3325
3327
3337
3337
3338
3338
3338
3338
3343
3344
3345
3349
3353
3357
3357
3358
3362
3363
3364
3364
3366
3369
3372
3378
3379
3380
3382
3386
3398
3398
3399
3402
3402
3405
3406
3415
3417
3418
3426
3429
3431
3431
3432
3435
3438
3439
3444
3445
3445
3446
3451
3453
3453
3457
3457
3458
3469
3471
3473
3476
3477
3478
3482
3483
3493
3495
3497
3503
3506
3513
3519
3520
3523
3526
3528
3532
3532
3533
3540
3541
3542
3554
3555
3560
3560
3565
3566
3567
3567
3575
3577
3577
3578
3578
3579
3591
3591
3595
3596
3609
3615
3624
3628
3636
3638
3650
3650
3651
3654
3656
3656
3657
3657
3658
3659
3660
3663
3664
3669
3675
3678
3679
3682
3682
3686
3687
3692
3694
3694
3695
3697
3699
3701
3702
3711
3714
3718
3720
3723
3724
3733
3737
3742
3743
3745
3749
3771
3773
3777
3777
3779
3793
3794
3798
3799
3799
3805
3809
3810
3811
3811
3817
3817
3819
3819
3821
3821
3822
3826
3826
3828
3830
3831
3831
3832
3834
3835
3842
3844
3845
3845
3846
3847
3847
3849
3852
3856
3865
3870
3875
3878
3880
3880
3883
3885
3886
3887
3888
3888
3890
3898
3900
3900
3900
3902
3904
3905
3906
3906
3906
3909
3911
3915
3916
3916
3920
3924
3924
3928
3928
3932
3937
3938
3942
3945
3961
3968
3968
3968
3970
3972
3975
3979
3979
3983
3986
3992
3993
3994
3996
3997
3998
4010
4011
4015
4017
4020
4027
4029
4030
4030
4032
4033
4034
4037
4045
4045
4046
4049
4058
4061
4066
4067
4070
4072
4076
4079
4082
4082
4083
4084
4091
4092
4098
4102
4107
4108
4108
4111
4114
4114
4116
4124
4124
4125
4135
4140
4141
4143
4143
4144
4144
4151
4154
4155
4156
4158
4158
4163
4164
4164
4164
4170
4170
4171
4177
4185
4185
4187
4189
4193
4194
4194
4198
4200
4217
4218
4227
4231
4233
4236
4240
4244
4245
4246
4248
4253
4255
4260
4261
4263
4266
4267
4269
4274
4275
4281
4281
4282
4289
4290
4291
4294
4298
4301
4302
4305
4305
4308
4309
4317
4317
4322
4325
4330
4332
4334
4335
4342
4347
4350
4351
4354
4355
4356
4359
4360
4362
4364
4365
4366
4367
4368
4369
4376
4377
4377
4379
4384
4391
4397
4399
4400
4401
4410
4414
4415
4417
4419
4420
4421
4423
4424
4424
4426
4429
4429
4429
4441
4444
4445
4446
4447
4450
4450
4452
4452
4454
4458
4459
4459
4459
4460
4468
4470
4473
4476
4476
4483
4483
4490
4491
4494
4494
4495
4499
4502
4507
4507
4512
4514
4519
4520
4521
4522
4527
4533
4534
4535
4535
4536
4538
4547
4548
4548
4549
4552
4553
4553
4553
4560
4561
4564
4564
4568
4570
4570
4571
4572
4572
4573
4573
4573
4577
4580
4581
4581
4582
4582
4583
4585
4588
4599
4603
4603
4604
4607
4607
4615
4616
4625
4626
4633
4636
4638
4638
4649
4651
4656
4676
4678
4679
4680
4687
4687
4692
4693
4694
4695
4696
4700
4700
4700
4702
4712
4713
4714
4718
4718
4718
4727
4735
4750
4751
4754
4757
4758
4764
4767
4771
4771
4771
4771
4773
4775
4776
4780
4781
4786
4788
4790
4792
4793
4794
4794
4795
4797
4806
4809
4809
4810
4811
4812
4813
4815
4821
4827
4831
4832
4834
4835
4837
4844
4845
4847
4848
4849
4852
4852
4852
4858
4863
4865
4868
4871
4871
4873
4877
4879
4880
4881
4882
4885
4885
4886
4888
4889
4891
4892
4896
4899
4902
4902
4906
4910
4910
4916
4921
4927
4927
4929
4931
4933
4933
4936
4937
4938
4948
4950
4951
4952
4956
4958
4962
4966
4970
4973
4977
4977
4978
4978
4980
4990
4993
4993
4995
4999
5003
5008
5013
5016
5017
5020
5025
5029
5040
5042
5043
5043
5043
5046
5049
5056
5057
5059
5066
5074
5074
5075
5076
5077
5079
5079
5083
5083
5092
5093
5095
5098
5100
5101
5103
5107
5108
5111
5111
5115
5117
5128
5133
5134
5138
5141
5145
5154
5158
5159
5160
5161
5162
5163
5172
5173
5178
5180
5181
5181
5184
5184
5196
5200
5202
5202
5203
5203
5206
5207
5210
5212
5214
5214
5216
5217
5218
5223
5224
5230
5231
5235
5236
5240
5240
5243
5243
5243
5246
5249
5251
5252
5252
5253
5257
5258
5259
5259
5260
5264
5269
5270
5273
5274
5278
5278
5281
5295
5298
5299
5300
5301
5307
5310
5311
5311
5316
5327
5328
5328
5332
5338
5347
5348
5353
5353
5355
5359
5359
5359
5367
5379
5380
5381
5382
5385
5389
5395
5396
5400
5400
5400
5401
5404
5406
5412
5415
5416
5419
5420
5423
5425
5427
5436
5440
5441
5442
5445
5448
5448
5453
5461
5461
5463
5469
5473
5481
5482
5485
5493
5497
5497
5502
5507
5511
5512
5514
5518
5524
5524
5528
5528
5529
5531
5539
5539
5542
5543
5545
5545
5546
5555
5556
5566
5571
5572
5575
5578
5586
5588
5588
5590
5594
5595
5596
5599
5601
5605
5607
5614
5624
5628
5632
5635
5642
5642
5643
5648
5650
5651
5655
5656
5662
5663
5663
5664
5667
5669
5674
5676
5681
5690
5693
5694
5695
5696
5700
5705
5709
5711
5713
5717
5717
5719
5721
5721
5722
5725
5725
5727
5727
5729
5731
5732
5733
5733
5746
5749
5750
5756
5760
5766
5770
5775
5776
5778
5783
5787
5789
5794
5796
5799
5801
5809
5810
5811
5819
5822
5826
5826
5834
5836
5836
5838
5844
5846
5849
5855
5857
5857
5861
5862
5863
5867
5870
5871
5871
5872
5873
5875
5879
5881
5882
5883
5883
5891
5891
5892
5903
5904
5905
5907
5909
5912
5922
5924
5932
5934
5939
5939
5940
5944
5946
5955
5962
5963
5964
5969
5973
5980
5983
5984
5985
5991
5993
5994
5996
5999
6004
6006
6009
6009
6012
6014
6015
6017
6019
6027
6027
6029
6030
6032
6039
6039
6043
6044
6048
6048
6053
6055
6057
6064
6065
6073
6073
6081
6084
6087
6095
6105
6111
6112
6114
6114
6116
6130
6133
6141
6142
6148
6148
6154
6159
6162
6163
6165
6171
6173
6177
6181
6181
6182
6185
6187
6189
6193
6195
6197
6197
6198
6202
6204
6204
6206
6207
6207
6209
6216
6220
6223
6224
6225
6230
6230
6231
6232
6232
6233
6236
6241
6242
6242
6244
6247
6248
6255
6256
6261
6264
6264
6271
6272
6275
6280
6280
6281
6283
6284
6285
6294
6296
6308
6309
6310
6312
6315
6323
6324
6325
6327
6327
6329
6329
6329
6330
6330
6333
6339
6342
6346
6346
6351
6351
6352
6367
6381
6390
6394
6402
6404
6408
6415
6416
6424
6426
6428
6428
6429
6433
6434
6435
6439
6439
6439
6442
6443
6448
6449
6451
6452
6456
6464
6465
6470
6475
6477
6477
6483
6485
6491
6491
6492
6494
6499
6501
6504
6505
6508
6514
6516
6519
6521
6522
6528
6531
6539
6540
6545
6548
6549
6556
6557
6558
6571
6573
6575
6577
6595
6595
6597
6598
6601
6605
6608
6608
6609
6611
6616
6619
6622
6623
6623
6626
6627
6630
6631
6636
6639
6659
6668
6670
6677
6678
6679
6681
6687
6698
6701
6703
6703
6703
6703
6707
6717
6719
6725
6728
6732
6732
6733
6733
6738
6745
6747
6749
6753
6756
6762
6766
6774
6775
6776
6780
6782
6782
6783
6783
6786
6801
6807
6811
6814
6815
6817
6817
6822
6828
6828
6829
6830
6831
6835
6839
6841
6847
6855
6857
6863
6863
6864
6870
6873
6875
6879
6881
6882
6884
6892
6893
6893
6896
6897
6903
6903
6907
6909
6911
6911
6912
6913
6915
6916
6917
6919
6924
6924
6924
6925
6926
6930
6934
6942
6942
6944
6945
6945
6946
6950
6957
6969
6969
6972
6975
6976
6978
6986
6990
6993
6995
6997
7000
7000
7001
7001
7003
7004
7005
7005
7006
7009
7010
7013
7013
7016
7028
7034
7049
7049
7050
7051
7053
7059
7064
7064
7066
7067
7068
7069
7071
7079
7079
7080
7082
7086
7086
7087
7087
7088
7091
7091
7093
7096
7097
7102
7104
7104
7111
7116
7119
7121
7134
7135
7138
7139
7140
7140
7140
7144
7154
7161
7163
7170
7172
7173
7175
7176
7177
7182
7183
7185
7186
7186
7189
7195
7197
7198
7202
7202
7205
7209
7209
7210
7210
7211
7212
7215
7217
7218
7228
7231
7233
7235
7237
7240
7241
7242
7251
7256
7260
7262
7264
7268
7272
7272
7276
7278
7279
7286
7290
7290
7290
7294
7296
7299
7302
7307
7308
7308
7310
7310
7311
7312
7316
7328
7331
7333
7333
7335
7336
7336
7340
7344
7348
7350
7353
7357
7371
7372
7373
7373
7374
7375
7375
7375
7377
7379
7384
7384
7385
7387
7389
7391
7392
7401
7403
7404
7406
7407
7408
7414
7414
7416
7420
7422
7425
7427
7433
7440
7441
7445
7448
7450
7457
7459
7461
7463
7470
7470
7475
7478
7490
7491
7492
7492
7498
7499
7499
7502
7507
7513
7516
7518
7521
7526
7530
7535
7536
7538
7546
7546
7547
7550
7552
7564
7566
7567
7573
7580
7582
7583
7584
7584
7586
7589
7591
7594
7596
7602
7602
7604
7605
7613
7624
7625
7626
7630
7630
7632
7632
7634
7635
7638
7639
7639
7640
7644
7645
7648
7650
7654
7659
7661
7661
7662
7665
7665
7667
7668
7671
7671
7672
7674
7677
7677
7677
7689
7690
7691
7691
7692
7695
7696
7697
7701
7702
7703
7704
7705
7713
7713
7713
7719
7721
7722
7723
7735
7737
7739
7741
7746
7746
7773
7777
7777
7778
7778
7779
7781
7782
7784
7787
7789
7795
7796
7797
7806
7809
7813
7821
7823
7825
7831
7833
7833
7833
7834
7839
7841
7843
7846
7846
7847
7847
7849
7850
7851
7854
7854
7858
7859
7859
7863
7864
7866
7866
7870
7870
7876
7882
7886
7889
7890
7898
7899
7899
7905
7906
7912
7913
7913
7926
7931
7931
7933
7934
7934
7935
7939
7941
7948
7950
7953
7957
7958
7960
7962
7964
7965
7968
7970
7972
7978
7979
7981
7982
7985
7987
7989
7991
7992
7994
8001
8006
8014
8018
8020
8020
8022
8025
8026
8035
8037
8039
8042
8042
8044
8045
8045
8046
8046
8051
8056
8057
8059
8060
8062
8062
8066
8071
8075
8079
8085
8086
8087
8092
8093
8093
8095
8095
8103
8103
8104
8112
8114
8116
8118
8119
8123
8126
8126
8136
8137
8140
8141
8144
8148
8153
8153
8154
8159
8160
8160
8160
8165
8167
8168
8168
8170
8175
8182
8186
8188
8189
8196
8198
8201
8206
8211
8214
8217
8218
8219
8219
8219
8222
8222
8222
8228
8228
8229
8229
8231
8232
8234
8241
8244
8246
8253
8253
8255
8266
8266
8267
8275
8282
8284
8285
8293
8296
8298
8306
8306
8309
8309
8309
8311
8313
8314
8314
8323
8334
8340
8341
8344
8347
8349
8353
8361
8363
8369
8372
8374
8378
8384
8384
8384
8387
8391
8395
8396
8396
8399
8408
8409
8413
8418
8420
8420
8421
8428
8432
8434
8436
8441
8444
8444
8445
8449
8453
8457
8459
8462
8463
8465
8465
8466
8469
8485
8487
8489
8490
8491
8494
8497
8498
8499
8500
8505
8505
8509
8510
8515
8516
8517
8517
8518
8520
8524
8536
8538
8538
8539
8544
8550
8553
8553
8555
8558
8558
8560
8569
8574
8576
8579
8585
8586
8587
8593
8594
8595
8597
8605
8605
8608
8610
8611
8614
8615
8616
8619
8630
8630
8631
8636
8637
8638
8643
8643
8647
8651
8651
8654
8658
8661
8662
8663
8668
8670
8673
8674
8676
8677
8696
8705
8706
8707
8707
8708
8711
8715
8724
8726
8727
8728
8733
8735
8735
8736
8739
8745
8745
8746
8747
8753
8759
8764
8769
8774
8777
8778
8780
8781
8782
8787
8790
8800
8801
8805
8808
8813
8815
8826
8832
8835
8836
8839
8839
8842
8849
8853
8855
8857
8864
8872
8872
8875
8880
8883
8884
8887
8890
8891
8892
8897
8898
8905
8905
8907
8907
8910
8915
8915
8919
8920
8927
8928
8930
8930
8932
8934
8935
8937
8938
8941
8946
8949
8952
8952
8953
8957
8957
8960
8966
8970
8973
8975
8976
8983
8987
8992
8994
8996
8999
9004
9006
9009
9012
9018
9022
9024
9028
9030
9034
9034
9036
9037
9038
9039
9040
9042
9048
9049
9055
9057
9058
9058
9068
9071
9074
9081
9081
9082
9083
9085
9091
9096
9097
9099
9104
9109
9109
9132
9132
9140
9141
9142
9147
9150
9158
9161
9165
9166
9167
9170
9171
9173
9173
9174
9178
9179
9182
9184
9185
9186
9187
9188
9191
9194
9197
9198
9204
9209
9212
9215
9216
9219
9221
9222
9226
9226
9235
9239
9243
9245
9248
9249
9252
9253
9254
9258
9260
9264
9266
9269
9270
9272
9273
9278
9279
9280
9286
9302
9319
9320
9323
9324
9325
9325
9328
9329
9331
9331
9338
9342
9350
9352
9354
9358
9367
9371
9371
9372
9373
9374
9380
9380
9381
9391
9393
9393
9397
9398
9401
9404
9404
9407
9409
9411
9412
9412
9414
9416
9417
9420
9428
9430
9430
9438
9442
9444
9453
9456
9461
9476
9493
9498
9506
9509
9509
9510
9512
9513
9515
9516
9518
9519
9519
9523
9523
9524
9533
9535
9535
9536
9539
9543
9543
9543
9543
9545
9546
9547
9552
9554
9555
9555
9556
9564
9564
9566
9567
9576
9577
9582
9582
9586
9587
9587
9590
9591
9595
9602
9603
9606
9609
9622
9629
9633
9635
9636
9637
9638
9642
9643
9645
9651
9654
9657
9662
9663
9670
9676
9682
9683
9683
9687
9688
9695
9699
9699
9700
9700
9705
9706
9721
9721
9722
9723
9729
9739
9752
9757
9758
9761
9763
9772
9778
9781
9783
9785
9785
9786
9786
9789
9791
9791
9793
9796
9796
9798
9803
9805
9807
9815
9815
9816
9827
9830
9831
9831
9832
9832
9832
9834
9842
9844
9849
9865
9869
9875
9877
9879
9882
9882
9883
9884
9888
9891
9891
9894
9895
9895
9898
9898
9902
9902
9904
9907
9910
9912
9912
9913
9921
9921
9926
9933
9936
9936
9937
9942
9946
9948
9952
9952
9952
9954
9956
9957
9961
9979
9983
9983
9988
9988
9988
9992
9995
9995
9995
9995
9998
9999
10000
10003
10004
10014
10015
10016
10017
10018
10019
10033
10037
10038
10039
10041
10044
10053
10053
10054
10054
10056
10058
10058
10063
10063
10072
10074
10075
10076
10077
10079
10082
10082
10083
10086
10090
10096
10099
10100
10101
10102
10103
10105
10106
10110
10114
10117
10120
10125
10125
10128
10131
10133
10134
10135
10137
10138
10139
10141
10148
10150
10154
10157
10157
10164
10168
10169
10169
10170
10170
10172
10176
10180
10181
10181
10185
10188
10190
10192
10194
10196
10200
10201
10204
10207
10215
10219
10220
10220
10221
10223
10225
10228
10230
10236
10237
10237
10238
10241
10244
10245
10248
10248
10250
10252
10260
10263
10265
10267
10270
10272
10273
10275
10277
10280
10286
10286
10290
10290
10291
10292
10297
10299
10299
10304
10304
10306
10311
10312
10321
10321
10325
10329
10330
10330
10339
10342
10343
10343
10349
10359
10368
10370
10370
10371
10372
10381
10384
10389
10393
10394
10395
10396
10397
10397
10400
10407
10411
10415
10420
10425
10426
10426
10426
10429
10438
10440
10444
10446
10448
10448
10449
10449
10451
10452
10452
10453
10457
10458
10459
10463
10464
10464
10467
10470
10470
10471
10472
10473
10480
10482
10483
10487
10491
10494
10495
10497
10500
10501
10506
10509
10515
10518
10519
10526
10532
10532
10532
10533
10537
10540
10541
10542
10546
10550
10556
10557
10561
10561
10570
10584
10584
10588
10591
10592
10593
10599
10599
10601
10605
10606
10619
10620
10623
10632
10634
10636
10648
10648
10650
10661
10662
10662
10663
10666
10668
10676
10680
10691
10694
10697
10698
10703
10707
10709
10711
10712
10718
10727
10727
10731
10733
10734
10734
10735
10739
10740
10741
10743
10747
10755
10757
10758
10764
10765
10768
10770
10771
10772
10777
10777
10782
10789
10794
10797
10798
10801
10803
10803
10804
10805
10812
10813
10814
10821
10822
10823
10835
10836
10840
10843
10844
10847
10848
10855
10861
10863
10864
10864
10868
10871
10876
10877
10884
10889
10890
10894
10895
10896
10897
10899
10899
10900
10901
10903
10904
10906
10907
10909
10909
10911
10913
10925
10925
10927
10928
10929
10929
10931
10938
10940
10940
10944
10946
10949
10949
10953
10953
10956
10959
10961
10964
10965
10969
10972
10974
10980
10985
10990
10991
10993
10997
10997
11005
11010
11013
11017
11018
11022
11023
11036
11038
11039
11048
11051
11052
11053
11055
11055
11058
11058
11064
11065
11071
11087
11087
11091
11093
11095
11101
11102
11109
11109
11113
11115
11117
11117
11118
11123
11124
11125
11131
11131
11132
11134
11138
11138
11139
11144
11148
11153
11158
11161
11167
11173
11174
11178
11187
11191
11193
11195
11197
11198
11199
11203
11205
11209
11217
11223
11228
11229
11230
11230
11230
11230
11234
11236
11236
11244
11247
11248
11250
11250
11252
11254
11254
11256
11257
11265
11267
11271
11274
11281
11283
11284
11285
11287
11290
11294
11299
11301
11302
11308
11310
11310
11315
11315
11316
11316
11319
11322
11324
11326
11329
11329
11333
11334
11335
11337
11337
11341
11342
11343
11347
11350
11353
11363
11366
11370
11376
11377
11392
11395
11397
11399
11406
11407
11410
11410
11411
11412
11417
11424
11433
11439
11443
11449
11458
11473
11473
11475
11476
11477
11478
11487
11491
11497
11503
11507
11508
11510
11513
11513
11516
11519
11519
11529
11534
11545
11550
11550
11553
11557
11563
11564
11572
11573
11583
11587
11591
11599
11599
11603
11603
11610
11612
11614
11614
11617
11620
11622
11625
11626
11633
11636
11637
11641
11644
11646
11648
11649
11652
11661
11665
11666
11672
11679
11682
11690
11691
11693
11697
11700
11701
11705
11708
11713
11724
11725
11729
11730
11731
11738
11740
11747
11748
11748
11757
11760
11762
11772
11774
11778
11779
11781
11782
11787
11792
11794
11794
11794
11807
11807
11811
11812
11815
11820
11822
11824
11835
11836
11837
11837
11845
11865
11868
11873
11874
11876
11881
11886
11887
11901
11901
11903
11905
11908
11910
11914
11918
11920
11925
11929
11930
11932
11939
11943
11945
11949
11952
11954
11954
11958
11966
11971
11973
11976
11978
11980
11984
11984
11986
11991
11993
11993
11995
11998
12010
12010
12011
12013
12018
12022
12023
12034
12036
12041
12045
12048
12049
12057
12061
12061
12063
12065
12065
12067
12072
12073
12075
12079
12086
12087
12090
12097
12103
12110
12112
12112
12119
12120
12121
12126
12128
12134
12134
12139
12141
12145
12151
12152
12153
12153
12154
12158
12159
12160
12169
12170
12174
12177
12181
12181
12182
12183
12192
12192
12198
12205
12209
12209
12210
12217
12218
12225
12226
12227
12233
12236
12237
12239
12248
12252
12253
12256
12256
12258
12261
12263
12264
12266
12269
12269
12270
12273
12277
12280
12282
12289
12290
12290
12292
12294
12304
12307
12311
12311
12311
12317
12318
12319
12320
12320
12328
12329
12329
12330
12340
12344
12351
12351
12351
12352
12352
12366
12367
12369
12370
12371
12373
12379
12385
12386
12389
12389
12391
12392
12394
12395
12396
12396
12398
12412
12418
12418
12420
12421
12422
12423
12424
12424
12425
12425
12442
12445
12461
12463
12466
12467
12469
12473
12483
12484
12485
12486
12487
12488
12490
12492
12499
12500
12500
12506
12507
12507
12508
12516
12517
12518
12519
12519
12520
12521
12523
12523
12526
12532
12553
12557
12558
12559
12559
12559
12571
12577
12577
12585
12589
12595
12595
12597
12598
12598
12603
12606
12607
12609
12613
12614
12623
12624
12630
12631
12631
12631
12634
12638
12638
12641
12647
12649
12650
12651
12653
12660
12660
12663
12667
12670
12673
12679
12681
12687
12689
12689
12693
12699
12699
12714
12715
12722
12725
12731
12733
12749
12750
12760
12765
12765
12766
12769
12770
12775
12793
12801
12803
12805
12808
12812
12815
12818
12820
12825
12827
12829
12829
12831
12834
12837
12840
12845
12848
12856
12856
12857
12859
12859
12860
12862
12863
12863
12864
12865
12868
12871
12880
12880
12881
12883
12889
12891
12893
12897
12900
12901
12903
12908
12908
12909
12909
12910
12911
12912
12914
12916
12918
12919
12921
12928
12930
12939
12939
12944
12947
12947
12949
12953
12955
12957
12963
12964
12969
12971
12973
12976
12979
12982
12988
12990
12996
13005
13008
13008
13010
13021
13022
13024
13028
13036
13036
13039
13039
13040
13041
13046
13047
13047
13051
13051
13051
13058
13059
13059
13059
13060
13060
13061
13069
13070
13075
13078
13081
13082
13082
13084
13086
13091
13094
13095
13095
13099
13099
13101
13105
13108
13112
13113
13118
13120
13130
13133
13140
13143
13143
13144
13149
13153
13156
13169
13177
13178
13178
13183
13189
13189
13193
13194
13196
13198
13198
13213
13217
13220
13221
13225
13230
13233
13237
13242
13244
13247
13248
13250
13262
13265
13267
13270
13270
13271
13277
13281
13291
13292
13300
13311
13311
13311
13313
13317
13318
13319
13324
13325
13327
13328
13331
13333
13333
13338
13341
13341
13342
13342
13343
13349
13357
13359
13362
13369
13374
13377
13378
13387
13390
13398
13407
13413
13413
13418
13422
13424
13429
13429
13430
13434
13436
13437
13437
13446
13454
13457
13459
13460
13465
13470
13473
13478
13479
13479
13481
13481
13485
13487
13488
13492
13494
13495
13497
13503
13518
13521
13524
13525
13526
13526
13529
13529
13533
13545
13547
13550
13557
13564
13567
13570
13572
13578
13578
13579
13580
13581
13582
13585
13586
13589
13594
13595
13599
13599
13609
13614
13615
13616
13618
13623
13625
13627
13628
13629
13632
13635
13636
13637
13637
13639
13640
13640
13649
13649
13652
13663
13664
13669
13672
13683
13683
13687
13688
13697
13699
13699
13702
13705
13707
13717
13718
13718
13727
13736
13737
13740
13741
13742
13744
13745
13746
13749
13753
13754
13755
13757
13766
13768
13770
13772
13772
13779
13782
13785
13789
13790
13791
13792
13798
13806
13810
13811
13811
13814
13816
13821
13830
13833
13833
13835
13837
13838
13840
13850
13851
13861
13873
13873
13874
13874
13876
13880
13881
13888
13894
13899
13902
13907
13908
13909
13911
13913
13923
13923
13925
13926
13926
13928
13935
13940
13947
13949
13949
13949
13954
13954
13954
13958
13961
13961
13965
13969
13969
13974
13975
13980
13983
13983
13993
13999
14006
14007
14010
14012
14013
14020
14023
14024
14036
14037
14043
14044
14044
14052
14061
14063
14063
14064
14064
14069
14071
14074
14078
14078
14080
14082
14086
14095
14108
14108
14111
14116
14116
14119
14120
14126
14130
14132
14133
14133
14139
14140
14147
14156
14164
14166
14166
14170
14172
14173
14178
14179
14182
14187
14188
14196
14201
14204
14204
14208
14209
14210
14217
14219
14221
14229
14230
14232
14235
14240
14242
14245
14251
14255
14257
14258
14265
14266
14266
14269
14271
14271
14271
14272
14275
14277
14277
14279
14281
14282
14285
14285
14285
14290
14291
14291
14303
14309
14311
14314
14323
14324
14326
14326
14330
14330
14333
14347
14350
14351
14352
14356
14357
14360
14363
14366
14369
14373
14373
14376
14381
14384
14385
14386
14390
14392
14395
14397
14398
14398
14406
14407
14411
14413
14413
14416
14421
14425
14425
14426
14426
14427
14430
14431
14435
14436
14443
14444
14450
14456
14465
14467
14469
14469
14473
14474
14475
14480
14484
14487
14489
14491
14492
14495
14496
14497
14500
14501
14501
14502
14504
14508
14518
14519
14520
14522
14523
14525
14539
14541
14542
14543
14549
14550
14550
14551
14554
14559
14562
14566
14581
14584
14585
14591
14595
14596
14597
14601
14607
14617
14617
14618
14619
14625
14627
14633
14635
14638
14638
14639
14643
14643
14644
14654
14656
14662
14667
14675
14681
14686
14692
14693
14700
14702
14702
14706
14707
14712
14715
14716
14720
14731
14732
14737
14739
14744
14745
14748
14749
14754
14754
14755
14759
14762
14766
14769
14770
14770
14772
14775
14777
14778
14779
14779
14782
14784
14786
14790
14791
14791
14796
14798
14799
14800
14809
14810
14814
14815
14817
14824
14825
14826
14839
14840
14841
14844
14847
14855
14863
14864
14868
14871
14872
14872
14873
14873
14883
14885
14887
14888
14891
14891
14892
14894
14896
14898
14904
14908
14910
14912
14918
14920
14920
14928
14928
14931
14932
14933
14933
14939
14944
14946
14948
14949
14951
14952
14954
14956
14957
14964
14967
14967
14970
14974
14976
14982
14983
14983
14990
14991
14992
14993
14997
14997
14998
14999
14999
15001
15001
15007
15007
15013
15014
15020
15021
15031
15032
15035
15042
15042
15045
15045
15047
15049
15051
15060
15065
15066
15067
15071
15072
15073
15076
15084
15086
15088
15093
15111
15114
15117
15119
15120
15122
15127
15129
15134
15136
15145
15145
15146
15147
15148
15149
15152
15156
15160
15160
15162
15163
15163
15167
15171
15172
15173
15177
15178
15178
15180
15180
15182
15183
15189
15191
15195
15204
15205
15205
15206
15206
15212
15212
15213
15215
15220
15222
15222
15229
15234
15239
15242
15244
15244
15244
15253
15257
15259
15265
15269
15271
15272
15278
15280
15282
15282
15283
15283
15285
15287
15287
15288
15300
15300
15301
15302
15307
15311
15312
15329
15329
15331
15338
15345
15349
15353
15353
15355
15361
15372
15373
15382
15383
15383
15384
15385
15394
15397
15400
15402
15405
15405
15406
15406
15420
15423
15424
15426
15426
15428
15429
15429
15430
15433
15434
15434
15436
15436
15440
15440
15442
15444
15451
15453
15455
15456
15459
15461
15463
15465
15469
15472
15473
15476
15481
15483
15484
15484
15487
15495
15499
15500
15503
15505
15508
15515
15526
15529
15538
15541
15541
15542
15546
15554
15555
15563
15572
15572
15573
15573
15582
15582
15597
15603
15604
15607
15614
15618
15624
15624
15625
15628
15628
15631
15639
15645
15651
15657
15666
15668
15674
15679
15683
15684
15686
15687
15691
15693
15697
15699
15701
15702
15702
15705
15707
15707
15707
15707
15710
15710
15711
15713
15714
15714
15716
15716
15726
15728
15729
15738
15741
15748
15752
15762
15766
15766
15768
15770
15773
15776
15780
15798
15799
15800
15805
15810
15812
15813
15814
15818
15822
15830
15835
15838
15844
15848
15854
15864
15865
15866
15869
15871
15875
15876
15882
15897
15899
15901
15908
15909
15911
15912
15914
15920
15930
15931
15938
15940
15940
15942
15949
15949
15960
15966
15969
15973
15974
15985
15986
15988
15991
15992
15994
15998
15998
16006
16012
16013
16013
16015
16016
16020
16024
16029
16037
16040
16041
16042
16048
16054
16061
16063
16063
16064
16067
16067
16072
16078
16080
16080
16082
16099
16109
16122
16125
16127
16128
16129
16133
16134
16147
16150
16153
16158
16159
16161
16164
16166
16174
16175
16176
16177
16178
16190
16197
16202
16205
16208
16209
16211
16212
16214
16215
16217
16220
16227
16228
16231
16233
16233
16236
16238
16238
16240
16241
16249
16252
16258
16261
16264
16266
16273
16276
16277
16278
16278
16286
16287
16287
16290
16293
16293
16294
16295
16301
16301
16301
16307
16308
16309
16312
16313
16314
16315
16317
16320
16324
16326
16330
16331
16336
16342
16343
16346
16350
16356
16360
16362
16367
16368
16376
16376
16377
16378
16381
16390
16390
16390
16394
16401
16407
16410
16413
16413
16417
16417
16419
16419
16422
16425
16426
16427
16436
16441
16443
16446
16447
16447
16454
16459
16460
16462
16472
16473
16474
16475
16479
16480
16485
16489
16493
16494
16495
16498
16500
16501
16501
16504
16514
16520
16522
16524
16525
16525
16531
16532
16535
16538
16540
16540
16543
16546
16549
16550
16554
16558
16559
16562
16565
16567
16567
16568
16570
16572
16574
16575
16583
16587
16588
16591
16593
16594
16594
16600
16600
16600
16602
16605
16608
16609
16612
16616
16623
16625
16628
16631
16631
16633
16634
16634
16634
16637
16642
16642
16643
16652
16658
16659
16660
16660
16663
16666
16672
16677
16681
16681
16681
16685
16685
16685
16687
16695
16699
16699
16700
16704
16708
16709
16711
16715
16719
16724
16725
16728
16728
16733
16736
16738
16739
16746
16747
16747
16756
16759
16770
16771
16774
16778
16780
16782
16782
16783
16785
16792
16797
16800
16801
16806
16809
16814
16817
16825
16825
16826
16826
16827
16832
16834
16838
16844
16846
16847
16856
16858
16861
16861
16863
16864
16876
16881
16881
16891
16891
16891
16891
16894
16896
16897
16901
16902
16906
16906
16908
16912
16915
16915
16921
16921
16923
16923
16925
16926
16929
16930
16930
16934
16935
16938
16940
16941
16946
16947
16952
16957
16965
16968
16969
16970
16971
16972
16973
16975
16978
16978
16982
16985
16989
16992
16994
16996
16997
17003
17003
17005
17009
17010
17011
17013
17016
17018
17021
17028
17032
17035
17036
17036
17037
17038
17043
17050
17053
17058
17061
17061
17062
17065
17069
17070
17075
17077
17079
17082
17087
17088
17096
17096
17099
17103
17103
17115
17117
17118
17125
17133
17149
17149
17151
17152
17153
17156
17158
17166
17169
17170
17174
17174
17180
17180
17184
17186
17187
17189
17191
17200
17201
17208
17208
17219
17222
17225
17226
17230
17232
17235
17241
17246
17252
17253
17259
17268
17271
17273
17274
17278
17278
17283
17287
17292
17297
17297
17299
17301
17302
17303
17309
17311
17312
17317
17319
17319
17320
17321
17324
17325
17328
17334
17336
17341
17341
17341
17343
17349
17353
17354
17358
17359
17376
17380
17387
17388
17395
17400
17403
17411
17422
17422
17426
17430
17431
17440
17442
17443
17445
17445
17449
17451
17461
17463
17465
17465
17469
17472
17478
17483
17485
17486
17486
17486
17488
17489
17489
17493
17503
17504
17507
17518
17525
17527
17528
17528
17534
17534
17534
17539
17542
17544
17548
17551
17554
17554
17555
17560
17562
17568
17569
17577
17577
17580
17582
17583
17584
17588
17588
17588
17590
17590
17593
17595
17597
17602
17608
17610
17610
17611
17613
17617
17617
17624
17624
17626
17626
17627
17627
17628
17630
17632
17635
17640
17641
17642
17645
17648
17648
17658
17659
17659
17661
17661
17672
17678
17679
17681
17683
17684
17691
17692
17696
17700
17701
17702
17704
17704
17708
17708
17709
17710
17710
17711
17712
17712
17713
17718
17720
17727
17731
17732
17741
17747
17747
17747
17749
17753
17755
17757
17761
17770
17773
17776
17776
17778
17790
17794
17796
17797
17799
17807
17808
17810
17813
17815
17821
17822
17824
17824
17826
17827
17827
17834
17835
17836
17837
17841
17845
17845
17846
17849
17854
17855
17857
17857
17858
17863
17864
17865
17868
17871
17874
17875
17877
17881
17889
17891
17891
17892
17894
17896
17896
17896
17898
17898
17900
17905
17907
17910
17910
17911
17912
17916
17920
17922
17924
17924
17930
17932
17934
17943
17949
17950
17960
17961
17961
17964
17972
17972
17973
17974
17974
17977
17978
17986
17987
17993
17997
18000
18004
18009
18010
18012
18015
18020
18021
18024
18025
18032
18037
18041
18042
18046
18049
18050
18052
18054
18055
18064
18067
18068
18071
18072
18074
18076
18077
18078
18078
18081
18082
18083
18086
18086
18086
18095
18099
18099
18103
18108
18108
18109
18111
18114
18114
18117
18117
18118
18121
18123
18123
18130
18133
18140
18141
18146
18149
18150
18152
18155
18158
18160
18163
18164
18167
18172
18180
18192
18194
18199
18199
18202
18203
18205
18207
18213
18214
18219
18237
18242
18244
18249
18249
18250
18253
18253
18256
18256
18258
18265
18266
18268
18271
18275
18278
18280
18281
18282
18289
18294
18297
18297
18302
18304
18305
18308
18309
18312
18313
18318
18319
18323
18325
18325
18325
18326
18338
18341
18344
18345
18347
18350
18354
18355
18357
18360
18363
18365
18366
18372
18372
18373
18377
18377
18378
18381
18389
18389
18390
18392
18409
18412
18417
18417
18418
18420
18423
18423
18425
18426
18426
18433
18435
18445
18447
18447
18448
18448
18449
18455
18458
18461
18461
18468
18468
18469
18471
18472
18474
18475
18476
18482
18482
18483
18486
18491
18497
18502
18506
18511
18515
18515
18518
18518
18519
18521
18522
18523
18530
18530
18530
18535
18535
18540
18541
18543
18543
18544
18545
18546
18554
18554
18555
18557
18561
18561
18562
18567
18568
18575
18577
18577
18580
18587
18588
18588
18589
18590
18592
18595
18599
18601
18602
18606
18606
18607
18608
18610
18610
18611
18619
18622
18626
18627
18630
18632
18641
18642
18642
18642
18645
18652
18653
18654
18656
18657
18660
18663
18664
18665
18670
18671
18672
18673
18673
18682
18685
18688
18689
18694
18694
18698
18700
18704
18709
18713
18727
18731
18737
18738
18744
18747
18750
18751
18751
18760
18766
18768
18768
18770
18771
18772
18773
18775
18778
18779
18781
18784
18796
18797
18801
18804
18805
18807
18810
18810
18813
18814
18815
18816
18818
18819
18820
18821
18823
18826
18826
18828
18843
18846
18847
18848
18852
18853
18855
18857
18860
18862
18869
18871
18883
18884
18885
18888
18890
18895
18897
18900
18903
18906
18906
18908
18910
18911
18912
18914
18914
18917
18920
18920
18927
18929
18933
18938
18939
18941
18942
18944
18947
18947
18949
18954
18957
18960
18965
18965
18967
18967
18968
18972
18975
18978
18984
18986
18987
18987
18997
19000
19003
19004
19004
19006
19007
19007
19007
19010
19013
19018
19019
19022
19024
19025
19030
19031
19034
19034
19044
19049
19050
19051
19053
19055
19058
19060
19062
19064
19064
19067
19067
19067
19070
19073
19074
19080
19086
19089
19092
19095
19097
19105
19112
19113
19114
19114
19118
19122
19126
19135
19138
19150
19150
19151
19154
19164
19168
19173
19173
19177
19183
19187
19188
19189
19191
19192
19196
19196
19196
19202
19205
19206
19209
19212
19224
19226
19229
19232
19232
19232
19236
19237
19240
19245
19249
19250
19251
19254
19259
19260
19273
19285
19291
19293
19296
19297
19297
19302
19306
19311
19313
19316
19319
19322
19324
19334
19338
19340
19342
19346
19353
19353
19356
19372
19374
19375
19376
19378
19379
19382
19382
19384
19390
19393
19394
19396
19402
19403
19405
19407
19408
19409
19412
19415
19416
19418
19423
19423
19424
19425
19429
19430
19430
19432
19432
19433
19441
19443
19444
19446
19454
19458
19459
19465
19466
19468
19470
19473
19479
19480
19481
19485
19488
19489
19499
19501
19505
19508
19508
19512
19518
19518
19519
19524
19526
19528
19529
19545
19552
19554
19555
19556
19556
19564
19565
19567
19569
19574
19575
19580
19580
19586
19587
19591
19592
19593
19594
19595
19597
19598
19600
19605
19618
19620
19621
19626
19628
19630
19633
19654
19661
19663
19665
19670
19677
19682
19684
19684
19688
19689
19692
19698
19704
19707
19708
19709
19712
19714
19716
19716
19722
19722
19731
19745
19747
19749
19751
19753
19756
19757
19759
19768
19781
19789
19792
19796
19800
19801
19802
19805
19808
19808
19811
19811
19812
19813
19813
19822
19823
19823
19838
19848
19851
19853
19855
19857
19859
19859
19861
19868
19869
19869
19870
19885
19887
19890
19892
19895
19906
19909
19914
19917
19922
19935
19936
19938
19940
19941
19942
19942
19943
19945
19947
19949
19950
19951
19955
19955
19957
19957
19959
19960
19962
19965
19970
19976
19979
19984
19993
19996
20005
20005
20006
20016
20017
20018
20019
20020
20022
20022
20025
20031
20033
20037
20038
20040
20043
20044
20047
20050
20052
20052
20053
20053
20054
20055
20055
20058
20059
20072
20083
20087
20088
20091
20091
20095
20096
20098
20098
20100
20100
20103
20106
20106
20113
20113
20120
20120
20122
20127
20134
20136
20136
20137
20139
20142
20145
20146
20146
20150
20153
20158
20159
20159
20160
20161
20164
20169
20170
20172
20175
20191
20192
20192
20193
20200
20205
20210
20217
20225
20227
20228
20232
20232
20233
20236
20238
20238
20240
20242
20243
20248
20248
20254
20255
20263
20265
20270
20274
20275
20277
20279
20283
20283
20284
20287
20297
20300
20301
20303
20304
20305
20309
20319
20320
20327
20327
20330
20332
20333
20334
20341
20343
20348
20348
20349
20359
20360
20360
20365
20369
20379
20380
20386
20386
20390
20393
20396
20396
20396
20397
20399
20404
20410
20412
20419
20420
20420
20426
20427
20432
20435
20437
20438
20439
20441
20446
20448
20449
20452
20454
20462
20465
20469
20469
20479
20479
20481
20484
20484
20485
20487
20488
20492
20495
20495
20500
20503
20503
20504
20507
20509
20512
20514
20515
20519
20532
20533
20540
20548
20551
20553
20555
20555
20558
20558
20559
20560
20563
20564
20565
20566
20570
20571
20574
20576
20580
20581
20585
20585
20588
20589
20590
20597
20605
20605
20608
20609
20613
20614
20615
20616
20617
20621
20624
20629
20634
20637
20640
20641
20643
20643
20643
20644
20653
20653
20655
20657
20663
20664
20664
20676
20682
20685
20700
20702
20704
20707
20709
20710
20715
20717
20723
20725
20726
20727
20729
20732
20735
20739
20743
20744
20746
20752
20753
20753
20755
20757
20759
20760
20767
20769
20771
20772
20773
20778
20779
20782
20787
20790
20793
20795
20796
20801
20807
20809
20813
20820
20828
20832
20835
20838
20842
20848
20852
20855
20862
20863
20863
20866
20874
20878
20878
20888
20891
20893
20900
20904
20905
20906
20911
20915
20923
20924
20925
20928
20929
20929
20929
20930
20930
20931
20933
20947
20948
20958
20958
20961
20962
20963
20964
20965
20966
20972
20974
20978
20979
20981
20987
20988
20990
20992
20994
20996
20997
20999
21000
21011
21014
21021
21023
21035
21035
21039
21042
21042
21045
21046
21049
21049
21052
21061
21061
21063
21065
21066
21069
21074
21075
21076
21080
21081
21082
21092
21093
21093
21097
21098
21104
21104
21106
21108
21110
21111
21111
21117
21118
21121
21127
21127
21129
21129
21134
21135
21137
21140
21144
21147
21149
21150
21151
21157
21159
21160
21160
21160
21162
21166
21171
21174
21182
21182
21182
21183
21187
21190
21198
21203
21204
21205
21207
21212
21215
21224
21236
21236
21240
21248
21249
21254
21256
21257
21260
21261
21265
21266
21272
21275
21275
21279
21286
21287
21287
21293
21296
21297
21301
21303
21306
21307
21310
21314
21315
21316
21317
21320
21320
21322
21324
21325
21326
21327
21328
21338
21350
21358
21359
21365
21366
21368
21369
21370
21376
21378
21386
21387
21387
21388
21390
21392
21395
21397
21400
21400
21403
21406
21408
21410
21413
21414
21415
21416
21421
21422
21425
21425
21425
21437
21439
21442
21446
21462
21463
21467
21467
21467
21476
21477
21480
21481
21493
21494
21498
21500
21509
21515
21515
21516
21522
21524
21527
21531
21536
21542
21546
21546
21547
21548
21553
21559
21561
21563
21565
21565
21567
21573
21574
21574
21575
21578
21581
21584
21591
21596
21597
21597
21600
21603
21605
21605
21622
21625
21626
21627
21628
21629
21631
21633
21641
21643
21644
21646
21647
21648
21648
21651
21653
21654
21654
21659
21660
21670
21673
21674
21676
21677
21681
21681
21682
21684
21695
21707
21707
21716
21717
21718
21720
21721
21725
21729
21729
21730
21730
21734
21735
21736
21741
21744
21745
21745
21748
21748
21754
21760
21764
21765
21770
21772
21774
21775
21775
21780
21788
21788
21790
21791
21796
21796
21798
21800
21806
21807
21811
21812
21814
21814
21816
21827
21830
21832
21837
21837
21839
21843
21845
21846
21847
21847
21850
21856
21856
21861
21861
21863
21866
21870
21871
21873
21875
21885
21888
21890
21891
21891
21893
21896
21897
21902
21904
21913
21916
21920
21921
21927
21934
21943
21950
21954
21960
21967
21967
21968
21969
21974
21979
21982
21983
21991
21992
21994
21997
21997
21998
22002
22002
22007
22011
22012
22014
22018
22018
22023
22028
22029
22034
22038
22045
22060
22062
22063
22069
22069
22070
22073
22074
22079
22088
22096
22096
22096
22102
22102
22103
22104
22105
22107
22107
22111
22120
22122
22124
22129
22130
22132
22133
22138
22139
22142
22145
22149
22150
22151
22151
22153
22154
22156
22157
22158
22165
22166
22166
22171
22171
22172
22174
22176
22181
22190
22191
22191
22192
22192
22196
22203
22203
22207
22210
22210
22211
22213
22214
22221
22223
22223
22224
22226
22230
22231
22232
22234
22238
22240
22244
22247
22249
22251
22252
22253
22260
22262
22262
22264
22271
22273
22274
22290
22298
22302
22304
22313
22317
22317
22318
22320
22322
22323
22325
22334
22336
22338
22347
22351
22352
22357
22360
22363
22372
22376
22377
22377
22378
22378
22380
22382
22383
22391
22393
22396
22396
22398
22404
22407
22409
22413
22419
22424
22426
22430
22431
22431
22435
22439
22440
22440
22448
22452
22452
22461
22462
22463
22466
22468
22476
22477
22477
22480
22488
22490
22493
22494
22495
22497
22500
22506
22507
22510
22513
22526
22528
22532
22533
22540
22541
22542
22549
22550
22554
22554
22559
22562
22562
22562
22564
22564
22568
22582
22582
22584
22584
22585
22588
22588
22589
22591
22594
22596
22602
22608
22608
22609
22609
22610
22611
22621
22622
22623
22626
22635
22637
22637
22639
22644
22645
22645
22646
22652
22660
22662
22663
22664
22669
22673
22674
22681
22683
22688
22691
22691
22692
22693
22694
22697
22697
22698
22702
22708
22708
22712
22713
22713
22715
22715
22717
22718
22727
22729
22733
22745
22746
22746
22749
22751
22755
22755
22757
22763
22765
22770
22773
22779
22780
22782
22786
22787
22787
22794
22795
22798
22799
22799
22802
22805
22808
22810
22811
22813
22816
22816
22816
22817
22828
22829
22830
22843
22845
22847
22850
22850
22857
22862
22862
22862
22865
22875
22880
22887
22889
22890
22891
22892
22898
22899
22905
22905
22907
22908
22914
22924
22925
22928
22934
22935
22935
22947
22951
22954
22956
22961
22965
22969
22984
22987
22990
22990
22992
22993
22996
23001
23006
23009
23013
23015
23015
23017
23020
23021
23022
23025
23026
23029
23031
23032
23035
23039
23040
23040
23044
23044
23044
23045
23048
23051
23052
23054
23054
23060
23060
23063
23065
23067
23075
23082
23083
23086
23092
23092
23097
23104
23110
23120
23123
23130
23131
23132
23134
23135
23136
23144
23145
23146
23149
23151
23163
23165
23166
23167
23178
23179
23181
23186
23186
23187
23199
23201
23202
23207
23207
23208
23210
23211
23212
23220
23222
23223
23235
23244
23256
23256
23257
23258
23263
23264
23265
23271
23275
23275
23278
23283
23283
23285
23293
23296
23297
23298
23300
23300
23301
23303
23309
23311
23312
23314
23314
23324
23327
23328
23330
23331
23333
23339
23339
23343
23346
23352
23367
23372
23374
23378
23379
23381
23385
23389
23390
23390
23392
23393
23395
23395
23400
23400
23402
23402
23403
23403
23407
23407
23414
23419
23424
23430
23435
23438
23441
23442
23443
23444
23446
23447
23450
23457
23457
23458
23458
23460
23465
23466
23470
23475
23476
23476
23477
23481
23483
23484
23486
23486
23489
23490
23493
23494
23494
23497
23501
23504
23507
23508
23511
23517
23518
23518
23522
23525
23527
23531
23533
23544
23545
23551
23552
23555
23564
23570
23571
23578
23579
23584
23585
23588
23588
23590
23593
23594
23598
23601
23602
23603
23608
23609
23610
23612
23614
23616
23618
23620
23621
23626
23626
23627
23628
23635
23636
23638
23647
23655
23656
23657
23669
23671
23679
23681
23681
23688
23689
23690
23691
23703
23704
23706
23708
23713
23725
23731
23732
23732
23733
23733
23735
23735
23737
23742
23744
23745
23746
23746
23747
23748
23749
23750
23752
23760
23763
23768
23776
23780
23793
23795
23796
23797
23800
23801
23807
23809
23810
23828
23830
23830
23834
23835
23836
23836
23839
23845
23848
23849
23852
23859
23867
23867
23868
23872
23874
23875
23877
23885
23885
23889
23891
23891
23892
23894
23901
23906
23910
23912
23913
23916
23917
23922
23923
23924
23924
23924
23931
23938
23939
23941
23944
23944
23944
23946
23962
23963
23967
23970
23973
23975
23979
23982
23982
23994
23995
23995
23995
23997
24001
24001
24003
24009
24015
24016
24017
24018
24020
24022
24023
24023
24029
24029
24031
24036
24038
24039
24041
24042
24044
24047
24049
24049
24055
24057
24058
24059
24060
24063
24065
24066
24068
24068
24069
24069
24070
24071
24072
24075
24079
24083
24085
24088
24090
24091
24091
24091
24100
24101
24108
24110
24112
24114
24119
24126
24131
24139
24148
24148
24150
24154
24161
24163
24163
24169
24170
24171
24174
24174
24175
24178
24179
24181
24185
24190
24190
24197
24202
24215
24216
24231
24233
24238
24241
24242
24243
24246
24250
24253
24255
24260
24261
24262
24262
24263
24264
24280
24281
24281
24285
24286
24287
24290
24294
24295
24303
24311
24311
24314
24317
24322
24323
24324
24325
24327
24330
24332
24336
24339
24340
24340
24342
24343
24343
24348
24351
24355
24363
24378
24378
24382
24385
24387
24392
24393
24397
24401
24402
24402
24403
24405
24411
24412
24413
24417
24420
24424
24427
24429
24430
24432
24435
24435
24439
24440
24444
24445
24449
24452
24458
24460
24466
24466
24474
24476
24482
24482
24487
24487
24491
24492
24500
24501
24502
24502
24507
24507
24508
24513
24517
24518
24519
24523
24525
24529
24537
24549
24552
24557
24558
24559
24561
24568
24579
24581
24582
24591
24596
24598
24606
24607
24612
24612
24614
24617
24620
24622
24623
24625
24626
24627
24632
24637
24641
24647
24648
24648
24648
24649
24653
24657
24666
24667
24668
24674
24674
24677
24678
24678
24679
24690
24690
24691
24698
24699
24702
24703
24705
24707
24710
24711
24714
24714
24723
24723
24724
24726
24730
24731
24733
24735
24737
24739
24744
24746
24750
24758
24764
24765
24765
24767
24771
24772
24775
24781
24784
24789
24789
24791
24793
24793
24794
24814
24815
24816
24825
24827
24828
24837
24839
24841
24843
24845
24846
24852
24855
24855
24858
24863
24863
24868
24875
24886
24889
24890
24891
24894
24896
24897
24899
24900
24902
24904
24911
24921
24922
24929
24935
24946
24948
24951
24951
24953
24954
24956
24957
24961
24970
24972
24972
24973
24975
24977
24978
24982
24984
24985
24992
24996
24996
24998
25002
25009
25010
25011
25011
25011
25013
25016
25016
25016
25018
25019
25023
25024
25028
25033
25035
25041
25041
25041
25042
25046
25047
25051
25051
25051
25052
25053
25060
25066
25066
25070
25076
25078
25080
25080
25084
25086
25091
25091
25092
25093
25099
25102
25104
25105
25116
25121
25132
25133
25138
25139
25146
25147
25153
25156
25162
25165
25165
25170
25170
25184
25188
25190
25194
25197
25201
25202
25202
25203
25206
25208
25215
25215
25217
25217
25218
25219
25220
25225
25226
25227
25232
25243
25246
25260
25262
25263
25265
25268
25270
25271
25272
25272
25277
25278
25285
25292
25294
25295
25295
25297
25300
25300
25301
25307
25308
25308
25310
25313
25316
25321
25322
25325
25328
25329
25331
25334
25342
25346
25346
25348
25350
25351
25351
25356
25361
25364
25369
25371
25373
25375
25375
25382
25394
25397
25398
25399
25401
25402
25403
25407
25412
25415
25418
25419
25423
25428
25430
25434
25436
25439
25440
25445
25448
25456
25462
25463
25470
25477
25478
25478
25482
25485
25486
25491
25492
25495
25496
25497
25498
25500
25501
25502
25505
25508
25512
25512
25520
25523
25533
25538
25541
25541
25545
25549
25553
25556
25556
25560
25562
25563
25564
25566
25567
25570
25570
25573
25582
25582
25584
25586
25588
25590
25590
25592
25596
25599
25600
25602
25602
25604
25604
25607
25615
25617
25617
25617
25617
25626
25631
25637
25648
25651
25651
25654
25655
25656
25661
25662
25662
25666
25666
25666
25673
25674
25675
25686
25692
25693
25693
25693
25695
25695
25696
25698
25699
25701
25701
25705
25705
25708
25709
25711
25711
25713
25714
25715
25722
25722
25722
25723
25726
25730
25734
25736
25738
25739
25741
25745
25750
25752
25754
25757
25765
25770
25774
25776
25777
25780
25781
25781
25783
25786
25800
25813
25815
25820
25821
25822
25824
25828
25828
25841
25842
25846
25847
25850
25854
25856
25857
25859
25864
25867
25879
25883
25886
25889
25890
25892
25895
25902
25903
25911
25916
25917
25918
25920
25921
25922
25923
25927
25936
25940
25941
25942
25942
25944
25944
25947
25950
25956
25957
25961
25966
25966
25967
25967
25972
25973
25975
25982
25984
25988
25989
25996
26000
26000
26003
26003
26005
26012
26012
26013
26014
26015
26018
26025
26030
26030
26031
26032
26045
26052
26053
26056
26058
26059
26059
26067
26068
26071
26071
26072
26076
26080
26082
26082
26092
26093
26095
26101
26102
26104
26106
26110
26114
26118
26118
26127
26129
26131
26133
26139
26146
26150
26152
26155
26156
26157
26166
26168
26174
26178
26181
26182
26185
26191
26192
26193
26197
26198
26201
26202
26204
26206
26211
26213
26214
26214
26216
26218
26220
26223
26227
26228
26230
26231
26234
26236
26249
26250
26251
26251
26253
26254
26256
26256
26266
26270
26270
26285
26292
26294
26296
26296
26300
26301
26303
26304
26305
26311
26314
26316
26322
26330
26333
26346
26347
26347
26349
26351
26353
26355
26355
26358
26358
26360
26365
26366
26370
26372
26373
26375
26379
26389
26392
26392
26393
26394
26394
26397
26398
26401
26406
26408
26409
26409
26410
26421
26421
26426
26429
26441
26446
26446
26450
26455
26456
26457
26466
26467
26470
26471
26472
26473
26473
26477
26478
26479
26480
26490
26491
26492
26498
26500
26502
26504
26507
26509
26512
26528
26534
26535
26536
26546
26550
26550
26554
26557
26566
26568
26570
26570
26573
26573
26574
26576
26590
26590
26594
26596
26597
26598
26600
26604
26605
26608
26612
26615
26617
26617
26617
26626
26630
26641
26644
26645
26648
26652
26654
26654
26658
26662
26671
26672
26676
26679
26682
26683
26684
26686
26688
26688
26691
26702
26704
26705
26708
26713
26714
26724
26729
26729
26732
26733
26734
26734
26735
26736
26739
26739
26740
26743
26749
26749
26750
26752
26756
26758
26758
26761
26762
26763
26770
26782
26783
26783
26785
26786
26788
26788
26796
26798
26800
26801
26804
26810
26815
26816
26820
26822
26822
26823
26828
26830
26831
26833
26834
26834
26838
26843
26843
26849
26851
26852
26854
26863
26867
26874
26876
26881
26884
26884
26888
26889
26891
26895
26902
26905
26911
26912
26915
26916
26916
26921
26922
26927
26931
26935
26936
26939
26940
26948
26952
26954
26957
26960
26961
26961
26967
26968
26970
26973
26974
26975
26977
26981
26982
26986
26986
26988
26990
26991
26998
27005
27006
27008
27010
27011
27012
27013
27015
27016
27021
27024
27031
27037
27039
27039
27040
27041
27042
27043
27044
27051
27058
27058
27059
27062
27066
27072
27077
27082
27082
27089
27092
27094
27095
27096
27097
27099
27101
27104
27105
27115
27116
27121
27123
27126
27127
27128
27131
27136
27138
27141
27141
27145
27146
27147
27148
27154
27166
27166
27167
27172
27173
27175
27175
27181
27183
27184
27187
27190
27192
27192
27193
27194
27198
27200
27201
27207
27208
27208
27211
27216
27217
27217
27224
27228
27234
27235
27238
27241
27248
27249
27255
27259
27262
27262
27263
27266
27266
27266
27268
27274
27284
27286
27294
27295
27300
27305
27306
27307
27313
27315
27319
27322
27323
27323
27325
27327
27330
27333
27337
27340
27342
27345
27347
27347
27347
27350
27352
27353
27355
27356
27362
27367
27367
27369
27371
27374
27375
27387
27387
27390
27391
27393
27393
27397
27398
27398
27400
27404
27405
27409
27412
27413
27415
27415
27420
27420
27423
27429
27431
27437
27439
27444
27445
27447
27452
27462
27466
27466
27467
27468
27477
27479
27481
27492
27495
27499
27503
27509
27514
27515
27517
27521
27522
27527
27532
27532
27533
27535
27537
27545
27546
27547
27548
27549
27554
27558
27560
27560
27561
27568
27577
27580
27582
27585
27589
27592
27595
27599
27602
27611
27613
27615
27616
27617
27617
27621
27630
27644
27645
27647
27647
27648
27648
27653
27657
27663
27668
27668
27670
27673
27676
27677
27677
27681
27683
27688
27692
27692
27697
27708
27712
27717
27718
27720
27721
27723
27726
27729
27733
27736
27736
27736
27741
27742
27743
27745
27746
27750
27752
27761
27764
27766
27769
27770
27771
27777
27786
27790
27790
27794
27797
27801
27807
27808
27811
27817
27831
27832
27833
27835
27839
27840
27842
27846
27850
27850
27853
27856
27856
27856
27868
27868
27871
27872
27875
27877
27881
27890
27893
27895
27897
27899
27902
27902
27906
27909
27919
27921
27925
27930
27935
27946
27946
27949
27950
27951
27952
27954
27962
27962
27972
27976
27980
27981
27983
27984
27988
27994
27996
27996
27997
28003
28005
28006
28012
28020
28021
28024
28026
28027
28028
28031
28042
28053
28054
28054
28059
28063
28065
28065
28065
28066
28067
28070
28071
28084
28085
28102
28103
28105
28108
28112
28112
28112
28117
28120
28121
28126
28134
28138
28144
28152
28153
28153
28156
28159
28161
28163
28164
28164
28166
28169
28171
28171
28173
28174
28178
28184
28187
28191
28191
28192
28195
28207
28211
28215
28218
28221
28223
28228
28240
28242
28243
28245
28246
28251
28259
28260
28261
28268
28269
28270
28275
28276
28276
28282
28286
28287
28294
28297
28298
28302
28312
28318
28333
28338
28339
28346
28347
28348
28350
28350
28352
28352
28354
28360
28360
28361
28365
28368
28376
28379
28381
28382
28384
28386
28390
28392
28396
28401
28402
28416
28418
28428
28435
28436
28436
28442
28451
28455
28457
28468
28474
28477
28482
28483
28484
28486
28488
28488
28488
28493
28494
28494
28499
28506
28508
28510
28512
28517
28521
28525
28537
28543
28543
28546
28553
28554
28558
28560
28563
28564
28564
28568
28573
28576
28585
28594
28596
28597
28598
28598
28600
28605
28616
28618
28619
28623
28630
28631
28635
28636
28637
28637
28642
28644
28645
28647
28648
28649
28661
28661
28665
28666
28667
28679
28682
28689
28691
28703
28707
28709
28719
28721
28724
28725
28731
28742
28747
28747
28748
28754
28756
28758
28760
28760
28765
28769
28770
28772
28777
28778
28781
28784
28787
28793
28794
28796
28809
28809
28809
28815
28816
28816
28816
28820
28823
28827
28829
28832
28837
28837
28838
28842
28844
28848
28849
28851
28851
28852
28852
28865
28867
28876
28885
28890
28892
28894
28895
28895
28896
28897
28901
28902
28905
28907
28916
28920
28924
28927
28940
28943
28968
28969
28971
28973
28980
28982
28982
28985
28990
28991
28997
28999
29000
29005
29006
29006
29007
29010
29013
29015
29016
29019
29022
29022
29024
29033
29034
29038
29040
29042
29043
29047
29048
29049
29051
29053
29054
29056
29063
29064
29065
29067
29071
29071
29072
29073
29085
29085
29099
29100
29101
29102
29103
29116
29122
29125
29129
29132
29134
29136
29140
29143
29145
29146
29147
29149
29151
29162
29165
29169
29170
29171
29173
29179
29180
29182
29183
29184
29193
29196
29197
29204
29211
29212
29222
29222
29223
29228
29231
29240
29243
29249
29251
29251
29251
29253
29259
29270
29271
29278
29280
29282
29285
29285
29289
29293
29299
29318
29318
29323
29327
29328
29344
29350
29351
29355
29357
29357
29363
29363
29363
29367
29377
29386
29392
29396
29406
29412
29413
29416
29425
29437
29443
29445
29446
29462
29465
29466
29466
29467
29469
29471
29473
29474
29481
29481
29486
29493
29495
29498
29498
29500
29503
29505
29517
29517
29517
29518
29519
29519
29521
29527
29530
29531
29531
29535
29541
29542
29553
29559
29562
29565
29566
29567
29571
29573
29575
29578
29580
29589
29589
29591
29595
29595
29598
29606
29608
29611
29612
29612
29615
29617
29618
29619
29622
29624
29627
29628
29630
29631
29632
29633
29634
29634
29635
29636
29639
29640
29647
29648
29648
29650
29662
29663
29664
29667
29672
29676
29676
29685
29688
29688
29690
29691
29694
29697
29703
29705
29706
29706
29707
29707
29708
29715
29717
29718
29721
29729
29733
29734
29736
29740
29746
29748
29757
29760
29767
29773
29775
29778
29779
29780
29781
29787
29790
29795
29798
29800
29805
29806
29810
29810
29817
29817
29844
29844
29846
29847
29848
29850
29854
29860
29864
29868
29875
29885
29889
29890
29893
29896
29896
29898
29910
29913
29915
29918
29918
29919
29922
29924
29925
29927
29931
29932
29933
29934
29935
29935
29938
29939
29939
29944
29944
29948
29952
29953
29955
29955
29959
29962
29964
29967
29967
29968
29969
29974
29976
29976
29982
29985
29987
29987
29995
29998
26132
26
26106
