10000
3
5
5
8
12
15
17
18
21
23
25
31
33
34
39
42
44
45
54
61
62
66
68
69
70
72
73
76
77
81
83
83
86
88
92
97
100
104
105
106
107
107
110
113
113
115
116
116
117
118
118
127
127
127
128
129
135
135
138
142
143
144
153
161
162
170
175
178
180
184
187
190
196
197
199
200
202
203
207
207
212
219
220
220
220
223
228
239
248
248
249
255
256
256
267
274
275
284
286
287
288
291
295
300
309
313
321
328
328
332
338
339
340
341
345
357
358
363
368
371
377
377
378
379
382
384
384
389
392
393
398
399
400
406
409
413
414
414
429
431
432
434
438
440
445
450
459
463
464
464
464
465
470
475
485
490
494
495
501
506
506
508
515
516
521
531
534
534
538
541
543
551
558
562
567
569
570
577
579
590
590
591
596
598
598
598
599
600
602
605
606
613
618
621
625
626
627
628
629
630
630
633
635
644
650
654
654
655
663
665
672
673
675
679
683
687
692
695
695
696
697
700
701
703
705
717
719
719
722
732
736
737
744
748
752
753
758
761
763
763
767
767
768
771
773
774
777
778
779
782
783
796
803
818
819
821
822
829
829
830
834
838
838
840
844
845
851
852
859
861
863
864
865
870
884
887
891
894
899
906
907
911
916
917
923
923
924
924
926
931
932
932
933
933
936
938
946
948
949
953
954
955
958
959
964
966
968
968
969
970
972
973
975
975
977
982
988
989
994
995
998
998
999
1000
1001
1002
1010
1011
1016
1016
1018
1023
1025
1026
1029
1036
1040
1041
1049
1057
1058
1067
1067
1072
1078
1083
1083
1084
1087
1090
1092
1095
1106
1110
1110
1114
1114
1117
1123
1124
1126
1130
1139
1139
1145
1146
1146
1148
1150
1162
1163
1164
1165
1168
1170
1173
1180
1185
1186
1186
1193
1198
1203
1206
1213
1214
1223
1239
1240
1242
1254
1263
1270
1271
1275
1284
1288
1290
1291
1292
1293
1298
1302
1302
1313
1317
1318
1319
1323
1336
1339
1346
1349
1357
1359
1365
1367
1369
1370
1370
1371
1374
1374
1376
1397
1397
1398
1402
1403
1413
1433
1433
1434
1442
1443
1447
1448
1456
1460
1460
1463
1463
1464
1464
1465
1467
1475
1477
1479
1481
1496
1497
1504
1505
1508
1515
1522
1523
1530
1531
1533
1534
1537
1537
1537
1540
1547
1557
1560
1561
1561
1562
1563
1565
1568
1569
1570
1576
1576
1580
1582
1583
1592
1606
1611
1617
1618
1621
1622
1622
1623
1625
1629
1630
1632
1632
1635
1637
1638
1640
1640
1644
1645
1647
1652
1660
1672
1673
1688
1689
1691
1697
1697
1698
1700
1704
1704
1708
1710
1712
1715
1718
1719
1720
1722
1723
1732
1737
1738
1739
1740
1753
1753
1754
1755
1756
1779
1787
1790
1792
1792
1794
1796
1802
1804
1806
1808
1812
1820
1824
1826
1838
1840
1842
1845
1845
1846
1850
1854
1855
1863
1872
1872
1872
1873
1874
1874
1885
1886
1906
1906
1907
1913
1915
1924
1925
1925
1928
1933
1939
1940
1946
1952
1953
1959
1960
1964
1968
1977
1977
1977
1977
1978
1979
1980
1981
1984
1985
1990
1990
1994
2002
2007
2007
2009
2009
2011
2011
2012
2015
2021
2021
2022
2023
2027
2030
2034
2035
2039
2039
2046
2055
2059
2065
2067
2070
2071
2076
2081
2084
2085
2086
2086
2087
2096
2105
2106
2111
2112
2113
2120
2123
2126
2126
2130
2130
2130
2131
2131
2138
2143
2150
2151
2154
2160
2162
2162
2173
2177
2179
2180
2180
2184
2184
2185
2189
2191
2198
2206
2212
2223
2228
2230
2238
2241
2242
2246
2248
2250
2252
2254
2255
2256
2263
2263
2265
2267
2267
2271
2273
2275
2279
2280
2281
2282
2283
2292
2293
2297
2300
2300
2302
2302
2306
2311
2322
2322
2330
2344
2346
2349
2355
2355
2356
2358
2359
2362
2365
2365
2368
2369
2372
2375
2377
2378
2380
2380
2382
2384
2387
2390
2394
2399
2402
2409
2410
2413
2414
2418
2422
2426
2430
2431
2436
2437
2440
2446
2450
2452
2457
2457
2458
2460
2463
2463
2464
2467
2468
2468
2469
2473
2474
2485
2487
2488
2490
2493
2495
2496
2498
2498
2505
2513
2513
2516
2517
2521
2528
2529
2532
2535
2539
2549
2551
2554
2556
2557
2562
2563
2570
2570
2572
2576
2577
2578
2584
2584
2592
2592
2599
2601
2605
2608
2609
2612
2624
2629
2632
2633
2633
2645
2654
2660
2660
2663
2669
2671
2674
2679
2680
2680
2684
2684
2687
2689
2690
2693
2693
2697
2698
2698
2699
2699
2700
2703
2710
2712
2719
2722
2725
2726
2726
2731
2742
2743
2745
2746
2747
2751
2757
2760
2763
2763
2768
2770
2771
2778
2784
2785
2789
2789
2789
2789
2793
2799
2803
2803
2809
2810
2811
2818
2819
2825
2825
2827
2827
2828
2829
2831
2836
2836
2838
2840
2841
2844
2845
2845
2847
2849
2854
2861
2865
2866
2872
2874
2874
2878
2878
2879
2887
2887
2889
2892
2896
2900
2900
2902
2903
2907
2913
2927
2934
2936
2941
2941
2947
2948
2948
2949
2961
2962
2970
2971
2972
2973
2980
2985
2987
2992
2997
2999
3001
3011
3013
3019
3020
3021
3022
3022
3025
3026
3027
3029
3034
3039
3040
3040
3049
3049
3051
3053
3054
3057
3062
3068
3077
3081
3089
3090
3092
3094
3096
3097
3099
3102
3103
3108
3117
3119
3123
3124
3127
3127
3128
3132
3134
3138
3140
3142
3146
3147
3147
3156
3157
3157
3157
3160
3162
3165
3171
3172
3177
3179
3181
3182
3186
3189
3193
3196
3199
3199
3202
3202
3206
3206
3208
3211
3215
3215
3218
3219
3223
3227
3228
3228
3228
3234
3235
3236
3236
3242
3243
3245
3246
3246
3248
3249
3249
3260
3261
3262
3262
3262
3267
3270
3271
3275
3275
3276
3284
3289
3295
3303
3303
3306
3309
3318
3321
3321
3321
3322
3326
3327
3327
3329
3329
3334
3335
3338
3338
3344
3344
3345
3352
3354
3354
3358
3358
3359
3361
3369
3370
3371
3376
3385
3386
3387
3390
3393
3395
3395
3398
3399
3402
3408
3409
3419
3419
3419
3422
3423
3427
3429
3430
3430
3431
3439
3439
3440
3446
3450
3450
3451
3452
3453
3461
3468
3470
3470
3471
3471
3471
3472
3473
3474
3481
3486
3488
3489
3491
3495
3495
3497
3499
3508
3511
3512
3516
3516
3520
3528
3543
3547
3553
3560
3562
3565
3570
3575
3583
3584
3584
3585
3585
3588
3590
3591
3592
3593
3593
3594
3594
3599
3600
3602
3609
3611
3611
3611
3623
3635
3636
3639
3644
3645
3646
3650
3650
3652
3654
3654
3660
3661
3663
3663
3667
3670
3671
3672
3672
3677
3679
3679
3688
3689
3690
3694
3702
3705
3706
3716
3716
3717
3723
3733
3735
3735
3736
3736
3743
3749
3753
3753
3759
3762
3763
3765
3767
3770
3776
3778
3779
3781
3783
3784
3787
3795
3796
3798
3800
3801
3802
3806
3815
3817
3825
3827
3833
3833
3836
3838
3842
3847
3849
3851
3853
3853
3865
3870
3878
3878
3878
3881
3891
3892
3896
3899
3901
3905
3905
3908
3914
3914
3914
3918
3920
3927
3932
3942
3943
3946
3946
3946
3947
3953
3954
3955
3960
3961
3964
3967
3973
3979
3979
3989
3989
3998
3998
4005
4006
4009
4010
4011
4015
4025
4028
4032
4033
4033
4033
4033
4034
4034
4034
4040
4042
4045
4046
4048
4051
4053
4053
4056
4057
4057
4058
4062
4074
4077
4077
4078
4078
4080
4081
4085
4086
4090
4090
4090
4091
4092
4096
4101
4108
4109
4110
4110
4115
4117
4118
4118
4126
4129
4138
4140
4149
4150
4153
4155
4156
4157
4157
4160
4167
4178
4181
4181
4185
4186
4186
4188
4188
4198
4202
4203
4205
4207
4209
4211
4212
4215
4222
4226
4227
4227
4230
4231
4231
4234
4248
4248
4250
4253
4254
4257
4257
4259
4263
4267
4272
4277
4280
4282
4282
4286
4287
4291
4296
4297
4300
4302
4305
4319
4326
4328
4335
4341
4342
4346
4349
4350
4355
4359
4360
4361
4363
4363
4369
4370
4372
4376
4379
4387
4388
4390
4397
4398
4407
4411
4412
4418
4427
4431
4433
4439
4446
4447
4448
4450
4452
4456
4457
4465
4466
4467
4468
4472
4474
4475
4480
4485
4485
4486
4487
4496
4497
4497
4501
4504
4507
4511
4513
4514
4517
4523
4524
4529
4536
4545
4546
4548
4548
4548
4550
4556
4557
4558
4558
4561
4564
4565
4566
4566
4568
4574
4575
4575
4576
4577
4579
4584
4585
4586
4587
4591
4604
4619
4624
4633
4639
4640
4642
4645
4653
4654
4658
4665
4666
4671
4677
4680
4683
4685
4686
4688
4689
4691
4691
4694
4699
4701
4702
4704
4706
4712
4717
4718
4720
4723
4725
4726
4726
4731
4732
4733
4733
4735
4740
4742
4743
4747
4753
4754
4756
4756
4772
4773
4773
4775
4784
4789
4790
4793
4798
4799
4800
4801
4805
4806
4813
4817
4818
4824
4826
4829
4837
4840
4848
4859
4860
4862
4867
4868
4881
4881
4883
4886
4890
4894
4895
4897
4899
4899
4901
4909
4913
4914
4914
4914
4918
4920
4926
4926
4928
4932
4942
4949
4959
4966
4967
4971
4973
4976
4977
4982
4985
4988
4991
4995
4999
5006
5009
5010
5014
5019
5020
5022
5029
5030
5032
5034
5034
5035
5035
5036
5044
5044
5049
5052
5053
5054
5057
5057
5063
5064
5064
5072
5078
5079
5080
5080
5094
5095
5096
5102
5108
5110
5113
5120
5127
5127
5133
5138
5140
5143
5145
5146
5148
5148
5148
5150
5161
5166
5167
5170
5170
5173
5173
5173
5177
5180
5181
5181
5189
5190
5190
5193
5197
5202
5202
5203
5205
5208
5209
5212
5217
5218
5224
5225
5234
5235
5239
5240
5242
5243
5259
5264
5266
5266
5269
5272
5278
5283
5284
5288
5291
5297
5298
5302
5305
5306
5308
5310
5313
5318
5322
5323
5325
5327
5331
5334
5336
5339
5342
5346
5353
5354
5355
5356
5357
5362
5363
5369
5370
5374
5375
5380
5382
5386
5389
5393
5393
5396
5398
5398
5401
5402
5404
5405
5409
5410
5411
5415
5416
5420
5427
5435
5436
5436
5438
5446
5450
5454
5454
5454
5455
5456
5459
5459
5459
5467
5469
5477
5478
5485
5489
5489
5493
5496
5498
5503
5505
5506
5507
5512
5514
5524
5528
5531
5532
5534
5534
5537
5544
5550
5550
5561
5563
5564
5571
5573
5573
5573
5576
5581
5582
5583
5595
5596
5597
5597
5598
5599
5602
5606
5607
5609
5611
5612
5614
5618
5622
5623
5623
5623
5628
5628
5629
5629
5629
5630
5642
5653
5654
5656
5658
5660
5661
5661
5664
5673
5680
5682
5691
5692
5694
5698
5700
5701
5701
5701
5705
5710
5711
5719
5719
5720
5722
5723
5726
5728
5730
5745
5747
5752
5759
5759
5767
5775
5776
5777
5778
5782
5786
5792
5793
5798
5798
5801
5801
5803
5804
5807
5815
5819
5820
5827
5828
5828
5830
5832
5834
5836
5841
5842
5844
5846
5854
5856
5858
5860
5867
5869
5871
5872
5884
5886
5892
5899
5901
5907
5909
5909
5911
5912
5917
5918
5925
5926
5926
5927
5929
5932
5935
5953
5956
5961
5961
5962
5962
5964
5965
5967
5969
5970
5972
5974
5975
5975
5978
5981
5981
5981
5985
5988
5994
5998
6011
6013
6013
6014
6018
6018
6030
6033
6041
6046
6048
6056
6058
6061
6067
6072
6079
6079
6082
6089
6096
6098
6100
6108
6115
6117
6118
6119
6124
6126
6137
6138
6149
6155
6155
6158
6159
6167
6168
6171
6172
6172
6174
6176
6178
6178
6181
6184
6193
6195
6195
6201
6205
6209
6211
6213
6219
6225
6225
6226
6226
6231
6231
6233
6238
6239
6243
6246
6254
6263
6265
6266
6266
6271
6277
6281
6284
6285
6294
6295
6300
6304
6305
6307
6308
6308
6314
6315
6315
6318
6319
6323
6329
6331
6334
6334
6344
6349
6352
6354
6355
6355
6366
6370
6371
6382
6389
6391
6392
6395
6399
6399
6404
6405
6408
6409
6410
6410
6411
6416
6418
6419
6424
6426
6427
6433
6433
6434
6435
6435
6437
6438
6442
6442
6444
6445
6448
6449
6451
6459
6464
6465
6467
6469
6469
6471
6476
6476
6478
6478
6478
6480
6483
6485
6490
6493
6495
6495
6496
6497
6502
6502
6506
6507
6508
6510
6511
6512
6516
6520
6521
6521
6521
6530
6531
6534
6540
6542
6543
6544
6547
6553
6557
6563
6572
6572
6574
6575
6579
6597
6600
6604
6607
6611
6621
6622
6641
6643
6643
6651
6654
6658
6666
6669
6670
6673
6673
6674
6681
6682
6685
6686
6694
6695
6700
6707
6710
6713
6714
6718
6721
6723
6724
6726
6729
6739
6741
6744
6744
6747
6747
6750
6751
6752
6752
6753
6754
6765
6765
6770
6770
6774
6777
6778
6782
6786
6787
6788
6789
6791
6795
6796
6808
6811
6818
6820
6824
6826
6829
6841
6842
6843
6843
6856
6859
6860
6863
6864
6864
6866
6867
6878
6883
6884
6888
6888
6889
6890
6891
6893
6898
6899
6911
6912
6913
6918
6922
6926
6929
6934
6934
6937
6939
6940
6947
6947
6948
6948
6948
6951
6962
6970
6974
6978
6983
6986
6988
6988
6988
6992
6992
6993
6994
6996
6997
6999
7000
7004
7004
7006
7012
7013
7014
7017
7017
7017
7019
7021
7024
7024
7025
7025
7027
7027
7027
7028
7030
7030
7035
7039
7045
7046
7048
7050
7051
7055
7056
7059
7064
7065
7068
7072
7075
7080
7083
7084
7085
7087
7088
7088
7089
7092
7093
7099
7099
7101
7101
7104
7104
7104
7108
7113
7114
7114
7121
7122
7123
7124
7129
7130
7139
7144
7145
7145
7146
7147
7149
7153
7154
7158
7158
7159
7168
7168
7171
7172
7172
7172
7174
7185
7187
7188
7192
7193
7196
7206
7207
7209
7209
7212
7212
7215
7216
7221
7227
7236
7236
7236
7238
7241
7245
7247
7248
7248
7249
7253
7258
7259
7262
7265
7267
7271
7272
7273
7275
7275
7277
7285
7286
7286
7289
7290
7293
7294
7295
7299
7305
7306
7311
7315
7317
7320
7322
7331
7335
7337
7338
7343
7348
7349
7350
7352
7356
7361
7366
7367
7374
7375
7378
7381
7382
7384
7385
7386
7386
7396
7396
7400
7401
7403
7411
7412
7413
7420
7430
7436
7438
7442
7442
7447
7451
7453
7455
7455
7462
7466
7467
7467
7475
7475
7476
7476
7481
7481
7482
7484
7484
7490
7491
7493
7495
7496
7499
7505
7505
7510
7510
7512
7517
7517
7519
7519
7522
7523
7524
7525
7532
7537
7540
7542
7549
7558
7561
7566
7566
7567
7567
7569
7580
7585
7588
7588
7589
7590
7591
7593
7596
7597
7598
7598
7599
7601
7603
7603
7604
7605
7609
7612
7616
7617
7620
7627
7627
7635
7639
7639
7640
7641
7642
7642
7643
7644
7647
7653
7655
7658
7660
7662
7671
7677
7683
7685
7686
7686
7686
7686
7686
7687
7688
7697
7699
7701
7702
7702
7704
7708
7709
7711
7711
7715
7716
7717
7717
7717
7717
7719
7734
7735
7738
7739
7741
7741
7743
7747
7751
7757
7759
7762
7768
7769
7771
7773
7779
7780
7783
7784
7785
7786
7790
7791
7794
7794
7796
7798
7802
7802
7803
7805
7806
7806
7808
7809
7813
7817
7826
7837
7837
7841
7841
7841
7845
7847
7847
7850
7851
7851
7858
7860
7860
7863
7867
7870
7877
7880
7881
7882
7884
7889
7890
7896
7897
7899
7900
7901
7906
7909
7909
7911
7912
7920
7921
7930
7932
7935
7936
7936
7939
7941
7950
7953
7954
7955
7959
7961
7962
7966
7966
7968
7968
7969
7971
7983
7983
7991
7999
8001
8005
8010
8013
8019
8022
8023
8024
8025
8028
8032
8033
8035
8036
8037
8040
8041
8041
8044
8047
8051
8055
8055
8057
8059
8061
8063
8063
8064
8067
8072
8078
8081
8081
8082
8083
8092
8093
8095
8097
8101
8105
8111
8113
8114
8115
8116
8120
8128
8128
8133
8133
8136
8141
8142
8144
8151
8151
8162
8165
8168
8169
8173
8175
8179
8183
8184
8184
8187
8189
8196
8200
8201
8201
8203
8204
8206
8207
8212
8216
8225
8228
8231
8236
8245
8246
8248
8250
8252
8253
8254
8259
8261
8268
8268
8268
8272
8274
8280
8282
8287
8295
8295
8296
8301
8302
8302
8304
8304
8304
8314
8315
8315
8319
8324
8326
8326
8335
8341
8342
8343
8343
8345
8358
8360
8362
8363
8363
8366
8371
8371
8372
8372
8375
8376
8378
8385
8385
8391
8398
8399
8399
8399
8404
8404
8406
8413
8415
8421
8429
8431
8436
8437
8441
8451
8460
8461
8466
8468
8469
8470
8473
8481
8481
8485
8487
8490
8491
8499
8499
8501
8505
8506
8506
8511
8514
8516
8518
8522
8525
8527
8531
8543
8547
8549
8555
8557
8558
8559
8559
8563
8563
8570
8576
8577
8579
8580
8581
8588
8588
8592
8597
8605
8606
8607
8609
8614
8615
8617
8618
8619
8628
8633
8634
8637
8639
8646
8649
8652
8652
8655
8658
8662
8668
8669
8670
8672
8683
8685
8685
8696
8707
8707
8710
8712
8713
8717
8719
8733
8738
8742
8745
8746
8746
8748
8750
8752
8755
8756
8756
8764
8774
8777
8781
8783
8787
8788
8793
8796
8796
8800
8801
8802
8805
8808
8811
8817
8821
8823
8825
8830
8832
8839
8840
8840
8848
8849
8852
8868
8868
8869
8882
8882
8882
8887
8888
8888
8892
8898
8901
8902
8908
8908
8912
8915
8919
8919
8921
8921
8923
8924
8927
8931
8934
8936
8936
8940
8948
8953
8954
8954
8957
8958
8959
8960
8960
8962
8964
8966
8967
8970
8978
8980
8983
8985
8988
8988
8988
8990
8991
8993
8994
8995
8996
8997
9000
9004
9006
9007
9013
9015
9029
9031
9037
9044
9047
9055
9067
9069
9069
9073
9074
9077
9080
9083
9090
9093
9104
9104
9105
9106
9107
9108
9114
9117
9118
9123
9127
9128
9129
9131
9133
9134
9134
9144
9144
9145
9151
9161
9171
9176
9181
9182
9186
9189
9189
9197
9202
9206
9208
9209
9213
9214
9218
9223
9223
9226
9228
9230
9232
9238
9241
9243
9250
9250
9250
9252
9253
9255
9262
9264
9268
9268
9271
9273
9275
9277
9280
9280
9282
9287
9288
9290
9292
9296
9300
9301
9303
9306
9309
9310
9313
9318
9319
9320
9321
9322
9332
9333
9335
9336
9337
9339
9339
9342
9350
9360
9362
9364
9366
9375
9380
9388
9391
9393
9395
9402
9406
9406
9406
9411
9413
9413
9421
9421
9422
9422
9422
9423
9424
9426
9433
9434
9437
9439
9439
9444
9445
9447
9449
9449
9449
9450
9453
9454
9456
9457
9459
9465
9471
9474
9474
9476
9477
9481
9482
9482
9483
9494
9494
9500
9504
9510
9514
9517
9517
9518
9520
9524
9526
9527
9528
9529
9530
9534
9535
9538
9542
9545
9550
9551
9555
9556
9558
9558
9560
9560
9562
9563
9563
9565
9569
9582
9582
9589
9593
9596
9598
9600
9602
9603
9608
9609
9612
9616
9621
9625
9625
9627
9628
9631
9631
9636
9637
9639
9644
9652
9653
9654
9655
9655
9660
9660
9662
9667
9671
9675
9679
9684
9684
9688
9691
9692
9694
9696
9696
9697
9697
9699
9703
9708
9715
9717
9728
9729
9732
9732
9732
9732
9733
9735
9737
9738
9740
9746
9746
9752
9753
9756
9757
9758
9761
9763
9770
9775
9778
9778
9783
9785
9788
9788
9789
9791
9792
9794
9795
9798
9806
9810
9818
9819
9820
9828
9829
9829
9836
9837
9845
9850
9851
9853
9861
9861
9864
9864
9866
9866
9866
9868
9878
9880
9895
9896
9906
9909
9914
9915
9919
9922
9928
9930
9932
9936
9937
9941
9941
9943
9950
9951
9953
9954
9954
9954
9954
9957
9959
9959
9960
9962
9963
9970
9970
9979
9981
9986
9995
9998
10008
10013
10022
10026
10033
10033
10040
10045
10047
10048
10056
10056
10057
10060
10063
10071
10072
10073
10078
10079
10090
10097
10102
10104
10106
10106
10108
10109
10110
10112
10119
10127
10131
10132
10132
10132
10135
10137
10138
10138
10145
10152
10158
10158
10161
10165
10173
10173
10183
10189
10190
10192
10194
10195
10198
10198
10199
10205
10206
10208
10214
10219
10219
10223
10226
10227
10229
10232
10232
10235
10242
10246
10248
10251
10256
10257
10258
10259
10265
10269
10271
10272
10272
10272
10273
10279
10282
10289
10290
10292
10294
10295
10295
10296
10299
10300
10301
10301
10308
10310
10311
10311
10311
10320
10321
10322
10326
10326
10328
10330
10334
10336
10337
10343
10344
10346
10347
10352
10352
10355
10356
10360
10363
10363
10368
10368
10368
10373
10376
10377
10379
10385
10385
10386
10387
10387
10392
10395
10398
10400
10401
10403
10403
10410
10423
10425
10427
10428
10430
10432
10437
10443
10446
10448
10448
10453
10454
10455
10456
10456
10458
10458
10465
10467
10474
10474
10488
10494
10496
10497
10498
10499
10501
10501
10501
10509
10510
10512
10515
10516
10518
10519
10519
10519
10520
10522
10527
10527
10531
10532
10536
10537
10542
10543
10545
10546
10551
10555
10556
10562
10562
10563
10563
10569
10571
10575
10577
10580
10582
10586
10586
10588
10588
10591
10592
10592
10596
10598
10599
10599
10606
10616
10617
10619
10619
10621
10624
10625
10631
10631
10635
10641
10645
10647
10647
10653
10653
10656
10660
10662
10663
10668
10671
10674
10683
10690
10695
10701
10702
10709
10711
10714
10716
10718
10718
10721
10723
10726
10733
10734
10735
10737
10738
10745
10746
10747
10754
10755
10760
10766
10768
10768
10770
10770
10773
10773
10773
10777
10777
10778
10789
10793
10796
10806
10806
10810
10813
10814
10814
10816
10817
10827
10829
10834
10837
10841
10845
10845
10853
10854
10854
10862
10864
10866
10875
10879
10879
10879
10882
10883
10888
10893
10894
10896
10896
10903
10905
10906
10909
10911
10913
10915
10922
10927
10927
10930
10931
10931
10936
10939
10942
10953
10954
10954
10955
10956
10959
10959
10960
10974
10977
10978
10978
10980
10985
10986
10986
10989
10991
10992
10992
10992
10993
10997
10999
11001
11009
11010
11011
11016
11016
11026
11033
11035
11036
11039
11040
11043
11046
11046
11051
11064
11066
11067
11069
11069
11072
11073
11077
11085
11088
11089
11092
11094
11098
11099
11102
11103
11103
11104
11106
11110
11111
11117
11125
11126
11132
11132
11134
11138
11138
11139
11140
11141
11144
11144
11146
11152
11161
11171
11171
11171
11173
11176
11183
11185
11185
11185
11186
11186
11190
11191
11197
11200
11204
11207
11210
11210
11211
11212
11215
11223
11223
11226
11233
11234
11235
11237
11242
11246
11247
11248
11263
11269
11282
11287
11288
11291
11298
11305
11309
11312
11314
11314
11315
11316
11322
11325
11325
11332
11333
11333
11334
11335
11342
11343
11344
11348
11348
11351
11354
11360
11361
11361
11362
11365
11367
11368
11370
11373
11373
11384
11388
11389
11389
11389
11396
11401
11403
11405
11406
11408
11408
11412
11413
11414
11416
11416
11417
11417
11420
11421
11422
11424
11424
11426
11426
11428
11429
11431
11433
11433
11434
11435
11436
11438
11448
11451
11451
11451
11452
11454
11464
11467
11471
11475
11476
11479
11479
11481
11485
11486
11486
11487
11487
11488
11488
11490
11490
11491
11492
11499
11499
11509
11513
11515
11517
11519
11520
11522
11527
11527
11528
11531
11536
11539
11540
11549
11551
11560
11562
11563
11563
11564
11568
11572
11572
11573
11579
11586
11588
11590
11590
11591
11593
11593
11594
11595
11597
11598
11598
11600
11604
11607
11607
11609
11612
11612
11616
11617
11618
11622
11622
11622
11629
11629
11632
11633
11636
11641
11647
11648
11652
11654
11657
11658
11662
11666
11673
11685
11689
11692
11694
11694
11695
11697
11698
11701
11704
11707
11708
11713
11717
11718
11723
11724
11727
11728
11729
11729
11738
11738
11738
11745
11750
11752
11753
11756
11759
11760
11762
11763
11765
11771
11776
11776
11777
11777
11792
11794
11794
11800
11805
11813
11814
11815
11819
11825
11826
11828
11829
11831
11831
11834
11837
11840
11843
11851
11852
11857
11865
11866
11871
11872
11872
11872
11875
11876
11880
11891
11893
11897
11901
11901
11905
11905
11907
11912
11916
11917
11920
11921
11926
11926
11927
11927
11929
11934
11935
11935
11945
11945
11953
11958
11961
11964
11964
11968
11969
11972
11972
11973
11975
11988
11992
11998
12004
12006
12007
12009
12009
12011
12015
12019
12029
12030
12031
12033
12036
12036
12040
12041
12042
12046
12048
12050
12052
12054
12057
12059
12059
12061
12065
12065
12069
12076
12077
12079
12084
12089
12092
12097
12099
12099
12103
12108
12111
12123
12127
12134
12136
12145
12151
12151
12155
12161
12165
12171
12172
12173
12173
12174
12176
12176
12184
12188
12189
12196
12197
12198
12200
12200
12203
12210
12210
12213
12218
12228
12230
12234
12239
12249
12249
12251
12254
12261
12262
12264
12265
12267
12269
12271
12277
12282
12287
12288
12299
12310
12315
12319
12322
12325
12328
12340
12340
12340
12341
12341
12353
12353
12353
12355
12359
12363
12376
12377
12378
12380
12380
12382
12388
12389
12392
12393
12401
12405
12406
12407
12409
12417
12417
12422
12424
12424
12425
12431
12440
12446
12456
12459
12465
12469
12471
12472
12475
12475
12477
12480
12481
12481
12483
12484
12487
12487
12488
12494
12497
12501
12502
12508
12513
12513
12516
12517
12519
12523
12524
12526
12531
12533
12535
12538
12545
12558
12560
12561
12564
12567
12570
12571
12575
12581
12581
12582
12587
12594
12604
12607
12608
12614
12614
12620
12623
12625
12626
12632
12632
12635
12636
12639
12646
12652
12656
12657
12658
12660
12664
12668
12669
12675
12688
12691
12697
12697
12699
12701
12702
12702
12705
12708
12712
12712
12717
12717
12719
12722
12724
12725
12726
12738
12739
12743
12746
12747
12748
12748
12749
12750
12755
12755
12761
12761
12763
12764
12772
12772
12779
12781
12784
12800
12800
12804
12808
12809
12810
12811
12815
12817
12818
12820
12822
12826
12826
12831
12832
12834
12834
12838
12840
12841
12841
12845
12852
12854
12855
12855
12856
12857
12861
12864
12872
12875
12877
12878
12880
12882
12884
12892
12895
12896
12902
12905
12906
12911
12916
12931
12932
12937
12938
12944
12950
12951
12958
12959
12963
12964
12965
12965
12965
12969
12970
12976
12980
12981
12991
12993
12994
12998
13004
13008
13018
13019
13020
13024
13026
13033
13039
13043
13044
13045
13046
13047
13054
13058
13059
13062
13065
13069
13077
13079
13086
13093
13094
13095
13102
13103
13103
13104
13115
13118
13119
13128
13129
13131
13132
13144
13144
13152
13154
13157
13157
13157
13158
13162
13164
13167
13168
13172
13175
13175
13177
13179
13181
13181
13182
13187
13192
13196
13201
13202
13205
13211
13214
13218
13222
13226
13241
13246
13246
13247
13248
13249
13249
13253
13255
13258
13259
13268
13269
13269
13269
13274
13275
13279
13280
13281
13283
13286
13286
13287
13292
13300
13302
13305
13306
13310
13313
13313
13313
13313
13316
13316
13318
13319
13322
13323
13326
13333
13334
13337
13338
13339
13343
13343
13344
13346
13347
13348
13350
13353
13364
13364
13364
13365
13367
13372
13374
13377
13379
13379
13379
13381
13382
13382
13386
13387
13389
13393
13396
13398
13403
13412
13412
13413
13418
13421
13422
13425
13427
13428
13429
13429
13429
13430
13435
13438
13441
13443
13444
13446
13448
13448
13454
13455
13455
13456
13457
13460
13462
13464
13464
13481
13487
13491
13491
13491
13495
13496
13500
13503
13510
13511
13521
13524
13525
13528
13529
13530
13534
13541
13542
13542
13545
13553
13558
13569
13570
13573
13585
13595
13595
13601
13605
13616
13616
13616
13621
13624
13628
13631
13636
13637
13648
13648
13652
13659
13662
13665
13666
13666
13669
13671
13674
13675
13688
13688
13696
13697
13698
13699
13709
13716
13717
13726
13727
13730
13731
13733
13735
13737
13737
13741
13742
13744
13745
13747
13748
13749
13750
13752
13759
13762
13767
13769
13778
13781
13781
13788
13788
13792
13804
13811
13815
13817
13820
13823
13824
13828
13836
13840
13841
13843
13845
13847
13851
13853
13857
13857
13859
13865
13866
13876
13882
13882
13883
13884
13887
13898
13902
13902
13911
13911
13912
13914
13916
13918
13919
13921
13922
13932
13933
13936
13942
13950
13958
13959
13960
13967
13969
13973
13974
13978
13978
13981
13981
13986
13988
13989
13989
13991
13993
14008
14023
14026
14027
14031
14038
14045
14047
14057
14057
14063
14063
14064
14067
14069
14073
14074
14075
14076
14083
14083
14084
14084
14087
14093
14094
14095
14097
14104
14105
14110
14110
14116
14117
14119
14119
14122
14125
14127
14130
14130
14134
14134
14147
14155
14160
14161
14162
14162
14164
14169
14169
14172
14181
14192
14197
14205
14210
14212
14216
14217
14217
14218
14221
14222
14225
14236
14237
14238
14239
14241
14242
14242
14243
14243
14243
14251
14251
14259
14260
14261
14261
14263
14265
14269
14272
14280
14281
14284
14292
14296
14297
14300
14302
14302
14303
14310
14317
14319
14324
14330
14330
14336
14337
14340
14345
14345
14350
14354
14354
14359
14359
14364
14371
14374
14377
14379
14379
14379
14379
14383
14384
14385
14386
14389
14393
14393
14401
14402
14405
14407
14407
14410
14410
14412
14417
14417
14425
14430
14438
14439
14440
14442
14446
14450
14452
14455
14458
14460
14463
14468
14472
14478
14479
14489
14491
14493
14505
14505
14508
14512
14516
14521
14524
14526
14527
14529
14531
14533
14535
14536
14539
14541
14542
14543
14544
14544
14550
14551
14551
14554
14554
14556
14559
14562
14564
14565
14568
14568
14570
14573
14582
14586
14590
14592
14596
14604
14604
14606
14608
14611
14613
14617
14622
14622
14624
14624
14630
14631
14634
14636
14643
14648
14649
14653
14657
14660
14670
14672
14679
14680
14686
14687
14695
14696
14697
14702
14708
14712
14719
14723
14724
14732
14734
14736
14738
14739
14740
14743
14743
14744
14746
14747
14753
14756
14767
14767
14772
14774
14776
14786
14788
14791
14795
14799
14799
14803
14806
14806
14810
14818
14821
14825
14829
14831
14832
14835
14836
14836
14839
14846
14847
14853
14859
14860
14862
14863
14865
14877
14881
14882
14888
14889
14891
14891
14893
14897
14897
14900
14905
14906
14914
14915
14916
14916
14918
14919
14921
14921
14923
14926
14928
14930
14931
14933
14942
14942
14943
14948
14950
14955
14956
14957
14961
14962
14966
14967
14968
14974
14977
14979
14980
14985
14991
14991
14992
14996
14997
14997
14999
15001
15001
15001
15011
15014
15016
15017
15021
15025
15029
15029
15029
15033
15033
15045
15047
15052
15053
15053
15054
15056
15058
15058
15059
15063
15067
15071
15072
15072
15073
15080
15081
15082
15082
15082
15088
15092
15093
15096
15101
15106
15109
15110
15111
15113
15115
15127
15133
15133
15133
15134
15135
15136
15139
15141
15144
15147
15152
15152
15156
15157
15158
15158
15160
15168
15172
15176
15179
15181
15186
15187
15192
15193
15198
15201
15206
15206
15207
15214
15214
15219
15219
15220
15222
15226
15231
15236
15240
15242
15242
15244
15249
15250
15255
15256
15262
15263
15265
15277
15281
15284
15291
15293
15293
15295
15295
15297
15299
15309
15312
15312
15313
15320
15320
15322
15328
15333
15334
15339
15340
15351
15352
15356
15356
15359
15360
15363
15363
15363
15366
15367
15375
15378
15383
15384
15386
15393
15397
15397
15401
15406
15406
15409
15414
15415
15426
15427
15429
15430
15434
15438
15438
15441
15443
15444
15449
15450
15455
15457
15459
15460
15462
15469
15472
15475
15479
15479
15490
15493
15502
15502
15502
15505
15507
15508
15509
15513
15520
15523
15525
15526
15526
15527
15528
15534
15538
15541
15544
15545
15545
15546
15549
15549
15550
15552
15553
15555
15558
15561
15563
15564
15569
15574
15575
15576
15580
15588
15593
15605
15605
15605
15607
15608
15612
15613
15615
15627
15627
15628
15629
15629
15636
15638
15639
15641
15644
15649
15650
15651
15658
15659
15659
15661
15661
15663
15669
15684
15685
15690
15694
15697
15698
15702
15705
15707
15711
15711
15714
15717
15719
15729
15735
15736
15739
15740
15742
15743
15753
15758
15759
15765
15768
15768
15774
15777
15785
15785
15791
15798
15803
15807
15810
15813
15815
15817
15818
15823
15823
15824
15833
15834
15834
15835
15835
15836
15838
15840
15840
15840
15842
15843
15845
15852
15856
15861
15866
15867
15867
15870
15872
15875
15879
15880
15888
15889
15892
15893
15896
15898
15924
15927
15927
15931
15935
15936
15941
15941
15942
15944
15949
15950
15954
15954
15954
15958
15959
15965
15967
15971
15972
15973
15974
15988
15989
15991
15994
15996
15997
16001
16005
16014
16015
16018
16022
16023
16025
16026
16029
16032
16039
16043
16044
16045
16054
16054
16055
16059
16063
16064
16065
16066
16071
16074
16074
16075
16080
16081
16084
16092
16096
16097
16098
16101
16108
16115
16116
16119
16121
16121
16123
16134
16138
16141
16143
16145
16146
16147
16148
16151
16152
16154
16158
16160
16160
16161
16164
16166
16170
16174
16175
16176
16176
16179
16179
16180
16180
16182
16187
16188
16199
16200
16201
16202
16205
16210
16210
16210
16213
16215
16215
16226
16228
16228
16228
16230
16235
16239
16239
16246
16248
16248
16251
16252
16263
16269
16270
16275
16277
16283
16283
16283
16284
16285
16287
16287
16295
16296
16300
16302
16302
16309
16317
16318
16319
16322
16326
16331
16333
16339
16345
16349
16358
16359
16366
16373
16374
16376
16377
16380
16387
16388
16394
16394
16396
16396
16397
16399
16399
16404
16404
16411
16413
16413
16414
16414
16416
16428
16433
16436
16437
16437
16438
16449
16451
16453
16454
16455
16457
16459
16461
16467
16467
16468
16470
16473
16477
16479
16481
16483
16483
16483
16485
16486
16487
16487
16488
16491
16494
16495
16500
16504
16505
16512
16517
16523
16527
16530
16531
16533
16534
16534
16540
16540
16541
16542
16543
16545
16547
16548
16549
16550
16556
16562
16566
16574
16576
16576
16587
16587
16589
16590
16593
16596
16603
16605
16606
16608
16608
16613
16614
16619
16622
16629
16630
16631
16633
16638
16640
16640
16640
16643
16644
16647
16651
16653
16654
16655
16657
16669
16669
16673
16681
16685
16686
16687
16688
16691
16694
16695
16707
16707
16714
16714
16715
16717
16721
16722
16723
16725
16726
16727
16733
16735
16736
16750
16753
16760
16760
16762
16771
16773
16777
16780
16783
16784
16786
16791
16793
16793
16797
16798
16799
16803
16806
16813
16815
16819
16821
16822
16826
16832
16838
16840
16843
16846
16847
16850
16852
16856
16862
16863
16866
16874
16877
16880
16880
16880
16886
16886
16886
16891
16897
16897
16899
16903
16908
16910
16911
16911
16912
16913
16925
16928
16938
16939
16940
16940
16944
16946
16962
16962
16965
16969
16970
16975
16979
16981
16988
16989
16991
16992
16996
16999
17000
17004
17015
17016
17017
17026
17034
17036
17041
17044
17045
17046
17048
17056
17057
17058
17060
17064
17068
17071
17071
17081
17083
17092
17093
17093
17110
17112
17118
17124
17124
17139
17142
17146
17146
17148
17151
17151
17152
17154
17157
17159
17166
17177
17177
17177
17179
17183
17190
17196
17196
17197
17198
17200
17200
17202
17211
17219
17221
17222
17222
17224
17225
17225
17225
17229
17229
17230
17231
17232
17232
17233
17236
17238
17243
17243
17244
17247
17250
17252
17286
17287
17287
17288
17289
17293
17297
17298
17303
17304
17306
17314
17314
17315
17317
17318
17318
17319
17326
17336
17336
17338
17340
17342
17343
17345
17350
17351
17352
17354
17360
17360
17363
17363
17364
17364
17365
17371
17377
17383
17385
17387
17391
17406
17410
17410
17418
17419
17421
17423
17425
17436
17437
17437
17440
17441
17446
17447
17451
17453
17453
17454
17460
17461
17463
17468
17469
17482
17488
17496
17500
17506
17511
17511
17516
17518
17519
17527
17530
17533
17536
17540
17557
17565
17571
17578
17578
17578
17587
17593
17595
17597
17597
17600
17602
17609
17610
17613
17615
17617
17617
17626
17628
17628
17630
17634
17635
17637
17638
17641
17643
17644
17644
17650
17650
17651
17654
17657
17657
17659
17666
17669
17670
17674
17677
17679
17685
17686
17687
17690
17695
17696
17696
17699
17703
17713
17719
17721
17722
17723
17725
17728
17731
17736
17737
17741
17741
17744
17746
17746
17755
17757
17762
17762
17763
17764
17767
17769
17771
17791
17793
17796
17800
17804
17810
17815
17815
17820
17820
17827
17829
17829
17837
17838
17839
17849
17855
17856
17858
17858
17862
17866
17867
17869
17876
17878
17881
17886
17890
17891
17893
17900
17901
17902
17912
17914
17915
17916
17919
17929
17932
17932
17937
17938
17943
17946
17954
17957
17957
17957
17960
17963
17969
17973
17979
17983
17990
18000
18004
18007
18009
18015
18022
18023
18025
18030
18032
18036
18038
18044
18050
18050
18053
18054
18055
18056
18059
18060
18063
18064
18067
18067
18068
18068
18068
18068
18071
18077
18081
18081
18089
18090
18090
18096
18111
18121
18130
18133
18135
18136
18137
18138
18147
18150
18155
18155
18162
18163
18166
18168
18170
18177
18179
18182
18183
18186
18188
18188
18198
18202
18203
18207
18215
18216
18216
18217
18219
18219
18220
18220
18221
18237
18238
18245
18246
18249
18254
18255
18259
18265
18266
18272
18272
18273
18274
18275
18279
18282
18284
18285
18287
18291
18292
18292
18294
18295
18295
18296
18298
18298
18301
18304
18308
18311
18311
18313
18317
18320
18320
18323
18332
18334
18337
18337
18343
18344
18344
18348
18356
18359
18359
18360
18364
18364
18365
18366
18366
18368
18370
18378
18380
18384
18388
18388
18389
18396
18403
18403
18404
18409
18410
18410
18410
18411
18413
18419
18429
18432
18438
18439
18440
18441
18442
18449
18459
18465
18466
18466
18467
18470
18473
18475
18479
18483
18483
18496
18497
18499
18501
18502
18505
18505
18512
18515
18519
18522
18523
18525
18532
18532
18535
18536
18537
18540
18541
18543
18543
18548
18553
18555
18560
18561
18562
18567
18570
18577
18588
18592
18592
18593
18593
18594
18595
18597
18599
18600
18602
18602
18603
18604
18604
18617
18619
18621
18622
18622
18624
18628
18630
18630
18632
18633
18633
18634
18642
18643
18643
18650
18654
18656
18657
18657
18658
18659
18665
18669
18670
18671
18671
18674
18676
18677
18687
18694
18698
18701
18706
18706
18710
18710
18710
18716
18717
18718
18721
18722
18725
18728
18729
18729
18730
18730
18731
18736
18737
18743
18745
18752
18759
18762
18763
18765
18768
18768
18772
18775
18785
18808
18808
18809
18810
18812
18815
18817
18818
18819
18820
18826
18830
18830
18830
18836
18837
18838
18838
18838
18839
18842
18845
18848
18851
18854
18854
18858
18859
18872
18879
18882
18882
18884
18886
18886
18887
18890
18894
18896
18898
18898
18911
18918
18920
18921
18930
18932
18932
18934
18937
18937
18940
18942
18943
18944
18947
18949
18953
18954
18956
18956
18963
18965
18972
18972
18974
18981
18985
18986
18988
18995
18996
18998
18999
19004
19007
19009
19011
19013
19013
19020
19021
19027
19029
19032
19038
19038
19042
19043
19044
19045
19054
19057
19065
19065
19067
19077
19079
19081
19083
19086
19088
19092
19094
19096
19098
19099
19099
19102
19107
19113
19113
19115
19116
19121
19121
19131
19133
19135
19136
19137
19145
19145
19148
19152
19152
19152
19159
19162
19163
19165
19168
19169
19175
19178
19182
19184
19188
19189
19194
19198
19199
19200
19201
19206
19207
19209
19210
19216
19221
19224
19225
19226
19230
19232
19235
19238
19240
19251
19252
19253
19254
19254
19256
19259
19261
19263
19263
19264
19266
19268
19270
19270
19273
19273
19275
19281
19282
19282
19282
19283
19287
19288
19289
19292
19292
19297
19298
19301
19305
19311
19313
19315
19315
19321
19322
19322
19323
19325
19331
19331
19332
19336
19341
19345
19347
19349
19358
19359
19363
19365
19366
19367
19368
19369
19375
19375
19382
19382
19383
19383
19388
19391
19392
19399
19401
19404
19410
19411
19414
19418
19421
19426
19433
19435
19439
19441
19444
19446
19451
19458
19461
19465
19465
19477
19478
19480
19494
19494
19494
19495
19497
19500
19502
19509
19511
19516
19527
19539
19540
19544
19547
19552
19556
19561
19568
19570
19572
19573
19576
19579
19579
19588
19592
19593
19594
19599
19599
19601
19602
19603
19603
19606
19607
19616
19618
19625
19631
19632
19635
19636
19640
19641
19642
19643
19645
19658
19660
19660
19667
19672
19673
19678
19679
19679
19680
19681
19682
19683
19686
19688
19689
19689
19690
19693
19697
19699
19706
19711
19714
19726
19727
19727
19728
19735
19737
19738
19740
19745
19757
19757
19763
19764
19772
19774
19777
19778
19779
19785
19787
19791
19791
19792
19793
19794
19796
19797
19797
19798
19801
19801
19805
19805
19808
19809
19815
19816
19817
19820
19826
19829
19829
19832
19832
19839
19839
19840
19843
19846
19849
19855
19856
19858
19859
19862
19863
19864
19865
19865
19870
19872
19876
19876
19879
19884
19890
19893
19893
19893
19896
19899
19900
19906
19908
19916
19919
19930
19935
19935
19936
19938
19938
19941
19942
19942
19943
19946
19950
19961
19963
19965
19968
19973
19974
19976
19982
19983
19986
19990
19991
19992
19998
19999
20000
20006
20006
20009
20009
20012
20013
20014
20018
20018
20021
20024
20027
20030
20030
20032
20033
20035
20038
20039
20046
20046
20047
20048
20049
20050
20052
20055
20061
20063
20064
20065
20069
20072
20079
20084
20084
20088
20095
20097
20102
20107
20116
20119
20122
20123
20129
20130
20132
20134
20138
20147
20154
20155
20155
20160
20166
20168
20170
20174
20177
20178
20193
20205
20206
20207
20216
20217
20221
20222
20231
20232
20237
20238
20238
20242
20248
20252
20252
20253
20253
20253
20255
20258
20259
20260
20261
20266
20266
20268
20270
20271
20278
20280
20281
20282
20284
20288
20289
20301
20306
20312
20315
20316
20318
20320
20330
20330
20332
20334
20337
20347
20352
20355
20356
20356
20357
20363
20365
20370
20372
20372
20373
20381
20381
20388
20390
20392
20392
20396
20397
20397
20398
20401
20401
20401
20402
20404
20407
20409
20409
20412
20412
20415
20418
20421
20428
20431
20434
20436
20440
20440
20441
20443
20444
20444
20446
20458
20460
20462
20463
20469
20469
20472
20472
20474
20474
20478
20479
20480
20481
20481
20482
20485
20488
20492
20493
20497
20503
20503
20510
20517
20522
20525
20528
20528
20531
20532
20537
20538
20542
20544
20545
20547
20553
20564
20565
20565
20572
20573
20574
20575
20578
20579
20581
20585
20587
20588
20591
20593
20596
20603
20606
20610
20613
20616
20617
20620
20629
20631
20632
20633
20634
20639
20639
20640
20640
20643
20645
20645
20653
20653
20656
20656
20660
20661
20662
20665
20667
20668
20679
20682
20682
20683
20686
20687
20695
20695
20708
20711
20714
20715
20718
20718
20724
20726
20728
20731
20734
20735
20736
20738
20740
20743
20752
20754
20755
20760
20770
20774
20775
20775
20776
20787
20794
20797
20799
20799
20801
20803
20804
20805
20805
20806
20807
20809
20813
20814
20815
20820
20822
20829
20830
20831
20834
20835
20840
20840
20841
20841
20842
20846
20847
20847
20848
20850
20851
20855
20859
20861
20864
20869
20870
20870
20874
20874
20877
20878
20889
20896
20899
20903
20911
20911
20922
20923
20924
20927
20928
20928
20937
20944
20944
20951
20953
20953
20955
20959
20960
20966
20969
20972
20976
20979
20980
20985
20987
20989
20993
20996
21001
21004
21011
21011
21012
21013
21014
21016
21036
21036
21045
21048
21051
21054
21063
21065
21065
21066
21072
21072
21073
21077
21078
21083
21087
21087
21088
21090
21091
21095
21097
21102
21105
21107
21108
21116
21117
21121
21122
21126
21135
21144
21147
21147
21148
21148
21148
21149
21151
21153
21159
21159
21159
21162
21165
21167
21167
21168
21177
21180
21190
21191
21191
21192
21195
21196
21196
21196
21197
21198
21201
21203
21207
21211
21220
21220
21224
21226
21228
21235
21236
21242
21244
21246
21249
21253
21255
21256
21256
21258
21262
21263
21273
21275
21275
21279
21281
21283
21284
21286
21286
21290
21292
21295
21297
21298
21302
21313
21316
21318
21319
21324
21335
21338
21339
21343
21344
21345
21347
21358
21358
21362
21368
21373
21374
21380
21381
21382
21383
21387
21387
21389
21390
21391
21405
21410
21410
21418
21420
21421
21421
21424
21425
21430
21437
21446
21453
21457
21457
21467
21468
21470
21475
21480
21481
21487
21489
21494
21496
21498
21500
21506
21509
21509
21510
21515
21528
21528
21532
21532
21536
21536
21539
21544
21549
21549
21554
21557
21558
21562
21566
21574
21578
21583
21589
21590
21591
21593
21597
21597
21601
21602
21605
21606
21606
21607
21610
21611
21618
21622
21624
21626
21628
21631
21631
21632
21635
21641
21642
21644
21646
21647
21654
21655
21655
21660
21662
21667
21669
21669
21670
21671
21671
21672
21673
21677
21681
21685
21691
21692
21694
21698
21709
21711
21713
21718
21730
21738
21744
21745
21745
21750
21752
21754
21755
21755
21762
21766
21769
21770
21771
21775
21777
21778
21779
21784
21787
21792
21792
21793
21799
21800
21804
21805
21810
21812
21814
21818
21824
21825
21829
21835
21840
21841
21854
21856
21859
21864
21873
21879
21886
21888
21889
21892
21896
21898
21909
21913
21914
21915
21915
21921
21935
21940
21940
21943
21943
21950
21955
21955
21959
21959
21962
21962
21963
21964
21964
21964
21964
21968
21969
21970
21970
21970
21978
21983
21985
21990
21993
21999
22000
22002
22006
22008
22013
22019
22020
22022
22024
22027
22027
22027
22029
22032
22043
22043
22045
22045
22047
22048
22055
22059
22084
22087
22091
22092
22102
22104
22107
22114
22115
22115
22119
22127
22133
22137
22146
22149
22154
22157
22166
22168
22170
22171
22177
22177
22178
22178
22178
22178
22182
22186
22188
22189
22194
22194
22199
22203
22204
22204
22206
22210
22210
22215
22216
22218
22219
22223
22228
22231
22231
22235
22240
22245
22251
22253
22255
22257
22259
22262
22265
22267
22268
22271
22273
22275
22283
22285
22288
22289
22290
22290
22292
22295
22296
22297
22299
22300
22303
22305
22307
22310
22313
22319
22321
22325
22327
22340
22341
22343
22343
22344
22344
22348
22348
22357
22358
22359
22359
22360
22363
22365
22368
22378
22379
22381
22382
22383
22384
22390
22393
22396
22398
22404
22404
22412
22415
22417
22422
22425
22426
22429
22429
22433
22433
22435
22436
22443
22447
22449
22452
22453
22461
22469
22471
22474
22474
22475
22476
22479
22486
22490
22495
22497
22502
22507
22511
22514
22514
22531
22531
22535
22543
22548
22553
22554
22558
22562
22562
22566
22568
22569
22573
22575
22576
22576
22580
22581
22582
22584
22586
22586
22587
22590
22595
22596
22598
22599
22600
22605
22609
22609
22609
22614
22614
22622
22632
22634
22647
22650
22655
22658
22662
22664
22664
22666
22667
22668
22674
22674
22685
22685
22687
22693
22694
22694
22699
22700
22700
22713
22713
22716
22719
22725
22729
22729
22734
22734
22738
22743
22744
22748
22753
22753
22753
22753
22758
22761
22762
22763
22763
22770
22771
22772
22776
22779
22789
22789
22790
22790
22791
22791
22794
22795
22799
22801
22802
22805
22805
22806
22808
22814
22815
22817
22817
22819
22827
22834
22835
22836
22848
22851
22851
22854
22861
22861
22864
22868
22869
22871
22871
22871
22871
22879
22880
22881
22883
22886
22895
22901
22901
22903
22904
22908
22919
22921
22922
22927
22927
22929
22930
22942
22946
22947
22952
22954
22955
22957
22957
22959
22959
22961
22969
22969
22973
22973
22975
22978
22984
22988
22990
22992
22997
23001
23001
23002
23010
23011
23013
23021
23032
23033
23035
23037
23046
23050
23051
23054
23054
23054
23055
23060
23063
23064
23065
23069
23070
23070
23072
23078
23081
23089
23093
23094
23094
23101
23101
23107
23108
23109
23111
23114
23118
23122
23135
23135
23136
23136
23138
23141
23144
23145
23147
23147
23150
23153
23154
23162
23166
23169
23171
23173
23174
23178
23180
23189
23190
23194
23199
23202
23203
23205
23208
23213
23214
23215
23216
23231
23238
23239
23240
23241
23242
23242
23243
23246
23247
23254
23255
23256
23263
23266
23266
23267
23270
23273
23274
23280
23289
23293
23294
23299
23302
23304
23321
23326
23327
23337
23343
23347
23347
23350
23356
23362
23365
23368
23370
23379
23387
23391
23396
23396
23397
23404
23404
23405
23407
23409
23411
23412
23414
23415
23416
23420
23421
23431
23436
23439
23439
23444
23446
23446
23449
23457
23461
23461
23464
23471
23472
23481
23492
23492
23496
23498
23520
23524
23526
23527
23532
23537
23539
23541
23542
23542
23546
23551
23556
23556
23557
23561
23562
23564
23564
23566
23567
23570
23572
23574
23577
23581
23581
23589
23593
23593
23602
23609
23609
23624
23627
23628
23635
23635
23635
23639
23642
23642
23643
23648
23648
23656
23659
23660
23662
23662
23663
23666
23666
23668
23669
23673
23673
23677
23678
23680
23688
23690
23690
23691
23696
23697
23700
23700
23701
23701
23701
23702
23706
23709
23712
23719
23722
23726
23734
23737
23743
23748
23749
23750
23750
23750
23759
23764
23765
23766
23769
23770
23772
23774
23775
23777
23779
23780
23784
23786
23788
23799
23806
23807
23808
23808
23811
23812
23812
23821
23822
23823
23827
23829
23832
23846
23848
23852
23855
23856
23860
23863
23866
23867
23871
23872
23873
23879
23885
23886
23888
23891
23895
23895
23897
23897
23898
23900
23907
23909
23910
23910
23914
23914
23914
23916
23917
23920
23928
23932
23933
23935
23937
23938
23938
23944
23945
23946
23946
23948
23951
23963
23964
23966
23970
23972
23978
23979
23982
23982
23984
23989
23992
23995
23997
23997
24000
24003
24005
24005
24008
24011
24012
24015
24017
24017
24020
24020
24028
24032
24033
24035
24052
24056
24056
24060
24061
24066
24070
24072
24078
24082
24082
24087
24087
24100
24100
24103
24105
24110
24119
24124
24132
24134
24141
24147
24147
24150
24153
24158
24159
24161
24163
24163
24164
24173
24175
24175
24178
24182
24185
24197
24203
24206
24208
24212
24214
24214
24216
24217
24220
24220
24224
24225
24228
24230
24230
24231
24231
24232
24233
24235
24237
24237
24243
24243
24250
24252
24264
24265
24265
24269
24270
24270
24275
24276
24280
24281
24283
24285
24286
24286
24290
24292
24293
24296
24301
24302
24302
24306
24307
24308
24312
24313
24315
24318
24319
24322
24329
24335
24342
24346
24347
24355
24357
24358
24361
24367
24370
24379
24381
24383
24386
24388
24389
24401
24421
24421
24423
24427
24432
24435
24436
24439
24439
24439
24445
24446
24448
24454
24456
24457
24458
24464
24466
24471
24473
24477
24478
24494
24496
24497
24499
24504
24511
24511
24511
24513
24514
24518
24521
24525
24526
24534
24542
24543
24549
24551
24555
24557
24559
24581
24584
24584
24586
24587
24590
24594
24594
24604
24608
24614
24615
24620
24621
24624
24627
24632
24637
24645
24645
24646
24651
24656
24660
24664
24665
24665
24667
24673
24676
24680
24685
24714
24715
24723
24734
24741
24744
24747
24747
24747
24754
24755
24757
24758
24761
24766
24769
24774
24774
24777
24779
24780
24783
24787
24789
24804
24806
24807
24810
24810
24813
24817
24821
24822
24823
24827
24828
24830
24832
24832
24833
24837
24844
24850
24855
24857
24859
24862
24865
24866
24870
24874
24881
24882
24882
24884
24886
24888
24888
24895
24898
24900
24900
24902
24906
24908
24909
24910
24910
24910
24911
24916
24921
24921
24921
24922
24925
24926
24928
24931
24935
24940
24943
24943
24945
24945
24946
24947
24947
24955
24955
24956
24958
24968
24969
24969
24969
24974
24974
24975
24976
24977
24978
24978
24981
24981
24982
24982
24983
24990
24990
25000
25005
25007
25008
25009
25018
25021
25025
25030
25046
25049
25049
25050
25066
25069
25077
25083
25087
25095
25099
25101
25103
25111
25118
25123
25124
25124
25126
25127
25127
25133
25137
25141
25142
25144
25145
25146
25155
25158
25161
25163
25167
25167
25170
25176
25181
25182
25186
25187
25187
25188
25189
25189
25192
25194
25202
25205
25211
25212
25214
25215
25217
25219
25232
25235
25236
25238
25240
25247
25249
25254
25256
25257
25260
25269
25271
25279
25280
25281
25283
25287
25288
25288
25291
25291
25294
25294
25294
25298
25301
25302
25302
25304
25305
25307
25307
25308
25310
25316
25319
25325
25331
25336
25340
25343
25346
25346
25353
25362
25364
25369
25371
25378
25382
25383
25392
25396
25397
25404
25408
25408
25410
25411
25412
25413
25416
25417
25418
25420
25422
25426
25432
25434
25437
25437
25438
25443
25449
25450
25457
25464
25468
25472
25475
25478
25480
25480
25490
25491
25494
25498
25505
25507
25507
25512
25514
25524
25524
25525
25526
25530
25530
25532
25537
25538
25543
25545
25545
25551
25556
25563
25565
25566
25568
25571
25576
25577
25583
25592
25593
25594
25598
25603
25603
25604
25604
25605
25605
25609
25610
25611
25612
25617
25617
25617
25620
25622
25622
25623
25623
25637
25641
25641
25641
25644
25646
25647
25647
25651
25652
25657
25664
25665
25669
25677
25678
25679
25679
25683
25686
25687
25690
25691
25695
25696
25698
25699
25704
25718
25722
25723
25727
25728
25728
25729
25731
25741
25749
25749
25749
25749
25750
25755
25756
25762
25767
25767
25769
25769
25770
25770
25775
25775
25778
25778
25780
25783
25790
25792
25800
25807
25808
25810
25813
25813
25816
25818
25823
25831
25833
25846
25847
25847
25848
25850
25858
25863
25864
25865
25868
25869
25876
25876
25876
25879
25879
25883
25889
25892
25897
25901
25906
25906
25915
25920
25927
25930
25931
25936
25938
25941
25943
25948
25950
25953
25953
25964
25965
25967
25970
25975
25977
25977
25981
25984
25985
25987
25996
26002
26003
26009
26010
26012
26012
26017
26017
26022
26029
26030
26031
26032
26033
26033
26033
26042
26042
26045
26048
26050
26052
26055
26064
26065
26067
26068
26068
26073
26077
26082
26083
26084
26088
26089
26091
26092
26093
26094
26098
26102
26105
26105
26107
26109
26112
26112
26114
26122
26127
26133
26137
26138
26146
26147
26148
26158
26161
26163
26166
26169
26172
26179
26179
26179
26180
26186
26189
26198
26200
26201
26203
26203
26209
26211
26212
26215
26225
26229
26229
26230
26233
26234
26237
26237
26241
26246
26249
26250
26259
26264
26269
26269
26273
26274
26276
26276
26276
26276
26276
26279
26282
26282
26288
26299
26302
26305
26311
26315
26318
26320
26320
26321
26328
26335
26338
26340
26343
26344
26346
26346
26350
26351
26353
26355
26356
26357
26357
26361
26364
26370
26375
26375
26376
26382
26390
26392
26392
26392
26395
26399
26400
26400
26401
26404
26409
26415
26418
26421
26424
26428
26429
26430
26438
26439
26440
26448
26453
26456
26459
26461
26465
26468
26470
26472
26478
26478
26479
26479
26481
26483
26485
26486
26488
26491
26493
26493
26494
26497
26498
26504
26506
26506
26518
26518
26518
26519
26520
26521
26523
26525
26527
26531
26537
26539
26545
26545
26545
26549
26549
26551
26554
26560
26562
26563
26565
26568
26568
26569
26570
26582
26585
26588
26588
26590
26593
26593
26600
26604
26609
26613
26615
26617
26618
26635
26636
26641
26646
26647
26647
26648
26650
26654
26656
26659
26660
26662
26665
26667
26667
26670
26671
26672
26672
26674
26680
26681
26684
26685
26685
26689
26689
26690
26692
26693
26693
26695
26698
26710
26710
26716
26725
26726
26727
26731
26732
26734
26737
26737
26738
26740
26741
26742
26745
26752
26753
26753
26756
26756
26758
26764
26776
26781
26782
26783
26784
26784
26788
26796
26799
26808
26812
26813
26818
26820
26820
26821
26822
26823
26825
26825
26826
26828
26828
26831
26832
26834
26850
26853
26861
26864
26867
26872
26873
26873
26877
26877
26878
26879
26879
26890
26893
26895
26911
26912
26914
26915
26925
26925
26928
26934
26935
26939
26939
26939
26941
26942
26944
26948
26956
26962
26962
26970
26971
26976
26977
26979
26981
26981
26984
26985
26993
26993
26994
27000
27004
27008
27010
27011
27018
27023
27024
27027
27028
27029
27030
27035
27036
27037
27037
27037
27037
27046
27049
27050
27053
27053
27056
27059
27066
27066
27067
27071
27073
27078
27082
27085
27087
27088
27091
27092
27097
27114
27128
27130
27138
27138
27140
27143
27144
27147
27148
27148
27149
27150
27151
27152
27156
27156
27158
27163
27163
27166
27173
27174
27175
27186
27187
27187
27189
27193
27199
27199
27201
27207
27208
27210
27220
27228
27231
27232
27238
27240
27247
27257
27259
27259
27261
27263
27263
27264
27264
27265
27271
27273
27273
27275
27279
27280
27281
27286
27288
27288
27291
27298
27299
27300
27302
27308
27322
27326
27328
27333
27334
27337
27340
27343
27344
27345
27346
27354
27354
27355
27359
27360
27361
27365
27383
27385
27388
27390
27393
27393
27396
27407
27408
27408
27412
27417
27417
27421
27421
27423
27425
27433
27441
27444
27451
27452
27453
27466
27466
27470
27475
27477
27477
27480
27484
27489
27498
27499
27501
27507
27509
27512
27517
27517
27518
27531
27534
27535
27536
27543
27545
27550
27551
27554
27559
27559
27562
27564
27565
27566
27566
27568
27569
27576
27577
27579
27580
27580
27580
27583
27587
27589
27590
27593
27594
27595
27596
27603
27604
27606
27609
27612
27612
27614
27621
27632
27634
27635
27638
27641
27644
27650
27666
27677
27677
27683
27685
27693
27694
27695
27698
27698
27699
27703
27706
27707
27707
27708
27709
27712
27712
27715
27717
27721
27722
27725
27727
27728
27733
27735
27738
27739
27740
27746
27747
27748
27750
27754
27761
27765
27776
27778
27779
27783
27787
27792
27792
27794
27801
27802
27802
27804
27805
27812
27817
27830
27830
27832
27833
27840
27852
27852
27853
27857
27858
27861
27862
27867
27869
27870
27870
27872
27876
27882
27884
27885
27886
27886
27896
27897
27899
27900
27901
27902
27902
27904
27905
27907
27913
27918
27921
27922
27928
27929
27932
27936
27939
27943
27948
27956
27958
27959
27963
27966
27969
27971
27974
27974
27976
27977
27981
27982
27983
27988
27995
28000
28006
28007
28008
28012
28015
28015
28022
28023
28023
28036
28036
28036
28038
28040
28041
28044
28045
28046
28053
28061
28067
28068
28068
28071
28078
28081
28082
28084
28090
28093
28095
28097
28101
28106
28110
28111
28128
28132
28133
28138
28138
28143
28148
28149
28150
28151
28151
28152
28154
28157
28162
28163
28166
28167
28169
28172
28172
28173
28175
28178
28181
28183
28188
28190
28194
28197
28200
28203
28206
28206
28210
28210
28223
28226
28227
28231
28234
28234
28235
28236
28237
28244
28247
28247
28250
28251
28251
28252
28253
28256
28262
28265
28266
28266
28267
28271
28272
28275
28276
28291
28291
28293
28294
28294
28298
28302
28303
28305
28309
28312
28313
28320
28327
28341
28344
28347
28348
28348
28357
28363
28371
28374
28375
28377
28378
28379
28379
28384
28386
28393
28394
28398
28402
28411
28412
28415
28423
28423
28432
28433
28434
28437
28438
28441
28444
28448
28454
28458
28459
28460
28463
28469
28471
28473
28473
28474
28475
28476
28477
28481
28482
28485
28487
28492
28500
28500
28508
28517
28517
28518
28520
28522
28529
28541
28541
28541
28542
28544
28544
28546
28548
28554
28556
28556
28557
28560
28572
28575
28581
28582
28585
28590
28594
28595
28596
28598
28603
28605
28607
28610
28611
28612
28613
28614
28616
28621
28631
28632
28633
28634
28637
28646
28653
28654
28661
28663
28670
28674
28675
28678
28680
28681
28685
28688
28691
28692
28692
28694
28695
28696
28699
28701
28703
28703
28710
28710
28710
28717
28718
28725
28726
28726
28731
28736
28738
28741
28742
28742
28745
28745
28745
28746
28748
28749
28758
28760
28763
28767
28769
28770
28771
28773
28778
28779
28780
28783
28784
28796
28797
28820
28824
28825
28831
28834
28835
28836
28837
28838
28839
28841
28854
28855
28866
28867
28874
28878
28881
28882
28886
28888
28891
28895
28897
28898
28899
28900
28904
28907
28909
28914
28914
28921
28922
28923
28923
28926
28928
28933
28939
28939
28939
28946
28947
28952
28953
28953
28958
28959
28961
28968
28969
28976
28978
28980
28981
28986
28986
28992
28996
28997
28997
28999
28999
28999
29001
29003
29003
29006
29006
29010
29012
29012
29013
29014
29018
29019
29019
29021
29021
29022
29022
29024
29028
29029
29030
29035
29039
29050
29054
29054
29062
29073
29074
29075
29077
29077
29086
29086
29087
29088
29090
29092
29093
29093
29093
29100
29103
29107
29112
29120
29122
29122
29122
29124
29126
29133
29137
29139
29139
29144
29146
29147
29150
29152
29163
29166
29168
29171
29171
29172
29173
29176
29180
29186
29192
29193
29198
29199
29203
29207
29211
29215
29219
29219
29221
29227
29236
29237
29239
29240
29241
29243
29247
29247
29255
29255
29256
29256
29259
29264
29267
29267
29272
29273
29273
29273
29280
29281
29281
29281
29283
29284
29289
29290
29293
29295
29295
29296
29297
29297
29299
29299
29300
29301
29302
29305
29315
29318
29319
29321
29322
29324
29330
29330
29330
29339
29341
29343
29348
29349
29353
29353
29354
29354
29355
29356
29363
29364
29366
29372
29373
29374
29375
29377
29380
29381
29383
29385
29386
29389
29390
29392
29397
29397
29399
29399
29400
29402
29403
29403
29405
29407
29415
29419
29420
29432
29436
29439
29459
29466
29475
29476
29477
29481
29488
29501
29502
29510
29512
29512
29512
29515
29518
29519
29519
29520
29533
29533
29533
29537
29547
29549
29563
29564
29565
29565
29573
29579
29580
29581
29581
29583
29594
29595
29596
29600
29606
29609
29610
29610
29613
29614
29619
29623
29630
29631
29638
29642
29647
29650
29652
29653
29658
29659
29666
29672
29676
29683
29684
29690
29691
29695
29698
29699
29700
29709
29710
29715
29718
29720
29721
29723
29724
29726
29726
29727
29730
29735
29737
29739
29740
29742
29742
29743
29748
29758
29760
29761
29767
29769
29770
29776
29778
29788
29791
29792
29792
29793
29794
29797
29801
29804
29805
29806
29808
29809
29811
29811
29820
29823
29826
29827
29829
29833
29838
29839
29841
29845
29847
29850
29852
29858
29859
29860
29860
29864
29866
29867
29868
29868
29875
29886
29892
29892
29895
29896
29898
29898
29901
29907
29913
29917
29921
29922
29924
29926
29931
29940
29940
29945
29949
29952
29953
29953
29954
29959
29960
29963
29969
29975
29986
29986
29991
18274
8
18266
