10000
5
7
8
12
14
16
18
18
18
21
23
24
29
32
45
55
61
66
66
66
68
69
74
75
79
83
86
87
87
93
97
98
100
102
102
102
102
108
110
113
113
113
121
122
127
128
132
134
135
140
142
143
151
155
158
160
166
172
172
175
176
177
179
179
179
186
187
190
192
194
195
200
209
213
213
218
218
218
221
222
223
223
225
227
230
232
235
236
239
240
241
243
243
261
265
266
267
275
276
279
279
279
282
289
291
297
301
304
315
317
320
324
332
333
338
339
340
340
342
351
355
356
372
373
374
377
382
387
392
392
394
399
399
404
404
406
406
408
414
416
421
423
426
433
436
436
440
441
443
445
445
446
447
450
455
456
461
461
461
464
466
470
476
479
479
481
483
483
484
485
485
488
490
494
495
498
499
501
502
503
506
509
510
515
516
520
520
521
525
526
532
533
540
540
542
545
546
547
554
560
572
575
583
585
587
589
593
593
594
595
596
598
599
602
607
608
613
613
614
615
619
620
621
622
630
630
639
641
646
647
651
652
659
659
659
666
669
685
685
686
691
699
701
703
704
706
707
715
717
720
725
726
727
727
728
728
730
753
754
756
757
765
767
774
774
776
782
783
786
787
788
789
791
791
795
802
804
804
806
814
815
819
821
822
825
832
832
833
836
836
837
841
842
849
850
857
861
861
868
871
873
875
875
878
889
893
894
901
901
904
908
908
910
915
917
917
928
936
940
941
942
943
948
949
951
954
954
961
971
973
973
974
979
980
981
981
997
1001
1002
1003
1005
1006
1006
1011
1017
1021
1024
1032
1032
1033
1035
1035
1043
1045
1050
1054
1054
1056
1056
1057
1059
1062
1063
1066
1067
1069
1074
1077
1078
1085
1086
1088
1091
1098
1106
1108
1115
1123
1126
1128
1128
1131
1133
1141
1143
1147
1147
1155
1162
1165
1167
1172
1182
1185
1187
1188
1192
1192
1194
1196
1203
1205
1206
1225
1230
1235
1235
1235
1235
1236
1238
1238
1239
1240
1244
1246
1249
1256
1257
1258
1266
1268
1270
1272
1277
1278
1282
1284
1285
1288
1291
1294
1295
1296
1298
1298
1307
1308
1310
1319
1321
1325
1327
1331
1331
1333
1335
1336
1337
1342
1350
1352
1355
1368
1368
1373
1375
1375
1377
1387
1390
1390
1392
1392
1395
1398
1403
1403
1405
1406
1408
1413
1414
1417
1417
1419
1425
1428
1430
1432
1438
1446
1449
1452
1453
1456
1458
1458
1465
1468
1468
1474
1480
1482
1483
1484
1487
1491
1492
1495
1495
1496
1497
1505
1512
1513
1514
1516
1520
1529
1533
1534
1536
1538
1540
1542
1548
1554
1562
1565
1567
1569
1570
1571
1581
1581
1583
1584
1586
1588
1593
1594
1595
1597
1598
1601
1603
1607
1610
1617
1620
1622
1624
1625
1625
1627
1627
1628
1628
1630
1633
1633
1634
1634
1636
1638
1640
1640
1642
1645
1650
1650
1656
1665
1667
1674
1677
1681
1684
1687
1688
1693
1695
1701
1711
1725
1727
1731
1732
1738
1739
1740
1740
1742
1743
1746
1746
1749
1751
1755
1758
1766
1773
1778
1778
1779
1779
1785
1785
1785
1786
1787
1789
1801
1802
1802
1803
1811
1811
1815
1820
1820
1821
1822
1827
1830
1836
1837
1838
1842
1843
1844
1846
1848
1851
1856
1856
1858
1863
1863
1863
1897
1898
1899
1903
1903
1904
1907
1907
1908
1909
1910
1911
1912
1915
1915
1920
1924
1924
1926
1926
1931
1931
1940
1942
1947
1949
1950
1951
1952
1954
1954
1962
1962
1963
1967
1973
1975
1978
1979
1984
1984
1984
1987
1989
1992
1993
1994
1996
2001
2005
2005
2006
2006
2007
2010
2012
2014
2015
2019
2019
2023
2025
2028
2033
2038
2043
2043
2046
2046
2049
2049
2050
2052
2060
2064
2065
2067
2071
2071
2073
2091
2091
2094
2094
2098
2100
2107
2108
2109
2110
2110
2112
2114
2116
2119
2122
2122
2128
2129
2136
2138
2139
2140
2142
2148
2150
2152
2152
2152
2166
2166
2170
2177
2178
2178
2182
2182
2183
2191
2198
2201
2204
2206
2214
2216
2218
2220
2221
2228
2228
2231
2231
2234
2235
2236
2237
2241
2245
2247
2248
2250
2251
2258
2258
2261
2265
2267
2273
2274
2275
2277
2278
2278
2278
2278
2280
2282
2284
2293
2297
2302
2303
2305
2306
2309
2310
2322
2323
2330
2332
2334
2335
2336
2339
2343
2344
2348
2351
2351
2354
2355
2358
2361
2363
2364
2364
2366
2369
2375
2376
2387
2391
2394
2394
2398
2398
2399
2399
2401
2402
2405
2405
2412
2415
2418
2423
2425
2427
2432
2433
2443
2449
2454
2457
2458
2460
2460
2463
2463
2465
2465
2466
2469
2470
2474
2476
2479
2479
2483
2486
2487
2494
2495
2496
2502
2502
2505
2509
2511
2515
2516
2520
2521
2522
2529
2529
2531
2535
2535
2539
2540
2542
2544
2551
2556
2558
2558
2561
2564
2572
2573
2574
2580
2581
2586
2595
2596
2596
2596
2604
2608
2609
2612
2614
2614
2618
2619
2620
2620
2621
2622
2622
2625
2626
2626
2627
2629
2638
2639
2646
2647
2648
2650
2652
2652
2655
2657
2664
2664
2685
2686
2688
2689
2689
2691
2691
2700
2706
2707
2713
2715
2719
2723
2733
2734
2738
2739
2743
2747
2747
2755
2762
2762
2766
2777
2778
2779
2779
2783
2783
2785
2790
2793
2802
2805
2805
2807
2808
2812
2813
2818
2821
2828
2835
2835
2838
2840
2842
2844
2860
2863
2863
2865
2874
2875
2876
2876
2881
2884
2885
2885
2886
2888
2888
2889
2897
2899
2899
2901
2904
2906
2909
2909
2910
2911
2914
2917
2922
2924
2936
2937
2942
2942
2949
2956
2960
2961
2961
2962
2964
2973
2974
2978
2979
2979
2986
2987
2990
2993
2993
2993
2999
3008
3009
3010
3011
3015
3021
3022
3023
3023
3024
3025
3032
3042
3043
3047
3049
3056
3060
3060
3060
3060
3068
3074
3079
3080
3080
3081
3082
3083
3087
3087
3098
3099
3101
3103
3105
3106
3109
3116
3117
3119
3123
3125
3126
3128
3134
3136
3138
3140
3141
3147
3147
3153
3154
3155
3160
3164
3169
3169
3175
3176
3177
3183
3183
3184
3186
3187
3194
3198
3203
3205
3209
3211
3218
3221
3224
3224
3227
3233
3236
3239
3241
3255
3257
3257
3258
3259
3267
3274
3276
3277
3282
3288
3288
3291
3295
3300
3301
3301
3302
3304
3305
3310
3315
3317
3319
3320
3321
3324
3327
3328
3329
3333
3339
3341
3344
3351
3354
3360
3367
3368
3369
3369
3372
3373
3378
3382
3383
3387
3388
3398
3400
3403
3405
3408
3412
3412
3414
3414
3416
3418
3419
3420
3427
3428
3433
3435
3440
3442
3445
3446
3446
3449
3450
3451
3453
3457
3461
3461
3469
3482
3483
3485
3486
3488
3489
3491
3492
3496
3496
3499
3503
3504
3506
3508
3511
3514
3517
3521
3526
3534
3543
3546
3549
3550
3553
3560
3561
3562
3566
3566
3569
3571
3571
3572
3573
3574
3577
3577
3586
3587
3588
3589
3596
3597
3599
3606
3606
3608
3611
3616
3623
3629
3635
3638
3644
3645
3646
3648
3648
3650
3650
3651
3653
3653
3654
3660
3662
3663
3665
3669
3670
3671
3677
3677
3680
3685
3687
3691
3693
3697
3698
3701
3701
3701
3702
3709
3710
3719
3720
3721
3723
3727
3728
3729
3729
3732
3732
3736
3736
3736
3740
3740
3742
3743
3746
3749
3752
3755
3764
3767
3767
3768
3768
3768
3773
3780
3781
3786
3789
3790
3795
3795
3795
3797
3800
3801
3801
3801
3806
3810
3810
3816
3821
3831
3837
3837
3839
3841
3845
3849
3850
3853
3853
3854
3861
3861
3862
3865
3866
3868
3868
3870
3873
3874
3876
3877
3882
3882
3884
3888
3893
3906
3909
3913
3918
3919
3919
3920
3924
3939
3948
3949
3950
3955
3959
3961
3961
3965
3969
3969
3974
3974
3975
3979
3980
3999
3999
4005
4008
4013
4013
4015
4023
4025
4032
4034
4035
4038
4040
4041
4047
4048
4050
4055
4061
4062
4063
4063
4065
4067
4069
4078
4079
4082
4084
4086
4087
4087
4093
4094
4096
4097
4110
4116
4121
4123
4126
4129
4132
4140
4142
4145
4146
4147
4147
4149
4156
4163
4166
4166
4169
4175
4181
4182
4183
4189
4191
4192
4195
4196
4196
4203
4204
4205
4206
4210
4211
4214
4215
4218
4223
4227
4228
4236
4243
4244
4245
4246
4255
4257
4258
4261
4262
4265
4266
4271
4271
4272
4274
4279
4281
4286
4289
4290
4292
4294
4296
4297
4297
4301
4304
4308
4317
4325
4331
4337
4346
4349
4350
4350
4356
4357
4359
4360
4366
4368
4385
4385
4388
4395
4396
4397
4400
4403
4405
4411
4412
4412
4413
4415
4425
4429
4433
4440
4440
4442
4444
4453
4455
4456
4459
4462
4464
4467
4467
4467
4472
4473
4479
4481
4481
4482
4482
4482
4492
4496
4496
4496
4499
4502
4504
4505
4508
4508
4509
4510
4511
4517
4521
4524
4532
4535
4537
4538
4540
4541
4541
4545
4548
4558
4559
4563
4566
4570
4572
4573
4573
4573
4578
4582
4593
4597
4597
4598
4601
4602
4602
4603
4605
4610
4617
4619
4620
4626
4629
4629
4630
4633
4634
4639
4642
4645
4651
4654
4657
4657
4659
4659
4668
4674
4678
4679
4683
4684
4688
4689
4689
4690
4695
4696
4697
4697
4700
4706
4708
4711
4715
4717
4717
4718
4727
4727
4728
4728
4730
4736
4736
4739
4747
4762
4763
4766
4768
4768
4771
4771
4773
4776
4776
4780
4780
4781
4789
4790
4791
4802
4803
4810
4814
4820
4821
4829
4836
4843
4844
4844
4845
4853
4857
4868
4869
4869
4880
4886
4887
4900
4901
4906
4907
4911
4913
4915
4920
4922
4933
4934
4944
4950
4953
4954
4956
4960
4963
4963
4964
4967
4967
4972
4976
4978
4978
4985
4985
4986
4988
4992
4995
4995
4998
5001
5001
5007
5014
5018
5026
5031
5036
5036
5037
5043
5045
5051
5052
5058
5061
5069
5071
5072
5075
5076
5079
5090
5098
5104
5107
5107
5111
5118
5123
5125
5125
5132
5134
5136
5137
5137
5138
5144
5146
5148
5150
5153
5154
5155
5156
5158
5159
5161
5161
5162
5164
5166
5172
5173
5175
5180
5185
5192
5193
5199
5203
5217
5226
5230
5231
5232
5234
5235
5236
5236
5237
5238
5246
5250
5251
5253
5254
5260
5261
5261
5267
5268
5269
5271
5271
5274
5275
5281
5284
5285
5286
5290
5294
5309
5312
5315
5316
5316
5328
5342
5343
5344
5350
5351
5355
5359
5361
5372
5378
5378
5379
5379
5380
5391
5394
5399
5400
5400
5404
5406
5407
5410
5413
5415
5425
5435
5435
5436
5436
5439
5441
5442
5443
5443
5444
5446
5447
5450
5450
5452
5455
5456
5456
5458
5461
5463
5464
5468
5470
5471
5476
5480
5488
5488
5491
5494
5496
5499
5500
5501
5501
5504
5514
5519
5525
5526
5527
5528
5531
5531
5535
5540
5545
5549
5553
5557
5563
5566
5569
5573
5580
5580
5581
5585
5586
5586
5587
5591
5596
5600
5601
5601
5603
5607
5609
5612
5614
5618
5621
5625
5628
5632
5633
5633
5636
5637
5639
5639
5646
5648
5650
5652
5658
5659
5661
5661
5662
5662
5663
5674
5677
5682
5691
5693
5698
5699
5713
5715
5716
5721
5724
5727
5728
5728
5728
5729
5735
5737
5741
5742
5742
5743
5743
5745
5746
5749
5752
5761
5763
5764
5764
5774
5775
5778
5787
5791
5791
5799
5805
5815
5816
5820
5830
5832
5834
5834
5836
5845
5847
5850
5855
5855
5866
5867
5868
5869
5871
5872
5874
5876
5880
5894
5894
5895
5896
5897
5901
5902
5905
5912
5916
5919
5924
5924
5928
5929
5929
5930
5931
5934
5935
5939
5940
5940
5941
5943
5945
5949
5956
5959
5963
5963
5964
5966
5968
5970
5975
5979
5979
5979
5981
5981
5982
5982
5989
5992
5995
5995
6001
6001
6001
6014
6022
6027
6027
6028
6036
6038
6047
6048
6053
6053
6054
6057
6070
6071
6074
6075
6077
6080
6083
6084
6085
6086
6086
6088
6089
6090
6094
6098
6103
6105
6109
6116
6116
6118
6120
6122
6123
6124
6127
6129
6129
6132
6133
6137
6139
6139
6145
6146
6152
6157
6161
6165
6168
6172
6190
6194
6194
6194
6195
6197
6197
6200
6201
6204
6209
6209
6210
6214
6217
6219
6219
6223
6223
6233
6235
6237
6243
6247
6247
6248
6249
6252
6252
6254
6255
6257
6264
6265
6267
6273
6274
6277
6277
6278
6296
6296
6296
6300
6303
6303
6305
6307
6308
6315
6318
6321
6325
6331
6332
6334
6337
6338
6338
6342
6343
6349
6351
6351
6353
6364
6371
6376
6377
6377
6378
6379
6384
6384
6389
6390
6391
6391
6394
6404
6405
6412
6419
6422
6422
6425
6428
6433
6439
6439
6442
6444
6444
6445
6445
6446
6447
6448
6450
6450
6453
6455
6456
6456
6460
6461
6465
6466
6468
6473
6476
6477
6478
6480
6491
6492
6493
6493
6494
6500
6506
6506
6507
6508
6512
6514
6523
6526
6526
6530
6531
6537
6539
6542
6542
6544
6545
6551
6557
6557
6564
6565
6566
6567
6571
6571
6574
6574
6578
6581
6585
6586
6587
6589
6592
6593
6599
6600
6602
6606
6606
6606
6607
6609
6612
6613
6619
6620
6627
6634
6636
6637
6644
6657
6662
6666
6671
6672
6677
6677
6682
6683
6684
6688
6706
6712
6713
6713
6717
6721
6725
6731
6735
6737
6742
6742
6744
6747
6748
6750
6755
6756
6757
6758
6760
6761
6761
6761
6762
6765
6768
6770
6770
6780
6781
6783
6786
6786
6788
6789
6791
6794
6796
6797
6806
6810
6813
6813
6814
6815
6818
6827
6836
6837
6841
6843
6845
6846
6846
6867
6871
6883
6892
6896
6897
6903
6909
6910
6916
6917
6917
6918
6918
6921
6924
6925
6926
6926
6941
6941
6945
6945
6946
6948
6949
6954
6955
6957
6959
6960
6963
6966
6967
6971
6971
6972
6977
6978
6980
6986
6998
7002
7005
7007
7008
7014
7015
7015
7016
7018
7025
7026
7029
7031
7032
7033
7034
7035
7035
7035
7039
7045
7045
7046
7047
7047
7052
7056
7058
7061
7063
7064
7066
7068
7068
7069
7070
7073
7078
7079
7084
7091
7097
7102
7109
7110
7111
7113
7114
7115
7115
7115
7117
7120
7130
7139
7140
7143
7143
7143
7145
7150
7153
7154
7155
7156
7157
7158
7159
7163
7164
7167
7168
7169
7172
7175
7175
7175
7179
7179
7184
7186
7189
7192
7199
7203
7204
7205
7206
7208
7211
7211
7212
7219
7220
7221
7222
7222
7224
7224
7225
7225
7227
7231
7233
7240
7242
7243
7244
7244
7250
7252
7257
7262
7263
7263
7268
7268
7270
7273
7274
7277
7278
7285
7290
7293
7293
7300
7301
7304
7305
7306
7315
7317
7317
7336
7338
7341
7344
7345
7347
7347
7348
7351
7351
7355
7358
7366
7368
7368
7376
7379
7380
7382
7385
7386
7387
7389
7393
7397
7397
7398
7401
7403
7403
7405
7406
7408
7410
7413
7416
7417
7421
7426
7426
7431
7436
7441
7442
7446
7446
7453
7457
7457
7458
7458
7467
7468
7468
7471
7474
7474
7475
7475
7480
7484
7487
7489
7496
7500
7502
7504
7505
7507
7507
7509
7510
7511
7513
7515
7523
7527
7530
7531
7534
7535
7540
7541
7545
7551
7551
7554
7556
7559
7565
7569
7570
7571
7574
7575
7577
7579
7579
7579
7584
7585
7588
7592
7597
7604
7606
7609
7610
7610
7613
7614
7616
7616
7622
7624
7625
7626
7626
7627
7628
7629
7630
7632
7632
7636
7637
7643
7648
7649
7652
7653
7656
7660
7664
7666
7667
7668
7674
7676
7677
7677
7679
7680
7681
7684
7684
7688
7699
7706
7712
7715
7718
7718
7721
7722
7725
7732
7735
7738
7739
7740
7741
7741
7743
7744
7745
7746
7747
7747
7748
7753
7755
7757
7758
7761
7765
7770
7773
7776
7780
7780
7781
7783
7783
7783
7784
7784
7785
7790
7800
7800
7801
7812
7814
7816
7817
7818
7820
7825
7828
7832
7837
7838
7843
7846
7846
7852
7853
7854
7856
7860
7866
7868
7869
7869
7870
7873
7873
7874
7877
7881
7884
7886
7889
7891
7891
7893
7894
7896
7900
7900
7904
7906
7907
7909
7914
7919
7925
7936
7942
7943
7943
7947
7960
7961
7961
7962
7963
7964
7966
7966
7967
7969
7970
7970
7978
7981
7982
7983
7990
7991
7995
8001
8006
8008
8011
8011
8014
8014
8014
8016
8017
8018
8021
8027
8030
8036
8037
8038
8042
8044
8045
8048
8049
8053
8053
8056
8059
8060
8061
8061
8065
8066
8066
8068
8072
8076
8079
8091
8094
8097
8097
8107
8108
8109
8111
8118
8118
8121
8122
8129
8131
8132
8134
8135
8145
8146
8152
8165
8167
8167
8171
8171
8174
8176
8177
8182
8184
8186
8187
8194
8197
8198
8202
8203
8208
8210
8217
8221
8223
8223
8226
8227
8233
8234
8239
8243
8250
8251
8257
8260
8260
8260
8268
8270
8271
8277
8280
8285
8290
8294
8295
8297
8301
8306
8306
8309
8313
8314
8317
8318
8319
8323
8326
8329
8333
8336
8337
8339
8340
8341
8344
8345
8345
8353
8357
8358
8359
8359
8364
8370
8370
8374
8378
8383
8383
8392
8393
8396
8398
8400
8400
8413
8416
8418
8422
8426
8430
8431
8432
8437
8440
8441
8450
8454
8454
8464
8465
8472
8474
8485
8485
8488
8491
8497
8505
8505
8509
8511
8512
8513
8515
8519
8524
8524
8525
8527
8527
8530
8532
8541
8543
8545
8546
8548
8550
8552
8554
8556
8558
8561
8563
8567
8576
8578
8580
8590
8592
8596
8601
8602
8604
8607
8617
8617
8618
8618
8625
8626
8629
8629
8630
8635
8635
8639
8640
8645
8650
8652
8654
8655
8657
8661
8663
8663
8665
8670
8673
8674
8675
8682
8682
8684
8704
8715
8721
8722
8725
8726
8728
8729
8729
8729
8731
8732
8735
8740
8741
8744
8749
8749
8752
8753
8753
8754
8755
8761
8761
8763
8764
8765
8767
8769
8769
8779
8786
8788
8805
8810
8814
8814
8825
8827
8828
8836
8837
8837
8840
8841
8844
8847
8848
8848
8849
8854
8854
8857
8860
8868
8869
8870
8871
8875
8877
8878
8878
8879
8879
8880
8882
8888
8889
8893
8895
8899
8899
8899
8910
8917
8922
8928
8931
8938
8939
8940
8941
8944
8947
8952
8953
8954
8956
8958
8958
8961
8962
8962
8963
8964
8966
8972
8977
8984
8988
8989
8989
8991
8993
8999
8999
9000
9003
9009
9013
9017
9022
9022
9022
9024
9024
9025
9027
9030
9032
9032
9033
9035
9043
9047
9048
9049
9051
9060
9061
9069
9076
9078
9079
9084
9085
9086
9090
9092
9099
9105
9113
9115
9119
9125
9129
9135
9136
9141
9142
9143
9144
9152
9156
9158
9161
9165
9169
9177
9180
9184
9192
9197
9202
9215
9216
9220
9222
9224
9226
9226
9232
9234
9236
9236
9238
9238
9239
9248
9251
9251
9253
9255
9255
9258
9259
9260
9264
9271
9275
9282
9288
9292
9293
9293
9295
9302
9302
9304
9311
9312
9316
9319
9329
9329
9337
9337
9339
9351
9360
9364
9364
9369
9370
9372
9373
9374
9376
9377
9377
9382
9385
9389
9389
9392
9396
9396
9401
9406
9407
9408
9415
9420
9421
9423
9425
9427
9430
9432
9434
9434
9435
9448
9451
9458
9458
9459
9460
9462
9468
9469
9479
9485
9491
9492
9493
9496
9500
9500
9502
9508
9511
9514
9515
9518
9525
9525
9525
9527
9527
9533
9536
9538
9538
9541
9545
9552
9553
9554
9559
9561
9567
9570
9574
9580
9580
9585
9590
9593
9600
9601
9603
9604
9604
9608
9614
9620
9620
9621
9623
9635
9636
9639
9640
9645
9646
9650
9651
9655
9656
9656
9659
9660
9661
9664
9668
9669
9670
9673
9673
9676
9683
9688
9688
9692
9694
9695
9704
9716
9723
9724
9727
9728
9733
9734
9739
9740
9741
9746
9749
9750
9756
9760
9762
9764
9766
9766
9767
9769
9770
9773
9773
9774
9775
9778
9781
9783
9794
9795
9815
9816
9817
9820
9825
9832
9833
9833
9834
9836
9837
9841
9841
9841
9843
9846
9849
9852
9856
9858
9859
9861
9867
9874
9875
9875
9875
9878
9879
9882
9883
9885
9902
9906
9911
9912
9913
9923
9924
9925
9936
9937
9942
9950
9951
9963
9965
9967
9972
9978
9983
9986
9986
9990
9993
9998
10001
10005
10011
10014
10018
10023
10023
10026
10038
10039
10044
10048
10052
10057
10059
10060
10063
10065
10067
10069
10072
10075
10076
10076
10077
10081
10082
10089
10090
10099
10101
10103
10105
10107
10107
10107
10110
10111
10116
10121
10127
10134
10135
10138
10139
10140
10145
10154
10156
10157
10158
10166
10166
10168
10171
10171
10172
10172
10173
10175
10175
10176
10180
10181
10186
10189
10201
10206
10211
10216
10218
10222
10224
10230
10240
10241
10244
10247
10249
10255
10256
10262
10270
10273
10275
10275
10280
10280
10288
10288
10288
10290
10290
10291
10294
10294
10295
10299
10302
10303
10304
10306
10307
10315
10319
10322
10323
10324
10325
10325
10327
10333
10335
10335
10339
10345
10346
10355
10357
10357
10361
10363
10364
10365
10366
10367
10374
10376
10376
10379
10379
10379
10389
10393
10395
10404
10408
10410
10411
10414
10422
10426
10428
10431
10434
10439
10439
10440
10443
10443
10447
10448
10450
10450
10454
10459
10460
10465
10473
10478
10487
10504
10507
10511
10511
10512
10512
10514
10516
10519
10521
10521
10521
10523
10525
10525
10531
10532
10533
10535
10537
10537
10538
10540
10545
10546
10546
10548
10555
10557
10564
10567
10572
10578
10579
10580
10589
10592
10596
10596
10596
10600
10609
10610
10619
10622
10629
10634
10637
10640
10640
10645
10647
10651
10651
10665
10673
10684
10685
10689
10691
10693
10693
10696
10696
10699
10701
10702
10705
10707
10708
10714
10718
10725
10728
10729
10729
10732
10734
10734
10734
10736
10737
10737
10739
10744
10747
10748
10750
10753
10758
10769
10773
10774
10777
10779
10781
10782
10783
10792
10794
10794
10803
10806
10809
10809
10817
10821
10828
10833
10835
10836
10848
10849
10850
10851
10858
10858
10860
10864
10872
10877
10878
10882
10883
10885
10889
10894
10897
10898
10899
10905
10906
10911
10914
10916
10917
10919
10922
10925
10936
10937
10950
10951
10952
10955
10956
10959
10959
10960
10961
10965
10965
10966
10970
10972
10975
10977
10978
10981
10987
10988
10989
10990
10996
10999
10999
11006
11010
11014
11014
11018
11023
11024
11026
11031
11037
11040
11048
11050
11057
11059
11065
11066
11069
11069
11071
11089
11090
11102
11103
11104
11109
11116
11121
11123
11123
11125
11127
11128
11132
11139
11147
11147
11149
11158
11160
11160
11161
11164
11167
11169
11174
11178
11178
11186
11187
11189
11193
11195
11200
11200
11206
11207
11209
11210
11213
11214
11221
11223
11223
11225
11227
11229
11230
11231
11238
11242
11251
11251
11251
11260
11271
11273
11274
11276
11278
11280
11281
11289
11295
11296
11302
11304
11307
11308
11309
11311
11315
11319
11329
11340
11342
11343
11344
11346
11354
11358
11359
11360
11366
11367
11372
11372
11382
11383
11394
11395
11395
11399
11400
11401
11402
11408
11418
11422
11426
11426
11434
11434
11436
11446
11446
11450
11450
11456
11460
11467
11472
11481
11485
11490
11491
11493
11493
11494
11495
11507
11508
11508
11508
11517
11518
11518
11521
11527
11528
11529
11535
11537
11537
11539
11547
11551
11556
11557
11557
11560
11565
11568
11568
11572
11574
11574
11581
11581
11588
11588
11590
11590
11592
11603
11605
11620
11623
11627
11632
11641
11648
11652
11659
11661
11662
11665
11668
11670
11674
11676
11680
11681
11682
11688
11689
11690
11692
11694
11698
11700
11700
11703
11705
11708
11712
11720
11721
11725
11730
11733
11734
11738
11739
11740
11741
11743
11745
11746
11746
11747
11749
11750
11753
11756
11760
11765
11769
11771
11771
11773
11779
11780
11781
11781
11783
11788
11795
11799
11805
11814
11817
11822
11828
11834
11834
11836
11837
11839
11841
11843
11850
11852
11853
11853
11855
11859
11868
11870
11876
11878
11879
11882
11883
11886
11893
11893
11905
11908
11911
11918
11925
11927
11930
11931
11935
11938
11939
11942
11942
11946
11946
11948
11949
11950
11956
11957
11958
11961
11962
11963
11965
11965
11966
11967
11969
11973
11974
11976
11978
11987
11993
11996
12000
12000
12006
12010
12014
12015
12017
12017
12020
12020
12020
12023
12023
12025
12027
12029
12035
12040
12045
12048
12054
12059
12062
12064
12065
12066
12068
12068
12069
12069
12073
12076
12079
12080
12082
12089
12096
12097
12101
12102
12104
12105
12108
12108
12112
12117
12117
12119
12120
12123
12125
12127
12133
12134
12136
12138
12141
12141
12146
12148
12154
12156
12157
12161
12162
12162
12163
12166
12169
12175
12189
12190
12191
12192
12194
12196
12200
12202
12204
12206
12206
12206
12208
12210
12211
12211
12214
12215
12215
12219
12221
12223
12224
12227
12228
12234
12234
12246
12248
12248
12260
12266
12267
12276
12278
12280
12288
12290
12294
12302
12303
12311
12314
12320
12321
12322
12324
12329
12336
12342
12345
12351
12351
12352
12368
12369
12373
12377
12383
12388
12396
12404
12404
12407
12416
12417
12424
12428
12430
12438
12439
12443
12449
12453
12461
12469
12471
12480
12488
12490
12498
12503
12504
12508
12511
12511
12520
12530
12530
12532
12539
12542
12547
12548
12550
12552
12563
12567
12573
12576
12578
12582
12584
12586
12586
12586
12586
12587
12588
12590
12595
12600
12604
12609
12610
12615
12617
12618
12621
12628
12632
12632
12640
12656
12658
12664
12666
12672
12673
12676
12685
12690
12690
12693
12700
12703
12705
12714
12719
12720
12721
12721
12723
12723
12725
12726
12727
12731
12735
12737
12739
12743
12746
12761
12763
12768
12772
12778
12781
12783
12785
12788
12791
12792
12793
12799
12811
12816
12818
12819
12822
12828
12830
12832
12838
12843
12844
12849
12849
12852
12855
12858
12858
12859
12867
12869
12871
12872
12872
12875
12882
12882
12883
12884
12884
12887
12889
12896
12896
12897
12899
12907
12908
12909
12910
12914
12916
12916
12919
12921
12922
12925
12927
12928
12935
12936
12938
12939
12940
12949
12951
12952
12952
12953
12955
12957
12963
12964
12965
12967
12971
12987
12990
12992
12999
12999
13012
13013
13015
13016
13018
13023
13024
13025
13031
13032
13037
13038
13044
13045
13046
13046
13047
13048
13048
13051
13052
13056
13059
13060
13060
13067
13073
13074
13074
13080
13085
13086
13091
13092
13094
13104
13107
13115
13117
13123
13123
13124
13126
13127
13128
13129
13129
13130
13131
13140
13142
13145
13147
13150
13151
13154
13155
13155
13158
13161
13163
13165
13166
13174
13175
13175
13178
13178
13179
13195
13202
13203
13210
13214
13215
13215
13215
13217
13220
13222
13225
13230
13231
13241
13245
13247
13250
13251
13256
13257
13258
13259
13263
13264
13269
13270
13272
13273
13274
13276
13277
13279
13282
13284
13287
13294
13296
13298
13299
13300
13302
13303
13310
13314
13317
13317
13343
13346
13348
13358
13365
13367
13369
13370
13373
13377
13382
13382
13386
13386
13387
13388
13393
13394
13395
13400
13400
13406
13406
13409
13410
13417
13418
13419
13422
13426
13426
13428
13428
13429
13429
13432
13433
13446
13447
13448
13449
13450
13452
13453
13456
13458
13458
13460
13466
13467
13470
13479
13486
13495
13496
13499
13505
13508
13510
13515
13519
13520
13523
13525
13527
13531
13537
13541
13542
13543
13546
13546
13548
13548
13556
13560
13562
13564
13565
13565
13566
13569
13570
13572
13582
13584
13585
13599
13599
13624
13627
13627
13635
13636
13639
13641
13641
13642
13642
13648
13648
13651
13651
13659
13659
13672
13675
13678
13678
13681
13681
13687
13689
13695
13705
13707
13709
13711
13712
13716
13721
13722
13724
13725
13727
13728
13729
13731
13734
13739
13751
13753
13759
13763
13767
13767
13775
13778
13785
13786
13786
13789
13789
13797
13799
13800
13805
13806
13810
13814
13819
13821
13832
13832
13833
13835
13837
13838
13839
13842
13842
13843
13843
13859
13862
13874
13877
13878
13878
13881
13883
13889
13889
13898
13898
13908
13912
13919
13925
13925
13927
13928
13928
13928
13928
13933
13933
13937
13939
13940
13949
13952
13953
13956
13959
13964
13965
13969
13970
13979
13980
13981
13984
13985
13989
13990
13992
14002
14007
14012
14016
14018
14019
14024
14025
14026
14027
14029
14029
14030
14031
14040
14042
14045
14049
14052
14053
14058
14059
14059
14064
14066
14072
14072
14081
14082
14082
14089
14089
14089
14090
14096
14097
14097
14099
14099
14101
14101
14102
14106
14107
14107
14110
14113
14116
14123
14131
14134
14138
14144
14146
14147
14147
14147
14148
14148
14151
14151
14154
14159
14165
14167
14172
14172
14174
14176
14177
14179
14182
14182
14183
14185
14188
14192
14197
14202
14205
14206
14206
14206
14206
14208
14215
14220
14234
14235
14242
14245
14246
14246
14255
14255
14256
14256
14256
14263
14266
14268
14271
14277
14280
14281
14285
14288
14295
14296
14299
14300
14300
14307
14310
14312
14312
14313
14314
14315
14318
14319
14320
14322
14322
14323
14328
14330
14330
14335
14336
14338
14340
14344
14345
14348
14349
14350
14353
14354
14354
14355
14357
14362
14365
14367
14370
14372
14376
14377
14378
14380
14385
14387
14387
14390
14392
14393
14396
14396
14397
14402
14402
14402
14406
14414
14416
14423
14426
14427
14429
14429
14431
14435
14438
14438
14441
14441
14442
14444
14446
14447
14449
14452
14455
14457
14460
14464
14465
14468
14471
14472
14473
14478
14478
14482
14483
14485
14488
14492
14498
14501
14502
14504
14507
14513
14515
14517
14518
14520
14522
14528
14528
14532
14533
14533
14535
14541
14543
14556
14558
14563
14565
14569
14570
14582
14587
14591
14595
14598
14598
14599
14600
14603
14604
14610
14610
14616
14617
14619
14620
14620
14624
14629
14629
14630
14631
14633
14636
14640
14645
14650
14653
14653
14654
14657
14658
14659
14665
14666
14670
14674
14676
14681
14682
14692
14693
14700
14713
14714
14715
14716
14727
14734
14738
14744
14746
14749
14750
14750
14750
14751
14758
14758
14758
14762
14766
14770
14772
14774
14777
14801
14803
14806
14811
14814
14818
14820
14825
14827
14829
14836
14837
14838
14844
14851
14851
14859
14863
14867
14873
14874
14875
14876
14879
14879
14880
14880
14882
14884
14887
14894
14896
14902
14907
14911
14915
14927
14929
14933
14936
14937
14938
14939
14942
14946
14946
14949
14952
14956
14957
14958
14958
14963
14966
14979
14980
14982
14990
14993
14996
14999
15003
15004
15007
15008
15011
15012
15016
15022
15025
15027
15030
15030
15036
15051
15055
15058
15059
15062
15065
15068
15075
15076
15077
15078
15079
15082
15083
15084
15087
15089
15089
15091
15094
15100
15101
15105
15105
15110
15110
15112
15116
15117
15122
15124
15124
15128
15129
15129
15130
15132
15135
15144
15145
15150
15150
15152
15153
15156
15158
15171
15175
15177
15180
15181
15182
15188
15189
15189
15190
15194
15195
15196
15197
15199
15199
15200
15201
15205
15216
15216
15217
15219
15219
15219
15221
15222
15222
15231
15232
15235
15239
15244
15248
15250
15259
15261
15264
15265
15272
15275
15276
15282
15282
15284
15284
15284
15288
15296
15296
15297
15299
15303
15306
15307
15308
15310
15310
15320
15324
15326
15330
15332
15336
15336
15336
15340
15341
15342
15344
15345
15349
15354
15355
15357
15361
15366
15368
15369
15373
15375
15376
15378
15381
15382
15383
15384
15386
15390
15391
15394
15396
15399
15408
15415
15427
15429
15437
15439
15440
15440
15442
15445
15447
15455
15459
15461
15465
15471
15471
15472
15475
15479
15484
15485
15488
15490
15492
15493
15496
15497
15504
15504
15505
15505
15509
15514
15515
15516
15529
15531
15532
15548
15548
15550
15550
15553
15554
15554
15555
15560
15565
15568
15570
15572
15573
15580
15586
15587
15591
15595
15607
15621
15626
15627
15631
15642
15645
15646
15650
15650
15653
15656
15662
15670
15672
15676
15679
15679
15680
15684
15685
15685
15687
15687
15699
15704
15706
15706
15708
15711
15718
15721
15721
15723
15723
15724
15726
15727
15729
15731
15732
15735
15736
15740
15740
15740
15741
15746
15747
15747
15752
15753
15754
15757
15760
15765
15765
15767
15773
15773
15773
15774
15774
15775
15776
15779
15782
15782
15791
15793
15796
15801
15804
15809
15810
15818
15822
15826
15826
15827
15828
15829
15829
15830
15831
15831
15839
15840
15840
15842
15843
15850
15862
15862
15866
15866
15868
15871
15871
15874
15874
15876
15876
15877
15881
15884
15893
15899
15900
15900
15905
15907
15915
15921
15921
15931
15931
15935
15935
15936
15936
15937
15937
15938
15940
15942
15942
15944
15945
15947
15948
15951
15953
15955
15957
15961
15963
15965
15968
15970
15976
15976
15977
15979
15979
15989
15990
15997
16001
16002
16003
16011
16015
16020
16024
16038
16041
16046
16046
16053
16056
16064
16065
16074
16075
16082
16083
16086
16090
16090
16094
16100
16101
16101
16102
16103
16105
16105
16105
16109
16115
16116
16120
16120
16126
16136
16136
16137
16138
16139
16147
16148
16148
16148
16155
16158
16161
16171
16172
16173
16177
16182
16194
16196
16200
16204
16215
16218
16218
16218
16219
16223
16224
16224
16225
16230
16234
16235
16237
16238
16240
16242
16256
16258
16261
16262
16267
16268
16274
16276
16279
16285
16291
16293
16293
16295
16306
16307
16308
16311
16311
16314
16316
16318
16320
16325
16326
16329
16330
16335
16337
16342
16342
16346
16346
16347
16348
16354
16354
16356
16358
16362
16369
16376
16384
16391
16391
16392
16393
16396
16396
16401
16402
16404
16406
16409
16415
16424
16427
16430
16430
16434
16443
16446
16446
16446
16450
16453
16456
16458
16460
16464
16464
16465
16466
16466
16471
16473
16474
16474
16479
16484
16487
16493
16495
16504
16516
16518
16518
16519
16522
16522
16524
16527
16528
16531
16536
16537
16539
16539
16544
16547
16548
16552
16554
16556
16556
16558
16559
16562
16566
16569
16570
16573
16573
16574
16577
16579
16579
16581
16582
16584
16587
16588
16590
16591
16597
16598
16603
16604
16606
16607
16614
16620
16627
16627
16630
16634
16643
16643
16645
16646
16649
16668
16668
16671
16674
16675
16679
16680
16682
16682
16686
16687
16688
16698
16702
16703
16703
16705
16705
16706
16707
16711
16712
16714
16716
16718
16718
16719
16722
16736
16737
16739
16749
16750
16751
16754
16755
16757
16761
16771
16772
16775
16779
16781
16782
16783
16786
16786
16789
16792
16796
16804
16804
16806
16807
16808
16808
16808
16811
16821
16821
16828
16831
16832
16836
16836
16841
16845
16853
16854
16854
16855
16862
16865
16869
16878
16881
16882
16887
16892
16905
16909
16909
16916
16916
16921
16923
16923
16925
16926
16936
16943
16945
16946
16951
16961
16961
16963
16968
16970
16970
16972
16977
16980
16985
16986
16988
16997
16999
17001
17005
17005
17016
17020
17024
17027
17031
17033
17033
17034
17035
17037
17038
17038
17042
17048
17048
17049
17050
17054
17061
17064
17064
17071
17071
17077
17079
17082
17084
17084
17093
17095
17097
17107
17107
17113
17114
17121
17125
17128
17129
17131
17133
17135
17141
17154
17156
17163
17165
17166
17169
17182
17186
17188
17191
17194
17202
17203
17204
17209
17211
17213
17215
17217
17218
17222
17223
17224
17230
17232
17234
17237
17239
17245
17246
17247
17250
17255
17260
17273
17273
17274
17276
17276
17277
17286
17292
17293
17293
17295
17296
17300
17301
17302
17310
17311
17311
17313
17314
17316
17319
17319
17323
17335
17339
17346
17347
17348
17355
17357
17358
17359
17363
17364
17364
17364
17366
17368
17369
17383
17387
17388
17389
17393
17394
17394
17395
17397
17400
17401
17401
17405
17410
17411
17418
17419
17420
17423
17423
17432
17444
17446
17454
17459
17464
17466
17466
17473
17478
17479
17483
17490
17492
17493
17497
17501
17505
17507
17508
17511
17516
17520
17522
17523
17527
17532
17536
17540
17544
17548
17549
17552
17563
17564
17564
17567
17569
17570
17572
17572
17574
17574
17575
17576
17580
17584
17584
17585
17587
17588
17589
17592
17593
17593
17596
17602
17608
17609
17610
17611
17611
17611
17612
17615
17622
17622
17638
17639
17640
17646
17648
17650
17659
17663
17668
17670
17670
17670
17672
17675
17678
17683
17683
17684
17684
17686
17687
17689
17691
17696
17696
17704
17714
17714
17715
17717
17721
17721
17721
17723
17726
17730
17734
17736
17737
17738
17738
17740
17755
17760
17761
17766
17768
17770
17778
17780
17782
17782
17784
17784
17786
17788
17797
17797
17806
17808
17808
17809
17809
17809
17818
17819
17820
17824
17829
17832
17838
17842
17846
17847
17852
17855
17855
17855
17860
17861
17866
17873
17876
17896
17898
17899
17899
17901
17911
17917
17917
17922
17930
17931
17932
17939
17945
17946
17947
17948
17950
17960
17960
17968
17974
17979
17979
17979
17985
17986
17987
17988
17992
17993
17996
18000
18001
18009
18009
18012
18015
18016
18018
18022
18026
18030
18031
18032
18035
18038
18040
18041
18042
18043
18047
18047
18048
18058
18064
18064
18066
18066
18068
18069
18072
18073
18074
18074
18074
18077
18084
18085
18090
18090
18093
18099
18099
18102
18109
18113
18117
18119
18122
18129
18138
18146
18150
18150
18150
18152
18153
18156
18165
18166
18166
18175
18177
18178
18187
18188
18189
18208
18208
18209
18209
18210
18211
18212
18216
18216
18218
18220
18227
18231
18239
18250
18253
18254
18255
18258
18262
18262
18266
18267
18268
18272
18279
18281
18286
18289
18290
18291
18293
18293
18296
18296
18297
18298
18300
18303
18305
18309
18310
18311
18315
18317
18317
18320
18325
18326
18327
18329
18330
18337
18339
18341
18342
18347
18365
18368
18370
18372
18374
18375
18376
18379
18381
18382
18385
18390
18392
18398
18399
18402
18410
18413
18416
18419
18426
18426
18428
18432
18439
18444
18446
18449
18449
18454
18457
18469
18470
18473
18483
18485
18485
18486
18490
18493
18493
18498
18499
18499
18501
18504
18510
18511
18513
18518
18519
18520
18526
18527
18533
18537
18539
18540
18543
18544
18544
18550
18575
18575
18580
18580
18582
18584
18586
18588
18595
18596
18597
18600
18603
18603
18603
18603
18607
18620
18627
18631
18632
18637
18638
18638
18639
18645
18648
18649
18649
18649
18650
18654
18655
18657
18658
18659
18660
18663
18669
18670
18676
18683
18683
18688
18689
18690
18690
18691
18693
18693
18694
18695
18698
18701
18701
18702
18703
18704
18707
18708
18708
18709
18717
18718
18722
18724
18725
18727
18734
18735
18735
18736
18740
18743
18746
18749
18751
18751
18752
18756
18757
18759
18764
18764
18766
18768
18769
18777
18778
18779
18779
18781
18783
18784
18789
18800
18805
18809
18815
18817
18817
18820
18823
18826
18827
18829
18830
18832
18835
18838
18839
18840
18844
18845
18852
18860
18866
18868
18875
18878
18888
18890
18891
18899
18916
18918
18923
18924
18926
18927
18928
18929
18930
18935
18942
18944
18947
18947
18954
18956
18957
18960
18961
18964
18968
18971
18973
18975
18977
18983
18987
18989
18989
18998
19001
19007
19009
19013
19014
19020
19021
19023
19023
19024
19026
19028
19032
19044
19048
19049
19052
19053
19058
19064
19070
19073
19075
19076
19079
19083
19083
19086
19086
19088
19090
19091
19092
19093
19093
19098
19099
19117
19120
19122
19128
19131
19134
19136
19138
19140
19146
19153
19155
19155
19158
19159
19166
19166
19167
19168
19172
19172
19173
19178
19181
19183
19185
19189
19190
19190
19193
19193
19197
19198
19198
19201
19207
19208
19210
19212
19212
19213
19215
19217
19226
19227
19228
19234
19235
19241
19245
19251
19261
19272
19274
19275
19281
19282
19283
19290
19297
19298
19299
19299
19303
19309
19310
19311
19315
19315
19317
19320
19324
19326
19328
19333
19334
19335
19335
19341
19354
19355
19357
19360
19362
19368
19380
19383
19391
19395
19396
19396
19397
19398
19408
19412
19413
19414
19417
19419
19419
19431
19432
19435
19438
19443
19449
19453
19462
19471
19472
19472
19476
19476
19479
19480
19481
19485
19487
19491
19491
19496
19497
19499
19500
19500
19503
19503
19504
19507
19510
19512
19515
19515
19525
19538
19545
19547
19547
19551
19552
19569
19570
19571
19575
19582
19586
19587
19587
19591
19594
19595
19596
19596
19600
19601
19602
19603
19607
19609
19610
19612
19616
19625
19625
19631
19633
19635
19637
19638
19640
19641
19645
19651
19653
19653
19655
19655
19655
19666
19671
19673
19673
19675
19680
19680
19680
19687
19700
19700
19704
19705
19712
19716
19723
19724
19727
19729
19729
19730
19732
19734
19735
19740
19743
19744
19744
19746
19748
19754
19758
19758
19764
19765
19767
19768
19770
19770
19772
19773
19780
19790
19790
19791
19792
19794
19796
19797
19803
19805
19808
19811
19813
19815
19817
19819
19820
19821
19822
19827
19839
19839
19839
19839
19840
19845
19848
19855
19862
19862
19863
19874
19874
19876
19877
19886
19896
19898
19899
19905
19906
19906
19910
19912
19913
19917
19918
19921
19924
19925
19929
19934
19936
19938
19938
19940
19944
19945
19953
19957
19963
19965
19966
19969
19974
19975
19975
19978
19982
19983
19983
19985
19986
19991
19992
19994
19996
19999
20001
20003
20005
20007
20011
20014
20020
20029
20032
20035
20037
20038
20041
20045
20046
20048
20050
20051
20052
20055
20059
20061
20062
20063
20068
20071
20074
20076
20078
20080
20082
20082
20096
20106
20107
20118
20127
20127
20129
20131
20140
20146
20147
20153
20157
20159
20160
20168
20169
20169
20185
20187
20198
20198
20201
20202
20203
20205
20208
20210
20214
20218
20218
20218
20219
20220
20220
20225
20234
20234
20237
20247
20250
20251
20255
20259
20262
20263
20265
20266
20270
20275
20285
20288
20298
20298
20299
20304
20307
20309
20319
20321
20323
20327
20329
20329
20334
20336
20337
20337
20339
20344
20345
20348
20350
20355
20358
20359
20365
20365
20365
20370
20372
20372
20372
20373
20374
20374
20375
20383
20386
20387
20388
20389
20390
20394
20395
20401
20403
20406
20407
20407
20409
20413
20413
20413
20415
20415
20416
20416
20418
20419
20421
20422
20432
20443
20445
20448
20448
20448
20448
20449
20449
20451
20460
20471
20476
20477
20479
20482
20489
20494
20494
20499
20503
20511
20518
20519
20519
20524
20526
20536
20537
20537
20538
20539
20546
20547
20560
20562
20566
20574
20575
20576
20577
20578
20581
20583
20587
20587
20589
20592
20593
20597
20606
20608
20608
20609
20609
20610
20612
20626
20628
20631
20634
20636
20641
20644
20647
20649
20653
20656
20660
20667
20667
20674
20675
20681
20682
20684
20684
20687
20692
20693
20694
20694
20696
20697
20698
20701
20702
20708
20717
20717
20717
20720
20721
20723
20730
20734
20735
20738
20741
20742
20742
20744
20748
20758
20763
20763
20764
20765
20772
20777
20778
20780
20796
20798
20805
20816
20826
20830
20830
20832
20832
20833
20833
20834
20838
20839
20843
20843
20851
20851
20852
20855
20866
20867
20874
20874
20876
20880
20882
20883
20883
20889
20894
20896
20900
20909
20910
20918
20919
20920
20926
20928
20933
20934
20936
20938
20939
20940
20940
20942
20949
20949
20952
20956
20956
20959
20967
20973
20977
20981
20981
20982
20985
20991
20995
20995
20998
20999
21001
21004
21009
21013
21015
21017
21018
21019
21019
21020
21021
21022
21024
21029
21032
21032
21033
21037
21037
21044
21053
21053
21057
21058
21070
21070
21074
21075
21076
21078
21080
21084
21087
21090
21090
21095
21096
21101
21104
21109
21110
21111
21112
21117
21121
21121
21126
21127
21131
21133
21139
21140
21154
21157
21161
21170
21171
21173
21175
21178
21185
21186
21188
21192
21195
21203
21205
21206
21210
21212
21217
21220
21222
21225
21227
21231
21236
21237
21242
21242
21244
21246
21253
21253
21254
21256
21258
21258
21265
21266
21267
21268
21272
21272
21273
21275
21277
21277
21278
21278
21279
21282
21288
21289
21289
21293
21297
21303
21305
21305
21309
21310
21311
21312
21318
21327
21327
21328
21332
21339
21341
21342
21345
21347
21347
21351
21352
21355
21359
21360
21363
21366
21371
21372
21373
21377
21377
21380
21387
21388
21390
21394
21402
21404
21406
21414
21418
21419
21427
21427
21429
21431
21438
21438
21439
21448
21451
21452
21453
21454
21455
21461
21464
21465
21467
21478
21481
21483
21484
21491
21497
21498
21502
21504
21518
21522
21527
21540
21541
21542
21543
21543
21544
21546
21547
21547
21559
21559
21560
21561
21564
21564
21565
21569
21571
21581
21583
21584
21585
21586
21591
21594
21597
21601
21608
21608
21609
21610
21610
21611
21614
21622
21624
21631
21634
21635
21636
21636
21637
21639
21640
21642
21644
21645
21647
21647
21648
21648
21670
21678
21679
21681
21686
21688
21695
21697
21701
21703
21707
21708
21717
21720
21721
21724
21727
21733
21734
21735
21736
21739
21740
21745
21757
21757
21770
21771
21774
21776
21784
21786
21796
21797
21798
21798
21800
21801
21801
21804
21810
21812
21820
21824
21824
21830
21832
21839
21841
21841
21843
21843
21858
21861
21862
21863
21864
21864
21866
21866
21867
21867
21869
21873
21875
21875
21878
21878
21880
21881
21882
21882
21884
21885
21885
21891
21898
21899
21901
21909
21915
21919
21922
21922
21926
21931
21933
21938
21941
21953
21953
21953
21957
21959
21962
21963
21963
21970
21970
21974
21985
21985
21987
21989
21991
21991
21994
21998
22019
22023
22023
22029
22030
22039
22042
22046
22048
22049
22049
22055
22057
22057
22060
22060
22070
22071
22073
22075
22076
22078
22080
22094
22100
22101
22101
22104
22106
22110
22111
22111
22112
22127
22129
22130
22132
22132
22134
22135
22137
22140
22141
22145
22146
22148
22152
22155
22161
22172
22173
22176
22177
22178
22180
22180
22187
22197
22202
22208
22208
22212
22216
22216
22217
22218
22237
22238
22238
22247
22249
22251
22256
22259
22267
22270
22270
22272
22278
22279
22282
22283
22284
22284
22285
22285
22285
22285
22295
22298
22300
22303
22305
22307
22314
22322
22331
22332
22337
22341
22342
22342
22344
22345
22345
22351
22353
22355
22355
22357
22357
22358
22362
22363
22370
22373
22374
22376
22377
22377
22379
22381
22382
22383
22387
22391
22393
22394
22400
22402
22403
22405
22414
22415
22416
22416
22417
22417
22422
22423
22423
22426
22427
22431
22434
22435
22437
22441
22443
22453
22456
22457
22461
22463
22465
22465
22466
22480
22480
22482
22482
22489
22494
22495
22495
22496
22497
22505
22507
22509
22510
22512
22512
22513
22522
22528
22528
22528
22531
22531
22531
22532
22538
22541
22550
22551
22557
22559
22559
22560
22570
22572
22578
22584
22589
22590
22593
22597
22598
22603
22603
22610
22612
22614
22615
22615
22620
22622
22626
22627
22629
22629
22632
22640
22642
22650
22653
22655
22657
22659
22663
22672
22677
22677
22679
22682
22683
22687
22687
22691
22691
22703
22714
22714
22715
22720
22725
22726
22730
22730
22737
22741
22757
22760
22760
22762
22764
22764
22765
22767
22770
22774
22775
22780
22783
22785
22791
22801
22806
22806
22807
22807
22815
22815
22818
22821
22825
22826
22829
22835
22843
22843
22848
22854
22860
22862
22864
22866
22871
22871
22873
22880
22882
22884
22891
22893
22896
22899
22900
22900
22903
22907
22918
22923
22924
22930
22931
22934
22938
22939
22946
22948
22949
22952
22955
22963
22969
22969
22970
22974
22985
22986
22990
22997
22998
22998
23005
23006
23012
23016
23025
23027
23031
23033
23042
23043
23050
23052
23057
23058
23060
23065
23066
23067
23069
23074
23074
23078
23084
23085
23090
23091
23105
23113
23113
23114
23116
23126
23127
23129
23137
23144
23145
23147
23147
23148
23151
23151
23154
23157
23160
23162
23163
23165
23167
23169
23173
23173
23173
23174
23174
23179
23181
23190
23193
23199
23199
23203
23205
23206
23210
23222
23222
23224
23236
23243
23247
23252
23255
23255
23259
23260
23263
23270
23270
23274
23275
23280
23282
23283
23287
23287
23291
23294
23296
23296
23298
23302
23303
23311
23317
23318
23322
23323
23326
23329
23331
23335
23336
23338
23339
23345
23348
23348
23349
23362
23368
23374
23375
23384
23388
23396
23407
23411
23411
23412
23417
23419
23420
23423
23424
23429
23430
23436
23436
23441
23447
23447
23449
23449
23453
23454
23458
23460
23465
23468
23470
23470
23475
23477
23479
23483
23484
23488
23490
23494
23495
23501
23502
23505
23512
23514
23515
23517
23519
23524
23528
23530
23539
23540
23540
23543
23545
23548
23550
23554
23558
23559
23561
23562
23563
23563
23563
23569
23570
23570
23571
23577
23585
23586
23591
23595
23598
23600
23602
23604
23605
23613
23614
23614
23615
23617
23622
23632
23633
23637
23641
23642
23645
23646
23650
23652
23654
23655
23656
23656
23659
23660
23661
23661
23664
23665
23671
23675
23678
23679
23683
23684
23686
23688
23688
23691
23694
23702
23703
23705
23706
23710
23712
23720
23721
23722
23727
23730
23732
23739
23742
23752
23752
23754
23755
23768
23772
23776
23776
23779
23782
23786
23786
23786
23788
23789
23793
23801
23809
23812
23813
23819
23820
23821
23822
23822
23823
23825
23825
23825
23828
23829
23836
23841
23842
23842
23842
23843
23845
23852
23856
23859
23862
23869
23870
23878
23885
23887
23888
23889
23892
23894
23894
23894
23895
23895
23911
23911
23911
23911
23911
23912
23913
23915
23921
23924
23925
23928
23929
23931
23932
23935
23936
23939
23940
23943
23944
23947
23955
23955
23957
23959
23961
23966
23970
23974
23975
23975
23983
23986
23988
23995
23997
24000
24001
24005
24007
24012
24015
24020
24020
24022
24022
24023
24027
24027
24029
24031
24032
24032
24032
24034
24036
24050
24064
24065
24072
24076
24079
24080
24080
24089
24094
24097
24098
24098
24099
24100
24103
24106
24107
24107
24107
24108
24108
24110
24111
24111
24113
24120
24120
24121
24126
24134
24135
24140
24140
24153
24160
24163
24164
24164
24167
24168
24169
24172
24174
24175
24176
24180
24183
24184
24186
24190
24190
24195
24196
24199
24200
24201
24202
24203
24203
24205
24207
24208
24208
24210
24213
24221
24224
24234
24242
24244
24245
24246
24248
24249
24253
24254
24255
24260
24263
24263
24263
24264
24264
24271
24273
24275
24275
24275
24276
24285
24286
24286
24286
24287
24296
24299
24305
24308
24310
24313
24315
24344
24344
24345
24352
24353
24355
24359
24360
24370
24377
24384
24385
24385
24385
24388
24397
24399
24401
24402
24407
24409
24411
24415
24418
24422
24424
24424
24428
24429
24434
24435
24435
24440
24441
24441
24443
24449
24453
24454
24456
24458
24459
24459
24464
24467
24467
24471
24472
24475
24480
24480
24481
24496
24497
24499
24499
24500
24502
24502
24503
24506
24520
24524
24528
24530
24533
24541
24544
24545
24547
24548
24549
24549
24550
24557
24558
24561
24563
24564
24566
24567
24576
24582
24583
24591
24592
24596
24599
24602
24620
24625
24627
24635
24636
24639
24639
24650
24652
24655
24658
24663
24674
24681
24681
24683
24684
24693
24694
24694
24695
24695
24695
24697
24702
24703
24708
24708
24711
24716
24718
24722
24728
24734
24741
24742
24742
24748
24748
24752
24755
24756
24757
24758
24759
24762
24770
24771
24777
24788
24788
24793
24795
24797
24806
24809
24816
24825
24828
24829
24829
24832
24838
24840
24843
24846
24851
24857
24858
24859
24866
24873
24879
24879
24881
24883
24885
24886
24892
24893
24896
24901
24910
24914
24914
24914
24915
24916
24920
24925
24926
24936
24941
24947
24948
24950
24950
24951
24951
24955
24955
24958
24962
24968
24969
24969
24974
24974
24980
24980
24983
24986
24988
24989
24991
24993
24994
24998
25005
25014
25014
25019
25021
25023
25024
25031
25031
25038
25041
25042
25045
25046
25052
25056
25059
25060
25061
25061
25061
25063
25068
25069
25071
25072
25072
25072
25074
25076
25083
25086
25094
25096
25104
25105
25109
25110
25110
25110
25111
25113
25116
25119
25121
25125
25125
25127
25132
25134
25138
25142
25147
25149
25157
25163
25167
25168
25178
25181
25182
25185
25189
25195
25197
25208
25213
25213
25215
25215
25216
25217
25217
25220
25223
25225
25225
25235
25239
25239
25244
25244
25244
25249
25249
25263
25266
25266
25269
25271
25272
25276
25277
25278
25279
25283
25285
25285
25287
25290
25305
25306
25306
25311
25313
25315
25320
25323
25323
25324
25325
25325
25328
25333
25335
25336
25338
25339
25341
25346
25348
25349
25349
25350
25352
25357
25359
25359
25363
25364
25373
25375
25376
25380
25383
25390
25390
25393
25397
25398
25402
25409
25410
25410
25424
25425
25427
25433
25434
25436
25441
25441
25446
25452
25456
25470
25471
25472
25473
25473
25473
25475
25481
25483
25484
25487
25492
25505
25509
25510
25516
25517
25517
25524
25527
25531
25537
25544
25546
25550
25551
25553
25555
25555
25556
25557
25558
25567
25569
25572
25573
25576
25577
25585
25595
25595
25596
25600
25601
25602
25608
25609
25611
25613
25613
25624
25626
25626
25626
25627
25636
25636
25636
25636
25640
25644
25644
25647
25653
25655
25655
25661
25662
25662
25665
25666
25668
25669
25669
25670
25671
25675
25679
25688
25690
25690
25699
25699
25701
25703
25707
25712
25715
25719
25724
25726
25727
25729
25731
25738
25742
25746
25748
25749
25756
25757
25757
25763
25763
25767
25767
25769
25769
25770
25774
25777
25783
25784
25785
25790
25792
25796
25802
25809
25813
25813
25815
25816
25824
25825
25830
25831
25834
25840
25841
25846
25849
25851
25852
25853
25854
25856
25864
25864
25865
25866
25874
25880
25883
25887
25889
25893
25895
25897
25897
25906
25907
25909
25910
25911
25916
25924
25925
25926
25928
25936
25940
25941
25943
25945
25946
25951
25953
25964
25971
25971
25972
25973
25980
25982
25993
25997
26007
26007
26009
26013
26015
26025
26026
26029
26029
26029
26035
26039
26039
26044
26044
26045
26049
26050
26054
26055
26057
26057
26061
26065
26066
26071
26075
26080
26081
26084
26085
26088
26094
26095
26096
26097
26100
26100
26104
26113
26118
26121
26122
26123
26124
26126
26130
26130
26135
26136
26137
26146
26152
26156
26159
26160
26162
26162
26170
26172
26172
26177
26183
26184
26185
26187
26187
26188
26189
26190
26195
26196
26199
26200
26201
26202
26204
26206
26206
26206
26210
26211
26211
26212
26216
26219
26227
26230
26247
26253
26256
26260
26270
26274
26280
26281
26284
26285
26293
26293
26294
26294
26295
26295
26300
26302
26303
26303
26305
26306
26310
26323
26331
26331
26332
26333
26334
26335
26337
26338
26341
26341
26344
26344
26349
26350
26351
26355
26364
26371
26375
26378
26379
26386
26389
26389
26391
26397
26399
26404
26406
26406
26409
26416
26419
26424
26433
26433
26437
26439
26445
26446
26448
26456
26457
26457
26458
26458
26461
26463
26464
26469
26473
26474
26479
26482
26483
26488
26489
26490
26496
26497
26503
26511
26512
26518
26523
26525
26528
26528
26530
26533
26533
26533
26533
26538
26539
26542
26542
26545
26548
26549
26555
26558
26560
26565
26570
26573
26574
26576
26576
26579
26579
26582
26591
26592
26596
26600
26618
26619
26620
26623
26627
26628
26633
26638
26644
26647
26648
26649
26649
26654
26654
26657
26666
26668
26669
26670
26673
26674
26678
26683
26689
26689
26691
26691
26695
26701
26706
26706
26715
26717
26721
26722
26722
26723
26724
26725
26727
26727
26730
26730
26732
26736
26737
26741
26742
26753
26760
26761
26763
26763
26765
26776
26795
26795
26795
26801
26801
26801
26802
26807
26808
26810
26823
26837
26837
26839
26844
26849
26855
26862
26863
26866
26871
26873
26874
26877
26881
26885
26890
26891
26892
26893
26895
26905
26906
26906
26910
26912
26913
26914
26920
26925
26934
26943
26943
26948
26955
26957
26958
26961
26962
26965
26970
26971
26971
26971
26974
26984
26989
26992
26993
26993
26993
26999
27010
27011
27013
27016
27019
27020
27021
27023
27024
27027
27031
27036
27044
27050
27051
27053
27058
27060
27063
27065
27066
27069
27070
27074
27074
27085
27088
27089
27096
27099
27100
27104
27118
27127
27133
27138
27142
27142
27144
27145
27145
27146
27149
27150
27152
27156
27167
27172
27173
27174
27181
27183
27184
27184
27185
27187
27190
27190
27191
27198
27199
27200
27202
27205
27205
27206
27206
27208
27217
27219
27219
27229
27237
27242
27246
27246
27249
27250
27254
27256
27264
27266
27266
27266
27270
27270
27271
27278
27283
27286
27287
27288
27288
27292
27297
27298
27299
27303
27305
27306
27312
27313
27314
27314
27316
27319
27320
27320
27326
27330
27334
27338
27339
27346
27347
27348
27351
27353
27363
27364
27367
27370
27372
27373
27375
27380
27389
27391
27394
27395
27404
27407
27413
27417
27419
27420
27421
27421
27426
27430
27430
27431
27437
27442
27444
27448
27450
27451
27457
27460
27467
27468
27471
27473
27480
27481
27489
27492
27496
27501
27503
27512
27515
27521
27522
27522
27527
27527
27532
27534
27539
27540
27548
27563
27564
27572
27573
27574
27579
27582
27584
27585
27588
27591
27594
27598
27608
27612
27613
27615
27616
27618
27622
27624
27627
27627
27628
27629
27635
27635
27637
27640
27643
27650
27655
27663
27664
27664
27666
27668
27672
27672
27675
27680
27681
27683
27685
27687
27698
27699
27700
27711
27713
27718
27720
27723
27725
27729
27735
27748
27750
27756
27758
27761
27762
27763
27768
27771
27773
27774
27775
27778
27783
27784
27785
27787
27788
27788
27788
27790
27790
27794
27794
27798
27800
27802
27806
27806
27806
27810
27813
27820
27821
27825
27825
27825
27826
27834
27847
27849
27859
27862
27867
27873
27873
27880
27881
27886
27895
27901
27904
27906
27908
27911
27913
27916
27918
27919
27924
27924
27928
27928
27928
27928
27929
27935
27936
27939
27939
27939
27955
27962
27965
27973
27977
27977
27980
27987
27988
27990
27990
27991
27998
27998
28000
28003
28004
28008
28010
28011
28012
28013
28013
28016
28018
28023
28027
28036
28037
28038
28038
28049
28050
28051
28051
28054
28062
28065
28070
28072
28089
28093
28096
28096
28101
28104
28111
28113
28119
28120
28124
28124
28129
28131
28133
28135
28139
28148
28151
28152
28153
28163
28164
28164
28171
28181
28190
28200
28201
28203
28205
28213
28213
28219
28221
28222
28229
28229
28231
28237
28238
28239
28241
28247
28250
28252
28256
28257
28257
28261
28263
28265
28266
28270
28271
28272
28275
28280
28280
28281
28281
28287
28304
28304
28306
28306
28307
28313
28316
28318
28319
28321
28324
28325
28326
28329
28329
28330
28330
28332
28337
28337
28343
28344
28346
28347
28350
28353
28361
28362
28362
28366
28367
28369
28373
28374
28375
28378
28379
28387
28394
28401
28405
28407
28408
28409
28419
28426
28431
28431
28434
28438
28443
28444
28449
28450
28454
28457
28460
28460
28461
28461
28467
28469
28469
28473
28474
28477
28477
28481
28481
28487
28492
28493
28494
28495
28497
28501
28503
28505
28514
28514
28517
28518
28520
28521
28522
28526
28529
28529
28530
28530
28531
28531
28541
28545
28546
28547
28555
28555
28564
28565
28567
28568
28571
28572
28574
28576
28578
28578
28581
28583
28587
28590
28599
28602
28605
28611
28613
28614
28617
28619
28625
28625
28628
28630
28630
28631
28634
28637
28638
28639
28640
28642
28644
28645
28646
28655
28658
28661
28662
28667
28670
28674
28677
28678
28682
28685
28687
28689
28690
28690
28693
28694
28701
28703
28703
28704
28705
28706
28707
28707
28714
28716
28716
28717
28717
28718
28719
28723
28726
28727
28735
28735
28743
28744
28747
28752
28752
28756
28758
28766
28766
28770
28772
28776
28776
28779
28780
28785
28786
28787
28788
28792
28792
28799
28800
28801
28807
28809
28809
28813
28814
28814
28817
28822
28826
28829
28834
28838
28839
28850
28850
28854
28854
28856
28857
28860
28864
28864
28865
28865
28880
28881
28881
28881
28884
28885
28889
28890
28893
28896
28900
28916
28918
28925
28926
28927
28931
28935
28935
28940
28944
28951
28954
28958
28961
28963
28968
28968
28975
28977
28988
28993
28998
29005
29007
29013
29013
29024
29032
29033
29039
29042
29047
29048
29049
29051
29054
29058
29059
29063
29066
29068
29069
29071
29073
29074
29077
29079
29083
29087
29087
29088
29089
29091
29091
29091
29094
29096
29098
29099
29105
29106
29109
29112
29112
29116
29119
29121
29122
29125
29128
29129
29129
29134
29136
29139
29140
29142
29144
29144
29148
29149
29149
29149
29152
29154
29155
29158
29163
29167
29168
29174
29182
29183
29183
29184
29189
29193
29193
29195
29196
29198
29200
29207
29212
29215
29222
29223
29224
29224
29228
29231
29233
29233
29234
29237
29238
29240
29243
29245
29246
29247
29247
29251
29256
29259
29262
29263
29269
29272
29272
29280
29283
29287
29292
29294
29299
29304
29307
29314
29314
29315
29316
29318
29320
29324
29337
29339
29340
29341
29341
29343
29344
29347
29349
29355
29359
29361
29362
29364
29368
29372
29374
29376
29380
29387
29390
29391
29391
29394
29396
29396
29401
29402
29403
29404
29408
29408
29410
29410
29414
29427
29428
29428
29432
29437
29440
29442
29443
29443
29459
29461
29466
29468
29468
29472
29474
29478
29484
29488
29488
29492
29492
29494
29496
29497
29498
29499
29505
29509
29512
29519
29521
29528
29531
29532
29534
29552
29557
29561
29563
29564
29568
29569
29572
29573
29574
29576
29579
29581
29588
29592
29592
29592
29595
29597
29598
29598
29599
29601
29604
29604
29605
29605
29607
29609
29609
29611
29625
29629
29634
29640
29643
29645
29646
29646
29650
29656
29657
29658
29659
29665
29665
29666
29676
29678
29678
29683
29690
29691
29693
29697
29698
29702
29702
29705
29706
29707
29707
29719
29723
29724
29733
29733
29734
29735
29737
29739
29743
29746
29747
29755
29763
29764
29769
29771
29775
29776
29776
29780
29781
29782
29783
29785
29791
29791
29793
29795
29796
29796
29802
29805
29806
29816
29819
29820
29820
29825
29825
29832
29834
29835
29835
29836
29837
29840
29843
29848
29856
29861
29865
29872
29872
29874
29875
29879
29880
29881
29890
29891
29893
29896
29898
29898
29907
29911
29912
29915
29916
29916
29919
29922
29928
29929
29931
29933
29934
29938
29939
29940
29940
29940
29951
29956
29963
29967
29969
29980
29981
29992
29993
29995
29995
29999
4295
5
4290
