10000
1
2
2
13
20
21
22
23
28
29
33
34
42
42
43
46
49
51
63
65
67
78
87
87
89
91
93
96
97
97
104
104
104
107
118
119
121
122
127
129
132
133
134
137
142
150
161
162
162
162
167
178
179
191
196
208
210
211
211
216
217
218
219
220
221
221
222
223
237
243
244
248
251
254
258
259
270
272
273
276
277
277
277
280
286
289
292
306
307
309
309
315
316
318
324
326
331
344
345
349
351
354
357
358
359
361
369
374
374
377
377
386
389
390
400
401
406
407
408
410
414
415
416
419
424
425
427
431
433
437
438
439
444
446
452
453
464
465
470
474
475
479
482
483
497
499
500
501
505
505
509
511
514
516
518
520
523
523
530
530
534
534
535
544
545
546
546
550
556
556
556
562
564
565
574
576
586
588
590
596
599
604
612
613
614
619
620
626
633
634
636
638
640
641
644
649
653
654
659
660
664
672
674
675
676
677
678
685
686
690
696
704
706
712
719
721
725
734
736
739
743
747
750
756
757
759
761
766
771
776
777
779
780
782
782
783
787
788
788
790
790
793
794
795
795
802
806
812
813
817
817
818
819
824
827
830
831
836
845
847
851
851
855
856
858
861
861
863
869
884
891
892
893
903
905
906
908
910
910
914
916
919
919
925
934
936
936
939
940
942
947
952
955
955
960
961
963
964
966
968
968
971
976
977
979
979
988
990
999
1004
1006
1006
1007
1007
1009
1015
1018
1019
1021
1023
1024
1027
1030
1042
1044
1046
1049
1056
1058
1058
1061
1061
1061
1061
1062
1067
1068
1069
1069
1070
1072
1074
1075
1077
1078
1080
1081
1082
1084
1084
1085
1095
1098
1101
1103
1106
1107
1108
1111
1114
1115
1115
1118
1120
1124
1124
1127
1128
1130
1131
1133
1133
1134
1153
1154
1155
1158
1161
1162
1170
1175
1177
1178
1194
1197
1200
1201
1201
1203
1205
1206
1207
1209
1210
1212
1213
1214
1220
1224
1227
1231
1233
1236
1238
1239
1240
1241
1247
1250
1250
1251
1252
1252
1257
1260
1263
1265
1267
1270
1272
1274
1274
1277
1279
1284
1287
1292
1294
1297
1298
1299
1299
1300
1309
1309
1313
1313
1314
1323
1329
1329
1331
1333
1334
1335
1337
1337
1338
1341
1351
1352
1358
1359
1360
1364
1370
1373
1373
1378
1379
1380
1382
1383
1386
1391
1392
1394
1399
1406
1409
1412
1412
1415
1417
1418
1419
1422
1423
1435
1436
1436
1439
1439
1449
1450
1452
1455
1457
1458
1458
1460
1463
1467
1471
1477
1481
1485
1487
1492
1492
1493
1493
1495
1500
1501
1504
1512
1512
1530
1533
1537
1543
1545
1549
1550
1554
1557
1558
1565
1566
1570
1571
1583
1584
1584
1585
1598
1600
1600
1602
1602
1607
1611
1611
1613
1615
1617
1621
1623
1633
1634
1636
1639
1641
1642
1645
1646
1649
1657
1661
1664
1670
1670
1672
1674
1675
1676
1677
1678
1695
1701
1703
1707
1708
1709
1709
1711
1715
1720
1722
1724
1726
1730
1732
1738
1740
1747
1748
1752
1753
1754
1754
1768
1769
1776
1782
1785
1793
1795
1797
1805
1806
1807
1811
1816
1817
1819
1819
1821
1830
1831
1833
1839
1839
1841
1842
1843
1851
1851
1856
1857
1866
1872
1881
1885
1889
1892
1892
1896
1901
1901
1905
1912
1914
1915
1917
1918
1921
1925
1925
1925
1927
1929
1929
1930
1930
1930
1931
1933
1938
1938
1938
1943
1943
1950
1951
1953
1953
1955
1955
1956
1957
1957
1958
1963
1966
1974
1974
1982
1984
1986
1990
1990
1995
1999
2002
2003
2006
2008
2010
2020
2022
2023
2025
2031
2032
2032
2033
2036
2037
2039
2039
2044
2053
2057
2061
2062
2067
2067
2067
2068
2069
2073
2087
2088
2096
2101
2102
2103
2107
2112
2115
2115
2120
2123
2128
2135
2139
2141
2142
2142
2157
2158
2170
2172
2173
2178
2179
2186
2188
2194
2200
2202
2202
2203
2204
2213
2216
2216
2220
2222
2222
2225
2229
2230
2234
2235
2240
2247
2247
2251
2256
2257
2258
2259
2266
2266
2267
2269
2273
2275
2278
2288
2292
2301
2301
2305
2307
2309
2312
2312
2314
2315
2318
2321
2323
2326
2326
2329
2329
2331
2331
2334
2339
2341
2343
2348
2350
2355
2359
2361
2363
2366
2375
2385
2385
2388
2396
2401
2406
2409
2412
2414
2418
2419
2421
2423
2430
2430
2431
2434
2434
2436
2439
2442
2442
2442
2444
2445
2446
2447
2450
2453
2459
2463
2465
2468
2472
2472
2472
2477
2485
2487
2488
2490
2502
2503
2506
2515
2523
2524
2526
2532
2534
2535
2536
2536
2539
2541
2559
2562
2578
2582
2584
2589
2593
2594
2598
2601
2603
2604
2604
2605
2607
2613
2617
2619
2621
2623
2624
2624
2625
2628
2631
2631
2633
2641
2647
2649
2649
2650
2652
2656
2657
2658
2658
2658
2659
2661
2662
2662
2663
2665
2668
2673
2685
2689
2690
2691
2695
2699
2700
2700
2701
2704
2708
2710
2711
2714
2715
2717
2717
2718
2719
2719
2724
2734
2735
2740
2745
2752
2756
2759
2761
2765
2769
2770
2771
2773
2780
2787
2789
2789
2792
2800
2801
2802
2806
2808
2812
2814
2816
2819
2819
2826
2827
2828
2830
2840
2842
2847
2849
2851
2853
2853
2854
2854
2855
2857
2857
2861
2863
2863
2864
2866
2870
2878
2883
2883
2886
2888
2893
2903
2905
2908
2915
2916
2917
2920
2923
2925
2925
2927
2931
2934
2935
2949
2950
2951
2954
2954
2957
2957
2960
2964
2966
2966
2968
2972
2974
2979
2982
2988
2991
2993
3008
3009
3012
3012
3014
3016
3020
3022
3023
3030
3031
3034
3035
3039
3040
3052
3054
3055
3058
3061
3061
3062
3067
3067
3076
3077
3078
3080
3085
3085
3086
3092
3096
3097
3101
3107
3110
3110
3111
3113
3114
3114
3114
3123
3128
3128
3133
3134
3141
3142
3143
3144
3149
3153
3157
3160
3161
3163
3165
3170
3174
3177
3181
3181
3182
3184
3185
3187
3187
3190
3195
3201
3209
3211
3214
3216
3216
3220
3225
3225
3228
3237
3248
3249
3250
3254
3257
3262
3262
3263
3263
3263
3272
3273
3274
3275
3296
3303
3304
3305
3314
3315
3324
3332
3334
3338
3342
3345
3352
3354
3358
3359
3359
3363
3371
3371
3375
3379
3389
3391
3395
3400
3400
3409
3410
3417
3422
3425
3433
3437
3439
3439
3441
3442
3443
3445
3449
3453
3455
3459
3461
3463
3464
3469
3469
3476
3484
3486
3487
3491
3497
3502
3504
3505
3506
3509
3510
3513
3513
3514
3517
3522
3523
3538
3540
3553
3555
3556
3560
3560
3562
3563
3567
3568
3569
3576
3577
3578
3579
3581
3583
3587
3589
3589
3590
3593
3604
3604
3604
3607
3608
3611
3612
3613
3616
3618
3623
3624
3628
3629
3630
3630
3637
3638
3640
3641
3644
3648
3649
3649
3657
3658
3663
3665
3669
3674
3677
3679
3680
3683
3686
3687
3688
3689
3690
3692
3701
3705
3708
3710
3712
3723
3728
3732
3739
3741
3741
3741
3743
3746
3750
3753
3757
3757
3758
3759
3765
3769
3770
3773
3776
3776
3781
3786
3791
3802
3805
3807
3813
3815
3822
3835
3838
3842
3849
3850
3851
3858
3864
3865
3867
3868
3869
3879
3880
3881
3885
3887
3888
3890
3891
3896
3897
3901
3906
3912
3921
3923
3923
3929
3933
3933
3936
3937
3939
3939
3942
3944
3946
3950
3953
3956
3968
3969
3971
3972
3977
3978
3978
3979
3983
3989
3989
3990
3990
3991
3994
3996
3998
3999
4000
4001
4005
4008
4021
4026
4028
4029
4030
4032
4032
4037
4041
4041
4043
4044
4058
4059
4069
4075
4076
4082
4085
4088
4093
4099
4113
4114
4123
4124
4125
4131
4133
4138
4138
4138
4140
4147
4148
4148
4151
4152
4153
4155
4158
4163
4165
4168
4182
4182
4190
4190
4190
4194
4197
4198
4202
4208
4211
4213
4214
4219
4220
4222
4228
4228
4230
4230
4231
4233
4235
4236
4243
4249
4250
4251
4253
4254
4258
4259
4261
4265
4268
4269
4271
4273
4278
4282
4288
4289
4295
4295
4305
4306
4307
4309
4314
4324
4325
4331
4331
4333
4334
4340
4343
4346
4349
4351
4352
4359
4361
4365
4371
4373
4377
4378
4379
4380
4383
4383
4385
4389
4389
4391
4402
4403
4408
4408
4410
4412
4424
4426
4427
4438
4441
4444
4452
4457
4463
4468
4472
4478
4482
4485
4488
4490
4491
4492
4494
4496
4499
4504
4509
4509
4513
4516
4518
4521
4522
4522
4523
4526
4528
4528
4530
4532
4535
4538
4538
4542
4544
4544
4544
4545
4546
4549
4552
4552
4558
4559
4559
4559
4561
4561
4569
4572
4572
4575
4577
4582
4585
4585
4588
4591
4602
4605
4606
4608
4613
4613
4613
4615
4616
4616
4616
4621
4621
4629
4631
4632
4634
4642
4645
4645
4647
4656
4658
4667
4667
4676
4679
4681
4684
4686
4686
4686
4691
4691
4691
4694
4695
4700
4705
4705
4707
4709
4711
4711
4715
4720
4728
4728
4729
4733
4737
4738
4742
4746
4749
4751
4755
4759
4759
4760
4765
4765
4767
4768
4770
4770
4771
4781
4781
4784
4785
4793
4794
4797
4800
4802
4805
4808
4812
4813
4819
4824
4825
4825
4837
4843
4844
4845
4845
4845
4848
4852
4854
4855
4856
4859
4861
4862
4865
4866
4870
4870
4880
4881
4883
4887
4889
4890
4891
4891
4902
4902
4902
4904
4904
4906
4907
4908
4908
4913
4915
4918
4920
4923
4923
4924
4926
4927
4930
4934
4937
4940
4943
4946
4956
4958
4959
4963
4968
4971
4973
4974
4974
4975
4977
4978
4978
4980
4983
4983
4984
4990
4991
4992
4998
5001
5004
5005
5006
5009
5009
5010
5010
5011
5020
5020
5027
5030
5031
5031
5035
5035
5037
5037
5038
5040
5041
5050
5050
5051
5052
5055
5059
5060
5060
5062
5064
5066
5076
5076
5078
5086
5088
5093
5097
5097
5101
5101
5109
5109
5112
5115
5118
5119
5121
5126
5131
5132
5135
5136
5138
5145
5154
5159
5160
5160
5161
5163
5167
5169
5173
5179
5180
5182
5193
5197
5199
5202
5203
5207
5207
5211
5216
5221
5222
5223
5226
5229
5230
5235
5241
5247
5248
5248
5251
5252
5252
5252
5259
5260
5261
5262
5266
5266
5268
5269
5270
5270
5274
5276
5278
5281
5286
5286
5298
5299
5310
5318
5320
5321
5322
5329
5331
5332
5334
5336
5336
5338
5338
5340
5342
5348
5349
5362
5365
5367
5370
5371
5372
5374
5375
5383
5385
5395
5403
5403
5408
5410
5413
5416
5418
5420
5422
5425
5428
5429
5431
5432
5435
5438
5440
5441
5442
5445
5446
5447
5452
5453
5455
5457
5457
5458
5460
5461
5461
5463
5465
5466
5469
5475
5476
5477
5478
5478
5486
5486
5490
5491
5499
5502
5505
5508
5509
5511
5515
5517
5517
5520
5520
5529
5529
5530
5533
5541
5542
5542
5547
5551
5554
5554
5555
5556
5557
5560
5566
5566
5571
5571
5575
5576
5577
5578
5579
5580
5600
5602
5604
5609
5612
5614
5617
5618
5619
5638
5640
5641
5658
5659
5663
5664
5668
5670
5670
5674
5676
5680
5681
5690
5691
5696
5700
5707
5708
5709
5713
5713
5718
5731
5736
5738
5740
5743
5744
5748
5750
5751
5754
5756
5756
5759
5763
5764
5779
5782
5788
5788
5789
5793
5802
5806
5810
5811
5817
5820
5820
5823
5828
5835
5841
5843
5849
5855
5865
5881
5886
5887
5894
5897
5899
5900
5902
5903
5906
5909
5912
5920
5925
5932
5933
5935
5937
5939
5941
5941
5950
5951
5953
5954
5956
5957
5959
5965
5967
5968
5972
5975
5979
5989
5993
6004
6014
6015
6017
6018
6021
6021
6022
6024
6024
6029
6030
6032
6033
6043
6044
6045
6053
6057
6058
6066
6070
6075
6079
6082
6085
6086
6090
6093
6098
6099
6103
6108
6108
6110
6112
6112
6112
6114
6118
6119
6123
6123
6126
6126
6135
6137
6137
6139
6141
6145
6151
6156
6157
6159
6163
6170
6171
6174
6181
6185
6188
6192
6194
6205
6207
6208
6217
6217
6218
6221
6222
6222
6224
6225
6228
6229
6230
6232
6234
6236
6238
6246
6252
6253
6258
6259
6262
6264
6266
6272
6272
6283
6293
6297
6300
6300
6300
6301
6301
6302
6304
6320
6328
6328
6337
6345
6349
6349
6350
6358
6362
6363
6364
6364
6368
6369
6369
6371
6374
6375
6377
6377
6379
6380
6381
6381
6382
6383
6388
6390
6391
6391
6401
6401
6401
6404
6408
6412
6414
6437
6438
6440
6449
6449
6455
6456
6458
6463
6470
6476
6482
6485
6487
6489
6491
6499
6499
6503
6504
6506
6509
6511
6514
6515
6516
6527
6527
6531
6536
6539
6539
6545
6549
6549
6549
6551
6556
6560
6560
6561
6561
6566
6573
6574
6579
6583
6584
6586
6590
6595
6602
6603
6604
6607
6610
6614
6615
6617
6621
6628
6629
6630
6631
6635
6636
6636
6644
6646
6649
6653
6658
6675
6676
6676
6677
6678
6685
6685
6688
6689
6689
6701
6704
6704
6710
6712
6719
6725
6728
6735
6735
6736
6742
6746
6747
6748
6750
6753
6754
6754
6757
6760
6760
6768
6769
6782
6786
6788
6789
6790
6791
6792
6805
6807
6808
6809
6809
6813
6816
6819
6826
6829
6837
6839
6845
6846
6847
6849
6856
6857
6857
6859
6867
6868
6872
6878
6879
6882
6888
6890
6892
6894
6898
6903
6904
6906
6911
6912
6919
6925
6925
6926
6926
6929
6930
6932
6933
6940
6943
6944
6944
6946
6949
6952
6955
6956
6958
6961
6968
6970
6970
6981
6987
6990
6990
6991
6992
6995
6996
6998
7003
7006
7006
7009
7010
7010
7018
7021
7027
7028
7028
7041
7053
7066
7069
7080
7086
7098
7100
7100
7102
7103
7104
7106
7111
7113
7114
7115
7117
7125
7129
7131
7140
7140
7141
7157
7159
7161
7171
7177
7180
7180
7183
7189
7193
7195
7204
7204
7204
7211
7211
7214
7220
7220
7220
7221
7224
7224
7228
7228
7229
7239
7240
7240
7242
7243
7246
7254
7266
7270
7271
7272
7272
7273
7278
7284
7293
7295
7296
7305
7305
7306
7313
7318
7322
7328
7328
7329
7330
7332
7336
7336
7336
7336
7337
7338
7342
7344
7344
7353
7355
7355
7360
7362
7364
7367
7372
7378
7380
7384
7385
7385
7388
7389
7389
7389
7390
7391
7395
7395
7397
7397
7401
7403
7405
7406
7406
7411
7418
7425
7429
7431
7431
7437
7437
7439
7440
7440
7454
7455
7456
7460
7460
7461
7462
7463
7465
7466
7468
7477
7478
7478
7478
7478
7481
7483
7483
7487
7489
7489
7491
7492
7492
7492
7492
7492
7502
7502
7504
7506
7512
7515
7516
7518
7527
7533
7533
7536
7541
7545
7553
7555
7557
7558
7562
7568
7569
7572
7574
7584
7586
7588
7594
7594
7594
7598
7598
7601
7603
7607
7611
7615
7615
7618
7629
7635
7638
7642
7650
7653
7654
7660
7661
7668
7671
7672
7681
7686
7688
7695
7697
7697
7701
7703
7704
7704
7704
7704
7706
7710
7710
7711
7712
7721
7722
7729
7730
7731
7731
7732
7732
7733
7735
7737
7744
7747
7747
7750
7755
7755
7758
7759
7763
7766
7770
7770
7781
7782
7787
7787
7788
7789
7794
7795
7799
7805
7809
7809
7826
7826
7828
7840
7842
7843
7845
7845
7847
7848
7854
7866
7871
7872
7874
7877
7881
7881
7882
7884
7889
7898
7900
7900
7902
7906
7909
7913
7923
7937
7941
7945
7949
7951
7953
7964
7965
7968
7971
7972
7973
7977
7978
7979
7981
7990
7991
7994
7995
7995
8003
8005
8011
8014
8017
8021
8021
8021
8035
8036
8041
8043
8046
8049
8050
8054
8056
8056
8060
8064
8069
8072
8081
8081
8082
8091
8093
8097
8097
8099
8100
8103
8105
8109
8111
8112
8113
8116
8119
8120
8125
8125
8126
8126
8133
8141
8147
8150
8151
8165
8167
8176
8179
8180
8182
8182
8186
8187
8188
8190
8190
8193
8194
8198
8210
8211
8213
8213
8218
8219
8222
8228
8228
8228
8230
8233
8237
8247
8248
8264
8268
8272
8273
8274
8277
8283
8287
8294
8295
8300
8301
8302
8307
8308
8308
8316
8316
8317
8320
8322
8327
8332
8333
8334
8335
8340
8342
8343
8345
8347
8349
8352
8355
8355
8356
8365
8369
8370
8370
8372
8377
8377
8380
8382
8394
8397
8402
8404
8407
8409
8411
8423
8423
8431
8437
8440
8444
8447
8447
8449
8452
8454
8456
8457
8458
8467
8468
8475
8475
8479
8480
8487
8492
8494
8496
8496
8497
8497
8498
8499
8499
8502
8503
8503
8505
8506
8506
8511
8511
8511
8516
8518
8518
8521
8521
8523
8530
8532
8536
8541
8546
8548
8549
8550
8552
8553
8554
8555
8557
8558
8562
8565
8566
8567
8569
8570
8580
8591
8593
8595
8605
8606
8610
8615
8616
8627
8629
8630
8632
8632
8634
8636
8639
8645
8650
8663
8665
8665
8670
8673
8681
8682
8686
8692
8699
8700
8701
8702
8705
8705
8706
8707
8710
8710
8711
8712
8719
8725
8726
8727
8728
8730
8732
8732
8734
8737
8737
8739
8744
8746
8753
8753
8758
8765
8774
8777
8779
8779
8782
8783
8783
8785
8789
8797
8797
8797
8807
8811
8814
8821
8823
8824
8828
8829
8836
8838
8839
8840
8842
8843
8843
8844
8848
8850
8850
8851
8852
8855
8858
8859
8859
8866
8867
8870
8871
8871
8876
8876
8884
8886
8887
8889
8889
8891
8892
8893
8895
8901
8909
8909
8913
8914
8920
8921
8923
8923
8929
8933
8934
8936
8936
8938
8944
8952
8954
8956
8959
8966
8972
8973
8974
8975
8982
8984
8987
8990
8994
9005
9012
9014
9017
9022
9023
9024
9025
9026
9027
9036
9036
9037
9037
9044
9046
9052
9053
9057
9057
9058
9060
9066
9070
9071
9074
9075
9077
9077
9082
9088
9094
9095
9098
9103
9105
9109
9109
9111
9113
9116
9118
9121
9122
9123
9124
9127
9128
9128
9133
9136
9143
9149
9157
9159
9164
9168
9169
9170
9171
9178
9179
9180
9180
9186
9186
9191
9192
9194
9196
9200
9203
9203
9204
9205
9205
9207
9208
9208
9209
9210
9214
9215
9217
9218
9219
9225
9226
9230
9232
9233
9241
9244
9251
9252
9253
9255
9258
9259
9264
9273
9275
9280
9287
9287
9289
9291
9292
9294
9301
9303
9306
9326
9329
9336
9343
9343
9345
9345
9346
9348
9349
9352
9359
9367
9371
9373
9376
9381
9389
9397
9400
9404
9414
9415
9417
9417
9419
9422
9424
9429
9429
9431
9435
9437
9438
9438
9440
9444
9446
9448
9448
9449
9449
9450
9450
9451
9453
9454
9456
9479
9483
9485
9488
9494
9498
9498
9502
9502
9502
9505
9506
9508
9512
9518
9519
9521
9525
9526
9526
9528
9531
9532
9535
9535
9535
9536
9540
9544
9547
9551
9557
9558
9561
9567
9576
9576
9579
9580
9580
9598
9600
9602
9603
9604
9609
9613
9614
9614
9618
9620
9621
9621
9623
9624
9631
9634
9635
9637
9637
9637
9643
9647
9649
9651
9652
9655
9656
9657
9660
9666
9666
9679
9680
9682
9682
9684
9694
9694
9695
9698
9699
9702
9703
9704
9706
9709
9711
9712
9722
9725
9727
9729
9730
9733
9738
9744
9747
9757
9760
9760
9768
9769
9769
9770
9770
9773
9777
9777
9778
9779
9779
9783
9787
9790
9792
9792
9794
9795
9802
9807
9808
9811
9814
9816
9823
9829
9830
9833
9834
9834
9835
9835
9839
9840
9843
9846
9851
9854
9861
9864
9870
9882
9886
9889
9893
9898
9899
9907
9909
9917
9919
9926
9926
9927
9931
9933
9935
9938
9940
9941
9942
9942
9944
9947
9948
9949
9951
9955
9958
9958
9965
9966
9970
9974
9980
9987
9989
9993
9994
9994
9998
9999
10001
10006
10009
10021
10023
10024
10025
10032
10036
10037
10041
10041
10042
10042
10043
10043
10048
10048
10049
10054
10064
10066
10067
10068
10070
10073
10074
10075
10079
10080
10083
10085
10090
10095
10100
10101
10103
10104
10111
10114
10116
10119
10119
10121
10125
10128
10129
10133
10135
10142
10142
10150
10153
10158
10179
10180
10183
10187
10198
10198
10202
10203
10204
10206
10207
10212
10214
10217
10218
10219
10228
10237
10240
10241
10244
10246
10248
10249
10251
10251
10253
10254
10256
10258
10258
10266
10272
10278
10290
10290
10291
10293
10294
10294
10295
10295
10300
10301
10308
10310
10310
10314
10319
10319
10329
10330
10332
10333
10333
10337
10342
10345
10350
10350
10352
10353
10356
10358
10362
10365
10369
10370
10371
10371
10375
10376
10385
10387
10390
10391
10391
10400
10404
10413
10413
10414
10417
10418
10421
10425
10426
10435
10435
10435
10440
10444
10445
10447
10447
10447
10451
10456
10458
10465
10466
10468
10468
10471
10472
10473
10483
10483
10483
10488
10488
10495
10505
10512
10517
10520
10521
10523
10524
10527
10530
10535
10536
10552
10553
10555
10562
10564
10567
10571
10574
10580
10584
10586
10595
10597
10598
10600
10600
10602
10602
10604
10606
10608
10608
10608
10609
10617
10621
10626
10628
10628
10629
10644
10650
10650
10651
10656
10656
10663
10663
10668
10673
10676
10679
10682
10684
10685
10686
10689
10689
10691
10692
10694
10699
10700
10702
10703
10708
10716
10716
10719
10719
10723
10724
10727
10728
10730
10730
10738
10738
10750
10754
10758
10762
10763
10764
10765
10769
10776
10777
10780
10781
10792
10797
10800
10800
10805
10806
10811
10813
10819
10821
10821
10822
10823
10825
10828
10830
10838
10840
10843
10846
10850
10852
10853
10859
10866
10868
10868
10869
10874
10874
10877
10879
10884
10895
10896
10897
10898
10901
10905
10905
10911
10912
10917
10925
10926
10932
10934
10935
10942
10944
10945
10945
10946
10947
10949
10958
10958
10960
10964
10965
10966
10966
10976
10976
10977
10977
10988
10991
10995
10998
11000
11003
11006
11007
11014
11015
11017
11021
11021
11022
11025
11026
11028
11030
11040
11045
11046
11054
11057
11062
11065
11069
11070
11081
11082
11085
11088
11090
11090
11093
11094
11099
11100
11108
11108
11114
11114
11115
11122
11124
11125
11127
11132
11138
11152
11152
11176
11177
11181
11183
11187
11190
11190
11195
11199
11208
11209
11214
11216
11223
11229
11237
11240
11241
11242
11250
11250
11250
11259
11260
11262
11262
11267
11269
11271
11271
11272
11277
11278
11287
11290
11291
11295
11296
11300
11300
11303
11304
11308
11310
11310
11311
11312
11313
11319
11322
11324
11325
11336
11339
11341
11342
11346
11347
11356
11357
11358
11359
11363
11364
11370
11371
11372
11374
11376
11376
11381
11386
11387
11393
11394
11398
11407
11411
11418
11420
11420
11424
11426
11426
11426
11430
11437
11437
11439
11442
11452
11453
11455
11462
11462
11466
11470
11471
11472
11476
11487
11490
11500
11502
11508
11509
11512
11519
11520
11524
11524
11525
11527
11528
11529
11540
11541
11545
11548
11548
11554
11555
11556
11558
11569
11571
11573
11580
11581
11583
11584
11591
11592
11594
11596
11601
11604
11606
11610
11611
11612
11612
11614
11614
11615
11616
11616
11619
11631
11632
11636
11638
11640
11641
11645
11645
11646
11649
11663
11671
11672
11675
11687
11694
11696
11702
11702
11707
11710
11711
11714
11715
11715
11717
11719
11726
11729
11737
11740
11740
11751
11752
11752
11752
11753
11753
11754
11754
11757
11762
11767
11768
11768
11770
11774
11782
11783
11786
11787
11788
11795
11796
11799
11803
11809
11812
11813
11814
11815
11816
11818
11821
11825
11825
11827
11830
11831
11835
11835
11837
11838
11841
11844
11844
11846
11847
11847
11848
11849
11849
11850
11850
11850
11858
11858
11860
11861
11872
11873
11874
11876
11877
11878
11887
11892
11893
11898
11900
11900
11900
11901
11903
11903
11904
11904
11907
11908
11909
11912
11912
11915
11922
11923
11925
11926
11931
11938
11938
11938
11942
11944
11950
11951
11952
11953
11955
11956
11956
11959
11965
11965
11969
11971
11993
11997
12002
12007
12008
12010
12011
12013
12014
12015
12016
12018
12018
12023
12032
12036
12037
12040
12040
12043
12044
12046
12047
12054
12055
12060
12067
12067
12079
12081
12092
12096
12097
12098
12100
12119
12124
12126
12127
12136
12139
12140
12141
12142
12143
12144
12153
12153
12157
12158
12161
12162
12166
12167
12170
12171
12172
12172
12173
12176
12177
12187
12188
12192
12201
12209
12209
12210
12210
12211
12215
12218
12219
12231
12235
12239
12241
12241
12245
12249
12256
12256
12257
12262
12266
12272
12272
12276
12279
12280
12283
12283
12289
12291
12291
12303
12305
12312
12314
12315
12319
12320
12323
12328
12330
12330
12334
12334
12337
12339
12347
12354
12362
12364
12364
12365
12372
12374
12378
12378
12379
12379
12380
12395
12397
12401
12402
12413
12415
12422
12423
12427
12439
12442
12453
12463
12464
12473
12484
12485
12485
12487
12488
12489
12490
12490
12491
12493
12496
12498
12503
12506
12509
12511
12512
12514
12515
12519
12521
12525
12526
12526
12529
12531
12532
12535
12549
12552
12556
12559
12561
12562
12563
12567
12575
12578
12582
12588
12601
12609
12617
12618
12624
12629
12629
12630
12632
12633
12638
12644
12645
12645
12646
12650
12659
12660
12661
12666
12673
12679
12681
12682
12683
12691
12698
12698
12698
12709
12712
12715
12720
12733
12734
12739
12742
12745
12747
12748
12750
12752
12757
12757
12759
12767
12767
12770
12772
12777
12791
12803
12815
12819
12821
12822
12822
12829
12832
12832
12833
12837
12838
12839
12840
12842
12846
12850
12852
12853
12859
12863
12866
12868
12871
12873
12873
12874
12876
12879
12880
12882
12883
12890
12891
12899
12905
12905
12911
12915
12916
12920
12922
12927
12936
12948
12950
12951
12957
12957
12958
12958
12966
12968
12968
12971
12972
12974
12975
12975
12982
12987
12990
12992
12992
12992
12997
13001
13007
13014
13014
13015
13021
13027
13028
13034
13037
13039
13046
13047
13048
13049
13050
13057
13057
13057
13061
13062
13063
13067
13068
13068
13071
13074
13076
13078
13082
13097
13097
13098
13105
13110
13112
13120
13123
13127
13128
13129
13133
13133
13134
13153
13153
13153
13153
13155
13157
13161
13163
13164
13166
13169
13189
13193
13196
13204
13210
13210
13211
13213
13219
13223
13224
13225
13227
13228
13228
13231
13238
13240
13240
13242
13242
13243
13244
13247
13248
13255
13256
13256
13257
13260
13261
13265
13268
13272
13273
13277
13278
13279
13281
13283
13284
13285
13285
13293
13293
13299
13301
13304
13308
13312
13312
13320
13321
13322
13323
13326
13329
13332
13333
13333
13340
13344
13346
13346
13348
13350
13351
13351
13351
13353
13355
13363
13367
13370
13373
13373
13374
13384
13384
13385
13387
13390
13393
13393
13402
13403
13403
13404
13404
13404
13407
13408
13409
13411
13412
13413
13419
13424
13425
13433
13434
13437
13440
13444
13447
13448
13465
13478
13478
13480
13486
13495
13509
13510
13514
13516
13522
13527
13528
13532
13540
13544
13549
13556
13556
13557
13558
13561
13565
13566
13566
13567
13571
13574
13576
13576
13577
13577
13577
13578
13578
13579
13580
13589
13590
13591
13594
13597
13598
13599
13599
13604
13606
13613
13620
13624
13630
13631
13633
13634
13636
13644
13646
13651
13652
13658
13661
13668
13671
13675
13684
13685
13688
13694
13694
13695
13698
13700
13701
13706
13709
13713
13714
13717
13724
13724
13734
13737
13739
13740
13745
13747
13747
13752
13753
13754
13755
13758
13758
13758
13760
13761
13764
13766
13767
13770
13776
13778
13779
13780
13789
13796
13797
13797
13806
13806
13807
13808
13810
13810
13810
13812
13812
13817
13823
13827
13833
13833
13842
13842
13844
13844
13858
13863
13865
13866
13867
13867
13869
13873
13873
13874
13876
13879
13892
13899
13900
13902
13905
13923
13924
13926
13928
13930
13931
13932
13934
13935
13936
13940
13940
13943
13945
13946
13950
13951
13955
13956
13961
13963
13964
13964
13965
13966
13968
13972
13978
13992
13992
14002
14002
14004
14005
14012
14012
14014
14014
14016
14018
14020
14021
14021
14022
14024
14026
14028
14029
14039
14047
14055
14060
14066
14068
14077
14078
14080
14081
14082
14082
14090
14091
14095
14096
14097
14097
14098
14099
14100
14102
14102
14107
14109
14113
14114
14116
14117
14117
14118
14120
14129
14129
14134
14134
14139
14141
14144
14144
14146
14148
14152
14157
14160
14164
14165
14167
14171
14172
14174
14178
14178
14178
14181
14182
14184
14184
14189
14192
14193
14196
14197
14205
14206
14206
14207
14209
14214
14216
14219
14220
14224
14238
14243
14247
14247
14248
14250
14251
14251
14252
14257
14258
14259
14264
14264
14266
14267
14274
14278
14283
14287
14287
14293
14293
14294
14294
14295
14302
14302
14302
14308
14316
14319
14320
14325
14328
14328
14329
14330
14334
14335
14337
14348
14348
14349
14351
14353
14354
14358
14364
14364
14366
14370
14376
14380
14384
14387
14390
14394
14395
14398
14401
14411
14420
14425
14427
14431
14438
14442
14451
14451
14453
14454
14454
14463
14467
14472
14474
14479
14480
14483
14484
14484
14484
14486
14487
14488
14489
14490
14496
14500
14507
14507
14509
14509
14513
14513
14522
14522
14528
14530
14536
14536
14538
14542
14543
14553
14557
14562
14569
14570
14571
14577
14579
14580
14581
14583
14583
14584
14589
14591
14592
14596
14601
14605
14607
14609
14609
14611
14611
14612
14620
14623
14623
14624
14635
14643
14645
14646
14649
14652
14653
14655
14657
14658
14663
14665
14666
14667
14668
14668
14668
14673
14677
14678
14679
14680
14683
14686
14686
14687
14688
14692
14696
14703
14706
14706
14710
14712
14716
14720
14724
14727
14735
14735
14740
14742
14744
14746
14747
14749
14749
14750
14751
14751
14753
14755
14761
14761
14763
14764
14765
14768
14769
14774
14783
14784
14790
14795
14803
14805
14816
14818
14821
14824
14827
14827
14830
14831
14835
14836
14837
14838
14838
14843
14848
14853
14860
14865
14866
14868
14877
14882
14883
14884
14886
14889
14891
14893
14895
14898
14898
14901
14907
14910
14912
14912
14913
14914
14917
14919
14921
14921
14924
14925
14925
14928
14933
14934
14934
14935
14940
14940
14941
14945
14946
14947
14948
14950
14954
14955
14957
14959
14962
14962
14964
14966
14975
14980
14986
14989
14991
14992
14998
14999
15002
15003
15004
15023
15026
15026
15027
15029
15030
15036
15041
15045
15046
15047
15048
15059
15061
15063
15064
15065
15069
15076
15077
15078
15082
15082
15096
15110
15114
15117
15119
15123
15127
15128
15131
15134
15135
15135
15137
15138
15140
15150
15153
15155
15157
15160
15162
15169
15178
15178
15182
15187
15191
15193
15194
15195
15199
15202
15215
15220
15220
15221
15224
15227
15229
15232
15232
15234
15237
15237
15238
15239
15241
15242
15245
15247
15248
15254
15255
15255
15255
15259
15265
15268
15268
15273
15276
15284
15284
15286
15287
15287
15288
15300
15301
15305
15308
15310
15312
15316
15322
15323
15332
15340
15347
15348
15351
15356
15359
15362
15366
15371
15372
15373
15377
15383
15387
15390
15390
15392
15392
15399
15403
15403
15410
15411
15412
15430
15431
15433
15442
15449
15452
15453
15453
15453
15464
15465
15465
15467
15468
15469
15474
15483
15483
15487
15489
15489
15497
15499
15501
15503
15504
15506
15512
15514
15515
15524
15528
15530
15531
15533
15534
15536
15538
15540
15550
15552
15553
15562
15563
15564
15565
15582
15584
15587
15589
15589
15591
15593
15596
15604
15604
15605
15611
15614
15626
15634
15637
15648
15648
15652
15661
15662
15670
15671
15672
15678
15681
15681
15687
15687
15688
15697
15698
15703
15703
15704
15704
15720
15724
15728
15729
15731
15732
15733
15734
15737
15742
15748
15750
15753
15754
15754
15758
15760
15763
15764
15764
15766
15771
15778
15782
15785
15785
15786
15788
15789
15791
15795
15796
15796
15800
15802
15806
15806
15813
15815
15816
15820
15822
15829
15830
15830
15844
15846
15848
15852
15853
15856
15858
15859
15864
15869
15888
15891
15891
15891
15894
15899
15902
15906
15914
15918
15919
15923
15924
15929
15929
15936
15936
15938
15939
15942
15943
15947
15949
15950
15955
15958
15961
15962
15965
15968
15969
15975
15976
15980
15987
15987
15989
15994
15995
15999
16004
16005
16006
16010
16012
16022
16026
16034
16040
16041
16042
16042
16045
16046
16047
16049
16051
16057
16061
16061
16061
16064
16066
16068
16072
16077
16081
16083
16087
16088
16088
16089
16093
16093
16095
16095
16099
16099
16101
16103
16103
16104
16104
16117
16121
16124
16131
16131
16131
16132
16132
16133
16133
16135
16136
16136
16139
16139
16142
16142
16149
16153
16155
16155
16156
16161
16161
16161
16166
16169
16170
16175
16176
16178
16180
16186
16191
16194
16199
16199
16201
16204
16207
16211
16212
16213
16214
16219
16220
16222
16223
16225
16226
16226
16227
16230
16234
16240
16243
16244
16249
16255
16257
16263
16265
16269
16272
16280
16284
16284
16285
16289
16290
16291
16292
16293
16293
16297
16299
16302
16303
16303
16306
16308
16309
16309
16311
16315
16317
16320
16322
16330
16331
16334
16335
16338
16340
16341
16342
16348
16349
16350
16353
16358
16360
16361
16361
16362
16363
16364
16366
16370
16373
16373
16374
16378
16380
16387
16387
16390
16392
16393
16395
16404
16408
16408
16414
16415
16418
16424
16430
16430
16440
16442
16447
16450
16452
16459
16467
16468
16468
16473
16474
16485
16488
16488
16491
16495
16497
16499
16500
16502
16514
16522
16523
16526
16527
16529
16529
16529
16530
16533
16537
16539
16545
16548
16554
16556
16563
16573
16573
16575
16579
16583
16590
16592
16593
16594
16596
16597
16601
16604
16609
16612
16619
16621
16625
16629
16629
16631
16631
16631
16633
16637
16638
16639
16639
16643
16649
16657
16660
16661
16666
16675
16680
16684
16688
16688
16689
16691
16691
16692
16697
16699
16702
16705
16714
16718
16719
16720
16720
16724
16741
16743
16748
16750
16751
16754
16759
16765
16769
16772
16773
16777
16780
16781
16782
16783
16784
16787
16789
16792
16796
16798
16799
16799
16802
16803
16806
16807
16810
16811
16812
16813
16814
16815
16815
16817
16830
16831
16831
16835
16836
16836
16842
16848
16848
16851
16853
16856
16858
16858
16859
16862
16863
16866
16867
16869
16869
16876
16879
16884
16889
16894
16904
16906
16914
16914
16915
16915
16917
16917
16920
16922
16923
16926
16928
16928
16931
16935
16935
16936
16939
16939
16945
16950
16951
16959
16961
16962
16975
16979
16979
16988
16991
16991
16995
16997
16998
16999
17003
17004
17009
17009
17010
17014
17015
17016
17020
17020
17026
17028
17029
17030
17030
17031
17033
17034
17035
17036
17037
17042
17043
17044
17050
17053
17059
17060
17061
17063
17064
17065
17066
17068
17069
17075
17077
17079
17083
17086
17093
17098
17102
17102
17104
17104
17107
17109
17110
17120
17122
17125
17127
17130
17131
17132
17133
17136
17136
17136
17137
17141
17146
17151
17152
17156
17156
17172
17177
17177
17180
17185
17187
17191
17193
17195
17197
17197
17199
17201
17207
17207
17211
17216
17217
17222
17224
17226
17227
17237
17241
17253
17256
17257
17258
17259
17261
17261
17264
17267
17271
17276
17277
17285
17286
17291
17297
17303
17313
17321
17321
17324
17326
17327
17331
17332
17333
17334
17337
17342
17343
17343
17343
17347
17350
17357
17363
17365
17365
17367
17373
17373
17374
17375
17377
17380
17385
17387
17388
17399
17400
17402
17406
17411
17414
17415
17416
17421
17433
17435
17442
17447
17451
17455
17458
17465
17466
17471
17472
17475
17476
17476
17478
17480
17480
17481
17485
17489
17491
17496
17503
17507
17511
17519
17519
17522
17522
17525
17526
17539
17540
17540
17548
17553
17555
17561
17562
17563
17565
17565
17569
17569
17573
17576
17577
17586
17588
17590
17593
17601
17608
17609
17612
17614
17615
17617
17619
17622
17622
17623
17625
17627
17627
17627
17629
17629
17635
17639
17640
17642
17647
17649
17650
17652
17667
17669
17677
17683
17683
17684
17684
17686
17688
17690
17690
17694
17695
17696
17696
17701
17705
17705
17719
17721
17731
17734
17735
17736
17738
17745
17746
17747
17752
17756
17760
17764
17769
17773
17773
17774
17775
17775
17776
17776
17779
17779
17785
17786
17788
17790
17791
17806
17808
17820
17822
17830
17835
17842
17843
17844
17847
17852
17854
17855
17858
17858
17860
17867
17869
17872
17876
17881
17884
17885
17886
17889
17889
17897
17900
17904
17904
17906
17907
17912
17912
17915
17916
17918
17920
17920
17923
17924
17924
17930
17934
17943
17947
17950
17952
17953
17955
17956
17957
17960
17961
17964
17968
17973
17976
17978
17981
17986
17989
17991
17997
17998
18004
18008
18011
18011
18015
18016
18023
18023
18024
18029
18030
18042
18044
18045
18053
18056
18057
18059
18064
18066
18067
18086
18086
18091
18091
18093
18094
18097
18099
18104
18105
18106
18110
18112
18116
18119
18121
18124
18132
18133
18133
18144
18146
18147
18148
18152
18153
18155
18156
18158
18162
18164
18169
18170
18175
18175
18178
18178
18183
18183
18183
18184
18185
18185
18186
18190
18191
18192
18196
18204
18208
18217
18228
18229
18230
18232
18232
18234
18238
18245
18247
18255
18257
18258
18260
18269
18274
18274
18275
18275
18276
18276
18276
18276
18276
18279
18281
18281
18282
18283
18290
18292
18298
18301
18301
18305
18311
18318
18321
18321
18324
18335
18342
18351
18354
18357
18358
18360
18364
18368
18369
18369
18372
18372
18373
18374
18376
18377
18379
18381
18388
18390
18391
18396
18399
18399
18406
18408
18411
18411
18415
18424
18433
18436
18436
18437
18438
18441
18454
18458
18459
18460
18461
18461
18468
18479
18480
18483
18487
18490
18506
18508
18517
18527
18535
18536
18539
18540
18543
18545
18548
18554
18556
18566
18573
18573
18576
18576
18582
18587
18593
18594
18596
18599
18601
18602
18611
18622
18634
18635
18638
18640
18641
18643
18649
18654
18659
18665
18665
18665
18666
18667
18668
18668
18670
18673
18674
18675
18678
18682
18704
18716
18722
18728
18729
18735
18737
18742
18742
18746
18748
18750
18754
18755
18757
18757
18767
18774
18775
18781
18787
18796
18797
18798
18805
18812
18819
18824
18828
18832
18835
18838
18839
18844
18844
18846
18846
18849
18857
18857
18862
18870
18873
18876
18887
18887
18897
18900
18903
18904
18904
18910
18910
18912
18914
18915
18916
18924
18928
18932
18937
18947
18948
18952
18960
18960
18961
18963
18967
18969
18981
18981
18986
18989
18989
18991
18999
19000
19003
19014
19018
19022
19022
19022
19027
19028
19030
19036
19036
19042
19045
19053
19054
19055
19059
19059
19059
19061
19068
19070
19073
19077
19080
19080
19083
19084
19084
19090
19095
19097
19098
19098
19107
19112
19114
19116
19118
19120
19121
19122
19124
19128
19131
19133
19133
19134
19148
19148
19149
19152
19152
19157
19164
19166
19166
19166
19167
19181
19181
19185
19186
19188
19200
19201
19207
19208
19209
19216
19218
19224
19225
19225
19227
19231
19232
19234
19235
19241
19241
19245
19246
19247
19248
19257
19258
19259
19259
19263
19263
19264
19265
19269
19270
19273
19280
19282
19283
19286
19297
19297
19302
19304
19306
19308
19311
19313
19316
19318
19319
19320
19321
19323
19325
19327
19329
19331
19339
19341
19342
19343
19344
19348
19349
19349
19351
19353
19356
19356
19362
19366
19374
19379
19381
19382
19382
19383
19383
19386
19393
19393
19395
19396
19400
19404
19406
19408
19408
19412
19414
19415
19418
19418
19420
19422
19423
19426
19426
19431
19433
19434
19437
19443
19444
19444
19444
19457
19457
19458
19459
19462
19466
19466
19467
19468
19471
19472
19473
19474
19478
19480
19482
19483
19488
19491
19492
19495
19497
19497
19510
19519
19521
19521
19531
19533
19536
19544
19545
19552
19554
19558
19560
19561
19565
19569
19572
19576
19579
19584
19585
19586
19587
19591
19597
19600
19600
19601
19608
19609
19612
19619
19622
19625
19630
19634
19638
19640
19640
19645
19649
19649
19651
19652
19652
19656
19657
19657
19659
19665
19666
19671
19673
19676
19678
19678
19681
19684
19685
19686
19688
19690
19698
19702
19702
19707
19708
19710
19714
19719
19720
19723
19725
19727
19732
19732
19739
19741
19744
19745
19752
19760
19765
19769
19771
19775
19785
19792
19797
19806
19808
19814
19815
19816
19819
19825
19826
19827
19837
19841
19842
19843
19856
19859
19859
19860
19863
19867
19877
19880
19882
19883
19887
19888
19889
19895
19901
19901
19904
19906
19909
19911
19911
19912
19917
19922
19922
19927
19931
19934
19935
19937
19937
19937
19946
19947
19955
19961
19964
19965
19965
19972
19973
19973
19975
19981
19982
19983
19983
19986
19990
19991
19993
19994
19994
20000
20001
20003
20003
20004
20008
20009
20011
20011
20014
20019
20022
20023
20024
20025
20030
20037
20042
20043
20048
20049
20058
20066
20072
20082
20085
20085
20090
20090
20093
20100
20100
20101
20102
20111
20111
20112
20112
20118
20132
20132
20132
20135
20136
20136
20137
20140
20145
20148
20150
20153
20163
20163
20167
20168
20169
20176
20180
20184
20186
20192
20194
20195
20208
20213
20215
20217
20220
20220
20225
20228
20229
20230
20231
20231
20232
20237
20238
20243
20245
20251
20251
20256
20262
20265
20267
20271
20281
20283
20284
20288
20288
20290
20290
20299
20307
20312
20320
20321
20323
20324
20325
20329
20333
20333
20334
20335
20335
20338
20344
20346
20347
20352
20355
20357
20357
20363
20366
20374
20374
20381
20382
20383
20383
20384
20384
20388
20391
20395
20396
20396
20397
20399
20408
20420
20425
20426
20429
20431
20434
20435
20441
20444
20446
20448
20448
20448
20451
20452
20456
20456
20459
20460
20463
20463
20466
20473
20479
20481
20485
20488
20493
20496
20499
20504
20508
20508
20511
20514
20518
20521
20522
20523
20528
20532
20537
20558
20564
20570
20578
20581
20584
20587
20594
20601
20602
20605
20607
20608
20613
20615
20617
20618
20620
20621
20622
20622
20623
20625
20626
20630
20630
20631
20633
20635
20636
20641
20641
20650
20650
20654
20658
20661
20661
20662
20667
20667
20675
20680
20682
20688
20705
20705
20706
20707
20711
20712
20713
20714
20715
20725
20725
20730
20733
20742
20744
20746
20747
20748
20754
20762
20766
20771
20777
20781
20787
20789
20794
20801
20801
20803
20804
20812
20814
20816
20816
20817
20820
20832
20832
20836
20840
20842
20845
20848
20849
20850
20855
20859
20874
20874
20875
20887
20887
20887
20891
20896
20897
20900
20902
20903
20904
20905
20906
20907
20909
20911
20912
20914
20917
20923
20924
20924
20926
20927
20931
20935
20936
20936
20941
20944
20948
20951
20952
20954
20957
20960
20963
20964
20966
20967
20972
20976
20977
20980
20983
20984
20994
20996
21013
21013
21014
21015
21018
21020
21021
21024
21036
21037
21038
21038
21039
21039
21044
21045
21051
21055
21058
21059
21067
21068
21069
21069
21069
21072
21073
21078
21084
21093
21100
21104
21105
21107
21111
21112
21114
21117
21124
21125
21128
21128
21130
21136
21148
21150
21151
21151
21151
21152
21159
21163
21165
21168
21172
21177
21180
21181
21182
21191
21193
21193
21194
21198
21202
21205
21207
21214
21227
21230
21233
21233
21236
21240
21248
21249
21249
21250
21250
21252
21262
21266
21275
21279
21282
21286
21289
21292
21292
21295
21296
21296
21301
21302
21306
21311
21314
21315
21317
21319
21326
21326
21328
21336
21337
21341
21342
21343
21347
21348
21354
21362
21363
21368
21369
21371
21373
21374
21375
21378
21378
21381
21381
21382
21387
21389
21390
21394
21400
21404
21404
21405
21407
21408
21412
21415
21416
21419
21420
21421
21421
21424
21425
21429
21436
21437
21438
21439
21449
21450
21450
21453
21455
21456
21456
21456
21458
21464
21465
21473
21474
21474
21479
21483
21488
21488
21489
21489
21490
21490
21491
21491
21506
21510
21513
21517
21519
21520
21520
21525
21526
21528
21528
21531
21531
21531
21535
21546
21549
21550
21550
21551
21551
21554
21563
21563
21563
21566
21567
21572
21572
21578
21582
21585
21587
21588
21589
21592
21593
21599
21599
21600
21601
21604
21611
21612
21615
21616
21619
21619
21621
21622
21632
21632
21637
21651
21656
21657
21660
21664
21664
21671
21676
21680
21683
21686
21689
21695
21696
21707
21707
21709
21711
21719
21724
21725
21730
21736
21754
21757
21765
21774
21775
21777
21777
21783
21788
21788
21793
21794
21796
21799
21800
21800
21802
21802
21804
21809
21810
21810
21814
21815
21819
21823
21824
21826
21828
21829
21832
21833
21837
21840
21842
21847
21848
21849
21853
21860
21861
21861
21866
21866
21866
21871
21874
21874
21875
21876
21883
21890
21891
21899
21900
21907
21908
21913
21917
21923
21925
21929
21929
21933
21939
21940
21942
21948
21952
21954
21954
21959
21960
21960
21961
21966
21969
21969
21969
21972
21975
21978
21980
21981
21982
21985
21986
21991
21992
21993
21994
21998
22000
22014
22017
22019
22025
22036
22039
22041
22046
22053
22054
22056
22057
22064
22065
22067
22069
22070
22071
22072
22073
22073
22078
22078
22078
22082
22089
22092
22093
22095
22096
22098
22100
22105
22105
22108
22114
22115
22120
22124
22125
22127
22131
22133
22134
22136
22140
22147
22149
22151
22152
22153
22156
22157
22164
22165
22167
22168
22173
22174
22175
22177
22179
22181
22183
22184
22185
22186
22187
22187
22188
22190
22192
22192
22196
22199
22199
22203
22219
22220
22223
22224
22224
22225
22230
22231
22238
22240
22240
22241
22245
22249
22250
22251
22252
22257
22261
22261
22261
22270
22271
22273
22274
22281
22284
22285
22287
22292
22295
22296
22301
22304
22307
22309
22311
22313
22313
22317
22318
22319
22319
22320
22320
22321
22332
22332
22334
22338
22339
22339
22340
22341
22344
22346
22348
22349
22351
22353
22355
22357
22363
22367
22368
22368
22370
22374
22376
22376
22379
22383
22391
22394
22404
22404
22409
22414
22415
22418
22423
22427
22429
22435
22437
22439
22440
22443
22447
22452
22457
22461
22463
22464
22469
22470
22470
22471
22473
22476
22480
22488
22505
22508
22512
22512
22516
22519
22520
22522
22522
22530
22532
22539
22540
22543
22543
22545
22549
22551
22553
22556
22558
22561
22562
22566
22569
22590
22592
22594
22598
22599
22600
22603
22603
22605
22606
22608
22610
22616
22618
22629
22629
22631
22631
22632
22632
22637
22648
22648
22652
22653
22655
22661
22664
22665
22667
22667
22668
22669
22673
22673
22675
22689
22691
22691
22699
22703
22713
22715
22716
22721
22724
22728
22729
22732
22733
22735
22737
22740
22742
22747
22749
22749
22751
22753
22755
22756
22758
22758
22759
22760
22761
22765
22766
22766
22767
22768
22769
22776
22777
22779
22782
22784
22785
22786
22788
22797
22800
22803
22810
22813
22822
22823
22823
22823
22825
22827
22827
22836
22837
22838
22842
22844
22844
22845
22845
22851
22855
22868
22869
22872
22874
22875
22876
22881
22882
22884
22891
22901
22901
22901
22904
22906
22906
22906
22907
22907
22912
22920
22921
22922
22922
22924
22931
22931
22933
22939
22941
22943
22943
22945
22945
22947
22950
22953
22956
22959
22959
22963
22964
22965
22966
22966
22968
22969
22978
22979
22980
22981
22982
22988
22989
22991
22993
22997
23005
23006
23010
23011
23017
23017
23023
23027
23029
23032
23034
23038
23040
23041
23047
23047
23051
23051
23054
23054
23054
23058
23065
23065
23065
23066
23068
23072
23074
23077
23091
23097
23099
23099
23100
23103
23103
23103
23104
23105
23108
23111
23114
23114
23115
23116
23120
23121
23122
23123
23127
23130
23131
23133
23137
23142
23145
23149
23152
23155
23156
23157
23157
23161
23162
23162
23167
23168
23169
23170
23172
23183
23184
23185
23190
23192
23199
23199
23206
23206
23209
23218
23223
23223
23224
23227
23229
23229
23229
23232
23233
23237
23239
23242
23243
23249
23249
23250
23256
23260
23263
23264
23269
23269
23273
23275
23276
23282
23282
23289
23289
23291
23292
23293
23293
23297
23298
23301
23303
23303
23313
23313
23319
23319
23322
23323
23326
23328
23332
23332
23333
23334
23335
23335
23337
23339
23339
23340
23343
23344
23347
23348
23350
23351
23355
23358
23363
23369
23370
23370
23371
23374
23374
23377
23380
23382
23382
23385
23386
23390
23394
23395
23404
23409
23409
23412
23415
23417
23417
23418
23420
23422
23425
23432
23434
23436
23439
23440
23449
23454
23456
23468
23470
23470
23471
23473
23474
23476
23482
23486
23486
23487
23487
23487
23493
23498
23507
23508
23512
23518
23526
23527
23530
23534
23534
23537
23539
23540
23548
23553
23562
23563
23563
23566
23569
23572
23573
23574
23578
23579
23582
23586
23588
23588
23603
23607
23610
23612
23616
23619
23624
23625
23626
23627
23629
23629
23629
23640
23640
23644
23646
23646
23647
23648
23651
23654
23657
23659
23663
23669
23672
23674
23676
23678
23682
23692
23694
23697
23700
23708
23709
23710
23710
23712
23712
23713
23720
23734
23738
23738
23741
23742
23744
23746
23747
23749
23751
23751
23754
23756
23757
23758
23763
23769
23770
23772
23772
23778
23786
23791
23794
23794
23796
23798
23798
23799
23799
23799
23801
23801
23803
23808
23811
23817
23820
23822
23825
23826
23828
23831
23834
23835
23836
23839
23861
23862
23865
23869
23874
23875
23883
23886
23886
23892
23893
23896
23897
23907
23907
23909
23912
23915
23917
23924
23926
23926
23928
23934
23935
23936
23936
23937
23938
23941
23943
23944
23952
23953
23955
23956
23961
23968
23970
23975
23977
23978
23980
23988
23990
23990
23990
23991
23992
23996
23999
23999
24000
24005
24008
24018
24021
24024
24024
24031
24035
24038
24038
24039
24042
24046
24049
24049
24050
24054
24056
24059
24068
24068
24069
24071
24073
24073
24075
24080
24081
24083
24083
24084
24085
24087
24090
24090
24095
24098
24099
24104
24105
24109
24115
24117
24118
24120
24124
24124
24126
24126
24127
24129
24130
24132
24132
24133
24134
24135
24136
24138
24139
24143
24143
24144
24147
24148
24149
24156
24156
24157
24159
24167
24168
24169
24178
24181
24185
24189
24191
24195
24195
24198
24200
24200
24201
24205
24221
24226
24227
24228
24235
24239
24242
24246
24247
24247
24247
24247
24251
24256
24258
24259
24266
24269
24269
24270
24271
24274
24280
24286
24286
24287
24300
24302
24304
24307
24308
24311
24312
24313
24315
24316
24318
24318
24318
24319
24323
24328
24330
24330
24334
24338
24339
24339
24340
24340
24342
24345
24350
24352
24354
24355
24359
24359
24363
24366
24368
24380
24384
24390
24392
24395
24399
24402
24403
24410
24411
24414
24415
24417
24417
24423
24432
24434
24434
24437
24441
24447
24448
24452
24453
24461
24464
24465
24465
24468
24481
24482
24488
24488
24490
24495
24496
24501
24503
24508
24509
24512
24513
24519
24520
24520
24521
24522
24525
24527
24533
24533
24533
24536
24537
24537
24540
24544
24545
24550
24556
24560
24564
24566
24571
24573
24574
24577
24577
24586
24587
24594
24598
24602
24612
24619
24620
24624
24625
24639
24641
24645
24646
24652
24655
24655
24663
24674
24676
24678
24682
24684
24684
24685
24688
24688
24689
24690
24691
24691
24691
24692
24692
24696
24697
24698
24698
24699
24699
24701
24702
24703
24703
24707
24712
24714
24714
24715
24718
24720
24724
24727
24728
24735
24738
24739
24739
24741
24757
24760
24762
24764
24766
24767
24767
24778
24781
24782
24783
24783
24785
24797
24798
24800
24801
24805
24806
24807
24808
24813
24819
24827
24827
24827
24828
24830
24834
24835
24854
24858
24860
24861
24862
24864
24864
24866
24866
24869
24869
24870
24872
24872
24873
24876
24877
24877
24879
24883
24885
24887
24893
24893
24896
24896
24896
24897
24900
24904
24911
24916
24916
24922
24931
24932
24937
24943
24944
24944
24945
24947
24948
24949
24949
24954
24955
24955
24960
24963
24965
24968
24971
24972
24978
24980
24980
24982
24988
24989
24991
24992
24995
24998
24999
25000
25005
25006
25007
25007
25009
25010
25011
25011
25020
25030
25030
25030
25031
25033
25036
25037
25041
25044
25047
25051
25052
25054
25055
25056
25057
25059
25063
25065
25071
25073
25075
25077
25084
25085
25088
25091
25091
25091
25092
25093
25095
25095
25095
25096
25099
25102
25109
25109
25111
25118
25121
25123
25123
25125
25132
25135
25136
25140
25147
25154
25154
25164
25170
25174
25174
25178
25187
25187
25189
25191
25194
25199
25200
25202
25203
25205
25206
25207
25208
25213
25214
25214
25219
25220
25220
25223
25225
25229
25231
25233
25234
25237
25245
25246
25252
25254
25256
25257
25257
25263
25264
25272
25273
25274
25288
25289
25290
25290
25291
25291
25298
25316
25320
25327
25329
25330
25335
25338
25339
25341
25343
25349
25355
25356
25356
25362
25364
25365
25366
25367
25376
25377
25379
25383
25386
25390
25397
25398
25402
25407
25407
25415
25421
25427
25437
25440
25444
25445
25449
25451
25454
25454
25458
25459
25465
25467
25473
25477
25477
25479
25481
25481
25484
25485
25489
25497
25502
25506
25509
25514
25516
25531
25537
25541
25543
25544
25547
25547
25551
25557
25566
25566
25566
25566
25569
25570
25574
25577
25578
25583
25585
25585
25588
25588
25604
25611
25613
25613
25616
25621
25622
25622
25630
25632
25635
25636
25636
25639
25643
25645
25649
25657
25657
25659
25660
25667
25668
25669
25673
25677
25681
25683
25684
25687
25688
25688
25691
25692
25699
25700
25701
25703
25707
25711
25712
25712
25716
25724
25732
25737
25741
25743
25744
25745
25750
25750
25758
25765
25768
25772
25774
25775
25777
25777
25778
25782
25784
25784
25785
25793
25797
25799
25803
25805
25811
25815
25819
25820
25822
25828
25828
25832
25833
25837
25839
25844
25846
25850
25850
25852
25852
25857
25859
25859
25862
25862
25869
25871
25873
25877
25879
25881
25882
25885
25887
25889
25892
25896
25901
25901
25904
25908
25915
25918
25918
25923
25924
25925
25926
25926
25926
25928
25928
25929
25933
25933
25933
25935
25935
25935
25936
25940
25942
25947
25951
25952
25956
25965
25967
25969
25972
25973
25975
25985
25986
25989
25993
25994
25995
25995
25997
25998
25999
25999
25999
26011
26013
26016
26019
26027
26030
26033
26034
26034
26035
26039
26048
26050
26050
26061
26063
26064
26066
26066
26066
26067
26077
26078
26082
26085
26089
26089
26092
26092
26094
26095
26098
26107
26108
26109
26113
26115
26118
26121
26130
26131
26132
26137
26151
26151
26152
26154
26154
26154
26154
26156
26158
26158
26158
26162
26163
26166
26167
26180
26181
26182
26183
26188
26189
26189
26190
26190
26193
26198
26200
26206
26206
26207
26213
26217
26217
26220
26221
26227
26229
26242
26255
26265
26268
26269
26269
26270
26270
26273
26279
26291
26294
26298
26298
26301
26308
26312
26317
26318
26321
26323
26333
26333
26335
26337
26338
26354
26358
26361
26370
26374
26379
26388
26390
26390
26402
26405
26406
26409
26412
26413
26413
26414
26415
26417
26427
26430
26432
26436
26437
26440
26448
26449
26455
26457
26461
26461
26463
26464
26467
26475
26483
26485
26496
26496
26503
26511
26512
26514
26517
26517
26518
26520
26520
26523
26525
26527
26530
26534
26539
26540
26542
26542
26548
26549
26550
26555
26559
26565
26573
26574
26577
26585
26588
26588
26590
26591
26592
26593
26594
26595
26600
26608
26609
26627
26629
26634
26648
26648
26655
26657
26659
26662
26663
26665
26669
26672
26684
26692
26693
26697
26705
26710
26710
26713
26713
26713
26714
26714
26722
26729
26739
26743
26747
26748
26766
26767
26768
26768
26777
26778
26779
26782
26785
26786
26789
26792
26794
26799
26799
26799
26803
26810
26811
26819
26820
26821
26826
26828
26828
26829
26830
26832
26836
26837
26838
26843
26844
26845
26848
26853
26855
26862
26869
26869
26870
26872
26873
26873
26874
26877
26878
26885
26887
26892
26893
26900
26900
26904
26904
26906
26909
26911
26916
26916
26917
26920
26921
26930
26933
26935
26936
26939
26941
26944
26944
26945
26946
26950
26951
26951
26953
26953
26954
26956
26962
26962
26963
26972
26975
26976
26980
26981
26986
26988
26989
26989
26990
26992
26993
26993
26995
27000
27003
27003
27005
27007
27009
27015
27018
27023
27024
27025
27031
27034
27040
27040
27043
27044
27045
27046
27046
27049
27050
27062
27065
27075
27076
27078
27079
27081
27081
27084
27085
27087
27090
27091
27091
27092
27099
27100
27101
27105
27113
27113
27115
27121
27123
27126
27128
27142
27143
27144
27145
27145
27147
27150
27157
27159
27160
27163
27163
27164
27165
27165
27166
27167
27170
27175
27176
27176
27176
27179
27186
27192
27195
27195
27196
27198
27201
27213
27215
27216
27217
27219
27221
27236
27243
27249
27249
27255
27256
27257
27263
27264
27267
27275
27277
27287
27291
27296
27299
27300
27303
27303
27307
27307
27310
27312
27312
27334
27338
27340
27347
27365
27366
27368
27369
27369
27369
27374
27381
27386
27387
27388
27388
27389
27391
27391
27396
27396
27401
27403
27405
27405
27411
27415
27423
27426
27430
27430
27433
27434
27438
27438
27441
27458
27463
27464
27464
27465
27466
27470
27472
27473
27474
27476
27477
27480
27483
27483
27485
27485
27488
27496
27500
27506
27506
27512
27512
27514
27515
27516
27519
27521
27522
27526
27527
27528
27532
27546
27551
27555
27556
27558
27558
27562
27566
27568
27582
27583
27592
27592
27593
27594
27597
27604
27606
27607
27608
27610
27612
27612
27615
27624
27635
27640
27646
27651
27655
27655
27656
27658
27661
27663
27663
27663
27665
27666
27669
27673
27676
27678
27681
27682
27686
27691
27693
27696
27700
27701
27710
27717
27724
27727
27736
27738
27742
27744
27745
27748
27750
27750
27751
27761
27762
27764
27767
27767
27773
27778
27780
27781
27786
27786
27787
27787
27789
27790
27792
27793
27794
27798
27802
27803
27810
27817
27818
27822
27823
27828
27831
27842
27844
27845
27846
27852
27855
27857
27859
27859
27861
27864
27867
27867
27869
27871
27882
27884
27889
27889
27890
27892
27895
27899
27901
27904
27904
27904
27905
27908
27908
27913
27913
27915
27918
27931
27935
27936
27937
27945
27946
27947
27951
27951
27952
27953
27953
27958
27960
27964
27966
27969
27978
27980
27981
27982
27984
27992
27994
28004
28006
28008
28011
28011
28016
28017
28017
28019
28025
28027
28031
28032
28036
28042
28042
28044
28046
28049
28050
28051
28052
28052
28061
28064
28069
28077
28085
28086
28091
28098
28101
28102
28107
28114
28115
28117
28118
28118
28119
28120
28126
28130
28130
28130
28131
28134
28136
28137
28137
28141
28149
28152
28157
28158
28163
28164
28167
28169
28172
28173
28174
28186
28188
28192
28197
28198
28202
28203
28204
28206
28206
28207
28209
28211
28213
28216
28218
28225
28228
28230
28230
28238
28248
28253
28257
28263
28264
28267
28275
28277
28277
28281
28287
28287
28291
28301
28303
28308
28314
28320
28323
28334
28339
28347
28349
28350
28355
28359
28363
28365
28367
28378
28380
28381
28385
28390
28391
28393
28395
28398
28401
28401
28407
28411
28417
28418
28419
28420
28421
28421
28426
28431
28434
28435
28436
28437
28447
28453
28459
28460
28463
28472
28477
28478
28479
28479
28481
28489
28489
28491
28493
28504
28504
28505
28510
28513
28514
28518
28519
28520
28521
28522
28525
28527
28528
28532
28534
28541
28548
28553
28554
28556
28557
28564
28571
28572
28577
28577
28579
28579
28581
28585
28587
28589
28590
28594
28595
28598
28602
28605
28606
28621
28621
28629
28641
28644
28650
28654
28660
28663
28665
28665
28665
28669
28676
28681
28689
28693
28701
28701
28702
28704
28707
28708
28713
28717
28719
28722
28725
28725
28730
28731
28732
28737
28737
28738
28739
28751
28757
28760
28762
28765
28767
28769
28779
28783
28786
28786
28786
28787
28792
28794
28812
28819
28831
28832
28832
28832
28836
28837
28841
28846
28850
28852
28856
28857
28857
28863
28864
28867
28869
28872
28875
28876
28885
28889
28895
28897
28902
28903
28910
28912
28914
28914
28918
28919
28920
28921
28922
28927
28928
28928
28929
28929
28932
28934
28934
28935
28936
28938
28944
28947
28951
28951
28953
28956
28962
28967
28969
28977
28977
28987
28990
28991
28994
28998
28998
29004
29004
29006
29007
29011
29011
29015
29015
29018
29019
29026
29032
29037
29040
29043
29043
29047
29048
29057
29058
29063
29063
29072
29075
29075
29084
29086
29092
29102
29108
29114
29117
29118
29121
29122
29123
29124
29126
29134
29135
29138
29139
29140
29147
29150
29155
29157
29160
29161
29162
29168
29172
29172
29174
29175
29182
29188
29194
29196
29198
29204
29210
29215
29215
29219
29221
29222
29227
29228
29229
29230
29230
29231
29239
29239
29240
29240
29240
29241
29242
29242
29244
29245
29247
29248
29249
29249
29253
29255
29256
29257
29266
29274
29277
29277
29280
29281
29282
29282
29283
29286
29291
29293
29297
29297
29297
29301
29303
29307
29313
29316
29322
29323
29323
29326
29326
29334
29335
29336
29337
29347
29359
29360
29362
29368
29369
29370
29370
29375
29378
29379
29380
29380
29389
29391
29395
29400
29400
29402
29406
29408
29411
29411
29414
29416
29418
29418
29420
29420
29427
29427
29430
29434
29435
29437
29440
29443
29445
29447
29447
29451
29452
29453
29455
29458
29466
29467
29474
29475
29478
29479
29485
29489
29490
29493
29494
29504
29508
29509
29510
29510
29510
29511
29512
29514
29516
29516
29521
29525
29529
29530
29531
29531
29533
29537
29541
29544
29545
29545
29547
29554
29560
29563
29571
29572
29577
29585
29587
29591
29597
29602
29604
29607
29608
29614
29620
29625
29626
29628
29629
29629
29630
29631
29631
29633
29635
29642
29643
29644
29651
29655
29655
29660
29662
29668
29671
29672
29679
29680
29685
29689
29693
29695
29698
29699
29702
29703
29705
29706
29706
29707
29709
29710
29710
29711
29711
29712
29714
29719
29721
29725
29730
29730
29731
29733
29733
29734
29737
29741
29743
29743
29745
29747
29754
29756
29759
29765
29765
29770
29777
29788
29791
29792
29792
29796
29797
29806
29807
29809
29810
29811
29811
29811
29814
29815
29815
29817
29820
29822
29823
29824
29825
29829
29840
29840
29841
29843
29847
29849
29854
29855
29858
29859
29862
29866
29875
29877
29877
29878
29879
29880
29887
29890
29891
29894
29895
29896
29899
29899
29902
29910
29912
29918
29925
29926
29927
29932
29937
29939
29944
29944
29945
29946
29948
29948
29951
29955
29955
29958
29963
29967
29972
29976
29983
29985
29991
29992
29993
48818
18835
29983
