10000
1
2
5
6
7
8
10
14
18
21
25
28
31
33
41
44
44
50
53
56
60
61
61
61
62
63
73
75
76
78
81
88
90
92
104
116
116
120
120
123
124
132
133
140
142
147
149
150
154
162
165
168
168
172
172
175
177
183
185
189
190
191
192
198
198
198
202
204
206
210
210
211
212
216
217
218
219
219
219
219
220
222
227
234
237
246
251
252
253
254
254
256
256
258
260
260
265
268
270
278
285
286
290
291
294
296
297
297
298
305
306
308
309
310
310
316
321
322
322
325
327
328
328
329
331
337
343
348
348
351
352
353
353
357
358
359
366
367
374
375
375
379
380
381
384
385
386
390
395
400
407
407
414
415
418
421
421
424
425
434
438
442
442
444
445
447
451
452
454
460
463
466
467
468
472
478
479
482
483
484
484
487
487
489
503
508
511
515
517
518
521
523
523
525
527
529
544
548
548
549
553
559
560
571
573
573
578
578
581
582
589
597
600
604
606
608
608
612
612
613
615
618
619
626
636
639
639
640
641
642
650
657
658
658
662
663
677
677
678
679
682
682
682
685
685
688
690
693
697
702
704
716
721
722
724
726
730
730
730
731
732
738
738
749
750
750
758
759
759
764
766
778
780
786
791
792
800
800
806
810
811
813
820
822
824
826
831
833
840
843
844
846
847
849
851
853
855
859
863
866
870
872
880
880
880
882
884
884
886
887
888
888
893
896
897
915
926
929
929
929
929
936
940
941
942
942
945
948
950
951
951
952
957
960
961
962
963
965
965
967
967
970
971
979
979
980
980
983
985
985
986
986
987
990
991
999
1010
1012
1017
1020
1022
1030
1036
1037
1043
1044
1054
1054
1055
1057
1062
1064
1065
1066
1070
1071
1071
1072
1075
1081
1085
1088
1089
1090
1092
1094
1094
1100
1103
1105
1105
1106
1123
1128
1128
1133
1135
1136
1138
1139
1140
1145
1151
1153
1155
1155
1170
1171
1172
1174
1176
1179
1180
1185
1188
1191
1195
1197
1198
1199
1203
1211
1214
1216
1219
1223
1223
1223
1225
1228
1233
1237
1238
1239
1241
1245
1246
1248
1253
1260
1260
1262
1263
1263
1268
1272
1274
1280
1282
1283
1286
1287
1289
1289
1292
1292
1300
1302
1307
1307
1307
1315
1316
1319
1320
1320
1324
1329
1330
1331
1332
1335
1335
1338
1346
1348
1353
1353
1354
1372
1376
1376
1377
1382
1385
1385
1385
1386
1391
1395
1395
1395
1396
1401
1406
1409
1410
1412
1417
1418
1419
1430
1434
1435
1437
1439
1439
1439
1439
1445
1458
1458
1458
1461
1465
1475
1477
1477
1477
1478
1479
1480
1483
1484
1489
1491
1493
1499
1506
1506
1508
1512
1513
1516
1517
1519
1519
1523
1529
1533
1535
1537
1538
1542
1551
1552
1554
1558
1559
1562
1562
1568
1569
1571
1574
1576
1578
1580
1586
1588
1588
1589
1592
1596
1599
1606
1612
1620
1623
1624
1626
1628
1633
1634
1634
1637
1640
1645
1646
1656
1661
1662
1663
1666
1670
1675
1681
1683
1685
1688
1694
1703
1703
1704
1709
1710
1716
1717
1720
1730
1732
1732
1734
1737
1739
1739
1741
1743
1744
1747
1747
1747
1748
1749
1749
1753
1755
1755
1758
1758
1762
1770
1776
1782
1784
1789
1790
1791
1795
1798
1803
1809
1809
1818
1833
1834
1834
1838
1838
1842
1844
1846
1847
1849
1855
1857
1858
1861
1861
1877
1877
1880
1882
1884
1888
1897
1900
1901
1902
1906
1908
1909
1911
1914
1922
1923
1925
1925
1928
1928
1928
1931
1932
1933
1934
1938
1942
1942
1942
1942
1950
1950
1952
1956
1956
1961
1964
1970
1973
1975
1978
1981
1986
1987
1989
1990
1990
1998
1999
2000
2002
2003
2014
2014
2017
2020
2022
2025
2027
2028
2032
2033
2042
2043
2043
2044
2044
2047
2049
2053
2057
2060
2062
2063
2064
2064
2067
2071
2072
2074
2075
2077
2079
2079
2079
2080
2080
2082
2086
2090
2091
2094
2098
2104
2106
2119
2123
2129
2129
2145
2146
2147
2160
2160
2161
2166
2166
2170
2171
2172
2177
2181
2183
2196
2197
2200
2202
2213
2213
2214
2217
2218
2221
2223
2223
2226
2232
2240
2248
2250
2250
2258
2260
2262
2264
2265
2265
2278
2279
2280
2284
2287
2290
2293
2294
2302
2310
2315
2316
2319
2320
2320
2321
2324
2325
2326
2328
2340
2340
2340
2341
2346
2347
2348
2348
2363
2365
2367
2370
2371
2373
2374
2374
2378
2384
2385
2393
2395
2396
2396
2397
2400
2403
2416
2416
2421
2427
2431
2431
2436
2438
2439
2440
2444
2446
2454
2455
2461
2466
2476
2476
2478
2479
2485
2486
2488
2491
2491
2492
2493
2494
2506
2507
2507
2509
2511
2514
2516
2517
2518
2521
2522
2522
2531
2532
2534
2546
2548
2550
2554
2556
2557
2560
2560
2564
2565
2567
2567
2572
2573
2573
2576
2580
2581
2581
2586
2586
2589
2597
2608
2609
2610
2611
2613
2614
2614
2617
2623
2630
2630
2630
2630
2630
2634
2638
2639
2646
2646
2656
2657
2665
2670
2671
2671
2680
2682
2682
2683
2685
2686
2694
2695
2696
2697
2703
2712
2715
2720
2723
2723
2725
2740
2746
2755
2761
2761
2762
2763
2770
2770
2773
2775
2775
2776
2778
2790
2792
2793
2794
2801
2802
2808
2816
2828
2830
2832
2838
2842
2843
2843
2849
2850
2852
2853
2855
2855
2856
2857
2858
2859
2860
2861
2861
2861
2871
2874
2878
2879
2882
2886
2888
2892
2893
2894
2897
2899
2911
2917
2921
2922
2928
2930
2931
2934
2953
2956
2959
2961
2965
2966
2970
2972
2973
2974
2974
2976
2979
2980
2981
2996
3003
3003
3005
3009
3024
3025
3026
3027
3030
3041
3042
3043
3045
3049
3050
3050
3050
3054
3059
3062
3064
3082
3083
3086
3087
3102
3110
3114
3119
3120
3121
3125
3128
3136
3140
3140
3151
3154
3154
3156
3162
3165
3168
3171
3178
3178
3187
3197
3199
3201
3204
3206
3215
3221
3224
3225
3226
3229
3229
3231
3231
3235
3242
3242
3243
3248
3249
3252
3253
3255
3260
3265
3269
3274
3274
3278
3290
3294
3299
3301
3304
3305
3305
3307
3307
3309
3312
3312
3316
3319
3323
3325
3328
3330
3332
3333
3337
3341
3343
3346
3347
3356
3361
3362
3368
3368
3373
3375
3377
3377
3378
3382
3384
3384
3389
3392
3392
3396
3403
3407
3407
3412
3421
3421
3429
3433
3438
3440
3445
3447
3454
3454
3458
3461
3463
3464
3467
3471
3474
3477
3478
3478
3484
3484
3485
3485
3487
3487
3487
3488
3491
3494
3497
3502
3510
3513
3515
3515
3518
3522
3525
3529
3530
3530
3533
3534
3536
3536
3540
3542
3543
3551
3551
3554
3556
3558
3559
3559
3559
3562
3565
3567
3567
3572
3578
3581
3582
3587
3592
3597
3598
3598
3600
3601
3605
3610
3610
3614
3618
3624
3625
3628
3634
3635
3636
3645
3647
3650
3651
3651
3651
3653
3658
3660
3666
3668
3669
3669
3669
3673
3673
3673
3676
3678
3681
3688
3688
3690
3691
3696
3698
3700
3700
3700
3704
3706
3706
3708
3711
3712
3713
3714
3716
3726
3736
3737
3738
3742
3745
3747
3747
3748
3756
3756
3759
3759
3760
3762
3763
3767
3777
3795
3801
3805
3810
3811
3811
3813
3814
3823
3827
3829
3832
3834
3836
3838
3842
3842
3843
3844
3845
3858
3858
3859
3860
3861
3867
3870
3870
3876
3878
3887
3892
3897
3897
3899
3902
3904
3905
3917
3918
3919
3922
3925
3932
3934
3934
3936
3939
3942
3948
3954
3958
3965
3966
3968
3976
3977
3977
3977
3978
3983
3989
3992
3993
3996
4000
4001
4004
4004
4007
4014
4020
4022
4024
4029
4031
4036
4040
4041
4044
4054
4055
4055
4057
4058
4064
4065
4072
4072
4078
4079
4080
4090
4093
4094
4100
4111
4112
4116
4117
4118
4122
4125
4126
4133
4137
4138
4140
4142
4143
4143
4155
4157
4162
4164
4166
4168
4169
4172
4173
4176
4185
4206
4211
4212
4213
4215
4227
4227
4228
4231
4234
4236
4237
4238
4239
4242
4244
4250
4251
4255
4257
4265
4265
4267
4267
4269
4271
4278
4287
4289
4290
4291
4292
4292
4293
4293
4297
4299
4305
4307
4309
4309
4311
4312
4317
4317
4318
4318
4326
4328
4330
4334
4334
4336
4341
4342
4343
4344
4345
4345
4350
4350
4354
4358
4361
4363
4369
4369
4371
4375
4376
4377
4378
4381
4382
4385
4386
4388
4388
4388
4394
4396
4406
4406
4414
4422
4424
4427
4428
4429
4430
4434
4438
4448
4449
4455
4457
4457
4458
4465
4472
4473
4474
4475
4477
4479
4479
4480
4487
4492
4492
4494
4495
4502
4510
4519
4523
4529
4536
4537
4538
4539
4540
4543
4548
4551
4553
4554
4554
4558
4561
4567
4568
4576
4579
4586
4600
4602
4609
4610
4610
4612
4612
4616
4619
4620
4623
4625
4626
4627
4628
4638
4639
4651
4654
4654
4660
4668
4668
4673
4675
4676
4677
4677
4683
4692
4692
4695
4696
4703
4711
4717
4726
4726
4726
4726
4737
4737
4737
4745
4747
4747
4748
4751
4767
4773
4776
4778
4785
4785
4786
4788
4789
4791
4793
4807
4808
4812
4818
4818
4826
4827
4829
4830
4830
4833
4836
4838
4839
4840
4842
4848
4852
4853
4853
4853
4854
4858
4860
4861
4861
4865
4870
4872
4877
4878
4881
4882
4886
4887
4888
4888
4890
4890
4891
4895
4896
4910
4913
4923
4927
4929
4931
4933
4937
4937
4940
4943
4944
4946
4947
4951
4956
4957
4961
4969
4972
4972
4974
4976
4977
4978
4989
4990
4996
4998
5003
5004
5010
5014
5016
5026
5027
5028
5035
5038
5043
5045
5045
5058
5061
5062
5063
5064
5067
5068
5070
5071
5074
5083
5094
5095
5096
5096
5099
5099
5101
5104
5104
5110
5111
5112
5112
5115
5117
5117
5118
5122
5123
5123
5124
5126
5133
5133
5137
5142
5145
5146
5147
5152
5153
5160
5161
5161
5163
5164
5165
5166
5166
5168
5168
5168
5173
5176
5178
5178
5178
5181
5183
5189
5191
5195
5202
5203
5206
5206
5207
5216
5233
5234
5235
5235
5238
5240
5240
5244
5245
5248
5254
5257
5257
5258
5258
5261
5263
5267
5274
5275
5276
5278
5278
5283
5287
5297
5299
5303
5304
5307
5311
5318
5319
5320
5321
5324
5327
5328
5331
5339
5340
5340
5341
5342
5344
5347
5348
5349
5354
5360
5360
5362
5369
5373
5373
5377
5382
5392
5393
5402
5404
5406
5410
5413
5414
5427
5428
5434
5437
5442
5447
5450
5450
5450
5458
5463
5475
5476
5477
5481
5483
5485
5489
5497
5499
5504
5513
5520
5520
5522
5523
5524
5526
5526
5528
5537
5540
5541
5544
5544
5549
5555
5561
5563
5567
5570
5571
5578
5580
5583
5584
5588
5596
5604
5607
5614
5618
5619
5622
5627
5633
5634
5644
5645
5647
5654
5662
5664
5669
5669
5670
5670
5670
5671
5671
5673
5673
5676
5682
5689
5690
5693
5693
5694
5697
5705
5709
5711
5716
5718
5720
5724
5724
5730
5732
5740
5741
5745
5747
5749
5750
5751
5752
5754
5756
5758
5769
5770
5770
5772
5772
5778
5783
5783
5786
5787
5793
5794
5796
5797
5798
5801
5803
5808
5813
5816
5822
5826
5828
5834
5839
5839
5840
5844
5844
5847
5849
5849
5857
5858
5861
5865
5866
5871
5875
5877
5879
5881
5885
5887
5887
5888
5890
5894
5895
5899
5899
5908
5909
5911
5913
5913
5913
5917
5918
5919
5923
5924
5926
5930
5930
5931
5934
5937
5939
5940
5940
5947
5948
5950
5953
5954
5956
5958
5962
5963
5965
5974
5983
5985
5989
5995
5995
5997
5998
5999
6001
6001
6010
6014
6015
6015
6016
6017
6017
6022
6023
6023
6025
6025
6027
6028
6031
6032
6033
6033
6033
6034
6038
6039
6041
6042
6043
6043
6044
6050
6057
6060
6060
6061
6072
6072
6078
6079
6080
6086
6087
6093
6095
6096
6097
6104
6106
6108
6108
6112
6116
6119
6121
6123
6130
6133
6134
6142
6147
6149
6152
6160
6160
6164
6167
6172
6173
6176
6183
6183
6184
6184
6184
6185
6187
6188
6189
6190
6190
6191
6191
6191
6192
6192
6193
6194
6200
6201
6202
6206
6208
6208
6212
6217
6223
6223
6224
6224
6228
6230
6234
6236
6240
6245
6251
6253
6254
6256
6261
6269
6271
6272
6272
6279
6279
6287
6288
6290
6294
6296
6298
6303
6307
6308
6308
6308
6315
6319
6324
6325
6326
6328
6332
6334
6347
6347
6348
6350
6351
6354
6356
6358
6361
6366
6370
6372
6376
6377
6386
6387
6392
6393
6397
6402
6403
6404
6408
6412
6413
6420
6426
6428
6429
6432
6435
6438
6439
6448
6454
6458
6463
6463
6468
6469
6470
6476
6482
6483
6483
6484
6487
6490
6491
6495
6499
6501
6504
6505
6506
6509
6510
6512
6514
6522
6523
6523
6528
6538
6538
6538
6540
6541
6541
6542
6543
6551
6552
6557
6561
6561
6563
6567
6580
6583
6585
6587
6590
6598
6598
6602
6604
6605
6606
6609
6610
6611
6611
6612
6614
6617
6623
6625
6625
6627
6627
6628
6629
6632
6633
6633
6634
6644
6651
6653
6655
6658
6660
6660
6661
6662
6665
6669
6669
6672
6672
6673
6675
6677
6682
6693
6697
6698
6702
6708
6723
6729
6729
6734
6735
6737
6738
6746
6751
6757
6757
6768
6772
6773
6774
6779
6779
6780
6781
6781
6785
6786
6798
6803
6820
6821
6823
6829
6831
6834
6841
6845
6847
6847
6850
6857
6858
6859
6861
6863
6863
6867
6871
6873
6873
6876
6880
6884
6886
6891
6896
6900
6900
6903
6905
6908
6909
6910
6911
6913
6913
6918
6919
6921
6922
6925
6925
6930
6940
6943
6944
6946
6946
6947
6953
6955
6957
6964
6967
6969
6973
6975
6981
6987
6991
6992
6997
7004
7007
7011
7016
7020
7024
7024
7027
7033
7035
7036
7038
7042
7042
7042
7044
7045
7046
7051
7053
7060
7064
7066
7069
7073
7081
7081
7087
7090
7094
7096
7103
7106
7110
7114
7115
7115
7116
7117
7121
7121
7122
7122
7124
7124
7124
7124
7125
7125
7129
7129
7132
7136
7139
7145
7159
7166
7169
7169
7171
7171
7173
7173
7177
7179
7179
7184
7188
7193
7200
7201
7202
7205
7206
7206
7207
7212
7213
7214
7215
7216
7217
7218
7220
7225
7225
7232
7238
7240
7246
7246
7246
7250
7253
7254
7265
7269
7270
7272
7275
7276
7277
7279
7279
7281
7281
7285
7295
7296
7296
7297
7297
7297
7311
7314
7315
7323
7323
7324
7324
7335
7336
7339
7341
7343
7344
7345
7349
7350
7352
7354
7355
7356
7361
7367
7372
7373
7373
7376
7381
7382
7382
7390
7396
7398
7399
7399
7403
7405
7406
7407
7410
7413
7414
7415
7418
7418
7421
7423
7426
7427
7430
7433
7434
7435
7437
7446
7449
7449
7454
7459
7462
7466
7466
7473
7477
7485
7492
7493
7495
7495
7496
7498
7500
7500
7501
7503
7504
7505
7506
7508
7509
7510
7513
7521
7521
7522
7522
7524
7526
7527
7530
7531
7535
7535
7538
7544
7547
7548
7554
7555
7555
7559
7560
7561
7563
7568
7570
7574
7577
7580
7581
7584
7588
7594
7594
7596
7598
7600
7603
7609
7610
7610
7621
7622
7624
7624
7626
7630
7634
7639
7640
7640
7642
7642
7643
7644
7650
7652
7654
7659
7662
7663
7667
7670
7671
7673
7676
7678
7678
7683
7684
7686
7690
7697
7704
7711
7711
7721
7721
7729
7734
7739
7749
7750
7755
7760
7768
7775
7776
7779
7787
7794
7795
7797
7799
7802
7804
7804
7805
7811
7814
7817
7818
7818
7827
7827
7834
7835
7837
7837
7839
7843
7843
7844
7850
7855
7855
7855
7858
7859
7860
7860
7861
7864
7866
7871
7874
7875
7877
7881
7883
7889
7891
7893
7895
7895
7896
7896
7896
7899
7902
7908
7909
7910
7914
7914
7915
7917
7923
7925
7926
7926
7928
7935
7935
7937
7937
7939
7946
7949
7950
7957
7961
7966
7966
7968
7970
7974
7974
7976
7980
7980
7981
7993
7993
7993
7995
7999
8000
8000
8001
8002
8010
8020
8020
8021
8022
8025
8027
8028
8032
8034
8039
8041
8042
8047
8048
8048
8051
8054
8055
8058
8059
8061
8064
8066
8067
8068
8079
8080
8088
8089
8089
8095
8098
8102
8104
8105
8106
8108
8109
8110
8110
8112
8113
8120
8121
8132
8137
8141
8148
8148
8149
8153
8153
8154
8154
8157
8157
8162
8162
8166
8168
8168
8172
8174
8178
8181
8182
8192
8192
8195
8201
8203
8204
8213
8215
8217
8228
8232
8233
8235
8235
8235
8241
8245
8245
8249
8250
8251
8255
8255
8260
8264
8271
8273
8277
8279
8280
8281
8290
8293
8295
8311
8313
8313
8316
8316
8318
8321
8325
8329
8331
8338
8340
8342
8342
8342
8345
8346
8351
8351
8353
8356
8359
8360
8362
8362
8366
8368
8368
8369
8373
8378
8379
8381
8389
8392
8395
8403
8410
8411
8419
8419
8428
8430
8436
8438
8438
8439
8450
8451
8451
8454
8457
8459
8459
8460
8460
8463
8466
8469
8479
8481
8483
8483
8486
8489
8489
8493
8494
8511
8514
8516
8516
8520
8520
8529
8530
8535
8538
8540
8550
8553
8554
8566
8567
8577
8578
8578
8581
8584
8585
8585
8591
8597
8605
8606
8614
8618
8618
8618
8618
8621
8625
8626
8626
8628
8630
8631
8633
8637
8638
8648
8649
8656
8656
8662
8662
8664
8668
8673
8683
8684
8689
8692
8695
8698
8699
8705
8706
8710
8711
8713
8718
8720
8725
8726
8728
8728
8730
8731
8733
8735
8737
8737
8751
8753
8753
8756
8758
8758
8761
8764
8764
8766
8767
8768
8769
8771
8771
8771
8772
8777
8784
8786
8788
8789
8790
8791
8793
8798
8802
8805
8805
8811
8813
8815
8822
8825
8825
8831
8842
8842
8845
8850
8851
8859
8862
8869
8871
8873
8874
8874
8876
8877
8877
8883
8887
8888
8891
8896
8902
8904
8908
8909
8910
8914
8918
8932
8936
8937
8937
8940
8941
8950
8950
8951
8953
8955
8959
8961
8962
8963
8964
8966
8969
8973
8974
8974
8978
8980
8984
8985
8987
8988
8992
8997
9002
9005
9007
9011
9012
9028
9036
9041
9042
9043
9043
9044
9049
9050
9053
9055
9059
9068
9070
9070
9076
9079
9080
9083
9083
9086
9087
9095
9095
9097
9100
9107
9128
9131
9142
9144
9147
9147
9148
9159
9159
9159
9162
9163
9166
9168
9169
9170
9170
9174
9185
9186
9188
9189
9190
9202
9205
9213
9214
9215
9221
9221
9222
9224
9226
9232
9232
9233
9237
9240
9241
9244
9245
9250
9250
9261
9266
9272
9272
9279
9280
9286
9287
9287
9292
9299
9299
9302
9303
9306
9307
9311
9313
9316
9319
9327
9330
9330
9332
9332
9333
9334
9334
9338
9345
9350
9351
9351
9353
9354
9355
9358
9369
9371
9375
9376
9377
9378
9380
9388
9389
9391
9391
9398
9401
9403
9406
9408
9411
9415
9417
9419
9428
9432
9432
9434
9438
9441
9442
9445
9447
9447
9447
9449
9450
9457
9474
9474
9475
9476
9480
9480
9483
9484
9484
9484
9494
9505
9508
9511
9514
9516
9517
9520
9522
9530
9530
9531
9538
9543
9549
9549
9553
9563
9566
9567
9570
9573
9573
9578
9579
9583
9586
9590
9592
9593
9606
9608
9611
9612
9614
9619
9626
9637
9638
9642
9643
9649
9650
9651
9659
9662
9663
9667
9669
9682
9685
9686
9687
9688
9692
9693
9694
9700
9702
9704
9705
9714
9714
9716
9717
9719
9720
9723
9729
9730
9731
9737
9742
9745
9745
9746
9746
9747
9747
9748
9750
9750
9750
9754
9755
9755
9764
9766
9766
9778
9779
9782
9782
9786
9794
9798
9799
9807
9807
9809
9813
9818
9822
9825
9828
9829
9830
9840
9842
9843
9849
9850
9854
9857
9860
9861
9861
9866
9870
9871
9871
9871
9872
9882
9885
9886
9890
9897
9902
9902
9904
9909
9914
9919
9924
9925
9928
9934
9938
9940
9944
9946
9947
9951
9952
9955
9958
9959
9960
9966
9967
9972
9976
9977
9978
9984
9986
9990
9991
9991
9991
9999
10000
10008
10010
10011
10012
10021
10022
10023
10026
10026
10030
10035
10036
10039
10039
10039
10043
10048
10054
10055
10057
10060
10061
10062
10063
10065
10066
10072
10073
10073
10078
10083
10087
10090
10094
10095
10099
10102
10103
10106
10109
10110
10115
10115
10116
10117
10125
10131
10134
10138
10140
10143
10146
10156
10156
10158
10158
10160
10165
10174
10174
10175
10182
10186
10186
10193
10195
10196
10201
10203
10208
10209
10211
10219
10223
10226
10227
10230
10231
10238
10240
10241
10243
10245
10247
10248
10249
10254
10255
10256
10260
10262
10266
10268
10269
10274
10274
10275
10280
10281
10285
10287
10288
10293
10296
10296
10298
10302
10304
10305
10308
10310
10312
10314
10317
10320
10320
10325
10326
10330
10337
10337
10338
10338
10345
10353
10357
10357
10359
10359
10359
10360
10369
10371
10371
10375
10378
10378
10378
10379
10385
10387
10387
10390
10391
10394
10395
10400
10401
10408
10411
10415
10415
10416
10419
10422
10424
10424
10426
10428
10437
10438
10440
10443
10444
10444
10446
10447
10450
10452
10452
10458
10458
10459
10460
10465
10468
10471
10473
10478
10481
10488
10490
10490
10493
10500
10500
10506
10508
10508
10509
10514
10527
10531
10551
10555
10557
10558
10561
10574
10577
10577
10581
10588
10589
10590
10591
10595
10596
10597
10597
10600
10603
10604
10608
10611
10618
10620
10621
10622
10624
10626
10626
10627
10627
10629
10633
10634
10637
10652
10662
10663
10668
10671
10671
10674
10674
10677
10677
10678
10680
10687
10689
10694
10696
10701
10704
10712
10716
10717
10721
10721
10724
10727
10733
10733
10733
10740
10740
10743
10743
10762
10763
10765
10766
10767
10767
10782
10782
10783
10787
10793
10798
10799
10803
10812
10813
10826
10828
10833
10834
10838
10838
10840
10853
10871
10876
10885
10889
10890
10891
10893
10894
10894
10896
10899
10900
10901
10903
10904
10906
10908
10908
10915
10917
10923
10924
10925
10925
10926
10930
10931
10933
10934
10935
10951
10956
10956
10956
10957
10962
10966
10968
10974
10977
10979
10987
10988
10991
10992
10993
10995
10995
11002
11012
11012
11015
11016
11021
11022
11030
11030
11032
11032
11034
11038
11039
11044
11046
11049
11050
11051
11051
11051
11052
11055
11062
11066
11066
11068
11068
11071
11072
11073
11077
11083
11083
11084
11084
11085
11088
11088
11089
11093
11095
11097
11097
11097
11097
11098
11106
11113
11119
11119
11119
11122
11122
11127
11128
11128
11129
11136
11137
11137
11140
11140
11141
11145
11145
11148
11148
11155
11157
11159
11162
11164
11169
11172
11177
11177
11178
11183
11187
11193
11194
11194
11194
11197
11202
11205
11205
11211
11220
11223
11223
11227
11230
11230
11234
11234
11239
11241
11241
11243
11246
11247
11259
11263
11271
11271
11273
11274
11277
11277
11279
11280
11282
11282
11284
11284
11285
11285
11295
11297
11303
11304
11304
11310
11312
11318
11322
11322
11332
11334
11339
11341
11343
11343
11351
11351
11352
11353
11354
11354
11355
11357
11362
11362
11363
11364
11370
11375
11380
11399
11404
11406
11407
11407
11407
11413
11416
11418
11420
11421
11424
11429
11429
11433
11436
11436
11437
11437
11439
11443
11445
11446
11446
11451
11454
11456
11457
11458
11458
11461
11463
11465
11471
11476
11486
11489
11492
11492
11497
11499
11501
11505
11506
11509
11514
11515
11515
11520
11521
11524
11528
11529
11529
11532
11536
11538
11538
11539
11540
11546
11548
11549
11554
11555
11558
11560
11561
11563
11565
11567
11573
11576
11581
11583
11584
11588
11588
11590
11591
11592
11593
11598
11600
11600
11602
11602
11602
11603
11606
11613
11617
11620
11622
11624
11629
11631
11638
11642
11643
11650
11651
11653
11657
11657
11658
11659
11661
11663
11672
11676
11679
11687
11688
11689
11690
11691
11691
11692
11694
11699
11702
11706
11709
11712
11713
11714
11715
11725
11727
11729
11729
11736
11736
11740
11744
11746
11746
11747
11754
11755
11761
11762
11764
11765
11768
11774
11776
11781
11781
11788
11789
11790
11792
11792
11793
11797
11801
11807
11809
11811
11814
11822
11825
11827
11828
11830
11834
11835
11835
11836
11839
11840
11843
11844
11849
11849
11855
11858
11859
11861
11864
11870
11874
11876
11879
11881
11883
11887
11888
11889
11895
11899
11901
11902
11918
11919
11920
11921
11926
11928
11931
11940
11956
11958
11960
11967
11972
11972
11972
11973
11974
11978
11983
11985
11989
11992
11993
12003
12005
12006
12011
12012
12013
12020
12021
12039
12044
12044
12044
12046
12047
12048
12056
12062
12067
12070
12080
12083
12088
12088
12091
12097
12098
12098
12101
12102
12105
12110
12111
12113
12113
12115
12118
12118
12119
12124
12125
12126
12127
12135
12139
12141
12144
12147
12148
12148
12152
12157
12158
12162
12168
12172
12172
12174
12178
12179
12180
12182
12184
12187
12189
12195
12198
12206
12208
12210
12216
12226
12228
12232
12234
12237
12237
12243
12250
12251
12251
12251
12253
12255
12267
12267
12268
12269
12276
12277
12278
12279
12280
12287
12288
12289
12292
12296
12298
12300
12302
12305
12307
12312
12313
12314
12317
12318
12320
12323
12324
12328
12336
12342
12352
12354
12355
12357
12362
12377
12381
12381
12383
12384
12384
12386
12389
12392
12397
12399
12408
12413
12416
12424
12426
12429
12431
12432
12433
12434
12439
12440
12445
12450
12450
12452
12453
12455
12456
12465
12466
12472
12474
12486
12487
12487
12487
12488
12492
12498
12500
12502
12504
12504
12506
12507
12512
12514
12515
12520
12522
12523
12525
12527
12536
12537
12541
12542
12545
12546
12551
12552
12554
12558
12559
12563
12566
12567
12568
12568
12569
12572
12573
12584
12587
12587
12589
12596
12596
12602
12603
12608
12616
12628
12629
12630
12632
12633
12638
12641
12642
12643
12644
12646
12647
12651
12652
12653
12657
12659
12660
12660
12662
12664
12666
12673
12676
12683
12684
12693
12695
12696
12697
12704
12711
12712
12715
12717
12719
12720
12727
12729
12737
12738
12743
12744
12745
12750
12750
12750
12750
12767
12773
12780
12792
12801
12802
12804
12805
12807
12808
12810
12813
12815
12818
12820
12821
12825
12830
12834
12842
12843
12845
12846
12849
12853
12854
12854
12858
12859
12861
12875
12879
12883
12884
12885
12886
12894
12898
12913
12916
12917
12924
12926
12926
12928
12934
12936
12937
12938
12943
12944
12947
12948
12955
12958
12963
12969
12971
12972
12984
12986
12989
12990
12992
12992
13000
13000
13001
13001
13003
13005
13022
13034
13036
13037
13038
13042
13045
13048
13053
13055
13055
13058
13066
13066
13068
13070
13073
13079
13081
13081
13087
13087
13089
13091
13092
13094
13097
13102
13108
13114
13115
13117
13120
13138
13140
13146
13146
13146
13148
13155
13155
13159
13160
13163
13164
13176
13180
13180
13184
13184
13186
13192
13193
13195
13196
13199
13204
13207
13208
13210
13212
13213
13214
13215
13221
13221
13223
13227
13227
13233
13234
13234
13237
13238
13244
13245
13245
13248
13256
13258
13259
13259
13268
13272
13272
13272
13274
13274
13277
13281
13283
13289
13290
13291
13293
13293
13296
13302
13317
13320
13329
13331
13332
13333
13345
13348
13356
13358
13359
13360
13372
13374
13377
13384
13385
13392
13395
13398
13399
13400
13410
13410
13410
13414
13416
13419
13423
13430
13431
13432
13437
13439
13439
13442
13450
13450
13458
13458
13460
13462
13469
13470
13471
13472
13481
13485
13486
13486
13486
13488
13495
13495
13499
13501
13502
13504
13514
13516
13525
13526
13528
13531
13534
13541
13550
13561
13564
13564
13565
13566
13567
13571
13572
13582
13584
13584
13586
13588
13591
13592
13594
13600
13601
13607
13610
13614
13620
13626
13630
13631
13635
13637
13640
13642
13643
13654
13667
13669
13674
13678
13680
13681
13682
13682
13682
13695
13696
13705
13705
13706
13706
13707
13708
13710
13711
13719
13720
13720
13720
13725
13727
13730
13731
13733
13734
13735
13736
13738
13740
13743
13748
13748
13750
13751
13752
13755
13757
13759
13759
13760
13761
13764
13770
13773
13774
13778
13780
13780
13781
13784
13785
13787
13791
13799
13800
13800
13802
13803
13803
13809
13814
13814
13816
13816
13820
13822
13824
13826
13826
13829
13840
13840
13841
13843
13846
13854
13859
13874
13876
13879
13881
13883
13883
13893
13894
13895
13895
13896
13898
13900
13909
13912
13912
13916
13919
13932
13933
13934
13937
13944
13945
13949
13950
13951
13954
13957
13959
13960
13967
13968
13970
13971
13973
13975
13977
13978
13978
13981
13982
13982
13984
13984
13990
13991
13993
14000
14004
14008
14009
14020
14021
14022
14022
14026
14028
14033
14035
14037
14044
14059
14061
14062
14067
14068
14070
14076
14077
14087
14088
14088
14091
14094
14094
14100
14109
14111
14116
14117
14121
14123
14124
14124
14126
14128
14129
14133
14134
14136
14137
14139
14139
14144
14146
14148
14151
14152
14156
14161
14174
14175
14178
14181
14181
14182
14192
14192
14192
14196
14196
14197
14199
14204
14204
14205
14210
14212
14230
14231
14233
14233
14234
14240
14240
14243
14252
14262
14262
14264
14268
14269
14276
14279
14281
14281
14286
14286
14287
14289
14290
14294
14296
14296
14302
14308
14313
14315
14316
14318
14319
14325
14329
14331
14331
14345
14350
14352
14352
14353
14355
14356
14357
14358
14358
14359
14359
14369
14370
14371
14373
14377
14382
14384
14386
14389
14391
14391
14392
14392
14394
14396
14396
14401
14405
14407
14407
14410
14415
14419
14422
14422
14423
14425
14425
14428
14429
14430
14432
14440
14441
14444
14447
14448
14450
14451
14459
14462
14462
14465
14466
14468
14469
14470
14479
14482
14491
14491
14491
14492
14493
14497
14498
14500
14504
14504
14508
14509
14516
14524
14529
14529
14530
14535
14543
14548
14557
14559
14565
14568
14569
14572
14573
14575
14581
14582
14582
14583
14583
14585
14588
14591
14595
14600
14607
14608
14609
14610
14614
14622
14627
14634
14635
14640
14648
14653
14654
14659
14664
14666
14667
14695
14700
14703
14706
14712
14716
14717
14718
14722
14726
14727
14731
14733
14739
14742
14745
14751
14754
14755
14758
14759
14762
14766
14775
14781
14782
14784
14784
14791
14795
14797
14797
14798
14799
14801
14804
14806
14806
14807
14813
14820
14827
14831
14833
14838
14838
14844
14847
14857
14857
14862
14864
14873
14876
14879
14879
14880
14884
14887
14888
14891
14892
14902
14903
14905
14907
14913
14920
14921
14923
14924
14928
14940
14941
14941
14942
14943
14944
14947
14948
14955
14961
14967
14973
14974
14976
14977
14978
14979
14979
14980
14980
14981
14983
14984
14992
14992
14992
14994
14999
15000
15000
15000
15001
15007
15009
15011
15012
15012
15023
15030
15031
15032
15035
15043
15051
15051
15052
15056
15061
15071
15075
15078
15087
15090
15091
15097
15099
15099
15103
15110
15115
15117
15117
15119
15121
15121
15136
15136
15141
15152
15152
15156
15156
15159
15161
15163
15164
15170
15171
15181
15186
15187
15187
15193
15196
15207
15219
15236
15241
15246
15248
15248
15253
15254
15257
15258
15261
15262
15263
15267
15272
15272
15277
15280
15281
15282
15283
15292
15301
15302
15311
15315
15317
15317
15318
15319
15321
15321
15327
15328
15330
15330
15340
15340
15340
15341
15348
15354
15355
15358
15359
15365
15366
15367
15368
15375
15377
15380
15385
15390
15391
15392
15399
15401
15402
15402
15407
15407
15412
15415
15420
15420
15422
15423
15424
15428
15433
15433
15435
15437
15440
15448
15450
15456
15457
15457
15459
15459
15460
15463
15464
15471
15471
15472
15472
15473
15477
15482
15486
15488
15490
15491
15492
15492
15495
15497
15502
15502
15503
15514
15518
15521
15524
15525
15526
15533
15534
15537
15537
15557
15563
15566
15566
15571
15574
15575
15576
15576
15577
15577
15580
15581
15582
15586
15587
15588
15595
15596
15599
15599
15603
15605
15608
15610
15613
15621
15625
15628
15630
15635
15637
15638
15641
15642
15642
15643
15646
15652
15652
15653
15656
15657
15658
15665
15665
15667
15677
15683
15686
15688
15692
15693
15698
15699
15703
15706
15707
15713
15721
15721
15723
15725
15726
15727
15737
15739
15741
15743
15745
15746
15747
15747
15751
15753
15753
15760
15763
15765
15773
15774
15775
15777
15781
15784
15786
15790
15799
15799
15800
15804
15804
15806
15816
15817
15819
15827
15831
15833
15839
15840
15840
15844
15847
15853
15855
15856
15864
15864
15866
15866
15866
15874
15877
15879
15880
15882
15883
15886
15891
15897
15897
15900
15901
15906
15909
15912
15914
15916
15917
15918
15921
15923
15923
15930
15931
15935
15936
15936
15937
15938
15941
15941
15942
15943
15944
15945
15945
15951
15966
15970
15973
15973
15978
15979
15979
15981
15983
15986
15986
15987
15995
15999
16003
16004
16007
16012
16013
16016
16018
16022
16026
16032
16033
16038
16038
16043
16043
16044
16047
16051
16053
16053
16054
16054
16055
16060
16061
16064
16068
16069
16072
16073
16073
16076
16079
16080
16085
16086
16087
16089
16091
16094
16095
16095
16098
16100
16101
16101
16104
16108
16109
16111
16112
16127
16127
16128
16129
16133
16136
16137
16139
16141
16148
16149
16150
16150
16151
16153
16158
16163
16168
16169
16170
16175
16178
16180
16182
16185
16194
16195
16200
16201
16203
16208
16209
16217
16223
16227
16228
16235
16245
16253
16253
16256
16265
16270
16270
16271
16274
16277
16282
16283
16286
16291
16291
16292
16294
16295
16295
16296
16298
16298
16300
16310
16311
16312
16317
16317
16320
16321
16323
16327
16328
16329
16330
16331
16333
16335
16338
16343
16355
16357
16358
16360
16361
16364
16366
16369
16372
16373
16380
16381
16382
16384
16385
16386
16399
16399
16402
16407
16407
16425
16432
16432
16433
16440
16442
16454
16462
16465
16465
16467
16472
16474
16487
16492
16496
16497
16497
16502
16508
16509
16509
16516
16516
16517
16518
16525
16530
16530
16532
16537
16537
16538
16539
16541
16543
16544
16548
16549
16553
16555
16555
16560
16563
16566
16568
16572
16577
16581
16587
16592
16594
16594
16599
16600
16602
16602
16604
16605
16606
16608
16608
16609
16612
16615
16622
16623
16624
16625
16630
16631
16631
16632
16639
16639
16644
16644
16645
16649
16652
16652
16654
16654
16660
16676
16677
16683
16684
16684
16687
16690
16693
16693
16705
16712
16712
16713
16713
16715
16718
16728
16732
16732
16733
16733
16733
16737
16738
16738
16739
16741
16741
16743
16745
16752
16752
16772
16772
16774
16775
16779
16785
16786
16792
16792
16793
16794
16798
16799
16802
16809
16810
16816
16816
16818
16819
16819
16820
16821
16826
16829
16830
16832
16837
16839
16843
16844
16849
16849
16854
16858
16867
16867
16873
16875
16876
16878
16881
16885
16888
16889
16891
16903
16903
16910
16911
16914
16915
16919
16920
16920
16925
16932
16936
16939
16944
16944
16947
16951
16953
16956
16957
16965
16969
16970
16973
16978
16978
16979
16984
16990
16993
16994
16998
16999
16999
17001
17002
17002
17004
17006
17008
17009
17014
17015
17016
17019
17025
17029
17029
17030
17040
17041
17044
17051
17055
17058
17061
17071
17071
17073
17078
17082
17084
17088
17090
17093
17093
17097
17108
17111
17112
17114
17123
17123
17140
17141
17148
17148
17152
17154
17161
17161
17162
17163
17167
17170
17175
17176
17179
17181
17182
17188
17189
17194
17195
17202
17205
17207
17209
17210
17210
17214
17216
17220
17221
17225
17226
17227
17228
17232
17233
17233
17235
17236
17248
17256
17257
17261
17262
17264
17266
17271
17271
17273
17273
17274
17274
17274
17275
17279
17281
17281
17283
17288
17299
17300
17307
17313
17314
17317
17323
17324
17324
17329
17331
17333
17337
17340
17343
17348
17349
17349
17350
17352
17352
17362
17365
17368
17370
17381
17386
17386
17386
17387
17390
17391
17395
17405
17407
17409
17410
17411
17418
17419
17422
17433
17434
17443
17443
17457
17460
17464
17466
17482
17483
17484
17485
17489
17489
17496
17504
17504
17505
17509
17510
17510
17511
17513
17523
17526
17532
17539
17540
17541
17542
17544
17546
17546
17550
17559
17563
17566
17568
17572
17578
17584
17584
17594
17594
17597
17597
17598
17601
17602
17603
17607
17607
17607
17608
17608
17610
17617
17620
17626
17631
17634
17635
17641
17647
17647
17648
17649
17652
17657
17657
17661
17661
17662
17668
17675
17676
17677
17677
17695
17699
17700
17719
17721
17722
17723
17724
17726
17727
17729
17730
17733
17733
17741
17744
17745
17746
17749
17751
17753
17754
17755
17756
17760
17763
17766
17767
17770
17770
17771
17787
17792
17796
17798
17800
17810
17812
17813
17813
17815
17820
17825
17830
17831
17832
17832
17835
17841
17842
17845
17851
17854
17863
17865
17866
17867
17868
17868
17874
17874
17876
17877
17878
17887
17890
17892
17895
17906
17914
17915
17917
17920
17921
17922
17924
17924
17924
17926
17929
17930
17935
17935
17937
17938
17938
17939
17939
17942
17942
17944
17950
17951
17963
17967
17967
17968
17970
17973
17981
17983
17990
17997
17999
18010
18011
18013
18013
18019
18022
18034
18035
18037
18038
18040
18046
18050
18050
18051
18052
18052
18057
18058
18062
18064
18065
18065
18087
18098
18099
18099
18104
18104
18110
18112
18115
18119
18120
18120
18126
18129
18131
18134
18136
18138
18142
18147
18148
18153
18154
18157
18159
18164
18164
18165
18167
18171
18172
18177
18181
18181
18185
18185
18188
18192
18196
18202
18205
18206
18216
18217
18217
18218
18219
18225
18227
18228
18231
18231
18234
18235
18237
18238
18244
18249
18249
18256
18264
18268
18271
18277
18277
18280
18286
18298
18299
18302
18308
18309
18311
18317
18321
18322
18323
18329
18331
18335
18338
18338
18341
18346
18347
18353
18354
18355
18355
18358
18362
18363
18365
18367
18371
18373
18380
18383
18384
18385
18392
18392
18393
18395
18396
18403
18405
18406
18406
18407
18411
18412
18413
18417
18422
18426
18426
18428
18428
18431
18441
18444
18446
18448
18450
18451
18451
18455
18455
18456
18457
18457
18458
18463
18470
18475
18476
18479
18480
18483
18486
18488
18488
18493
18493
18500
18502
18512
18513
18517
18519
18522
18522
18528
18529
18533
18533
18541
18542
18544
18547
18552
18554
18554
18578
18580
18582
18585
18586
18589
18590
18593
18596
18596
18596
18603
18604
18605
18616
18618
18618
18622
18626
18628
18635
18636
18637
18646
18652
18653
18655
18660
18660
18661
18661
18667
18668
18668
18669
18669
18670
18670
18670
18671
18672
18676
18677
18678
18683
18688
18689
18689
18697
18698
18703
18705
18705
18708
18709
18710
18710
18712
18719
18719
18724
18725
18725
18732
18738
18743
18744
18745
18755
18759
18764
18765
18770
18774
18777
18778
18782
18782
18783
18792
18792
18793
18795
18803
18809
18809
18811
18811
18821
18827
18828
18836
18838
18839
18842
18842
18849
18851
18853
18862
18865
18867
18870
18871
18875
18877
18884
18892
18895
18895
18898
18898
18898
18899
18901
18906
18906
18911
18923
18925
18929
18929
18939
18942
18944
18954
18955
18966
18967
18975
18975
18979
18981
18983
18983
18987
18991
18999
19002
19005
19013
19015
19017
19019
19019
19020
19021
19023
19025
19027
19027
19028
19036
19039
19044
19045
19054
19054
19062
19062
19063
19069
19069
19069
19073
19086
19090
19092
19105
19110
19116
19119
19120
19121
19123
19139
19143
19145
19145
19149
19150
19156
19156
19157
19158
19160
19163
19164
19166
19168
19174
19175
19176
19176
19177
19188
19192
19199
19201
19202
19204
19205
19206
19207
19208
19208
19214
19218
19227
19231
19231
19236
19237
19240
19241
19245
19245
19248
19249
19251
19252
19254
19254
19255
19256
19258
19258
19264
19265
19271
19273
19275
19279
19283
19286
19287
19293
19295
19301
19302
19305
19306
19307
19311
19316
19317
19321
19329
19334
19336
19345
19349
19358
19362
19362
19363
19365
19367
19368
19370
19371
19371
19371
19374
19374
19375
19385
19387
19390
19399
19401
19403
19406
19417
19435
19438
19439
19440
19446
19449
19451
19454
19460
19461
19462
19463
19464
19473
19473
19478
19478
19479
19488
19490
19491
19492
19496
19500
19500
19502
19511
19513
19517
19520
19520
19521
19533
19536
19546
19547
19548
19548
19557
19558
19562
19563
19567
19567
19567
19570
19573
19574
19579
19582
19585
19585
19586
19597
19598
19600
19601
19608
19608
19609
19610
19611
19611
19615
19616
19618
19619
19619
19634
19641
19642
19649
19652
19652
19656
19659
19665
19670
19672
19678
19679
19681
19682
19689
19694
19694
19694
19705
19706
19707
19711
19720
19721
19729
19734
19741
19748
19751
19755
19756
19763
19769
19772
19773
19791
19793
19804
19806
19808
19809
19809
19815
19816
19820
19824
19826
19827
19827
19836
19836
19844
19845
19845
19846
19846
19848
19850
19851
19855
19860
19860
19864
19871
19873
19882
19883
19883
19886
19888
19889
19892
19893
19894
19894
19897
19900
19904
19904
19908
19911
19915
19915
19919
19921
19923
19924
19926
19933
19938
19940
19943
19943
19946
19949
19953
19955
19958
19959
19966
19966
19968
19968
19970
19975
19977
19979
19981
19982
19984
19986
19998
19999
20009
20016
20020
20023
20024
20027
20027
20028
20031
20040
20040
20040
20043
20044
20048
20052
20052
20053
20056
20061
20061
20061
20062
20064
20065
20065
20066
20071
20072
20073
20075
20076
20078
20081
20087
20090
20092
20097
20098
20098
20100
20101
20108
20109
20119
20123
20126
20127
20129
20130
20131
20132
20133
20133
20133
20140
20150
20151
20159
20162
20164
20166
20170
20172
20173
20175
20175
20186
20191
20192
20196
20201
20212
20214
20227
20228
20232
20232
20232
20235
20239
20242
20243
20252
20254
20256
20258
20259
20262
20266
20270
20272
20273
20274
20282
20291
20294
20296
20297
20298
20299
20300
20304
20306
20315
20320
20327
20332
20334
20341
20344
20345
20348
20348
20348
20349
20353
20370
20370
20374
20375
20376
20378
20379
20383
20383
20386
20388
20389
20392
20395
20398
20406
20415
20416
20421
20425
20428
20434
20441
20442
20446
20453
20456
20458
20460
20463
20464
20475
20481
20481
20487
20489
20490
20491
20492
20495
20505
20509
20512
20517
20519
20533
20533
20534
20537
20538
20538
20538
20539
20539
20542
20545
20549
20552
20554
20555
20568
20570
20571
20572
20574
20574
20578
20588
20590
20591
20594
20596
20599
20602
20606
20607
20616
20617
20618
20619
20623
20625
20625
20633
20634
20635
20637
20653
20654
20669
20671
20671
20679
20685
20686
20687
20690
20691
20691
20695
20705
20705
20708
20708
20717
20719
20720
20721
20722
20728
20728
20730
20746
20754
20758
20758
20762
20764
20768
20768
20769
20778
20781
20788
20788
20790
20798
20805
20806
20807
20810
20811
20813
20814
20814
20822
20828
20829
20829
20829
20836
20838
20839
20839
20843
20845
20850
20851
20851
20861
20863
20864
20866
20868
20869
20869
20869
20872
20876
20882
20886
20887
20889
20891
20897
20900
20900
20902
20908
20914
20919
20921
20922
20927
20928
20931
20931
20933
20939
20942
20944
20955
20956
20957
20958
20958
20958
20963
20964
20965
20972
20974
20979
20980
20988
20990
20997
21001
21002
21004
21009
21011
21011
21012
21013
21013
21014
21016
21017
21023
21026
21027
21028
21029
21029
21035
21039
21042
21043
21044
21048
21048
21052
21052
21054
21056
21058
21058
21060
21068
21073
21074
21074
21082
21082
21090
21091
21097
21101
21101
21103
21103
21110
21113
21114
21121
21125
21127
21128
21133
21134
21136
21142
21145
21145
21147
21151
21151
21159
21160
21161
21166
21169
21170
21174
21175
21180
21183
21185
21186
21190
21191
21191
21193
21193
21197
21200
21200
21206
21207
21209
21210
21214
21214
21219
21220
21221
21223
21226
21232
21233
21234
21235
21239
21245
21249
21252
21254
21256
21261
21264
21266
21276
21276
21279
21281
21281
21285
21287
21289
21291
21300
21308
21308
21308
21310
21328
21331
21336
21337
21347
21353
21354
21355
21357
21360
21365
21368
21372
21377
21393
21396
21416
21421
21421
21424
21425
21428
21428
21428
21431
21433
21433
21436
21437
21438
21439
21442
21445
21446
21447
21452
21455
21456
21456
21463
21467
21469
21471
21477
21479
21481
21495
21497
21499
21507
21512
21514
21523
21523
21523
21525
21528
21530
21536
21544
21545
21545
21552
21553
21556
21564
21564
21566
21568
21569
21570
21571
21572
21575
21581
21581
21582
21585
21586
21590
21595
21599
21607
21614
21618
21628
21633
21635
21635
21636
21637
21638
21638
21639
21641
21642
21650
21651
21655
21656
21661
21661
21666
21674
21674
21684
21689
21698
21699
21700
21704
21706
21706
21709
21712
21715
21715
21720
21720
21723
21723
21726
21739
21745
21746
21748
21749
21750
21753
21756
21765
21769
21775
21778
21782
21783
21790
21795
21800
21805
21807
21809
21809
21810
21812
21814
21815
21817
21824
21826
21827
21831
21835
21839
21841
21842
21852
21858
21861
21861
21863
21863
21866
21866
21877
21879
21884
21885
21887
21888
21896
21897
21898
21898
21900
21901
21905
21906
21909
21911
21911
21912
21913
21914
21918
21925
21926
21928
21930
21932
21946
21949
21950
21950
21950
21954
21956
21957
21959
21960
21960
21961
21965
21965
21973
21974
21983
21984
21993
21999
22001
22002
22003
22004
22005
22014
22014
22016
22019
22025
22026
22026
22029
22030
22031
22037
22037
22043
22043
22046
22053
22054
22054
22059
22066
22068
22072
22075
22079
22082
22086
22092
22093
22095
22097
22098
22102
22106
22106
22108
22110
22111
22111
22112
22118
22119
22120
22122
22131
22136
22144
22150
22151
22152
22153
22153
22162
22163
22169
22169
22173
22181
22181
22182
22192
22196
22196
22196
22200
22206
22208
22209
22210
22219
22222
22225
22230
22233
22238
22240
22245
22260
22263
22264
22264
22268
22270
22272
22273
22278
22280
22283
22283
22285
22289
22289
22289
22295
22299
22300
22303
22314
22315
22315
22315
22316
22319
22320
22322
22324
22326
22331
22335
22335
22336
22338
22339
22341
22342
22343
22344
22345
22354
22355
22355
22361
22365
22367
22368
22371
22372
22372
22372
22373
22376
22378
22382
22387
22388
22388
22388
22389
22390
22396
22397
22407
22409
22414
22423
22425
22428
22429
22429
22436
22437
22438
22442
22442
22446
22451
22453
22453
22454
22458
22459
22460
22472
22474
22477
22477
22480
22481
22483
22484
22484
22491
22496
22496
22509
22510
22512
22519
22519
22521
22521
22535
22540
22542
22543
22544
22545
22546
22549
22550
22554
22555
22557
22558
22562
22566
22566
22570
22575
22582
22585
22588
22591
22598
22600
22602
22613
22616
22616
22619
22623
22624
22625
22626
22627
22627
22628
22631
22634
22638
22640
22645
22653
22654
22655
22655
22656
22659
22661
22664
22671
22674
22675
22675
22676
22677
22680
22685
22693
22693
22693
22705
22708
22718
22720
22721
22722
22725
22736
22738
22742
22747
22751
22763
22770
22770
22772
22773
22776
22777
22789
22793
22795
22795
22796
22799
22800
22800
22802
22803
22804
22810
22811
22812
22813
22815
22817
22824
22827
22828
22832
22836
22838
22839
22841
22841
22842
22844
22845
22850
22850
22852
22854
22859
22865
22866
22875
22875
22883
22885
22887
22890
22891
22892
22895
22901
22905
22905
22918
22924
22926
22928
22938
22941
22949
22953
22954
22956
22957
22961
22961
22961
22966
22968
22969
22974
22975
22978
22982
22985
22987
22992
23001
23011
23013
23019
23022
23023
23023
23023
23023
23024
23026
23029
23031
23033
23037
23039
23039
23041
23041
23046
23051
23059
23059
23060
23060
23061
23061
23062
23064
23067
23072
23073
23074
23079
23082
23084
23086
23087
23087
23090
23090
23093
23093
23101
23103
23106
23109
23110
23111
23113
23115
23118
23122
23122
23131
23131
23132
23133
23133
23136
23137
23137
23137
23138
23138
23145
23154
23158
23160
23169
23176
23178
23178
23181
23181
23182
23183
23183
23186
23187
23198
23199
23208
23213
23217
23221
23223
23225
23231
23234
23234
23241
23251
23254
23257
23259
23264
23270
23273
23275
23275
23284
23285
23286
23294
23294
23295
23295
23296
23300
23304
23310
23314
23314
23314
23315
23316
23319
23321
23326
23327
23327
23328
23329
23332
23336
23338
23339
23347
23350
23351
23353
23360
23361
23363
23376
23376
23385
23386
23387
23394
23396
23400
23403
23404
23407
23407
23412
23416
23416
23417
23421
23427
23435
23437
23438
23439
23443
23445
23453
23456
23456
23459
23464
23465
23465
23466
23468
23469
23471
23476
23478
23478
23481
23484
23486
23488
23489
23492
23493
23496
23496
23499
23507
23507
23508
23509
23509
23510
23516
23518
23518
23522
23522
23527
23528
23528
23541
23544
23549
23553
23559
23560
23560
23566
23566
23570
23570
23596
23597
23604
23604
23610
23612
23612
23621
23622
23625
23628
23634
23634
23635
23638
23641
23644
23645
23649
23650
23651
23651
23652
23656
23656
23659
23663
23663
23667
23673
23674
23676
23679
23682
23683
23686
23686
23690
23695
23703
23704
23705
23710
23711
23714
23720
23721
23723
23724
23725
23734
23739
23743
23746
23750
23750
23750
23756
23757
23758
23759
23759
23767
23768
23769
23772
23772
23774
23775
23786
23790
23791
23795
23802
23807
23808
23813
23813
23817
23820
23823
23827
23829
23829
23832
23837
23837
23837
23841
23843
23847
23854
23854
23854
23858
23858
23861
23867
23870
23872
23876
23877
23885
23886
23886
23890
23891
23894
23897
23901
23907
23907
23910
23910
23913
23914
23914
23920
23921
23934
23934
23937
23937
23945
23947
23947
23951
23956
23958
23959
23963
23966
23968
23974
23976
23981
23984
23990
23995
24012
24022
24030
24035
24036
24046
24048
24053
24056
24056
24059
24061
24065
24074
24079
24084
24087
24087
24089
24089
24091
24095
24097
24098
24099
24102
24103
24104
24106
24108
24110
24111
24114
24117
24126
24138
24139
24145
24146
24148
24153
24153
24156
24157
24161
24164
24166
24167
24172
24172
24175
24176
24176
24183
24184
24186
24189
24195
24196
24204
24205
24207
24212
24214
24218
24225
24228
24228
24228
24229
24232
24238
24243
24244
24247
24252
24254
24255
24262
24268
24274
24280
24284
24292
24293
24293
24295
24296
24297
24304
24305
24307
24310
24320
24329
24331
24335
24338
24338
24339
24341
24341
24342
24344
24346
24346
24348
24348
24349
24362
24365
24375
24376
24384
24385
24386
24394
24398
24401
24404
24407
24408
24414
24421
24427
24429
24433
24437
24440
24440
24442
24443
24448
24460
24464
24465
24471
24471
24473
24473
24474
24475
24475
24476
24479
24479
24479
24480
24483
24492
24492
24493
24507
24511
24514
24515
24516
24518
24523
24536
24552
24553
24554
24554
24557
24557
24561
24567
24569
24569
24571
24576
24578
24580
24586
24592
24598
24598
24607
24608
24608
24610
24613
24616
24616
24620
24622
24624
24625
24627
24629
24630
24630
24632
24640
24643
24644
24646
24647
24648
24653
24656
24663
24663
24664
24666
24666
24673
24675
24677
24678
24681
24684
24687
24694
24694
24697
24699
24702
24713
24713
24715
24721
24722
24724
24724
24725
24727
24729
24735
24736
24736
24740
24752
24757
24760
24762
24765
24768
24770
24776
24789
24795
24800
24803
24805
24816
24820
24820
24825
24833
24833
24835
24839
24841
24843
24855
24856
24859
24865
24868
24870
24877
24880
24882
24884
24887
24889
24893
24893
24898
24907
24909
24911
24911
24913
24917
24917
24919
24922
24927
24931
24938
24941
24942
24944
24946
24949
24954
24956
24958
24962
24962
24964
24964
24973
24983
24986
24991
24994
24996
25000
25003
25004
25006
25007
25015
25016
25019
25019
25020
25024
25026
25028
25029
25030
25036
25038
25039
25043
25043
25045
25048
25050
25051
25053
25053
25054
25058
25059
25063
25063
25064
25065
25067
25067
25068
25070
25070
25072
25074
25079
25081
25082
25085
25087
25089
25100
25111
25112
25114
25114
25114
25119
25122
25124
25129
25129
25129
25130
25136
25137
25143
25143
25152
25158
25160
25166
25179
25181
25189
25190
25193
25199
25199
25201
25207
25215
25215
25220
25220
25221
25226
25239
25241
25242
25244
25250
25252
25257
25264
25265
25269
25270
25278
25278
25280
25288
25299
25302
25305
25305
25309
25313
25315
25318
25323
25337
25340
25347
25351
25352
25357
25359
25359
25363
25366
25367
25368
25369
25370
25370
25374
25379
25381
25382
25387
25390
25390
25391
25397
25398
25402
25404
25416
25427
25431
25432
25436
25442
25443
25447
25450
25450
25450
25451
25456
25457
25458
25462
25464
25466
25467
25468
25474
25474
25474
25475
25479
25480
25483
25487
25488
25493
25493
25498
25499
25501
25503
25504
25506
25507
25507
25509
25510
25513
25519
25522
25540
25546
25552
25555
25557
25562
25564
25568
25568
25572
25575
25577
25586
25588
25589
25593
25598
25599
25599
25601
25601
25603
25607
25608
25610
25612
25615
25620
25623
25623
25624
25625
25631
25632
25634
25636
25640
25640
25644
25650
25652
25654
25659
25663
25668
25676
25676
25679
25680
25682
25690
25696
25698
25698
25699
25700
25703
25705
25705
25707
25707
25712
25715
25715
25715
25721
25724
25725
25727
25733
25733
25734
25735
25738
25740
25741
25752
25753
25758
25761
25770
25776
25777
25784
25789
25794
25796
25797
25797
25799
25800
25803
25804
25828
25831
25832
25836
25838
25842
25848
25848
25851
25852
25861
25862
25871
25877
25881
25894
25906
25914
25919
25920
25922
25924
25924
25927
25930
25932
25932
25932
25935
25935
25940
25943
25944
25945
25952
25956
25956
25959
25963
25967
25969
25971
25974
25981
25983
25984
25984
25986
25993
25996
25998
26000
26005
26009
26010
26012
26018
26020
26022
26023
26026
26027
26027
26027
26034
26041
26053
26053
26054
26054
26074
26076
26080
26082
26083
26085
26088
26091
26092
26097
26098
26101
26108
26110
26111
26111
26117
26136
26143
26144
26144
26145
26149
26150
26152
26153
26155
26158
26161
26161
26165
26172
26173
26174
26177
26182
26187
26190
26190
26191
26195
26197
26198
26200
26204
26206
26209
26213
26214
26215
26216
26218
26233
26234
26234
26235
26241
26241
26242
26246
26249
26249
26251
26254
26255
26257
26260
26262
26264
26266
26267
26270
26273
26279
26282
26292
26300
26303
26307
26307
26308
26310
26313
26320
26321
26322
26326
26326
26330
26335
26335
26344
26345
26346
26354
26360
26363
26366
26370
26373
26375
26378
26384
26390
26391
26401
26412
26418
26419
26420
26422
26423
26426
26438
26438
26438
26444
26448
26454
26454
26455
26458
26460
26463
26466
26472
26473
26473
26474
26484
26485
26490
26492
26493
26497
26497
26504
26510
26513
26518
26519
26519
26521
26530
26532
26532
26533
26535
26541
26542
26544
26554
26554
26555
26556
26557
26558
26558
26559
26561
26566
26567
26575
26577
26578
26583
26584
26585
26588
26588
26596
26598
26600
26601
26601
26603
26603
26606
26606
26607
26607
26609
26613
26614
26617
26617
26620
26643
26645
26647
26649
26651
26654
26654
26658
26662
26679
26682
26684
26686
26696
26696
26701
26701
26703
26705
26706
26709
26710
26712
26714
26715
26715
26716
26716
26716
26721
26721
26747
26748
26750
26753
26753
26753
26755
26758
26760
26762
26762
26762
26767
26774
26775
26778
26778
26779
26783
26785
26786
26790
26792
26794
26799
26802
26803
26807
26807
26809
26811
26814
26818
26822
26833
26833
26834
26841
26845
26847
26847
26853
26857
26857
26859
26862
26864
26866
26866
26867
26868
26871
26871
26872
26873
26879
26881
26882
26882
26886
26886
26891
26893
26894
26903
26905
26907
26910
26914
26917
26924
26934
26934
26946
26947
26948
26948
26949
26959
26959
26962
26969
26975
26976
26978
26980
26981
26983
26987
26990
26992
26999
27002
27004
27006
27009
27013
27014
27015
27018
27019
27021
27025
27025
27028
27034
27039
27039
27041
27044
27045
27045
27047
27049
27053
27054
27059
27061
27071
27072
27076
27076
27078
27079
27082
27086
27087
27090
27091
27104
27106
27106
27109
27110
27117
27119
27119
27121
27122
27126
27127
27129
27149
27152
27164
27165
27172
27173
27175
27179
27191
27193
27196
27197
27206
27207
27207
27208
27208
27211
27214
27216
27218
27218
27220
27226
27227
27231
27231
27235
27237
27241
27242
27243
27243
27251
27252
27255
27255
27256
27262
27267
27270
27271
27272
27281
27289
27290
27291
27291
27293
27297
27307
27309
27309
27310
27312
27313
27316
27319
27320
27323
27338
27340
27340
27344
27344
27347
27348
27350
27351
27357
27358
27358
27359
27369
27370
27372
27376
27387
27390
27390
27390
27393
27402
27403
27409
27409
27415
27416
27419
27423
27426
27431
27434
27438
27439
27440
27440
27442
27442
27443
27449
27450
27452
27453
27456
27461
27461
27471
27472
27476
27476
27486
27488
27495
27496
27498
27504
27504
27509
27509
27512
27518
27518
27525
27525
27526
27527
27529
27531
27533
27535
27537
27539
27540
27541
27545
27548
27549
27551
27552
27556
27560
27561
27563
27563
27564
27564
27566
27575
27581
27582
27582
27584
27592
27593
27594
27594
27595
27598
27600
27607
27607
27610
27611
27611
27612
27615
27616
27620
27620
27625
27626
27628
27629
27632
27632
27634
27638
27646
27650
27660
27661
27667
27672
27675
27679
27680
27689
27690
27693
27700
27701
27702
27704
27704
27707
27714
27719
27729
27730
27731
27732
27737
27739
27746
27748
27751
27752
27760
27760
27761
27766
27767
27774
27779
27780
27782
27782
27784
27786
27790
27796
27798
27799
27799
27799
27800
27808
27812
27813
27816
27818
27820
27820
27823
27829
27838
27838
27845
27858
27866
27866
27876
27878
27881
27886
27886
27887
27888
27888
27897
27898
27902
27921
27928
27929
27933
27934
27934
27935
27943
27943
27944
27945
27948
27948
27951
27953
27954
27961
27965
27971
27972
27979
27985
27988
27995
27998
28011
28012
28012
28017
28018
28020
28023
28023
28028
28031
28031
28037
28042
28048
28055
28057
28057
28060
28060
28061
28063
28066
28068
28068
28071
28081
28082
28090
28094
28097
28102
28103
28104
28106
28108
28109
28116
28123
28127
28131
28134
28141
28150
28152
28154
28155
28157
28159
28160
28160
28163
28167
28167
28177
28177
28180
28181
28186
28192
28201
28202
28203
28205
28210
28218
28219
28221
28224
28228
28228
28229
28231
28232
28238
28239
28239
28239
28245
28245
28248
28251
28251
28256
28259
28263
28265
28269
28269
28270
28272
28276
28279
28286
28289
28290
28291
28296
28309
28310
28311
28318
28320
28320
28321
28322
28323
28323
28326
28326
28328
28329
28329
28329
28330
28331
28333
28336
28337
28342
28355
28356
28362
28363
28372
28374
28378
28379
28380
28380
28381
28381
28389
28390
28390
28391
28395
28401
28403
28404
28410
28410
28410
28420
28422
28423
28424
28425
28427
28428
28429
28429
28433
28434
28436
28437
28445
28445
28450
28450
28453
28457
28459
28460
28464
28465
28468
28468
28471
28472
28476
28478
28486
28492
28495
28506
28510
28513
28513
28515
28516
28519
28523
28527
28530
28538
28541
28543
28544
28547
28547
28552
28554
28555
28558
28559
28560
28563
28569
28571
28575
28577
28578
28583
28585
28588
28593
28594
28607
28610
28610
28611
28620
28620
28623
28624
28626
28626
28626
28627
28632
28639
28645
28648
28653
28660
28661
28667
28672
28674
28674
28676
28677
28677
28680
28680
28684
28686
28687
28688
28688
28695
28702
28706
28707
28711
28713
28715
28718
28719
28721
28728
28728
28736
28738
28740
28743
28745
28748
28750
28752
28753
28758
28761
28768
28769
28770
28773
28777
28782
28783
28786
28794
28794
28804
28808
28815
28822
28823
28831
28833
28839
28839
28841
28841
28843
28859
28861
28865
28873
28878
28885
28886
28889
28889
28892
28895
28900
28904
28905
28905
28908
28913
28915
28916
28918
28921
28927
28928
28934
28935
28941
28941
28944
28944
28946
28948
28956
28956
28957
28958
28960
28960
28961
28964
28965
28965
28972
28974
28975
28977
28979
28981
28991
28996
28997
28999
28999
29001
29002
29002
29005
29007
29008
29011
29017
29017
29024
29028
29030
29033
29034
29034
29040
29048
29049
29056
29056
29057
29059
29062
29063
29064
29067
29069
29070
29072
29078
29079
29083
29084
29084
29091
29092
29100
29101
29103
29107
29110
29112
29113
29113
29113
29117
29118
29120
29128
29132
29136
29141
29142
29143
29143
29145
29146
29150
29153
29154
29155
29156
29159
29169
29171
29172
29175
29176
29178
29179
29180
29190
29191
29193
29196
29199
29202
29203
29206
29213
29217
29223
29225
29228
29230
29232
29236
29236
29240
29245
29252
29258
29261
29267
29275
29276
29284
29284
29287
29287
29288
29289
29296
29304
29304
29313
29314
29322
29322
29323
29326
29329
29335
29337
29341
29343
29347
29349
29355
29355
29355
29357
29358
29360
29362
29362
29365
29367
29369
29372
29373
29376
29379
29379
29381
29381
29382
29383
29387
29388
29389
29394
29398
29398
29403
29408
29410
29412
29412
29417
29421
29421
29426
29428
29429
29436
29437
29439
29441
29442
29445
29449
29450
29450
29454
29457
29458
29464
29471
29472
29474
29475
29475
29476
29476
29477
29482
29489
29496
29496
29496
29502
29503
29504
29504
29505
29505
29514
29520
29521
29522
29525
29526
29530
29535
29535
29545
29547
29547
29557
29559
29559
29559
29562
29568
29569
29571
29572
29573
29573
29575
29576
29578
29579
29580
29585
29592
29593
29594
29597
29597
29597
29598
29600
29603
29603
29612
29616
29617
29632
29633
29636
29644
29652
29653
29655
29657
29659
29659
29669
29669
29673
29675
29677
29681
29681
29688
29689
29690
29693
29699
29699
29700
29702
29703
29704
29705
29707
29707
29712
29723
29724
29726
29729
29737
29738
29740
29741
29751
29758
29758
29760
29765
29766
29767
29771
29771
29772
29773
29775
29777
29783
29786
29789
29791
29793
29796
29796
29798
29799
29800
29801
29803
29805
29807
29812
29812
29815
29818
29818
29819
29826
29827
29828
29828
29833
29838
29843
29847
29847
29848
29850
29851
29851
29857
29859
29859
29862
29864
29867
29869
29878
29881
29882
29889
29895
29902
29903
29904
29908
29908
29909
29915
29915
29921
29923
29926
29929
29929
29933
29935
29937
29937
29939
29940
29945
29947
29956
29959
29960
29960
29963
29974
29985
29989
29989
29990
29995
29996
29998
22954
1
22953
