256
2
99
14
55
27
11
76
85
73
73
31
64
45
40
26
28
53
48
52
43
59
19
70
67
36
84
74
48
6
19
44
70
86
69
97
76
86
18
35
29
50
1
24
84
7
21
30
99
70
23
11
92
51
19
27
25
45
52
19
18
89
2
71
45
32
43
37
10
87
83
28
1
30
33
34
66
1
89
85
67
53
83
9
97
10
6
32
85
67
45
28
65
6
14
39
48
15
91
77
50
86
34
50
69
11
1
15
70
13
78
34
60
28
12
62
92
66
89
65
10
10
24
25
59
71
3
34
4
95
2
47
98
7
66
9
65
76
37
1
72
96
47
5
46
99
94
65
55
86
75
40
36
13
14
66
74
25
96
26
16
13
64
57
92
22
27
90
0
11
25
5
12
99
77
95
96
45
93
95
93
73
4
47
41
93
69
58
57
9
9
54
74
21
40
8
51
52
9
80
55
68
9
31
26
16
58
70
55
15
25
24
98
45
33
13
47
93
38
15
88
45
39
47
34
54
88
32
23
87
45
23
9
88
88
54
19
12
54
4
26
60
33
84
46
77
13
14
87
38
45
43
23
2
85
96
85
92911
