256
4
89
72
50
90
87
61
72
27
98
61
52
32
38
23
47
34
74
5
69
92
73
44
8
69
1
87
71
26
58
22
74
26
63
84
77
59
2
58
19
31
14
23
45
49
15
52
24
77
53
69
84
74
65
51
95
9
64
65
35
40
14
86
67
31
36
65
5
59
7
27
17
93
86
54
53
89
26
83
10
84
49
92
14
8
88
56
97
38
66
95
31
47
78
34
11
96
40
54
2
5
41
54
62
18
90
28
35
88
20
69
49
25
86
25
80
23
2
57
4
96
37
57
19
55
58
50
33
60
67
56
5
9
45
82
3
49
1
91
82
46
96
29
76
7
51
49
32
69
84
69
40
10
54
86
79
96
43
7
23
84
25
55
28
3
34
35
76
87
45
83
80
83
82
23
64
64
6
20
76
68
37
89
6
60
81
59
4
22
40
48
54
91
21
91
13
19
76
78
69
67
28
2
57
23
7
60
0
4
41
69
91
86
33
80
54
23
74
16
45
46
25
45
49
38
41
16
19
85
20
70
73
62
28
66
3
94
98
59
70
69
38
30
13
49
1
38
76
95
81
73
70
34
19
70
98
99096
