256
38
46
14
64
88
31
98
50
90
84
76
79
65
38
16
84
2
75
12
59
2
80
35
95
33
35
35
13
8
9
89
93
76
25
19
46
66
91
64
79
33
69
52
83
18
44
34
52
37
62
1
56
20
84
71
89
41
51
43
4
77
89
99
93
20
18
46
49
49
21
67
48
75
5
93
97
34
88
36
49
3
19
25
21
94
80
63
69
98
93
42
54
4
46
45
55
6
39
17
73
87
35
44
52
35
58
52
54
37
54
23
98
93
68
8
57
72
23
26
55
95
17
62
89
60
39
87
12
45
98
17
98
31
16
17
16
42
54
85
36
62
23
73
16
74
67
30
29
58
25
12
86
41
87
93
65
57
5
77
40
17
69
49
64
24
69
80
84
12
18
7
73
27
30
77
23
67
98
47
55
97
67
81
99
27
43
68
48
58
2
28
43
43
86
67
64
40
45
41
35
32
2
15
28
23
8
55
18
35
75
78
69
95
16
25
78
42
12
70
31
65
85
83
12
47
46
21
96
38
13
95
34
74
70
1
29
26
92
28
14
11
88
32
65
65
73
41
78
89
0
57
83
57
91
10
8
100270
