256
84
11
49
2
81
81
27
5
87
63
37
59
97
80
24
95
64
87
33
6
19
49
67
67
87
21
2
23
83
26
28
73
35
56
79
38
79
79
26
16
47
30
84
74
98
36
19
54
67
37
55
98
10
35
52
92
16
44
78
0
21
16
6
4
71
77
58
83
7
75
97
35
25
1
6
31
90
30
25
37
10
77
76
17
20
78
3
94
13
28
98
85
92
12
52
77
85
4
81
66
34
37
30
26
10
52
42
58
85
51
49
29
28
81
91
64
99
59
51
34
67
43
34
35
89
7
43
8
16
38
82
46
54
59
69
1
70
63
43
47
44
82
27
58
90
42
82
70
82
12
9
52
93
71
81
76
86
47
2
63
13
35
39
22
92
0
92
91
20
74
38
46
29
28
80
95
7
75
83
71
65
16
43
35
92
37
45
26
8
11
49
8
0
70
61
24
92
13
69
61
72
68
63
27
73
16
87
25
44
98
71
63
43
12
44
61
19
37
56
40
12
20
89
31
0
57
92
56
78
36
27
98
47
87
57
27
17
74
96
63
80
34
53
42
82
79
68
7
63
87
91
10
24
65
4
58
99083
