256
35
56
7
74
68
14
56
2
83
20
54
85
22
89
51
25
2
31
96
71
98
79
63
28
45
58
92
34
9
71
15
23
31
95
79
82
43
35
9
37
51
85
5
63
40
86
46
76
62
11
69
47
6
91
87
12
34
74
39
7
48
48
16
53
56
81
9
39
52
84
16
76
10
86
49
68
97
39
22
19
53
56
68
99
21
63
53
54
28
68
26
80
88
45
97
98
62
74
76
85
82
15
67
14
36
43
3
75
13
93
53
18
56
42
39
49
52
15
47
90
47
76
85
6
25
70
70
50
7
42
19
12
99
4
9
41
48
63
79
71
40
90
66
71
87
76
0
26
52
33
64
64
22
38
27
31
79
28
24
52
60
8
23
61
38
86
43
83
75
16
13
2
94
82
69
91
73
32
12
79
55
72
61
39
81
2
53
76
58
38
2
8
52
10
35
99
31
37
10
68
4
52
41
60
76
19
55
77
90
5
18
71
83
65
69
24
89
36
59
54
43
52
88
72
60
62
81
90
70
10
99
45
72
25
62
63
92
4
47
63
87
34
44
86
94
2
52
70
78
36
17
8
56
31
7
50
100549
