256
73
39
19
8
23
81
3
91
5
41
58
49
19
63
95
62
20
46
63
8
17
38
84
32
67
63
50
80
2
31
28
99
25
67
76
41
97
78
55
28
85
4
48
96
85
27
41
50
3
96
99
10
24
12
83
18
20
65
16
51
72
93
57
26
1
91
81
24
65
38
9
76
84
38
40
70
77
36
77
2
62
74
98
54
75
5
89
38
93
25
55
30
16
3
9
73
31
9
87
96
56
90
61
4
69
56
82
99
73
20
71
15
21
22
40
10
10
54
86
87
83
79
89
84
64
86
74
50
91
74
53
37
40
52
69
76
49
46
89
21
71
79
99
89
7
98
20
17
49
87
7
86
10
46
91
27
10
53
51
5
12
31
29
7
35
36
7
67
71
76
58
61
93
80
30
88
4
59
28
51
7
54
75
99
17
12
16
78
72
61
29
75
23
98
69
50
99
72
38
34
20
90
85
8
73
43
63
91
49
33
26
33
82
33
10
65
40
19
82
13
56
65
46
52
83
80
2
10
78
23
19
93
3
76
38
73
5
57
31
22
34
96
95
45
2
32
93
65
8
24
23
57
97
17
20
36
99663
