256
99
86
17
11
63
29
49
18
87
38
90
82
33
70
38
44
97
58
64
81
90
85
64
54
5
48
78
23
60
28
13
80
49
32
81
32
7
48
18
98
26
21
61
57
12
51
56
71
79
49
45
34
75
60
52
0
84
51
5
81
37
48
54
15
84
88
99
34
50
24
9
74
79
69
93
42
59
22
84
63
4
76
12
10
0
55
98
19
95
60
76
99
83
67
3
13
56
40
65
21
27
10
52
85
30
28
23
18
29
31
18
75
33
81
30
37
65
53
68
27
88
75
66
21
6
63
40
13
6
78
32
81
5
46
13
84
28
16
14
15
34
27
71
4
93
34
83
43
83
43
25
14
64
16
96
43
17
76
1
32
73
56
96
74
70
42
35
75
29
95
92
7
62
89
90
42
37
89
6
37
24
47
57
70
30
23
38
37
26
97
7
65
46
88
80
65
49
20
14
73
12
58
27
81
4
65
44
92
92
68
93
61
65
68
76
79
3
71
92
56
76
86
61
9
37
91
17
68
73
52
83
47
53
37
20
73
26
32
47
59
67
16
42
41
42
87
63
42
82
42
69
30
67
51
3
80
100597
