256
40
17
34
68
85
84
65
56
4
99
38
30
66
78
20
53
76
12
94
38
92
4
71
20
47
92
19
56
77
8
10
88
73
91
59
6
48
11
23
22
1
3
53
86
8
54
51
50
32
42
59
29
75
95
87
47
77
75
42
11
20
91
19
88
2
47
25
78
30
67
66
96
81
98
78
33
74
17
59
19
24
77
23
19
55
25
74
35
3
95
30
63
9
26
37
4
41
7
16
90
1
44
62
61
19
17
21
39
70
22
71
13
95
2
46
31
23
99
64
50
90
18
25
7
66
78
14
2
50
1
80
36
14
68
68
33
36
48
82
70
54
1
96
44
2
91
15
95
23
20
22
90
50
43
0
51
25
62
45
74
76
86
52
7
66
72
47
2
47
27
72
87
84
75
84
55
81
69
60
75
23
45
95
4
66
21
50
71
4
23
99
85
28
58
94
24
43
14
47
78
25
70
48
71
82
80
10
31
51
60
7
29
35
77
23
3
46
73
65
79
89
88
62
43
89
97
4
45
27
9
8
1
85
57
30
45
66
6
74
32
20
52
65
98
7
40
11
44
47
80
11
59
59
29
85
60
95006
