256
86
40
70
45
86
3
4
63
10
95
90
89
41
81
61
93
19
73
67
82
73
48
85
2
39
86
48
86
33
68
23
28
3
20
6
48
6
0
1
33
88
16
36
98
1
31
71
5
52
98
7
68
93
73
40
85
9
55
62
5
5
9
79
28
89
18
75
63
48
34
90
94
8
61
51
81
99
47
75
46
65
67
26
46
2
69
57
50
33
13
52
44
46
46
11
47
29
63
84
23
88
61
57
23
67
14
9
30
52
62
21
4
33
53
79
86
31
69
23
4
20
66
50
92
25
39
96
65
30
11
35
5
10
50
54
51
96
79
56
17
92
7
5
11
53
24
15
94
39
8
19
68
16
32
28
51
52
73
29
29
53
34
26
76
26
12
47
47
88
3
25
50
60
83
35
50
52
80
59
45
44
94
15
69
77
36
77
19
4
44
86
92
78
16
22
76
9
16
78
3
67
84
32
57
54
25
20
94
27
20
52
63
13
76
98
84
2
54
62
67
46
42
27
26
52
12
99
37
81
65
2
75
4
25
93
75
24
6
91
38
53
42
13
12
65
33
80
21
68
70
23
75
44
41
1
58
92800
