256
91
97
52
50
2
80
20
73
64
79
46
79
36
33
84
36
17
99
23
76
36
15
37
87
90
18
70
5
2
78
41
86
1
61
55
50
83
84
32
56
71
44
27
90
85
99
49
63
87
63
58
44
18
12
3
96
78
3
3
2
4
87
57
53
9
79
36
36
51
79
73
56
33
53
22
71
20
16
68
43
61
12
92
16
40
32
48
71
54
6
93
32
66
41
48
2
22
25
4
19
68
82
75
83
45
39
71
10
59
11
41
99
19
19
13
23
9
20
28
3
31
78
30
50
62
58
60
94
21
41
38
67
64
71
99
97
56
96
1
4
76
57
9
67
64
2
45
61
91
39
0
33
68
13
63
68
10
33
52
5
5
12
85
64
81
2
40
0
65
29
58
19
17
85
75
53
60
82
15
30
61
22
91
61
54
45
75
50
40
95
17
98
27
46
44
70
65
50
42
62
65
10
56
65
73
39
7
15
28
67
36
14
71
88
13
86
17
68
0
56
7
2
97
62
62
19
56
81
98
47
93
72
67
50
40
9
75
12
5
10
44
45
84
14
77
69
55
45
72
0
28
26
70
90
94
80
95409
