256
83
31
86
11
61
54
38
89
41
4
14
48
43
79
7
39
76
10
95
74
87
25
58
69
89
73
68
38
9
55
83
19
47
45
65
77
12
74
61
57
22
16
7
56
29
88
11
82
12
5
66
55
51
24
80
63
15
65
85
0
89
43
30
99
49
83
33
95
85
3
14
38
41
28
94
18
34
43
78
71
0
33
0
3
3
76
88
59
21
82
90
30
5
11
58
45
11
31
58
95
52
13
12
53
87
44
90
73
82
65
95
43
51
14
24
43
82
18
13
84
76
25
19
13
50
79
33
73
48
34
87
63
9
53
11
89
44
88
13
32
50
45
82
77
10
48
32
30
70
20
80
15
51
15
92
12
57
20
45
53
34
92
70
57
1
2
44
84
19
0
45
80
72
32
48
63
64
59
50
68
18
70
87
83
83
6
12
22
12
22
61
51
21
24
45
12
42
49
78
95
8
52
70
98
77
73
71
18
66
51
39
85
98
6
85
5
51
3
36
13
20
36
78
27
82
48
0
72
53
41
1
57
48
79
94
15
62
28
18
29
99
95
78
57
17
39
70
21
60
38
40
85
70
30
15
79
95327
