256
21
16
9
97
94
36
51
88
87
95
7
21
46
28
7
74
10
30
88
49
65
42
57
9
47
67
58
80
29
84
42
84
73
5
89
21
66
50
27
39
32
98
24
75
60
79
36
0
39
76
16
57
29
96
40
90
53
97
28
72
73
58
6
70
59
69
29
86
87
50
68
49
64
72
19
99
38
9
79
27
47
15
82
27
13
34
69
24
60
93
2
97
33
36
17
38
54
91
95
12
19
78
83
64
70
95
4
29
99
2
1
46
19
18
87
22
1
59
6
11
47
59
39
42
3
3
74
61
3
85
53
79
21
73
34
58
19
9
3
30
7
8
56
38
74
75
71
51
9
23
6
9
7
75
56
19
66
83
30
3
54
61
55
63
40
36
88
67
55
83
23
57
98
10
70
91
65
44
86
67
26
95
85
32
43
21
61
45
46
55
71
76
10
57
19
49
26
29
10
92
41
37
46
2
96
57
55
96
75
86
3
55
54
42
63
68
28
8
90
26
87
31
56
95
96
31
43
95
42
40
18
41
41
4
90
45
72
11
85
42
61
5
43
73
58
93
61
62
97
70
78
64
61
64
25
93
98893
