256
18
7
80
37
75
94
20
45
84
24
34
51
79
16
24
26
36
30
20
98
79
61
23
51
22
13
30
59
72
45
20
56
8
94
14
63
77
34
46
6
68
49
13
83
12
2
43
58
79
86
62
31
41
73
35
50
6
21
2
74
5
69
90
24
44
12
8
14
5
51
85
94
86
9
30
89
84
18
25
71
65
62
14
12
87
68
67
62
91
91
82
49
96
14
24
39
98
16
59
98
54
58
74
95
18
98
57
34
71
24
40
92
27
92
69
72
10
44
78
27
0
43
73
12
96
99
82
24
64
48
67
7
22
35
15
7
37
18
66
92
53
9
42
38
4
2
71
36
40
82
75
27
46
57
68
27
65
72
24
88
29
66
84
61
8
4
26
46
22
15
9
37
49
48
94
61
45
54
99
98
10
96
61
32
36
1
63
50
23
86
87
82
63
39
57
37
91
35
15
57
62
7
65
32
97
34
56
92
33
62
39
52
96
73
25
34
91
34
90
69
94
37
58
35
15
60
16
45
5
84
72
80
1
55
23
57
24
50
25
8
21
71
25
12
30
46
53
43
14
2
0
21
34
39
21
11
93809
