256
36
51
25
19
96
84
85
25
35
38
32
39
78
34
37
91
83
33
64
72
16
30
75
29
1
58
67
20
6
26
15
59
15
20
20
47
30
19
80
20
95
97
4
86
43
6
60
53
46
43
90
49
14
97
72
74
38
41
99
14
41
89
9
81
28
13
90
0
74
47
51
4
45
20
98
94
71
73
18
48
29
34
86
28
81
39
31
32
75
65
71
71
76
24
16
90
18
60
14
27
12
56
8
70
62
83
21
97
67
38
6
8
67
55
18
39
23
49
35
4
68
64
79
88
84
72
54
74
33
98
94
50
20
75
47
69
34
94
14
50
25
53
12
49
73
88
64
16
6
62
69
6
19
8
35
70
45
64
69
40
70
79
12
71
58
27
2
39
96
73
33
30
2
18
25
46
22
45
73
77
73
74
59
62
53
94
46
8
84
24
64
69
53
10
14
13
59
41
83
5
64
71
2
39
15
54
44
80
39
4
65
33
32
46
80
71
21
14
94
34
91
13
72
81
49
49
60
60
41
52
61
90
59
90
45
11
94
13
61
38
43
56
0
13
38
45
8
50
93
64
81
8
72
22
3
39
95345
