256
55
46
46
93
50
67
8
98
45
39
20
39
99
17
17
55
61
89
94
57
26
45
99
21
47
40
33
71
23
62
93
26
9
9
68
2
88
51
14
43
33
64
59
19
71
34
76
27
40
0
12
51
64
1
36
23
55
36
40
33
65
26
26
22
73
46
6
45
16
88
25
76
67
28
56
69
19
26
41
20
58
97
40
12
54
1
47
67
40
34
12
36
63
51
60
8
23
99
29
41
81
51
18
24
51
29
3
89
42
13
84
53
96
54
31
20
97
40
66
69
5
82
19
95
11
68
6
90
74
42
9
39
65
79
79
56
22
97
56
24
4
73
90
87
53
1
33
3
3
3
84
40
31
8
38
42
12
25
56
41
34
73
66
33
27
21
79
76
4
21
23
37
5
69
86
46
58
88
81
10
17
25
37
61
29
3
61
34
26
11
23
80
76
86
60
16
78
28
75
23
76
41
55
72
60
50
80
33
74
25
1
91
47
66
13
40
20
21
96
81
25
41
86
33
4
50
70
21
60
4
73
54
10
13
37
61
31
6
49
33
62
46
19
80
34
95
1
76
35
73
39
29
9
32
69
9
88883
