256
32
47
37
57
55
47
84
75
48
67
80
41
93
49
48
51
51
2
46
31
33
32
23
73
14
56
46
90
20
80
11
81
56
54
6
85
86
91
81
35
84
56
47
83
59
99
30
73
87
86
31
91
29
88
59
22
83
76
86
35
99
41
36
71
81
60
63
10
79
13
20
82
64
73
3
24
76
67
54
68
74
11
11
14
32
88
33
60
89
7
40
12
71
81
81
36
48
21
98
85
62
20
12
16
69
97
13
82
24
66
25
0
21
56
25
72
44
3
79
52
12
15
35
21
0
31
94
7
4
92
53
72
58
64
73
50
9
18
57
19
64
39
30
56
36
31
78
10
23
82
60
86
83
97
49
35
34
52
80
53
89
43
61
85
1
58
31
0
48
58
7
30
22
18
29
41
54
11
62
31
50
0
53
37
70
29
12
28
6
51
86
94
53
41
58
14
30
22
67
54
37
47
7
39
11
84
91
79
19
87
0
14
62
26
61
90
10
27
78
94
70
9
72
41
18
85
59
61
33
3
8
27
73
35
28
74
3
36
47
65
64
49
86
21
57
43
84
40
3
63
87
88
71
48
79
55
97393
